Time;Temperature;Dew Point;Humidity;Wind;Wind Speed;Wind Gust;Pressure;Precip.;Condition
1420077600;27.0;22.0;0.74;SE;4.722222222222222;0.0;1012.68;0.0;Partly Cloudy
1420081200;26.0;22.0;0.78;SE;4.166666666666667;0.0;1011.68;0.0;Partly Cloudy
1420084800;26.0;22.0;0.78;ESE;3.0555555555555554;0.0;1011.68;0.0;Partly Cloudy
1420088400;26.0;22.0;0.78;SE;4.166666666666667;0.0;1011.68;0.0;Partly Cloudy
1420092000;26.0;22.0;0.78;SE;1.9444444444444444;0.0;1011.68;0.0;Fair
1420095600;26.0;22.0;0.78;SSE;1.9444444444444444;0.0;1011.68;0.0;Partly Cloudy
1420099200;26.0;22.0;0.78;SW;1.9444444444444444;0.0;1012.68;0.0;Cloudy
1420102800;27.0;22.0;0.74;SSW;1.9444444444444444;0.0;1013.68;0.0;Showers in the Vicinity
1420106400;26.0;23.0;0.83;N;3.0555555555555554;0.0;1013.68;0.0;Mostly Cloudy
1420110000;28.0;23.0;0.74;NNW;1.6666666666666665;0.0;1012.68;0.0;Mostly Cloudy
1420113600;29.0;22.0;0.66;SE;5.555555555555555;0.0;1013.68;0.0;Mostly Cloudy
1420117200;27.0;24.0;0.84;SSE;4.722222222222222;0.0;1013.68;0.0;Mostly Cloudy
1420120800;28.0;23.0;0.74;S;4.166666666666667;0.0;1012.68;0.0;Mostly Cloudy
1420124400;27.0;23.0;0.79;SSE;5.277777777777778;0.0;1011.68;0.0;Mostly Cloudy
1420128000;28.0;23.0;0.74;SSE;5.277777777777778;0.0;1010.68;0.0;Mostly Cloudy
1420131600;25.0;23.0;0.89;SE;5.555555555555555;0.0;1010.68;0.0;Light Rain
1420131660;24.0;23.0;0.94;SE;5.277777777777778;0.0;1011.68;0.0;Rain
1420133400;24.0;24.0;1.0;S;3.0555555555555554;0.0;1010.68;0.0;Showers in the Vicinity
1420135200;25.0;24.0;0.94;S;1.9444444444444444;0.0;1010.68;0.0;Mostly Cloudy
1420138800;26.0;23.0;0.83;ESE;2.5;0.0;1010.68;0.0;Mostly Cloudy
1420142400;26.0;23.0;0.83;ESE;1.9444444444444444;0.0;1011.68;0.0;Mostly Cloudy
1420146000;26.0;23.0;0.83;SE;1.9444444444444444;0.0;1011.68;0.0;Mostly Cloudy
1420149600;26.0;23.0;0.83;SE;1.6666666666666665;0.0;1012.68;0.0;Cloudy
1420153200;26.0;23.0;0.83;S;1.9444444444444444;0.0;1012.68;0.0;Cloudy
1420153800;25.0;24.0;0.94;SE;1.1111111111111112;0.0;1012.68;0.0;Light Rain
1420155300;25.0;24.0;0.94;SW;1.6666666666666665;0.0;1012.68;0.0;Cloudy
1420156800;25.0;24.0;0.94;SW;1.6666666666666665;0.0;1012.68;0.0;Cloudy
1420160400;25.0;23.0;0.89;ESE;2.5;0.0;1011.68;0.0;Light Rain
1420160700;25.0;24.0;0.94;ESE;3.611111111111111;0.0;1011.68;0.0;Light Rain
1420164000;24.0;23.0;0.94;ESE;3.611111111111111;0.0;1011.68;0.0;Light Rain
1420167600;24.0;23.0;0.94;SSE;1.6666666666666665;0.0;1010.68;0.0;Mostly Cloudy
1420171200;24.0;23.0;0.94;SW;1.6666666666666665;0.0;1010.68;0.0;Mostly Cloudy
1420174800;24.0;23.0;0.94;SW;1.6666666666666665;0.0;1010.68;0.0;Cloudy
1420178400;24.0;24.0;1.0;SSE;1.9444444444444444;0.0;1010.68;0.0;Cloudy
1420182000;24.0;22.0;0.89;SE;3.0555555555555554;0.0;1011.68;0.0;Mostly Cloudy
1420185600;24.0;23.0;0.94;NW;1.6666666666666665;0.0;1011.68;0.0;Mostly Cloudy
1420189200;25.0;24.0;0.94;NW;1.6666666666666665;0.0;1012.68;0.0;Mostly Cloudy
1420192800;28.0;23.0;0.74;ESE;5.277777777777778;0.0;1012.68;0.0;Mostly Cloudy
1420196400;28.0;23.0;0.74;ESE;6.111111111111111;0.0;1012.68;0.0;Partly Cloudy
1420200000;29.0;23.0;0.7;ESE;5.277777777777778;0.0;1012.68;0.0;Partly Cloudy
1420203600;30.0;23.0;0.66;ESE;6.111111111111111;0.0;1012.68;0.0;Partly Cloudy
1420207200;30.0;23.0;0.66;ESE;6.111111111111111;0.0;1011.68;0.0;Partly Cloudy
1420210800;30.0;23.0;0.66;ESE;6.111111111111111;0.0;1011.68;0.0;Partly Cloudy
1420214400;29.0;23.0;0.7;SE;6.111111111111111;0.0;1010.68;0.0;Partly Cloudy
1420218000;28.0;23.0;0.74;ESE;5.555555555555555;0.0;1010.68;0.0;Mostly Cloudy
1420221600;28.0;23.0;0.74;SE;6.666666666666666;0.0;1010.68;0.0;Partly Cloudy
1420225200;27.0;22.0;0.74;SE;5.555555555555555;0.0;1011.68;0.0;Partly Cloudy
1420228800;27.0;22.0;0.74;ESE;3.611111111111111;0.0;1011.68;0.0;Fair
1420232400;27.0;22.0;0.74;ESE;3.611111111111111;0.0;1011.68;0.0;Fair
1420236000;27.0;22.0;0.74;ESE;3.0555555555555554;0.0;1012.68;0.0;Partly Cloudy
1420239600;27.0;22.0;0.74;ESE;3.611111111111111;0.0;1012.68;0.0;Mostly Cloudy
1420243200;27.0;22.0;0.74;E;3.611111111111111;0.0;1012.68;0.0;Mostly Cloudy
1420246800;26.0;22.0;0.78;ENE;1.9444444444444444;0.0;1012.68;0.0;Partly Cloudy
1420250400;26.0;22.0;0.78;E;1.9444444444444444;0.0;1011.68;0.0;Partly Cloudy
1420254000;26.0;21.0;0.74;E;1.9444444444444444;0.0;1010.68;0.0;Partly Cloudy
1420257600;26.0;21.0;0.74;ESE;1.6666666666666665;0.0;1010.68;0.0;Fair
1420261200;24.0;22.0;0.89;S;1.1111111111111112;0.0;1009.68;0.0;Partly Cloudy
1420264800;23.0;22.0;0.94;CALM;0.0;0.0;1010.68;0.0;Partly Cloudy
1420268400;23.0;22.0;0.94;WSW;1.1111111111111112;0.0;1010.68;0.0;Partly Cloudy
1420272000;24.0;22.0;0.89;CALM;0.0;0.0;1011.68;0.0;Partly Cloudy
1420275600;27.0;22.0;0.74;S;2.5;0.0;1012.68;0.0;Partly Cloudy
1420279200;28.0;22.0;0.7;SE;4.166666666666667;0.0;1012.68;0.0;Mostly Cloudy
1420282800;29.0;22.0;0.66;ESE;4.166666666666667;0.0;1012.68;0.0;Partly Cloudy
1420286400;30.0;22.0;0.62;SE;4.722222222222222;0.0;1012.68;0.0;Partly Cloudy
1420290000;30.0;22.0;0.62;ESE;4.722222222222222;0.0;1012.68;0.0;Partly Cloudy
1420293600;30.0;22.0;0.62;SSE;5.277777777777778;0.0;1011.68;0.0;Fair
1420297200;30.0;21.0;0.58;SSE;5.277777777777778;0.0;1010.68;0.0;Fair
1420300800;30.0;21.0;0.58;SE;6.111111111111111;0.0;1010.68;0.0;Fair
1420304400;29.0;22.0;0.66;ESE;5.555555555555555;0.0;1009.68;0.0;Fair
1420308000;29.0;21.0;0.62;ESE;5.555555555555555;0.0;1009.68;0.0;Fair
1420311600;28.0;21.0;0.66;ESE;5.277777777777778;0.0;1010.68;0.0;Fair
1420315200;27.0;21.0;0.7;ESE;5.277777777777778;0.0;1010.68;0.0;Fair
1420318800;27.0;20.0;0.65;E;5.277777777777778;0.0;1011.68;0.0;Fair
1420322400;27.0;21.0;0.7;E;3.611111111111111;0.0;1012.68;0.0;Fair
1420326000;27.0;21.0;0.7;E;4.166666666666667;0.0;1012.68;0.0;Partly Cloudy
1420329600;27.0;20.0;0.65;E;3.611111111111111;0.0;1012.68;0.0;Partly Cloudy
1420333200;26.0;20.0;0.69;ESE;3.0555555555555554;0.0;1012.68;0.0;Partly Cloudy
1420336800;26.0;20.0;0.69;ESE;3.0555555555555554;0.0;1011.68;0.0;Partly Cloudy
1420340400;26.0;21.0;0.74;E;2.5;0.0;1011.68;0.0;Partly Cloudy
1420344000;25.0;20.0;0.74;E;3.0555555555555554;0.0;1011.68;0.0;Partly Cloudy
1420347600;25.0;21.0;0.78;ENE;1.9444444444444444;0.0;1011.68;0.0;Partly Cloudy
1420351200;24.0;21.0;0.83;N;1.6666666666666665;0.0;1011.68;0.0;Fair
1420354800;23.0;21.0;0.88;NNW;3.0555555555555554;0.0;1012.68;0.0;Fair
1420358400;24.0;21.0;0.83;NW;2.5;0.0;1012.68;0.0;Fair
1420362000;26.0;22.0;0.78;N;2.5;0.0;1013.68;0.0;Partly Cloudy
1420365600;28.0;21.0;0.66;NNE;4.166666666666667;0.0;1013.68;0.0;Partly Cloudy
1420369200;28.0;21.0;0.66;NNE;3.611111111111111;0.0;1013.68;0.0;Partly Cloudy
1420372800;29.0;21.0;0.62;NNE;4.166666666666667;0.0;1013.68;0.0;Partly Cloudy
1420376400;29.0;21.0;0.62;NE;5.277777777777778;0.0;1013.68;0.0;Partly Cloudy
1420380000;30.0;22.0;0.62;NE;3.611111111111111;0.0;1013.68;0.0;Fair
1420383600;29.0;22.0;0.66;NE;6.111111111111111;0.0;1012.68;0.0;Fair
1420387200;29.0;21.0;0.62;NE;5.555555555555555;0.0;1011.68;0.0;Fair
1420390800;29.0;21.0;0.62;ENE;4.722222222222222;0.0;1011.68;0.0;Partly Cloudy
1420394400;29.0;20.0;0.58;ENE;4.166666666666667;0.0;1011.68;0.0;Partly Cloudy
1420398000;28.0;20.0;0.62;ENE;4.166666666666667;0.0;1011.68;0.0;Fair
1420401600;27.0;21.0;0.7;ENE;3.0555555555555554;0.0;1012.68;0.0;Partly Cloudy
1420405200;27.0;22.0;0.74;NE;3.0555555555555554;0.0;1012.68;0.0;Partly Cloudy
1420408800;27.0;21.0;0.7;ENE;2.5;0.0;1013.68;0.0;Partly Cloudy
1420412400;27.0;21.0;0.7;ENE;3.611111111111111;0.0;1013.68;0.0;Partly Cloudy
1420416000;27.0;22.0;0.74;ENE;2.5;0.0;1013.68;0.0;Fair
1420419600;27.0;22.0;0.74;NE;2.5;0.0;1013.68;0.0;Fair
1420423200;27.0;22.0;0.74;NE;3.0555555555555554;0.0;1013.68;0.0;Partly Cloudy
1420426800;26.0;22.0;0.78;NE;2.5;0.0;1012.68;0.0;Partly Cloudy
1420430400;26.0;22.0;0.78;NNE;1.9444444444444444;0.0;1012.68;0.0;Partly Cloudy
1420434000;26.0;22.0;0.78;NNE;2.5;0.0;1012.68;0.0;Partly Cloudy
1420437600;26.0;22.0;0.78;NNE;3.0555555555555554;0.0;1012.68;0.0;Partly Cloudy
1420441200;27.0;22.0;0.74;NE;3.611111111111111;0.0;1013.68;0.0;Partly Cloudy
1420444800;27.0;22.0;0.74;NNE;2.5;0.0;1014.67;0.0;Partly Cloudy
1420448400;28.0;22.0;0.7;NE;4.722222222222222;0.0;1014.67;0.0;Partly Cloudy
1420452000;28.0;22.0;0.7;NNE;4.722222222222222;0.0;1014.67;0.0;Mostly Cloudy
1420455600;29.0;22.0;0.66;NNE;4.722222222222222;0.0;1015.67;0.0;Partly Cloudy
1420459200;29.0;22.0;0.66;NNE;4.166666666666667;0.0;1015.67;0.0;Partly Cloudy
1420462800;30.0;22.0;0.62;NE;4.166666666666667;0.0;1014.67;0.0;Fair
1420466400;30.0;22.0;0.62;NE;5.277777777777778;0.0;1014.67;0.0;Fair
1420470000;29.0;22.0;0.66;NE;5.277777777777778;0.0;1013.68;0.0;Fair
1420473600;30.0;22.0;0.62;NE;4.166666666666667;0.0;1012.68;0.0;Fair
1420477200;29.0;22.0;0.66;NE;4.166666666666667;0.0;1012.68;0.0;Fair
1420480800;28.0;23.0;0.74;NE;4.166666666666667;0.0;1012.68;0.0;Fair
1420484400;28.0;23.0;0.74;NE;2.5;0.0;1012.68;0.0;Fair
1420488000;27.0;23.0;0.79;ENE;3.611111111111111;0.0;1012.68;0.0;Fair
1420491600;27.0;23.0;0.79;E;4.166666666666667;0.0;1012.68;0.0;Fair
1420495200;27.0;23.0;0.79;E;3.0555555555555554;0.0;1013.68;0.0;Partly Cloudy
1420498800;27.0;23.0;0.79;ENE;3.611111111111111;0.0;1013.68;0.0;Partly Cloudy
1420502400;27.0;23.0;0.79;ENE;3.611111111111111;0.0;1013.68;0.0;Partly Cloudy
1420506000;27.0;23.0;0.79;E;3.611111111111111;0.0;1013.68;0.0;Mostly Cloudy
1420596000;27.0;22.0;0.74;E;5.555555555555555;0.0;1012.68;0.0;Partly Cloudy
1420599600;27.0;22.0;0.74;E;5.555555555555555;0.0;1013.68;0.0;Partly Cloudy
1420603200;26.0;21.0;0.74;ESE;3.611111111111111;0.0;1012.68;0.0;Partly Cloudy
1420606800;26.0;22.0;0.78;E;4.166666666666667;0.0;1012.68;0.0;Partly Cloudy
1420610400;26.0;22.0;0.78;E;3.611111111111111;0.0;1012.68;0.0;Partly Cloudy
1420614000;26.0;22.0;0.78;E;3.611111111111111;0.0;1012.68;0.0;Partly Cloudy
1420617600;27.0;22.0;0.74;E;3.611111111111111;0.0;1013.68;0.0;Mostly Cloudy
1420621200;27.0;22.0;0.74;E;5.555555555555555;0.0;1013.68;0.0;Mostly Cloudy
1420624800;28.0;22.0;0.7;E;4.722222222222222;0.0;1013.68;0.0;Partly Cloudy
1420628400;29.0;22.0;0.66;E;4.722222222222222;0.0;1013.68;0.0;Partly Cloudy
1420632000;29.0;22.0;0.66;ENE;4.722222222222222;0.0;1013.68;0.0;Partly Cloudy
1420635600;29.0;22.0;0.66;E;4.722222222222222;0.0;1013.68;0.0;Partly Cloudy
1420639200;29.0;22.0;0.66;E;4.722222222222222;0.0;1012.68;0.0;Partly Cloudy
1420642800;29.0;22.0;0.66;ENE;3.611111111111111;0.0;1011.68;0.0;Partly Cloudy
1420646400;30.0;22.0;0.62;E;3.0555555555555554;0.0;1011.68;0.0;Partly Cloudy
1420650000;29.0;22.0;0.66;E;4.166666666666667;0.0;1011.68;0.0;Fair
1420653600;28.0;21.0;0.66;SE;4.722222222222222;0.0;1011.68;0.0;Fair
1420657200;27.0;22.0;0.74;ESE;4.722222222222222;0.0;1011.68;0.0;Mostly Cloudy
1420660800;27.0;22.0;0.74;ESE;3.611111111111111;0.0;1011.68;0.0;Partly Cloudy
1420664400;27.0;22.0;0.74;SSE;4.166666666666667;0.0;1012.68;0.0;Mostly Cloudy
1420668000;26.0;22.0;0.78;ESE;4.166666666666667;0.0;1012.68;0.0;Partly Cloudy
1420671600;27.0;22.0;0.74;ESE;4.166666666666667;0.0;1013.68;0.0;Partly Cloudy
1420675200;27.0;22.0;0.74;ESE;4.722222222222222;0.0;1012.68;0.0;Fair
1420678800;27.0;22.0;0.74;ESE;4.166666666666667;0.0;1012.68;0.0;Mostly Cloudy
1420682400;26.0;22.0;0.78;ESE;4.166666666666667;0.0;1012.68;0.0;Partly Cloudy
1420686000;26.0;22.0;0.78;ESE;3.611111111111111;0.0;1011.68;0.0;Partly Cloudy
1420689600;26.0;22.0;0.78;ESE;4.722222222222222;0.0;1011.68;0.0;Partly Cloudy
1420693200;26.0;21.0;0.74;ESE;5.277777777777778;0.0;1011.68;0.0;Fair
1420696800;26.0;21.0;0.74;ESE;4.722222222222222;0.0;1011.68;0.0;Fair
1420700400;26.0;22.0;0.78;ESE;4.166666666666667;0.0;1012.68;0.0;Partly Cloudy
1420704000;26.0;22.0;0.78;SE;5.277777777777778;0.0;1012.68;0.0;Partly Cloudy
1420707600;28.0;21.0;0.66;ESE;4.722222222222222;0.0;1013.68;0.0;Fair
1420711200;28.0;22.0;0.7;E;5.277777777777778;0.0;1013.68;0.0;Partly Cloudy
1420714800;29.0;22.0;0.66;ESE;5.277777777777778;0.0;1013.68;0.0;Partly Cloudy
1420718400;30.0;22.0;0.62;ESE;6.111111111111111;0.0;1013.68;0.0;Partly Cloudy
1420722000;29.0;22.0;0.66;SE;6.111111111111111;0.0;1013.68;0.0;Partly Cloudy
1420725600;30.0;22.0;0.62;SE;5.277777777777778;0.0;1013.68;0.0;Partly Cloudy
1420729200;30.0;22.0;0.62;E;4.722222222222222;0.0;1012.68;0.0;Partly Cloudy
1420732800;30.0;22.0;0.62;SE;6.111111111111111;0.0;1012.68;0.0;Partly Cloudy
1420736400;29.0;22.0;0.66;E;5.555555555555555;0.0;1011.68;0.0;Fair
1420740000;29.0;22.0;0.66;E;5.555555555555555;0.0;1011.68;0.0;Fair
1420743600;28.0;21.0;0.66;E;5.555555555555555;0.0;1012.68;0.0;Fair
1420747200;27.0;21.0;0.7;ESE;5.277777777777778;0.0;1012.68;0.0;Fair
1420750800;27.0;22.0;0.74;E;4.722222222222222;0.0;1012.68;0.0;Partly Cloudy
1420754400;27.0;22.0;0.74;ESE;4.166666666666667;0.0;1013.68;0.0;Fair
1420758000;27.0;22.0;0.74;E;4.166666666666667;0.0;1013.68;0.0;Fair
1420761600;27.0;22.0;0.74;E;4.166666666666667;0.0;1013.68;0.0;Fair
1420765200;27.0;22.0;0.74;E;3.611111111111111;0.0;1012.68;0.0;Partly Cloudy
1420768800;26.0;22.0;0.78;E;3.0555555555555554;0.0;1012.68;0.0;Fair
1420772400;26.0;22.0;0.78;ESE;2.5;0.0;1011.68;0.0;Partly Cloudy
1420776000;26.0;22.0;0.78;ESE;2.5;0.0;1010.68;0.0;Partly Cloudy
1420779600;26.0;22.0;0.78;ESE;1.9444444444444444;0.0;1010.68;0.0;Partly Cloudy
1420783200;26.0;22.0;0.78;ESE;3.611111111111111;0.0;1011.68;0.0;Partly Cloudy
1420786800;25.0;23.0;0.89;E;1.9444444444444444;0.0;1011.68;0.0;Partly Cloudy
1420790400;26.0;22.0;0.78;ESE;3.611111111111111;0.0;1012.68;0.0;Partly Cloudy
1420794000;28.0;23.0;0.74;E;4.166666666666667;0.0;1012.68;0.0;Partly Cloudy
1420797600;29.0;22.0;0.66;E;4.722222222222222;0.0;1013.68;0.0;Partly Cloudy
1420801200;29.0;23.0;0.7;ESE;6.111111111111111;0.0;1013.68;0.0;Fair
1420804800;28.0;23.0;0.74;ESE;5.277777777777778;0.0;1013.68;0.0;Partly Cloudy
1420808400;29.0;22.0;0.66;E;6.111111111111111;0.0;1013.68;0.0;Partly Cloudy
1420812000;30.0;22.0;0.62;E;6.111111111111111;0.0;1013.68;0.0;Partly Cloudy
1420815600;30.0;22.0;0.62;ESE;6.111111111111111;0.0;1012.68;0.0;Partly Cloudy
1420819200;30.0;22.0;0.62;ESE;6.111111111111111;0.0;1012.68;0.0;Fair
1420822800;29.0;21.0;0.62;ESE;5.555555555555555;0.0;1011.68;0.0;Fair
1420826400;29.0;21.0;0.62;ESE;5.555555555555555;0.0;1012.68;0.0;Fair
1420830000;28.0;22.0;0.7;ESE;5.555555555555555;0.0;1012.68;0.0;Fair
1420833600;27.0;22.0;0.74;SSE;5.555555555555555;0.0;1012.68;0.0;Partly Cloudy
1420837200;27.0;22.0;0.74;SE;5.277777777777778;0.0;1013.68;0.0;Partly Cloudy
1420840800;27.0;22.0;0.74;SE;5.277777777777778;0.0;1013.68;0.0;Fair
1420844400;26.0;21.0;0.74;SE;5.277777777777778;0.0;1013.68;0.0;Fair
1420848000;26.0;21.0;0.74;ESE;3.611111111111111;0.0;1013.68;0.0;Partly Cloudy
1420851600;26.0;22.0;0.78;SE;4.166666666666667;0.0;1013.68;0.0;Partly Cloudy
1420855200;25.0;22.0;0.83;SE;4.166666666666667;0.0;1012.68;0.0;Partly Cloudy
1420858800;25.0;22.0;0.83;SSE;4.166666666666667;0.0;1012.68;0.0;Partly Cloudy
1420862400;26.0;21.0;0.74;SE;4.166666666666667;0.0;1011.68;0.0;Partly Cloudy
1420866000;25.0;22.0;0.83;SE;4.166666666666667;0.0;1011.68;0.0;Partly Cloudy
1420869600;25.0;22.0;0.83;SE;4.166666666666667;0.0;1012.68;0.0;Partly Cloudy
1420873200;25.0;22.0;0.83;SE;2.5;0.0;1012.68;0.0;Partly Cloudy
1420876800;24.0;23.0;0.94;SE;3.611111111111111;0.0;0.0;0.0;Showers in the Vicinity
1420880400;26.0;23.0;0.83;ESE;4.166666666666667;0.0;1013.68;0.0;Partly Cloudy
1420884000;28.0;23.0;0.74;SE;4.166666666666667;0.0;1013.68;0.0;Partly Cloudy
1420887600;29.0;23.0;0.7;ESE;4.722222222222222;0.0;1013.68;0.0;Mostly Cloudy
1420891200;29.0;23.0;0.7;ESE;5.277777777777778;0.0;1013.68;0.0;Showers in the Vicinity
1420894800;29.0;23.0;0.7;E;4.166666666666667;0.0;0.0;0.0;Showers in the Vicinity
1420898400;28.0;23.0;0.74;ESE;3.611111111111111;0.0;0.0;0.0;Showers in the Vicinity
1420902000;28.0;23.0;0.74;SE;4.722222222222222;0.0;0.0;0.0;Showers in the Vicinity
1420905600;29.0;23.0;0.7;E;5.277777777777778;0.0;1011.68;0.0;Partly Cloudy
1420909200;26.0;24.0;0.89;SE;5.555555555555555;0.0;0.0;0.0;Showers in the Vicinity
1420912800;28.0;23.0;0.74;ESE;6.111111111111111;0.0;1012.68;0.0;Partly Cloudy
1420916400;27.0;23.0;0.79;ESE;5.277777777777778;0.0;1012.68;0.0;Partly Cloudy
1420920000;27.0;22.0;0.74;ESE;4.722222222222222;0.0;1013.68;0.0;Partly Cloudy
1420923600;27.0;23.0;0.79;ESE;4.722222222222222;0.0;1013.68;0.0;Partly Cloudy
1420927200;27.0;23.0;0.79;ESE;5.555555555555555;0.0;1013.68;0.0;Partly Cloudy
1420930800;26.0;23.0;0.83;SE;4.166666666666667;0.0;1014.67;0.0;Showers in the Vicinity
1420934400;27.0;23.0;0.79;SE;5.555555555555555;0.0;1014.67;0.0;Partly Cloudy
1420938000;26.0;22.0;0.78;SE;4.722222222222222;0.0;1013.68;0.0;Fair
1420941600;26.0;22.0;0.78;SE;3.611111111111111;0.0;1012.68;0.0;Partly Cloudy
1420945200;26.0;22.0;0.78;SE;3.611111111111111;0.0;1012.68;0.0;Partly Cloudy
1420952400;26.0;22.0;0.78;SE;3.0555555555555554;0.0;1012.68;0.0;Partly Cloudy
1420956000;26.0;23.0;0.83;SE;3.611111111111111;0.0;1012.68;0.0;Partly Cloudy
1420959600;26.0;22.0;0.78;SE;2.5;0.0;1012.68;0.0;Mostly Cloudy
1420963200;24.0;23.0;0.94;E;5.277777777777778;0.0;1013.68;0.0;Rain
1420964100;24.0;23.0;0.94;SSE;1.9444444444444444;0.0;1013.68;0.0;Mostly Cloudy
1420966800;26.0;24.0;0.89;SSE;2.5;0.0;1013.68;0.0;Partly Cloudy
1420970400;27.0;23.0;0.79;ESE;5.277777777777778;0.0;1013.68;0.0;Mostly Cloudy
1420974000;27.0;23.0;0.79;E;3.611111111111111;0.0;1014.67;0.0;Mostly Cloudy
1420977600;29.0;23.0;0.7;ESE;6.111111111111111;0.0;1013.68;0.0;Fair
1420981200;29.0;23.0;0.7;ESE;5.277777777777778;0.0;1013.68;0.0;Fair
1420984800;29.0;24.0;0.74;E;4.722222222222222;0.0;1013.68;0.0;Fair
1420988400;30.0;23.0;0.66;SE;5.277777777777778;0.0;1012.68;0.0;Fair
1420992000;30.0;23.0;0.66;E;4.166666666666667;0.0;1012.68;0.0;Partly Cloudy
1420995600;29.0;23.0;0.7;ESE;5.555555555555555;0.0;1011.68;0.0;Partly Cloudy
1420999200;28.0;23.0;0.74;E;3.611111111111111;0.0;1012.68;0.0;Mostly Cloudy
1421001900;27.0;24.0;0.84;SE;3.611111111111111;0.0;1012.68;0.0;Rain
1421002800;27.0;24.0;0.84;SE;3.611111111111111;0.0;1012.68;0.0;Light Rain
1421003700;26.0;24.0;0.89;SSE;3.611111111111111;0.0;1012.68;0.0;Rain
1421004600;26.0;24.0;0.89;SSE;3.611111111111111;0.0;1012.68;0.0;Showers in the Vicinity
1421006400;26.0;24.0;0.89;SE;4.166666666666667;0.0;1012.68;0.0;Showers in the Vicinity
1421010000;26.0;24.0;0.89;SE;3.611111111111111;0.0;1013.68;0.0;Partly Cloudy
1421013600;27.0;23.0;0.79;ESE;3.611111111111111;0.0;1013.68;0.0;Partly Cloudy
1421017200;27.0;23.0;0.79;ESE;4.166666666666667;0.0;1013.68;0.0;Partly Cloudy
1421020800;27.0;23.0;0.79;ESE;3.611111111111111;0.0;1013.68;0.0;Mostly Cloudy
1421024400;27.0;23.0;0.79;ESE;4.166666666666667;0.0;1013.68;0.0;Mostly Cloudy
1421028000;26.0;24.0;0.89;ENE;3.0555555555555554;0.0;1012.68;0.0;Light Rain
1421031600;26.0;23.0;0.83;E;3.611111111111111;0.0;1011.68;0.0;Partly Cloudy
1421035200;26.0;23.0;0.83;SE;4.722222222222222;0.0;1012.68;0.0;Mostly Cloudy
1421038800;26.0;23.0;0.83;ESE;4.722222222222222;0.0;1012.68;0.0;Showers in the Vicinity
1421042400;25.0;24.0;0.94;SE;3.611111111111111;0.0;1012.68;0.0;Light Rain
1421046000;26.0;23.0;0.83;ESE;5.555555555555555;0.0;1013.68;0.0;Showers in the Vicinity
1421049600;27.0;23.0;0.79;SE;5.555555555555555;0.0;1013.68;0.0;Showers in the Vicinity
1421053200;28.0;23.0;0.74;ESE;5.277777777777778;0.0;1014.67;0.0;Partly Cloudy
1421056800;28.0;23.0;0.74;ESE;4.722222222222222;0.0;1015.67;0.0;Mostly Cloudy
1421060400;29.0;23.0;0.7;ESE;6.666666666666666;0.0;1014.67;0.0;Partly Cloudy
1421064000;30.0;23.0;0.66;ESE;6.666666666666666;0.0;1014.67;0.0;Partly Cloudy
1421067600;30.0;23.0;0.66;ESE;6.666666666666666;0.0;1014.67;0.0;Partly Cloudy
1421071200;30.0;24.0;0.7;ESE;6.111111111111111;0.0;1013.68;0.0;Partly Cloudy
1421074800;30.0;23.0;0.66;ESE;7.222222222222222;0.0;1013.68;0.0;Partly Cloudy
1421078400;29.0;23.0;0.7;ESE;7.222222222222222;0.0;1012.68;0.0;Showers in the Vicinity
1421082000;29.0;23.0;0.7;SE;6.111111111111111;0.0;1012.68;0.0;Mostly Cloudy
1421085600;28.0;23.0;0.74;SE;6.111111111111111;0.0;1012.68;0.0;Mostly Cloudy
1421089200;28.0;23.0;0.74;SE;5.277777777777778;0.0;1012.68;0.0;Partly Cloudy
1421092800;27.0;23.0;0.79;SE;5.555555555555555;0.0;1012.68;0.0;Partly Cloudy
1421096400;27.0;22.0;0.74;SE;5.555555555555555;0.0;1013.68;0.0;Partly Cloudy
1421100000;27.0;22.0;0.74;SE;5.555555555555555;0.0;1013.68;0.0;Fair
1421103600;27.0;23.0;0.79;SE;4.166666666666667;0.0;1013.68;0.0;Partly Cloudy
1421107200;27.0;22.0;0.74;SE;5.555555555555555;0.0;1013.68;0.0;Partly Cloudy
1421110800;27.0;22.0;0.74;SE;5.277777777777778;0.0;1013.68;0.0;Partly Cloudy
1421114400;27.0;22.0;0.74;SE;5.555555555555555;0.0;1012.68;0.0;Partly Cloudy
1421118000;26.0;22.0;0.78;SE;4.722222222222222;0.0;1012.68;0.0;Mostly Cloudy
1421121600;26.0;22.0;0.78;SE;4.166666666666667;0.0;1011.68;0.0;Mostly Cloudy
1421125200;26.0;22.0;0.78;SE;5.555555555555555;0.0;1011.68;0.0;Partly Cloudy
1421128800;26.0;21.0;0.74;SE;5.555555555555555;0.0;1012.68;0.0;Fair
1421132400;26.0;22.0;0.78;SE;5.277777777777778;0.0;1012.68;0.0;Partly Cloudy
1421136000;27.0;22.0;0.74;SE;5.277777777777778;0.0;1012.68;0.0;Partly Cloudy
1421139600;28.0;23.0;0.74;SE;4.722222222222222;0.0;1013.68;0.0;Partly Cloudy
1421143200;28.0;23.0;0.74;ESE;6.111111111111111;0.0;1014.67;0.0;Partly Cloudy
1421146800;28.0;22.0;0.7;ESE;6.111111111111111;0.0;1014.67;0.0;Mostly Cloudy
1421150400;29.0;22.0;0.66;SE;6.666666666666666;0.0;1014.67;0.0;Partly Cloudy
1421154000;30.0;22.0;0.62;ESE;5.277777777777778;0.0;1013.68;0.0;Partly Cloudy
1421157600;30.0;22.0;0.62;ESE;6.111111111111111;0.0;1013.68;0.0;Partly Cloudy
1421161200;30.0;22.0;0.62;ESE;5.555555555555555;0.0;1012.68;0.0;Partly Cloudy
1421164800;30.0;23.0;0.66;E;5.277777777777778;0.0;1011.68;0.0;Partly Cloudy
1421168400;28.0;22.0;0.7;SE;4.722222222222222;0.0;1011.68;0.0;Partly Cloudy
1421172000;29.0;22.0;0.66;ESE;4.722222222222222;0.0;1011.68;0.0;Partly Cloudy
1421175600;28.0;22.0;0.7;ESE;4.722222222222222;0.0;1011.68;0.0;Partly Cloudy
1421179200;27.0;22.0;0.74;SE;4.166666666666667;0.0;1012.68;0.0;Partly Cloudy
1421182800;27.0;22.0;0.74;SE;4.722222222222222;0.0;1012.68;0.0;Partly Cloudy
1421186400;27.0;22.0;0.74;SE;4.166666666666667;0.0;1013.68;0.0;Partly Cloudy
1421190000;27.0;22.0;0.74;SE;4.722222222222222;0.0;1013.68;0.0;Fair
1421193600;27.0;22.0;0.74;SE;4.722222222222222;0.0;1013.68;0.0;Fair
1421197200;27.0;22.0;0.74;ESE;5.277777777777778;0.0;1013.68;0.0;Fair
1421287200;26.0;21.0;0.74;SSE;4.722222222222222;0.0;1012.68;0.0;Fair
1421290800;26.0;21.0;0.74;SSE;4.722222222222222;0.0;1011.68;0.0;Partly Cloudy
1421294400;26.0;21.0;0.74;SSE;3.611111111111111;0.0;1010.68;0.0;Partly Cloudy
1421298000;25.0;21.0;0.78;SSW;1.9444444444444444;0.0;1010.68;0.0;Mostly Cloudy
1421301600;24.0;22.0;0.89;SSW;1.9444444444444444;0.0;1010.68;0.0;Partly Cloudy
1421305200;24.0;22.0;0.89;SSW;3.0555555555555554;0.0;1010.68;0.0;Mostly Cloudy
1421308800;26.0;22.0;0.78;SSE;5.277777777777778;0.0;1011.68;0.0;Mostly Cloudy
1421312400;27.0;21.0;0.7;SE;5.277777777777778;0.0;1012.68;0.0;Partly Cloudy
1421316000;28.0;22.0;0.7;E;4.722222222222222;0.0;1013.68;0.0;Partly Cloudy
1421319600;29.0;21.0;0.62;E;5.555555555555555;0.0;1013.68;0.0;Partly Cloudy
1421323200;30.0;22.0;0.62;ESE;5.277777777777778;0.0;1013.68;0.0;Partly Cloudy
1421326800;30.0;22.0;0.62;ESE;5.555555555555555;0.0;1013.68;0.0;Partly Cloudy
1421330400;30.0;22.0;0.62;ESE;6.111111111111111;0.0;1013.68;0.0;Partly Cloudy
1421334000;29.0;21.0;0.62;E;5.555555555555555;0.0;1012.68;0.0;Fair
1421337600;30.0;22.0;0.62;ESE;6.111111111111111;0.0;1011.68;0.0;Fair
1421341200;29.0;22.0;0.66;SE;5.277777777777778;0.0;1011.68;0.0;Fair
1421344800;29.0;21.0;0.62;ESE;5.277777777777778;0.0;1011.68;0.0;Fair
1421348400;27.0;21.0;0.7;ESE;5.277777777777778;0.0;1011.68;0.0;Fair
1421352000;27.0;21.0;0.7;SE;4.166666666666667;0.0;1012.68;0.0;Partly Cloudy
1421355600;27.0;22.0;0.74;SE;3.611111111111111;0.0;1012.68;0.0;Partly Cloudy
1421359200;27.0;22.0;0.74;SE;3.611111111111111;0.0;1013.68;0.0;Partly Cloudy
1421362800;26.0;21.0;0.74;ESE;2.5;0.0;1013.68;0.0;Fair
1421366400;26.0;22.0;0.78;SE;4.166666666666667;0.0;1013.68;0.0;Fair
1421370000;26.0;22.0;0.78;E;3.611111111111111;0.0;1013.68;0.0;Partly Cloudy
1421373600;26.0;21.0;0.74;ESE;3.0555555555555554;0.0;1012.68;0.0;Partly Cloudy
1421377200;26.0;22.0;0.78;E;2.5;0.0;1012.68;0.0;Partly Cloudy
1421380800;25.0;22.0;0.83;ESE;3.0555555555555554;0.0;1012.68;0.0;Fair
1421384400;25.0;22.0;0.83;ESE;2.5;0.0;1012.68;0.0;Partly Cloudy
1421388000;25.0;22.0;0.83;ESE;1.9444444444444444;0.0;1012.68;0.0;Fair
1421391600;25.0;22.0;0.83;ESE;2.5;0.0;1012.68;0.0;Fair
1421395200;26.0;22.0;0.78;SE;2.5;0.0;1012.68;0.0;Partly Cloudy
1421398800;27.0;21.0;0.7;ESE;3.611111111111111;0.0;1013.68;0.0;Partly Cloudy
1421402400;29.0;22.0;0.66;E;3.611111111111111;0.0;1014.67;0.0;Partly Cloudy
1421406000;29.0;22.0;0.66;ESE;4.166666666666667;0.0;1014.67;0.0;Partly Cloudy
1421409600;30.0;21.0;0.58;ESE;3.611111111111111;0.0;1014.67;0.0;Partly Cloudy
1421413200;29.0;22.0;0.66;E;3.611111111111111;0.0;1013.68;0.0;Fair
1421416800;30.0;22.0;0.62;ESE;4.166666666666667;0.0;1013.68;0.0;Fair
1421420400;29.0;22.0;0.66;E;4.166666666666667;0.0;1012.68;0.0;Fair
1421424000;30.0;22.0;0.62;ESE;5.277777777777778;0.0;1011.68;0.0;Partly Cloudy
1421427600;29.0;22.0;0.66;ESE;4.722222222222222;0.0;1011.68;0.0;Partly Cloudy
1421431200;29.0;22.0;0.66;ESE;4.722222222222222;0.0;1011.68;0.0;Partly Cloudy
1421434800;28.0;23.0;0.74;ESE;3.611111111111111;0.0;1011.68;0.0;Mostly Cloudy
1421438400;27.0;23.0;0.79;ESE;3.611111111111111;0.0;1012.68;0.0;Mostly Cloudy
1421442000;27.0;23.0;0.79;ESE;3.611111111111111;0.0;1012.68;0.0;Partly Cloudy
1421445600;27.0;23.0;0.79;E;3.611111111111111;0.0;1013.68;0.0;Mostly Cloudy
1421449200;27.0;22.0;0.74;E;4.166666666666667;0.0;1013.68;0.0;Partly Cloudy
1421452800;27.0;22.0;0.74;E;4.722222222222222;0.0;1013.68;0.0;Partly Cloudy
1421456400;27.0;22.0;0.74;ESE;3.611111111111111;0.0;1012.68;0.0;Partly Cloudy
1421460000;27.0;22.0;0.74;SE;4.166666666666667;0.0;1012.68;0.0;Partly Cloudy
1421463600;26.0;22.0;0.78;SE;4.722222222222222;0.0;1012.68;0.0;Fair
1421467200;26.0;22.0;0.78;SE;4.722222222222222;0.0;1011.68;0.0;Partly Cloudy
1421470800;26.0;22.0;0.78;SE;4.722222222222222;0.0;1011.68;0.0;Fair
1421474400;26.0;22.0;0.78;SE;4.166666666666667;0.0;1011.68;0.0;Mostly Cloudy
1421478000;26.0;22.0;0.78;SE;4.166666666666667;0.0;1012.68;0.0;Partly Cloudy
1421481600;27.0;22.0;0.74;SE;4.722222222222222;0.0;1012.68;0.0;Partly Cloudy
1421485200;28.0;22.0;0.7;SE;5.277777777777778;0.0;1013.68;0.0;Partly Cloudy
1421488800;29.0;23.0;0.7;SE;5.277777777777778;0.0;1013.68;0.0;Partly Cloudy
1421492400;30.0;23.0;0.66;SE;4.722222222222222;0.0;1013.68;0.0;Partly Cloudy
1421496000;30.0;23.0;0.66;SE;4.722222222222222;0.0;1013.68;0.0;Partly Cloudy
1421499600;29.0;24.0;0.74;ESE;5.277777777777778;0.0;1013.68;0.0;Mostly Cloudy
1421503200;28.0;22.0;0.7;SE;6.111111111111111;0.0;1013.68;0.0;Mostly Cloudy
1421506800;29.0;23.0;0.7;ESE;6.111111111111111;0.0;1012.68;0.0;Partly Cloudy
1421510400;29.0;24.0;0.74;SE;7.222222222222222;0.0;1011.68;0.0;Fair
1421514000;29.0;23.0;0.7;ESE;6.111111111111111;0.0;1011.68;0.0;Fair
1421517600;29.0;23.0;0.7;ESE;5.277777777777778;0.0;1011.68;0.0;Mostly Cloudy
1421521200;28.0;23.0;0.74;ESE;4.722222222222222;0.0;1011.68;0.0;Showers in the Vicinity
1421524800;27.0;23.0;0.79;E;3.611111111111111;0.0;1012.68;0.0;Showers in the Vicinity
1421528400;27.0;23.0;0.79;ESE;5.277777777777778;0.0;1012.68;0.0;Showers in the Vicinity
1421532000;27.0;23.0;0.79;ESE;5.555555555555555;0.0;1013.68;0.0;Mostly Cloudy
1421535600;27.0;23.0;0.79;E;4.722222222222222;0.0;1013.68;0.0;Mostly Cloudy
1421539200;27.0;23.0;0.79;E;5.277777777777778;0.0;1013.68;0.0;Partly Cloudy
1421542800;27.0;23.0;0.79;ESE;5.277777777777778;0.0;1013.68;0.0;Mostly Cloudy
1421546400;27.0;23.0;0.79;SE;5.277777777777778;0.0;1012.68;0.0;Mostly Cloudy
1421550000;27.0;23.0;0.79;SE;5.277777777777778;0.0;1011.68;0.0;Mostly Cloudy
1421553600;27.0;23.0;0.79;SE;5.277777777777778;0.0;1011.68;0.0;Partly Cloudy
1421557200;27.0;20.0;0.65;ESE;5.555555555555555;0.0;1011.68;0.0;Partly Cloudy
1421560800;26.0;22.0;0.78;ESE;3.611111111111111;0.0;1011.68;0.0;Fair
1421564400;26.0;22.0;0.78;ESE;3.611111111111111;0.0;1012.68;0.0;Fair
1421568000;27.0;22.0;0.74;E;3.611111111111111;0.0;1012.68;0.0;Partly Cloudy
1421571600;27.0;22.0;0.74;ESE;3.0555555555555554;0.0;1013.68;0.0;Mostly Cloudy
1421575200;29.0;22.0;0.66;E;3.611111111111111;0.0;1013.68;0.0;Fair
1421578800;29.0;22.0;0.66;ESE;4.722222222222222;0.0;1014.67;0.0;Partly Cloudy
1421582400;30.0;22.0;0.62;ESE;4.722222222222222;0.0;1013.68;0.0;Partly Cloudy
1421586000;30.0;22.0;0.62;SE;5.277777777777778;0.0;1013.68;0.0;Partly Cloudy
1421589600;30.0;22.0;0.62;SE;4.722222222222222;0.0;1013.68;0.0;Fair
1421593200;30.0;22.0;0.62;ESE;4.722222222222222;0.0;1012.68;0.0;Fair
1421596800;29.0;23.0;0.7;ESE;4.722222222222222;0.0;1011.68;0.0;Partly Cloudy
1421600400;29.0;22.0;0.66;ESE;5.277777777777778;0.0;1011.68;0.0;Partly Cloudy
1421604000;28.0;22.0;0.7;ESE;6.111111111111111;0.0;1011.68;0.0;Partly Cloudy
1421607600;28.0;22.0;0.7;ESE;5.277777777777778;0.0;1011.68;0.0;Partly Cloudy
1421611200;27.0;22.0;0.74;SE;4.166666666666667;0.0;1011.68;0.0;Mostly Cloudy
1421614800;27.0;22.0;0.74;ESE;5.277777777777778;0.0;1012.68;0.0;Partly Cloudy
1421618400;27.0;22.0;0.74;ESE;4.166666666666667;0.0;1013.68;0.0;Partly Cloudy
1421622000;27.0;22.0;0.74;SE;3.0555555555555554;0.0;1013.68;0.0;Partly Cloudy
1421625600;26.0;22.0;0.78;SE;4.166666666666667;0.0;1013.68;0.0;Partly Cloudy
1421629200;26.0;22.0;0.78;SE;3.611111111111111;0.0;1013.68;0.0;Partly Cloudy
1421632800;26.0;23.0;0.83;E;3.0555555555555554;0.0;1012.68;0.0;Partly Cloudy
1421636400;26.0;22.0;0.78;ESE;2.5;0.0;1011.68;0.0;Partly Cloudy
1421640000;26.0;22.0;0.78;ESE;3.0555555555555554;0.0;1011.68;0.0;Partly Cloudy
1421643600;26.0;23.0;0.83;SE;3.0555555555555554;0.0;1011.68;0.0;Partly Cloudy
1421647200;26.0;22.0;0.78;ESE;4.166666666666667;0.0;1011.68;0.0;Fair
1421650800;25.0;22.0;0.83;SE;3.0555555555555554;0.0;1011.68;0.0;Fair
1421654400;26.0;22.0;0.78;ESE;3.0555555555555554;0.0;1012.68;0.0;Partly Cloudy
1421658000;26.0;23.0;0.83;SE;3.611111111111111;0.0;1012.68;0.0;Showers in the Vicinity
1421661600;28.0;24.0;0.79;ESE;4.722222222222222;0.0;1013.68;0.0;Partly Cloudy
1421665200;29.0;24.0;0.74;E;4.722222222222222;0.0;1013.68;0.0;Partly Cloudy
1421668800;29.0;23.0;0.7;E;5.277777777777778;0.0;1013.68;0.0;Partly Cloudy
1421672400;30.0;23.0;0.66;E;5.277777777777778;0.0;1013.68;0.0;Fair
1421676000;30.0;23.0;0.66;E;5.277777777777778;0.0;1012.68;0.0;Fair
1421679600;30.0;23.0;0.66;E;4.722222222222222;0.0;1011.68;0.0;Partly Cloudy
1421683200;30.0;23.0;0.66;E;5.277777777777778;0.0;1011.68;0.0;Fair
1421686800;30.0;23.0;0.66;E;4.166666666666667;0.0;1010.68;0.0;Partly Cloudy
1421690400;29.0;23.0;0.7;ESE;4.722222222222222;0.0;1010.68;0.0;Partly Cloudy
1421694000;28.0;23.0;0.74;ESE;4.166666666666667;0.0;1010.68;0.0;Partly Cloudy
1421697600;27.0;23.0;0.79;E;3.0555555555555554;0.0;1011.68;0.0;Partly Cloudy
1421701200;27.0;23.0;0.79;E;3.0555555555555554;0.0;1011.68;0.0;Partly Cloudy
1421704800;27.0;23.0;0.79;E;3.0555555555555554;0.0;1011.68;0.0;Partly Cloudy
1421708400;27.0;23.0;0.79;E;3.611111111111111;0.0;1012.68;0.0;Partly Cloudy
1421712000;27.0;23.0;0.79;E;3.0555555555555554;0.0;1012.68;0.0;Partly Cloudy
1421715600;27.0;23.0;0.79;ESE;3.0555555555555554;0.0;1012.68;0.0;Partly Cloudy
1421719200;26.0;23.0;0.83;SE;3.611111111111111;0.0;1011.68;0.0;Partly Cloudy
1421722800;26.0;22.0;0.78;SE;3.0555555555555554;0.0;1011.68;0.0;Fair
1421726400;25.0;23.0;0.89;ESE;3.0555555555555554;0.0;1010.68;0.0;Showers in the Vicinity
1421730000;26.0;22.0;0.78;E;1.9444444444444444;0.0;1010.68;0.0;Showers in the Vicinity
1421733600;26.0;22.0;0.78;ESE;2.5;0.0;1010.68;0.0;Partly Cloudy
1421737200;26.0;22.0;0.78;ESE;3.0555555555555554;0.0;1010.68;0.0;Partly Cloudy
1421740800;27.0;22.0;0.74;ESE;2.5;0.0;1010.68;0.0;Partly Cloudy
1421744400;27.0;22.0;0.74;ESE;3.611111111111111;0.0;1011.68;0.0;Partly Cloudy
1421748000;28.0;22.0;0.7;SE;3.611111111111111;0.0;1011.68;0.0;Partly Cloudy
1421751600;29.0;23.0;0.7;SE;4.722222222222222;0.0;1011.68;0.0;Mostly Cloudy
1421755200;30.0;22.0;0.62;SE;4.722222222222222;0.0;1011.68;0.0;Partly Cloudy
1421758800;30.0;23.0;0.66;SE;5.277777777777778;0.0;1011.68;0.0;Partly Cloudy
1421762400;30.0;23.0;0.66;SE;5.277777777777778;0.0;1011.68;0.0;Mostly Cloudy
1421766000;30.0;23.0;0.66;ESE;5.555555555555555;0.0;1010.68;0.0;Partly Cloudy
1421769600;30.0;23.0;0.66;E;4.722222222222222;0.0;1009.68;0.0;Fair
1421773200;29.0;23.0;0.7;ESE;4.722222222222222;0.0;1009.68;0.0;Fair
1421776800;29.0;23.0;0.7;ESE;4.722222222222222;0.0;1009.68;0.0;Partly Cloudy
1421780400;28.0;23.0;0.74;E;4.166666666666667;0.0;1009.68;0.0;Partly Cloudy
1421784000;27.0;23.0;0.79;E;3.611111111111111;0.0;1009.68;0.0;Partly Cloudy
1421787600;27.0;23.0;0.79;E;3.0555555555555554;0.0;1010.68;0.0;Partly Cloudy
1421791200;27.0;23.0;0.79;ESE;3.611111111111111;0.0;1010.68;0.0;Fair
1421794800;27.0;23.0;0.79;E;3.611111111111111;0.0;1010.68;0.0;Partly Cloudy
1421798400;27.0;23.0;0.79;E;3.611111111111111;0.0;1010.68;0.0;Partly Cloudy
1421802000;27.0;23.0;0.79;E;4.166666666666667;0.0;1010.68;0.0;Partly Cloudy
1421978400;27.0;22.0;0.74;ESE;3.0555555555555554;0.0;1012.68;0.0;Fair
1421982000;27.0;22.0;0.74;ESE;3.611111111111111;0.0;1011.68;0.0;Partly Cloudy
1421985600;27.0;22.0;0.74;ESE;3.611111111111111;0.0;1011.68;0.0;Mostly Cloudy
1421989200;27.0;22.0;0.74;ESE;2.5;0.0;1011.68;0.0;Mostly Cloudy
1421992800;27.0;22.0;0.74;E;3.0555555555555554;0.0;1011.68;0.0;Mostly Cloudy
1421996400;27.0;21.0;0.7;E;3.0555555555555554;0.0;1011.68;0.0;Partly Cloudy
1422000000;27.0;22.0;0.74;E;3.0555555555555554;0.0;1012.68;0.0;Partly Cloudy
1422003600;28.0;22.0;0.7;E;3.611111111111111;0.0;1012.68;0.0;Partly Cloudy
1422007200;28.0;22.0;0.7;E;3.611111111111111;0.0;1013.68;0.0;Partly Cloudy
1422010800;30.0;22.0;0.62;E;3.611111111111111;0.0;1013.68;0.0;Partly Cloudy
1422014400;30.0;22.0;0.62;ESE;4.166666666666667;0.0;1013.68;0.0;Partly Cloudy
1422018000;30.0;22.0;0.62;SE;4.166666666666667;0.0;1013.68;0.0;Partly Cloudy
1422021600;31.0;21.0;0.55;SE;5.277777777777778;0.0;1012.68;0.0;Partly Cloudy
1422025200;30.0;22.0;0.62;E;4.166666666666667;0.0;1012.68;0.0;Partly Cloudy
1422028800;30.0;23.0;0.66;SE;5.277777777777778;0.0;1011.68;0.0;Partly Cloudy
1422032400;30.0;22.0;0.62;SE;4.166666666666667;0.0;1010.68;0.0;Fair
1422036000;29.0;22.0;0.66;SSE;4.722222222222222;0.0;1010.68;0.0;Fair
1422039600;28.0;22.0;0.7;SE;3.611111111111111;0.0;1011.68;0.0;Partly Cloudy
1422043200;27.0;22.0;0.74;SSE;4.166666666666667;0.0;1011.68;0.0;Partly Cloudy
1422046800;27.0;23.0;0.79;SE;4.722222222222222;0.0;1011.68;0.0;Partly Cloudy
1422050400;27.0;23.0;0.79;SSE;5.277777777777778;0.0;1012.68;0.0;Partly Cloudy
1422054000;27.0;24.0;0.84;SSE;6.111111111111111;0.0;1012.68;0.0;Partly Cloudy
1422057600;27.0;23.0;0.79;SSE;6.666666666666666;0.0;1012.68;0.0;Partly Cloudy
1422061200;27.0;24.0;0.84;SE;4.722222222222222;0.0;1012.68;0.0;Showers in the Vicinity
1422151200;27.0;23.0;0.79;E;3.0555555555555554;0.0;1011.68;0.0;Partly Cloudy
1422154800;27.0;23.0;0.79;E;4.166666666666667;0.0;1011.68;0.0;Fair
1422158400;27.0;23.0;0.79;ESE;4.722222222222222;0.0;1010.68;0.0;Fair
1422162000;26.0;23.0;0.83;ESE;3.611111111111111;0.0;1010.68;0.0;Fair
1422165600;26.0;22.0;0.78;E;3.0555555555555554;0.0;1010.68;0.0;Fair
1422169200;26.0;22.0;0.78;E;3.611111111111111;0.0;1011.68;0.0;Partly Cloudy
1422172800;26.0;23.0;0.83;ESE;4.166666666666667;0.0;1011.68;0.0;Partly Cloudy
1422176400;27.0;23.0;0.79;E;4.166666666666667;0.0;1011.68;0.0;Partly Cloudy
1422180000;28.0;23.0;0.74;ESE;4.166666666666667;0.0;1012.68;0.0;Partly Cloudy
1422183600;30.0;22.0;0.62;ESE;4.166666666666667;0.0;1012.68;0.0;Fair
1422187200;30.0;23.0;0.66;ESE;4.722222222222222;0.0;1012.68;0.0;Partly Cloudy
1422190800;30.0;23.0;0.66;ESE;5.277777777777778;0.0;1012.68;0.0;Partly Cloudy
1422194400;30.0;23.0;0.66;E;5.277777777777778;0.0;1011.68;0.0;Partly Cloudy
1422198000;30.0;23.0;0.66;E;4.722222222222222;0.0;1011.68;0.0;Partly Cloudy
1422201600;30.0;23.0;0.66;ESE;5.277777777777778;0.0;1011.68;0.0;Partly Cloudy
1422205200;29.0;23.0;0.7;E;4.722222222222222;0.0;1010.68;0.0;Mostly Cloudy
1422208800;29.0;22.0;0.66;ESE;4.722222222222222;0.0;1010.68;0.0;Partly Cloudy
1422212400;29.0;22.0;0.66;ESE;4.166666666666667;0.0;1010.68;0.0;Fair
1422216000;27.0;22.0;0.74;ESE;3.611111111111111;0.0;1010.68;0.0;Fair
1422219600;27.0;22.0;0.74;SSW;3.611111111111111;0.0;1011.68;0.0;Fair
1422223200;27.0;23.0;0.79;SE;3.611111111111111;0.0;1012.68;0.0;Fair
1422226800;27.0;22.0;0.74;SE;4.166666666666667;0.0;1012.68;0.0;Partly Cloudy
1422230400;27.0;22.0;0.74;SE;3.611111111111111;0.0;1012.68;0.0;Partly Cloudy
1422234000;27.0;22.0;0.74;SE;3.611111111111111;0.0;1012.68;0.0;Partly Cloudy
1422237600;27.0;22.0;0.74;SE;3.611111111111111;0.0;1011.68;0.0;Partly Cloudy
1422241200;27.0;21.0;0.7;ESE;3.611111111111111;0.0;1011.68;0.0;Partly Cloudy
1422244800;26.0;22.0;0.78;E;2.5;0.0;1011.68;0.0;Partly Cloudy
1422248400;26.0;21.0;0.74;SE;4.166666666666667;0.0;1011.68;0.0;Partly Cloudy
1422252000;26.0;21.0;0.74;ESE;3.0555555555555554;0.0;1011.68;0.0;Fair
1422255600;26.0;21.0;0.74;ESE;2.5;0.0;1011.68;0.0;Fair
1422259200;27.0;22.0;0.74;ESE;2.5;0.0;1012.68;0.0;Fair
1422262800;27.0;22.0;0.74;SE;3.611111111111111;0.0;1012.68;0.0;Fair
1422266400;29.0;21.0;0.62;ESE;4.166666666666667;0.0;1013.68;0.0;Partly Cloudy
1422270000;30.0;22.0;0.62;SE;4.166666666666667;0.0;1013.68;0.0;Partly Cloudy
1422273600;30.0;22.0;0.62;ESE;4.722222222222222;0.0;1013.68;0.0;Fair
1422277200;30.0;22.0;0.62;SE;4.722222222222222;0.0;1013.68;0.0;Fair
1422280800;31.0;22.0;0.58;SE;5.277777777777778;0.0;1012.68;0.0;Fair
1422284400;30.0;21.0;0.58;SE;5.277777777777778;0.0;1011.68;0.0;Fair
1422288000;30.0;21.0;0.58;ESE;5.555555555555555;0.0;1011.68;0.0;Fair
1422291600;29.0;22.0;0.66;ESE;5.555555555555555;0.0;1010.68;0.0;Fair
1422295200;29.0;22.0;0.66;E;5.555555555555555;0.0;1010.68;0.0;Fair
1422298800;28.0;22.0;0.7;ESE;5.277777777777778;0.0;1010.68;0.0;Fair
1422302400;27.0;22.0;0.74;E;4.166666666666667;0.0;1011.68;0.0;Fair
1422306000;27.0;22.0;0.74;E;4.166666666666667;0.0;1011.68;0.0;Fair
1422309600;27.0;22.0;0.74;E;3.611111111111111;0.0;1012.68;0.0;Fair
1422313200;27.0;22.0;0.74;E;4.722222222222222;0.0;1012.68;0.0;Partly Cloudy
1422316800;27.0;21.0;0.7;E;3.611111111111111;0.0;1013.68;0.0;Partly Cloudy
1422320400;27.0;22.0;0.74;E;3.611111111111111;0.0;1013.68;0.0;Partly Cloudy
1422324000;26.0;20.0;0.69;ESE;5.277777777777778;0.0;1012.68;0.0;Partly Cloudy
1422327600;27.0;21.0;0.7;ESE;4.166666666666667;0.0;1011.68;0.0;Fair
1422331200;26.0;21.0;0.74;E;4.166666666666667;0.0;1011.68;0.0;Partly Cloudy
1422334800;26.0;21.0;0.74;ESE;3.0555555555555554;0.0;1011.68;0.0;Fair
1422338400;26.0;21.0;0.74;ESE;4.166666666666667;0.0;1011.68;0.0;Partly Cloudy
1422342000;26.0;21.0;0.74;E;4.722222222222222;0.0;1011.68;0.0;Partly Cloudy
1422345600;27.0;21.0;0.7;E;3.0555555555555554;0.0;1012.68;0.0;Fair
1422349200;28.0;20.0;0.62;E;3.611111111111111;0.0;1012.68;0.0;Fair
1422352800;28.0;21.0;0.66;SE;4.722222222222222;0.0;1013.68;0.0;Partly Cloudy
1422356400;29.0;21.0;0.62;ESE;4.722222222222222;0.0;1013.68;0.0;Partly Cloudy
1422360000;30.0;21.0;0.58;SE;4.722222222222222;0.0;1013.68;0.0;Partly Cloudy
1422363600;30.0;21.0;0.58;SE;4.166666666666667;0.0;1013.68;0.0;Partly Cloudy
1422367200;30.0;21.0;0.58;ESE;4.166666666666667;0.0;1012.68;0.0;Fair
1422370800;30.0;21.0;0.58;SE;5.277777777777778;0.0;1011.68;0.0;Fair
1422374400;30.0;22.0;0.62;SE;6.111111111111111;0.0;1011.68;0.0;Fair
1422378000;29.0;21.0;0.62;SE;5.277777777777778;0.0;1011.68;0.0;Partly Cloudy
1422381600;28.0;22.0;0.7;SE;5.277777777777778;0.0;1011.68;0.0;Partly Cloudy
1422385200;28.0;22.0;0.7;SE;5.277777777777778;0.0;1011.68;0.0;Mostly Cloudy
1422388800;27.0;21.0;0.7;ESE;4.166666666666667;0.0;1011.68;0.0;Partly Cloudy
1422392400;27.0;22.0;0.74;SE;4.722222222222222;0.0;1011.68;0.0;Partly Cloudy
1422396000;27.0;22.0;0.74;SE;5.277777777777778;0.0;1012.68;0.0;Partly Cloudy
1422399600;27.0;22.0;0.74;SE;3.611111111111111;0.0;1012.68;0.0;Partly Cloudy
1422403200;27.0;21.0;0.7;ESE;4.166666666666667;0.0;1012.68;0.0;Fair
1422406800;26.0;21.0;0.74;SE;3.611111111111111;0.0;1012.68;0.0;Partly Cloudy
1422583200;26.0;23.0;0.83;ESE;2.5;0.0;1011.68;0.0;Mostly Cloudy
1422586800;26.0;23.0;0.83;E;2.5;0.0;1010.68;0.0;Mostly Cloudy
1422590400;26.0;23.0;0.83;E;3.0555555555555554;0.0;1010.68;0.0;Partly Cloudy
1422594000;26.0;23.0;0.83;E;2.5;0.0;1010.68;0.0;Partly Cloudy
1422597600;26.0;23.0;0.83;ENE;2.5;0.0;1010.68;0.0;Partly Cloudy
1422601200;26.0;22.0;0.78;E;2.5;0.0;1010.68;0.0;Partly Cloudy
1422604800;26.0;22.0;0.78;E;2.5;0.0;1010.68;0.0;Partly Cloudy
1422608400;27.0;22.0;0.74;E;2.5;0.0;1011.68;0.0;Partly Cloudy
1422612000;28.0;23.0;0.74;ENE;3.0555555555555554;0.0;1012.68;0.0;Partly Cloudy
1422615600;29.0;23.0;0.7;E;2.5;0.0;1012.68;0.0;Partly Cloudy
1422619200;29.0;23.0;0.7;E;3.611111111111111;0.0;1012.68;0.0;Partly Cloudy
1422622800;30.0;23.0;0.66;ENE;3.611111111111111;0.0;1012.68;0.0;Partly Cloudy
1422626400;29.0;23.0;0.7;E;5.277777777777778;0.0;1011.68;0.0;Partly Cloudy
1422630000;30.0;23.0;0.66;E;4.166666666666667;0.0;1010.68;0.0;Partly Cloudy
1422633600;30.0;22.0;0.62;E;4.166666666666667;0.0;1010.68;0.0;Partly Cloudy
1422637200;30.0;23.0;0.66;ESE;4.166666666666667;0.0;1010.68;0.0;Fair
1422640800;29.0;23.0;0.7;E;4.166666666666667;0.0;1010.68;0.0;Fair
1422644400;29.0;23.0;0.7;E;3.0555555555555554;0.0;1010.68;0.0;Fair
1422648000;28.0;23.0;0.74;E;3.611111111111111;0.0;1011.68;0.0;Partly Cloudy
1422651600;28.0;23.0;0.74;E;3.611111111111111;0.0;1011.68;0.0;Fair
1422655200;27.0;23.0;0.79;E;3.0555555555555554;0.0;1012.68;0.0;Partly Cloudy
1422658800;27.0;23.0;0.79;E;2.5;0.0;1012.68;0.0;Partly Cloudy
1422662400;27.0;23.0;0.79;E;3.611111111111111;0.0;1012.68;0.0;Partly Cloudy
1422666000;27.0;23.0;0.79;E;3.0555555555555554;0.0;1012.68;0.0;Fair
1422669600;27.0;23.0;0.79;E;3.0555555555555554;0.0;1011.68;0.0;Partly Cloudy
1422673200;27.0;23.0;0.79;ESE;3.611111111111111;0.0;1010.68;0.0;Partly Cloudy
1422676800;27.0;24.0;0.84;E;1.9444444444444444;0.0;1010.68;0.0;Mostly Cloudy
1422680400;26.0;23.0;0.83;E;3.0555555555555554;0.0;1010.68;0.0;Mostly Cloudy
1422684000;27.0;27.0;1.0;E;4.166666666666667;0.0;1010.68;0.0;Partly Cloudy
1422687600;27.0;23.0;0.79;ENE;3.0555555555555554;0.0;1010.68;0.0;Mostly Cloudy
1422691200;27.0;23.0;0.79;E;3.0555555555555554;0.0;1011.68;0.0;Partly Cloudy
1422694800;27.0;23.0;0.79;E;3.0555555555555554;0.0;1011.68;0.0;Partly Cloudy
1422698400;29.0;23.0;0.7;E;4.166666666666667;0.0;1012.68;0.0;Partly Cloudy
1422702000;29.0;24.0;0.74;SE;4.722222222222222;0.0;1012.68;0.0;Partly Cloudy
1422705600;29.0;23.0;0.7;E;4.166666666666667;0.0;1012.68;0.0;Mostly Cloudy
1422709200;31.0;24.0;0.66;SE;5.277777777777778;0.0;1012.68;0.0;Partly Cloudy
1422712800;31.0;23.0;0.62;ESE;5.277777777777778;0.0;1012.68;0.0;Partly Cloudy
1422716400;31.0;24.0;0.66;SE;5.277777777777778;0.0;1011.68;0.0;Mostly Cloudy
1422720000;31.0;23.0;0.62;SE;4.722222222222222;0.0;1010.68;0.0;Partly Cloudy
1422723600;30.0;23.0;0.66;SE;5.555555555555555;0.0;1009.68;0.0;Partly Cloudy
1422727200;28.0;24.0;0.79;E;4.722222222222222;0.0;1009.68;0.0;Partly Cloudy
1422730800;27.0;24.0;0.84;ESE;3.611111111111111;0.0;1010.68;0.0;Partly Cloudy
1422734400;27.0;24.0;0.84;E;4.166666666666667;0.0;1011.68;0.0;Mostly Cloudy
1422738000;27.0;24.0;0.84;SE;2.5;0.0;1011.68;0.0;Mostly Cloudy
1422741600;27.0;24.0;0.84;SE;3.611111111111111;0.0;1011.68;0.0;Mostly Cloudy
1422745200;27.0;24.0;0.84;SE;3.0555555555555554;0.0;1011.68;0.0;Mostly Cloudy
1422748800;27.0;23.0;0.79;SE;5.277777777777778;0.0;1012.68;0.0;Mostly Cloudy
1422752400;27.0;23.0;0.79;SE;5.277777777777778;0.0;1011.68;0.0;Mostly Cloudy
1422756000;27.0;23.0;0.79;ESE;4.166666666666667;0.0;1011.68;0.0;Partly Cloudy
1422759600;27.0;23.0;0.79;SE;4.722222222222222;0.0;1010.68;0.0;Partly Cloudy
1422763200;27.0;23.0;0.79;ESE;5.277777777777778;0.0;1010.68;0.0;Partly Cloudy
1422766800;27.0;23.0;0.79;SE;5.277777777777778;0.0;1010.68;0.0;Partly Cloudy
1422770400;27.0;22.0;0.74;SE;4.722222222222222;0.0;1010.68;0.0;Partly Cloudy
1422774000;27.0;22.0;0.74;SE;4.722222222222222;0.0;1010.68;0.0;Partly Cloudy
1422777600;27.0;22.0;0.74;ESE;5.277777777777778;0.0;1011.68;0.0;Partly Cloudy
1422781200;27.0;23.0;0.79;SE;5.555555555555555;0.0;1011.68;0.0;Mostly Cloudy
1422784800;28.0;22.0;0.7;ESE;5.555555555555555;0.0;1012.68;0.0;Partly Cloudy
1422788400;29.0;22.0;0.66;ESE;5.555555555555555;0.0;1012.68;0.0;Partly Cloudy
1422792000;30.0;22.0;0.62;ESE;5.555555555555555;0.0;1012.68;0.0;Partly Cloudy
1422795600;30.0;22.0;0.62;ESE;6.111111111111111;0.0;1012.68;0.0;Partly Cloudy
1422799200;30.0;22.0;0.62;ESE;5.555555555555555;0.0;1011.68;0.0;Fair
1422802800;30.0;22.0;0.62;SE;5.555555555555555;0.0;1011.68;0.0;Fair
1422806400;30.0;23.0;0.66;SE;6.666666666666666;0.0;1010.68;0.0;Fair
1422810000;30.0;23.0;0.66;SE;5.555555555555555;0.0;1010.68;0.0;Fair
1422813600;29.0;23.0;0.7;SE;6.111111111111111;0.0;1010.68;0.0;Fair
1422817200;28.0;22.0;0.7;SE;5.277777777777778;0.0;1010.68;0.0;Partly Cloudy
1422820800;27.0;22.0;0.74;SE;3.611111111111111;0.0;1011.68;0.0;Partly Cloudy
1422824400;27.0;22.0;0.74;SE;4.722222222222222;0.0;1011.68;0.0;Partly Cloudy
1422828000;27.0;22.0;0.74;SE;4.166666666666667;0.0;1012.68;0.0;Partly Cloudy
1422831600;27.0;22.0;0.74;SE;3.611111111111111;0.0;1013.68;0.0;Partly Cloudy
1422835200;27.0;22.0;0.74;SE;3.0555555555555554;0.0;1013.68;0.0;Fair
1422838800;27.0;22.0;0.74;SE;3.611111111111111;0.0;1012.68;0.0;Partly Cloudy
1423015200;27.0;24.0;0.84;E;3.611111111111111;0.0;1010.68;0.0;Partly Cloudy
1423018800;27.0;24.0;0.84;E;3.611111111111111;0.0;1010.68;0.0;Mostly Cloudy
1423022400;27.0;24.0;0.84;E;3.0555555555555554;0.0;1009.68;0.0;Partly Cloudy
1423026000;27.0;23.0;0.79;E;4.166666666666667;0.0;1009.68;0.0;Mostly Cloudy
1423029600;27.0;23.0;0.79;E;2.5;0.0;1010.68;0.0;Partly Cloudy
1423033200;27.0;23.0;0.79;ENE;3.0555555555555554;0.0;1010.68;0.0;Partly Cloudy
1423036800;27.0;23.0;0.79;E;3.0555555555555554;0.0;1010.68;0.0;Partly Cloudy
1423040400;28.0;24.0;0.79;E;3.0555555555555554;0.0;1011.68;0.0;Partly Cloudy
1423044000;29.0;23.0;0.7;E;4.166666666666667;0.0;1011.68;0.0;Partly Cloudy
1423047600;29.0;24.0;0.74;E;4.166666666666667;0.0;1012.68;0.0;Fair
1423051200;30.0;24.0;0.7;E;4.166666666666667;0.0;1011.68;0.0;Partly Cloudy
1423054800;31.0;24.0;0.66;ESE;4.722222222222222;0.0;1011.68;0.0;Partly Cloudy
1423058400;30.0;24.0;0.7;ESE;5.277777777777778;0.0;1010.68;0.0;Partly Cloudy
1423062000;30.0;23.0;0.66;ESE;5.555555555555555;0.0;1010.68;0.0;Partly Cloudy
1423065600;30.0;23.0;0.66;E;5.277777777777778;0.0;1009.68;0.0;Fair
1423069200;30.0;23.0;0.66;E;5.277777777777778;0.0;1008.68;0.0;Partly Cloudy
1423072800;29.0;23.0;0.7;E;7.777777777777778;0.0;1008.68;0.0;Partly Cloudy
1423076400;28.0;23.0;0.74;ESE;5.277777777777778;0.0;1009.68;0.0;Partly Cloudy
1423080000;27.0;23.0;0.79;E;3.611111111111111;0.0;1009.68;0.0;Partly Cloudy
1423083600;28.0;23.0;0.74;E;3.611111111111111;0.0;1009.68;0.0;Partly Cloudy
1423087200;28.0;23.0;0.74;ENE;3.611111111111111;0.0;1010.68;0.0;Partly Cloudy
1423090800;28.0;23.0;0.74;E;4.722222222222222;0.0;1011.68;0.0;Partly Cloudy
1423094400;28.0;23.0;0.74;ENE;4.166666666666667;0.0;1011.68;0.0;Partly Cloudy
1423098000;28.0;23.0;0.74;E;4.166666666666667;0.0;1011.68;0.0;Partly Cloudy
1423188000;27.0;22.0;0.74;E;3.611111111111111;0.0;1010.68;0.0;Partly Cloudy
1423191600;27.0;23.0;0.79;E;1.9444444444444444;0.0;1010.68;0.0;Partly Cloudy
1423195200;27.0;23.0;0.79;ENE;1.9444444444444444;0.0;1009.68;0.0;Partly Cloudy
1423198800;27.0;22.0;0.74;ENE;2.5;0.0;1009.68;0.0;Partly Cloudy
1423202400;27.0;22.0;0.74;ENE;2.5;0.0;1009.68;0.0;Partly Cloudy
1423206000;27.0;22.0;0.74;ENE;2.5;0.0;1010.68;0.0;Partly Cloudy
1423209600;27.0;23.0;0.79;ENE;1.6666666666666665;0.0;1010.68;0.0;Partly Cloudy
1423213200;28.0;23.0;0.74;E;2.5;0.0;1010.68;0.0;Partly Cloudy
1423216800;28.0;23.0;0.74;ENE;2.5;0.0;1011.68;0.0;Mostly Cloudy
1423220400;30.0;23.0;0.66;ENE;3.611111111111111;0.0;1011.68;0.0;Mostly Cloudy
1423224000;30.0;23.0;0.66;E;4.166666666666667;0.0;1011.68;0.0;Partly Cloudy
1423227600;30.0;23.0;0.66;E;3.611111111111111;0.0;1011.68;0.0;Partly Cloudy
1423231200;30.0;23.0;0.66;E;4.166666666666667;0.0;1010.68;0.0;Fair
1423234800;29.0;23.0;0.7;ENE;5.277777777777778;0.0;1009.68;0.0;Partly Cloudy
1423238400;30.0;23.0;0.66;E;4.166666666666667;0.0;1009.68;0.0;Fair
1423242000;30.0;23.0;0.66;E;4.166666666666667;0.0;1008.68;0.0;Partly Cloudy
1423245600;29.0;23.0;0.7;E;4.166666666666667;0.0;1008.68;0.0;Partly Cloudy
1423249200;28.0;23.0;0.74;E;3.611111111111111;0.0;1008.68;0.0;Partly Cloudy
1423252800;28.0;23.0;0.74;ESE;3.611111111111111;0.0;1009.68;0.0;Partly Cloudy
1423256400;28.0;23.0;0.74;E;3.611111111111111;0.0;1009.68;0.0;Fair
1423260000;28.0;23.0;0.74;E;3.611111111111111;0.0;1010.68;0.0;Mostly Cloudy
1423263600;28.0;23.0;0.74;E;3.0555555555555554;0.0;1010.68;0.0;Mostly Cloudy
1423267200;28.0;23.0;0.74;ENE;2.5;0.0;1011.68;0.0;Partly Cloudy
1423270800;27.0;23.0;0.79;ENE;2.5;0.0;1011.68;0.0;Mostly Cloudy
1423274400;27.0;23.0;0.79;ENE;1.9444444444444444;0.0;1010.68;0.0;Partly Cloudy
1423278000;27.0;23.0;0.79;E;2.5;0.0;1010.68;0.0;Fair
1423281600;27.0;23.0;0.79;E;3.0555555555555554;0.0;1009.68;0.0;Partly Cloudy
1423285200;27.0;22.0;0.74;E;1.9444444444444444;0.0;1009.68;0.0;Partly Cloudy
1423288800;27.0;22.0;0.74;E;2.5;0.0;1009.68;0.0;Fair
1423292400;27.0;20.0;0.65;E;3.611111111111111;0.0;1009.68;0.0;Partly Cloudy
1423296000;27.0;22.0;0.74;ESE;2.5;0.0;1010.68;0.0;Fair
1423299600;28.0;23.0;0.74;ESE;2.5;0.0;1011.68;0.0;Partly Cloudy
1423303200;29.0;23.0;0.7;E;3.611111111111111;0.0;1011.68;0.0;Partly Cloudy
1423306800;29.0;23.0;0.7;ENE;4.166666666666667;0.0;1011.68;0.0;Partly Cloudy
1423310400;30.0;23.0;0.66;E;4.166666666666667;0.0;1011.68;0.0;Fair
1423314000;30.0;23.0;0.66;ESE;4.166666666666667;0.0;1011.68;0.0;Fair
1423317600;30.0;22.0;0.62;E;3.611111111111111;0.0;1010.68;0.0;Fair
1423321200;30.0;23.0;0.66;E;4.722222222222222;0.0;1009.68;0.0;Fair
1423324800;30.0;23.0;0.66;SE;5.277777777777778;0.0;1009.68;0.0;Fair
1423328400;30.0;23.0;0.66;ESE;4.166666666666667;0.0;1009.68;0.0;Fair
1423332000;29.0;23.0;0.7;SE;4.166666666666667;0.0;1008.68;0.0;Fair
1423335600;28.0;22.0;0.7;ESE;3.611111111111111;0.0;1009.68;0.0;Fair
1423339200;28.0;23.0;0.74;ESE;3.0555555555555554;0.0;1009.68;0.0;Partly Cloudy
1423342800;28.0;23.0;0.74;ESE;4.166666666666667;0.0;1010.68;0.0;Partly Cloudy
1423346400;28.0;23.0;0.74;ESE;3.611111111111111;0.0;1010.68;0.0;Partly Cloudy
1423350000;28.0;23.0;0.74;ESE;3.611111111111111;0.0;1011.68;0.0;Partly Cloudy
1423353600;27.0;23.0;0.79;ESE;3.611111111111111;0.0;1011.68;0.0;Fair
1423357200;27.0;23.0;0.79;ESE;3.0555555555555554;0.0;1011.68;0.0;Partly Cloudy
1423533600;27.0;23.0;0.79;SE;5.277777777777778;0.0;1010.68;0.0;Mostly Cloudy
1423537200;27.0;23.0;0.79;SSE;5.277777777777778;0.0;1010.68;0.0;Partly Cloudy
1423540800;27.0;23.0;0.79;SSE;4.722222222222222;0.0;1009.68;0.0;Mostly Cloudy
1423542000;26.0;24.0;0.89;ESE;5.277777777777778;0.0;1009.68;0.0;Rain
1423542900;25.0;23.0;0.89;SE;6.111111111111111;0.0;1009.68;0.0;Mostly Cloudy
1423544400;26.0;23.0;0.83;SSE;4.722222222222222;0.0;1009.68;0.0;Mostly Cloudy
1423548000;26.0;23.0;0.83;SE;4.166666666666667;0.0;1009.68;0.0;Mostly Cloudy
1423551600;26.0;23.0;0.83;SE;4.722222222222222;0.0;1009.68;0.0;Mostly Cloudy
1423555200;27.0;23.0;0.79;SE;4.166666666666667;0.0;1010.68;0.0;Mostly Cloudy
1423558800;28.0;23.0;0.74;SE;4.722222222222222;0.0;1010.68;0.0;Mostly Cloudy
1423562400;29.0;24.0;0.74;SE;5.277777777777778;0.0;1011.68;0.0;Fair
1423566000;30.0;23.0;0.66;SE;5.277777777777778;0.0;1011.68;0.0;Fair
1423569600;30.0;23.0;0.66;SE;5.555555555555555;0.0;1011.68;0.0;Partly Cloudy
1423573200;30.0;23.0;0.66;SE;6.111111111111111;0.0;1011.68;0.0;Fair
1423576800;31.0;24.0;0.66;SE;6.111111111111111;0.0;1010.68;0.0;Partly Cloudy
1423580400;29.0;24.0;0.74;SE;6.666666666666666;0.0;1010.68;0.0;Mostly Cloudy
1423584000;31.0;24.0;0.66;SSE;7.222222222222222;0.0;1009.68;0.0;Mostly Cloudy
1423587600;30.0;23.0;0.66;ESE;7.222222222222222;0.0;1009.68;0.0;Partly Cloudy
1423591200;29.0;23.0;0.7;ESE;6.111111111111111;0.0;1009.68;0.0;Partly Cloudy
1423594800;29.0;23.0;0.7;ESE;5.277777777777778;0.0;1010.68;0.0;Partly Cloudy
1423598400;28.0;23.0;0.74;ESE;5.277777777777778;0.0;1010.68;0.0;Fair
1423602000;27.0;23.0;0.79;ESE;5.555555555555555;0.0;1011.68;0.0;Partly Cloudy
1423605600;27.0;23.0;0.79;ESE;4.722222222222222;0.0;1012.68;0.0;Mostly Cloudy
1423609200;28.0;23.0;0.74;ESE;4.722222222222222;0.0;1012.68;0.0;Partly Cloudy
1423612800;27.0;23.0;0.79;ESE;4.166666666666667;0.0;1013.68;0.0;Fair
1423616400;27.0;23.0;0.79;ESE;4.166666666666667;0.0;1012.68;0.0;Partly Cloudy
1423620000;27.0;23.0;0.79;ESE;4.722222222222222;0.0;1012.68;0.0;Partly Cloudy
1423623600;27.0;23.0;0.79;ESE;5.277777777777778;0.0;1011.68;0.0;Fair
1423627200;27.0;23.0;0.79;ESE;5.277777777777778;0.0;1011.68;0.0;Mostly Cloudy
1423630800;27.0;23.0;0.79;ESE;3.611111111111111;0.0;1011.68;0.0;Partly Cloudy
1423634400;27.0;23.0;0.79;ESE;3.611111111111111;0.0;1011.68;0.0;Mostly Cloudy
1423638000;27.0;23.0;0.79;ESE;4.166666666666667;0.0;1011.68;0.0;Partly Cloudy
1423641600;27.0;23.0;0.79;E;3.611111111111111;0.0;1012.68;0.0;Fair
1423645200;28.0;23.0;0.74;E;3.611111111111111;0.0;1012.68;0.0;Partly Cloudy
1423648800;29.0;24.0;0.74;ESE;3.611111111111111;0.0;1013.68;0.0;Partly Cloudy
1423652400;29.0;24.0;0.74;ESE;4.722222222222222;0.0;1014.67;0.0;Partly Cloudy
1423656000;30.0;24.0;0.7;SE;4.722222222222222;0.0;1014.67;0.0;Partly Cloudy
1423659600;30.0;24.0;0.7;E;4.722222222222222;0.0;1013.68;0.0;Partly Cloudy
1423663200;30.0;23.0;0.66;E;5.277777777777778;0.0;1013.68;0.0;Partly Cloudy
1423666800;31.0;23.0;0.62;E;4.722222222222222;0.0;1012.68;0.0;Partly Cloudy
1423670400;31.0;24.0;0.66;E;4.166666666666667;0.0;1011.68;0.0;Fair
1423674000;30.0;23.0;0.66;E;3.611111111111111;0.0;1011.68;0.0;Partly Cloudy
1423677600;30.0;24.0;0.7;E;4.166666666666667;0.0;1011.68;0.0;Fair
1423681200;29.0;23.0;0.7;E;4.166666666666667;0.0;1011.68;0.0;Partly Cloudy
1423684800;28.0;23.0;0.74;E;4.166666666666667;0.0;1012.68;0.0;Partly Cloudy
1423688400;28.0;23.0;0.74;E;4.166666666666667;0.0;1012.68;0.0;Mostly Cloudy
1423692000;28.0;24.0;0.79;ESE;4.722222222222222;0.0;1013.68;0.0;Fair
1423695600;28.0;24.0;0.79;SE;3.0555555555555554;0.0;1013.68;0.0;Fair
1423699200;28.0;24.0;0.79;ESE;3.611111111111111;0.0;1014.67;0.0;Partly Cloudy
1423702800;28.0;24.0;0.79;ESE;3.611111111111111;0.0;1014.67;0.0;Mostly Cloudy
1423792800;27.0;23.0;0.79;SE;4.722222222222222;0.0;1014.67;0.0;Mostly Cloudy
1423796400;27.0;23.0;0.79;ESE;3.611111111111111;0.0;1013.68;0.0;Mostly Cloudy
1423800000;27.0;22.0;0.74;SE;4.166666666666667;0.0;1013.68;0.0;Mostly Cloudy
1423803600;27.0;23.0;0.79;ESE;4.166666666666667;0.0;1013.68;0.0;Partly Cloudy
1423807200;27.0;22.0;0.74;ESE;3.611111111111111;0.0;1013.68;0.0;Partly Cloudy
1423810800;27.0;22.0;0.74;ESE;3.0555555555555554;0.0;1013.68;0.0;Mostly Cloudy
1423814400;27.0;22.0;0.74;ESE;3.611111111111111;0.0;1013.68;0.0;Partly Cloudy
1423818000;28.0;23.0;0.74;SE;4.166666666666667;0.0;1013.68;0.0;Partly Cloudy
1423821600;28.0;22.0;0.7;SE;5.277777777777778;0.0;1014.67;0.0;Partly Cloudy
1423825200;29.0;23.0;0.7;ESE;5.277777777777778;0.0;1014.67;0.0;Partly Cloudy
1423828800;30.0;23.0;0.66;ESE;5.277777777777778;0.0;1014.67;0.0;Partly Cloudy
1423832400;32.0;23.0;0.59;SE;4.722222222222222;0.0;1014.67;0.0;Partly Cloudy
1423836000;31.0;23.0;0.62;SE;6.111111111111111;0.0;1013.68;0.0;Partly Cloudy
1423839600;31.0;23.0;0.62;SE;5.277777777777778;0.0;1012.68;0.0;Mostly Cloudy
1423843200;30.0;22.0;0.62;SE;5.277777777777778;0.0;1012.68;0.0;Partly Cloudy
1423846800;30.0;23.0;0.66;ESE;5.277777777777778;0.0;1011.68;0.0;Fair
1423850400;30.0;23.0;0.66;ESE;5.277777777777778;0.0;1011.68;0.0;Fair
1423854000;29.0;22.0;0.66;E;3.611111111111111;0.0;1012.68;0.0;Fair
1423857600;28.0;22.0;0.7;SE;4.166666666666667;0.0;1012.68;0.0;Partly Cloudy
1423861200;28.0;23.0;0.74;ESE;3.611111111111111;0.0;1013.68;0.0;Partly Cloudy
1423864800;28.0;22.0;0.7;E;4.166666666666667;0.0;1013.68;0.0;Fair
1423868400;28.0;22.0;0.7;E;3.0555555555555554;0.0;1014.67;0.0;Partly Cloudy
1423872000;27.0;22.0;0.74;ESE;3.0555555555555554;0.0;1014.67;0.0;Partly Cloudy
1423875600;27.0;22.0;0.74;SE;3.611111111111111;0.0;1013.68;0.0;Partly Cloudy
1423879200;26.0;23.0;0.83;SE;4.722222222222222;0.0;1013.68;0.0;Partly Cloudy
1423882800;26.0;23.0;0.83;ESE;2.5;0.0;1011.68;0.0;Partly Cloudy
1423886400;26.0;22.0;0.78;E;2.5;0.0;1011.68;0.0;Partly Cloudy
1423890000;26.0;23.0;0.83;ESE;3.0555555555555554;0.0;1010.68;0.0;Partly Cloudy
1423893600;26.0;22.0;0.78;E;1.9444444444444444;0.0;1010.68;0.0;Partly Cloudy
1423897200;26.0;22.0;0.78;ESE;2.5;0.0;1011.68;0.0;Partly Cloudy
1423900800;26.0;23.0;0.83;ESE;1.9444444444444444;0.0;1011.68;0.0;Partly Cloudy
1423904400;27.0;23.0;0.79;ESE;3.0555555555555554;0.0;1012.68;0.0;Partly Cloudy
1423908000;28.0;23.0;0.74;SE;3.0555555555555554;0.0;1013.68;0.0;Mostly Cloudy
1423911600;29.0;23.0;0.7;E;3.0555555555555554;0.0;1013.68;0.0;Partly Cloudy
1423915200;31.0;23.0;0.62;E;2.5;0.0;1013.68;0.0;Partly Cloudy
1423918800;31.0;22.0;0.58;E;3.611111111111111;0.0;1013.68;0.0;Partly Cloudy
1423922400;32.0;23.0;0.59;ESE;5.277777777777778;0.0;1012.68;0.0;Partly Cloudy
1423926000;32.0;22.0;0.55;ESE;4.166666666666667;0.0;1012.68;0.0;Partly Cloudy
1423929600;32.0;22.0;0.55;E;4.166666666666667;0.0;1011.68;0.0;Partly Cloudy
1423933200;31.0;22.0;0.58;ESE;4.166666666666667;0.0;1010.68;0.0;Partly Cloudy
1423936800;30.0;22.0;0.62;E;5.277777777777778;0.0;1010.68;0.0;Partly Cloudy
1423940400;29.0;23.0;0.7;E;3.611111111111111;0.0;1010.68;0.0;Fair
1423944000;28.0;23.0;0.74;E;3.0555555555555554;0.0;1011.68;0.0;Fair
1423947600;28.0;22.0;0.7;E;4.166666666666667;0.0;1011.68;0.0;Fair
1423951200;27.0;23.0;0.79;ENE;2.5;0.0;1012.68;0.0;Partly Cloudy
1423954800;27.0;22.0;0.74;ENE;2.5;0.0;1012.68;0.0;Partly Cloudy
1423958400;27.0;23.0;0.79;ENE;2.5;0.0;1013.68;0.0;Partly Cloudy
1423962000;27.0;23.0;0.79;ENE;2.5;0.0;1012.68;0.0;Partly Cloudy
1424052000;27.0;23.0;0.79;NE;2.5;0.0;1011.68;0.0;Partly Cloudy
1424055600;27.0;23.0;0.79;ENE;3.0555555555555554;0.0;1010.68;0.0;Partly Cloudy
1424059200;27.0;23.0;0.79;NE;2.5;0.0;1010.68;0.0;Partly Cloudy
1424062800;27.0;23.0;0.79;E;2.5;0.0;1010.68;0.0;Partly Cloudy
1424066400;27.0;23.0;0.79;E;2.5;0.0;1010.68;0.0;Partly Cloudy
1424070000;27.0;23.0;0.79;E;3.0555555555555554;0.0;1011.68;0.0;Mostly Cloudy
1424073600;27.0;23.0;0.79;E;3.0555555555555554;0.0;1011.68;0.0;Partly Cloudy
1424077200;28.0;23.0;0.74;E;3.611111111111111;0.0;1012.68;0.0;Partly Cloudy
1424080800;29.0;22.0;0.66;E;5.277777777777778;0.0;1013.68;0.0;Partly Cloudy
1424084400;30.0;23.0;0.66;E;5.277777777777778;0.0;1013.68;0.0;Partly Cloudy
1424088000;31.0;23.0;0.62;E;4.166666666666667;0.0;1013.68;0.0;Partly Cloudy
1424091600;31.0;23.0;0.62;E;4.166666666666667;0.0;1013.68;0.0;Partly Cloudy
1424095200;26.0;24.0;0.89;E;6.666666666666666;0.0;1013.68;0.0;Light Rain
1424098800;29.0;23.0;0.7;E;3.0555555555555554;0.0;1012.68;0.0;Partly Cloudy
1424102400;30.0;24.0;0.7;ENE;3.611111111111111;0.0;1011.68;0.0;Fair
1424106000;30.0;23.0;0.66;ENE;3.611111111111111;0.0;1010.68;0.0;Partly Cloudy
1424109600;29.0;23.0;0.7;ESE;5.277777777777778;0.0;1011.68;0.0;Fair
1424113200;27.0;23.0;0.79;E;4.722222222222222;0.0;1011.68;0.0;Partly Cloudy
1424116800;28.0;22.0;0.7;E;3.0555555555555554;0.0;1011.68;0.0;Fair
1424120400;28.0;24.0;0.79;E;3.611111111111111;0.0;1011.68;0.0;Partly Cloudy
1424124000;28.0;24.0;0.79;E;3.611111111111111;0.0;1012.68;0.0;Partly Cloudy
1424127600;28.0;23.0;0.74;E;3.0555555555555554;0.0;1013.68;0.0;Fair
1424131200;28.0;23.0;0.74;E;4.722222222222222;0.0;1013.68;0.0;Fair
1424134800;28.0;22.0;0.7;E;3.611111111111111;0.0;1013.68;0.0;Fair
1424224800;27.0;24.0;0.84;E;3.611111111111111;0.0;1010.68;0.0;Mostly Cloudy
1424228400;26.0;24.0;0.89;E;3.611111111111111;0.0;1009.68;0.0;Mostly Cloudy
1424232000;27.0;24.0;0.84;E;1.9444444444444444;0.0;1008.68;0.0;Mostly Cloudy
1424235600;27.0;24.0;0.84;E;3.0555555555555554;0.0;1008.68;0.0;Mostly Cloudy
1424239200;27.0;24.0;0.84;E;2.5;0.0;1008.68;0.0;Partly Cloudy
1424242800;27.0;24.0;0.84;E;2.5;0.0;1008.68;0.0;Mostly Cloudy
1424246400;27.0;24.0;0.84;E;2.5;0.0;1009.68;0.0;Mostly Cloudy
1424250000;26.0;24.0;0.89;ESE;1.9444444444444444;0.0;1009.68;0.0;Showers in the Vicinity
1424253600;28.0;24.0;0.79;E;3.0555555555555554;0.0;1010.68;0.0;Mostly Cloudy
1424257200;28.0;24.0;0.79;E;3.611111111111111;0.0;1011.68;0.0;Mostly Cloudy
1424260800;28.0;24.0;0.79;ESE;3.611111111111111;0.0;1011.68;0.0;Mostly Cloudy
1424264400;29.0;24.0;0.74;ESE;3.611111111111111;0.0;1010.68;0.0;Mostly Cloudy
1424268000;30.0;25.0;0.74;E;4.722222222222222;0.0;1010.68;0.0;Mostly Cloudy
1424271600;30.0;24.0;0.7;E;4.722222222222222;0.0;1009.68;0.0;Mostly Cloudy
1424275200;29.0;24.0;0.74;E;4.166666666666667;0.0;1009.68;0.0;Mostly Cloudy
1424278800;28.0;24.0;0.79;E;4.166666666666667;0.0;1008.68;0.0;Mostly Cloudy
1424282400;28.0;24.0;0.79;ESE;4.166666666666667;0.0;1008.68;0.0;Mostly Cloudy
1424286000;28.0;24.0;0.79;ESE;4.166666666666667;0.0;1009.68;0.0;Mostly Cloudy
1424289600;28.0;24.0;0.79;E;4.166666666666667;0.0;1009.68;0.0;Mostly Cloudy
1424293200;28.0;24.0;0.79;E;3.611111111111111;0.0;1009.68;0.0;Mostly Cloudy
1424296800;28.0;24.0;0.79;ESE;4.166666666666667;0.0;1010.68;0.0;Mostly Cloudy
1424300400;28.0;24.0;0.79;ESE;3.611111111111111;0.0;1010.68;0.0;Partly Cloudy
1424304000;28.0;24.0;0.79;ESE;4.166666666666667;0.0;1010.68;0.0;Mostly Cloudy
1424307600;27.0;24.0;0.84;ESE;4.166666666666667;0.0;1010.68;0.0;Mostly Cloudy
1424484000;26.0;22.0;0.78;E;1.9444444444444444;0.0;1010.68;0.0;Mostly Cloudy
1424487600;25.0;22.0;0.83;S;1.1111111111111112;0.0;1010.68;0.0;Mostly Cloudy
1424491200;25.0;23.0;0.89;WSW;1.6666666666666665;0.0;1010.68;0.0;Mostly Cloudy
1424494800;25.0;23.0;0.89;S;1.9444444444444444;0.0;1010.68;0.0;Mostly Cloudy
1424498400;24.0;23.0;0.94;SSW;2.5;0.0;1010.68;0.0;Mostly Cloudy
1424502000;24.0;23.0;0.94;S;1.6666666666666665;0.0;1010.68;0.0;Mostly Cloudy
1424505600;24.0;23.0;0.94;SW;1.9444444444444444;0.0;1010.68;0.0;Mostly Cloudy
1424509200;25.0;23.0;0.89;WSW;1.6666666666666665;0.0;1011.68;0.0;Cloudy
1424512800;26.0;24.0;0.89;SSW;1.6666666666666665;0.0;1011.68;0.0;Mostly Cloudy
1424516400;28.0;24.0;0.79;SE;2.5;0.0;0.0;0.0;Showers in the Vicinity
1424520000;28.0;24.0;0.79;S;1.9444444444444444;0.0;1011.68;0.0;Partly Cloudy
1424523600;31.0;23.0;0.62;VAR;2.5;0.0;1011.68;0.0;Partly Cloudy
1424527200;30.0;23.0;0.66;SE;3.611111111111111;0.0;1011.68;0.0;Fair
1424530800;30.0;23.0;0.66;S;5.555555555555555;0.0;1010.68;0.0;Partly Cloudy
1424534400;29.0;24.0;0.74;SSE;5.555555555555555;0.0;1009.68;0.0;Partly Cloudy
1424538000;28.0;24.0;0.79;SSE;5.555555555555555;0.0;1009.68;0.0;Partly Cloudy
1424541600;26.0;22.0;0.78;SE;5.555555555555555;0.0;1009.68;0.0;Mostly Cloudy
1424545200;27.0;23.0;0.79;SSE;4.166666666666667;0.0;1009.68;0.0;Mostly Cloudy
1424548800;27.0;23.0;0.79;S;5.555555555555555;0.0;1009.68;0.0;Mostly Cloudy
1424552400;27.0;22.0;0.74;SSE;3.611111111111111;0.0;1010.68;0.0;Fair
1424556000;27.0;23.0;0.79;SSE;4.166666666666667;0.0;1010.68;0.0;Fair
1424559600;27.0;23.0;0.79;SE;3.0555555555555554;0.0;1010.68;0.0;Partly Cloudy
1424563200;27.0;23.0;0.79;SSE;4.166666666666667;0.0;1011.68;0.0;Partly Cloudy
1424566800;27.0;23.0;0.79;SSE;5.277777777777778;0.0;1010.68;0.0;Partly Cloudy
1424574000;27.0;23.0;0.79;SSE;4.722222222222222;0.0;1010.68;0.0;Mostly Cloudy
1424577600;25.0;24.0;0.94;SSE;3.611111111111111;0.0;1009.68;0.0;Showers in the Vicinity
1424581200;25.0;24.0;0.94;WSW;1.9444444444444444;0.0;1009.68;0.0;Mostly Cloudy
1424584800;24.0;23.0;0.94;NE;1.9444444444444444;0.0;1009.68;0.0;Light Rain
1424588400;24.0;23.0;0.94;WNW;1.6666666666666665;0.0;1009.68;0.0;Mostly Cloudy
1424592000;24.0;23.0;0.94;WNW;1.6666666666666665;0.0;1009.68;0.0;Mostly Cloudy
1424595600;24.0;23.0;0.94;SW;1.1111111111111112;0.0;1009.68;0.0;Mostly Cloudy
1424599200;25.0;24.0;0.94;NW;1.1111111111111112;0.0;1010.68;0.0;Mostly Cloudy
1424602800;26.0;24.0;0.89;SSW;1.9444444444444444;0.0;1010.68;0.0;Showers in the Vicinity
1424606400;28.0;24.0;0.79;S;3.0555555555555554;0.0;1010.68;0.0;Partly Cloudy
1424610000;28.0;24.0;0.79;ESE;6.111111111111111;0.0;0.0;0.0;Showers in the Vicinity
1424613600;29.0;23.0;0.7;E;4.166666666666667;0.0;1010.68;0.0;Mostly Cloudy
1424617200;29.0;23.0;0.7;ENE;4.166666666666667;0.0;1010.68;0.0;Mostly Cloudy
1424620800;30.0;22.0;0.62;E;3.0555555555555554;0.0;1009.68;0.0;Partly Cloudy
1424624400;30.0;23.0;0.66;ESE;4.166666666666667;0.0;1008.68;0.0;Partly Cloudy
1424628000;30.0;23.0;0.66;SE;4.722222222222222;0.0;1007.68;0.0;Fair
1424631600;29.0;22.0;0.66;ESE;4.166666666666667;0.0;1007.68;0.0;Fair
1424635200;28.0;23.0;0.74;SE;4.166666666666667;0.0;1008.68;0.0;Partly Cloudy
1424638800;28.0;23.0;0.74;ESE;3.0555555555555554;0.0;1008.68;0.0;Partly Cloudy
1424642400;27.0;23.0;0.79;ESE;4.722222222222222;0.0;1009.68;0.0;Partly Cloudy
1424646000;27.0;22.0;0.74;ESE;3.0555555555555554;0.0;1009.68;0.0;Mostly Cloudy
1424649600;27.0;23.0;0.79;SE;3.611111111111111;0.0;1010.68;0.0;Mostly Cloudy
1424653200;27.0;23.0;0.79;E;3.611111111111111;0.0;1010.68;0.0;Partly Cloudy
1424656800;25.0;22.0;0.83;E;4.166666666666667;0.0;1010.68;0.0;Showers in the Vicinity
1424660400;25.0;23.0;0.89;SE;1.6666666666666665;0.0;1010.68;0.0;Partly Cloudy
1424664000;26.0;23.0;0.83;E;2.5;0.0;1009.68;0.0;Partly Cloudy
1424667600;25.0;23.0;0.89;NNE;1.1111111111111112;0.0;1009.68;0.0;Partly Cloudy
1424671200;24.0;23.0;0.94;ENE;1.6666666666666665;0.0;1009.68;0.0;Partly Cloudy
1424674800;25.0;23.0;0.89;CALM;0.0;0.0;1009.68;0.0;Mostly Cloudy
1424678400;24.0;23.0;0.94;NW;1.1111111111111112;0.0;1009.68;0.0;Partly Cloudy
1424682000;25.0;23.0;0.89;NNE;1.1111111111111112;0.0;1009.68;0.0;Partly Cloudy
1424685600;25.0;24.0;0.94;W;1.6666666666666665;0.0;1010.68;0.0;Partly Cloudy
1424689200;28.0;23.0;0.74;E;4.166666666666667;0.0;1011.68;0.0;Mostly Cloudy
1424692800;29.0;23.0;0.7;E;3.0555555555555554;0.0;1011.68;0.0;Mostly Cloudy
1424696400;30.0;23.0;0.66;E;3.0555555555555554;0.0;1011.68;0.0;Partly Cloudy
1424700000;30.0;23.0;0.66;E;4.166666666666667;0.0;1011.68;0.0;Partly Cloudy
1424703600;30.0;23.0;0.66;E;4.166666666666667;0.0;1010.68;0.0;Partly Cloudy
1424707200;30.0;24.0;0.7;ESE;4.722222222222222;0.0;0.0;0.0;Showers in the Vicinity
1424710800;28.0;23.0;0.74;ESE;4.722222222222222;0.0;1010.68;0.0;Mostly Cloudy
1424714400;29.0;23.0;0.7;SE;4.722222222222222;0.0;1009.68;0.0;Partly Cloudy
1424715960;26.0;24.0;0.89;SE;5.277777777777778;0.0;1009.68;0.0;Light Rain Shower
1424718000;26.0;23.0;0.83;ENE;4.166666666666667;0.0;1009.68;0.0;Showers in the Vicinity
1424721600;26.0;23.0;0.83;WNW;2.5;0.0;1010.68;0.0;Mostly Cloudy
1424725200;26.0;24.0;0.89;SE;4.166666666666667;0.0;1010.68;0.0;Showers in the Vicinity
1424728800;26.0;23.0;0.83;SSE;4.722222222222222;0.0;1010.68;0.0;Mostly Cloudy
1424732400;26.0;23.0;0.83;SE;2.5;0.0;1011.68;0.0;Mostly Cloudy
1424736000;25.0;23.0;0.89;SE;6.111111111111111;0.0;1012.68;0.0;Showers in the Vicinity
1424739600;26.0;22.0;0.78;ESE;2.5;0.0;1012.68;0.0;Partly Cloudy
1424743200;26.0;23.0;0.83;ESE;3.0555555555555554;0.0;1011.68;0.0;Partly Cloudy
1424833200;28.0;24.0;0.79;E;4.722222222222222;0.0;1013.68;0.0;Mostly Cloudy
1424836800;28.0;24.0;0.79;E;4.722222222222222;0.0;1012.68;0.0;Mostly Cloudy
1424840400;28.0;23.0;0.74;ESE;4.166666666666667;0.0;1012.68;0.0;Mostly Cloudy
1424844000;27.0;23.0;0.79;ESE;4.166666666666667;0.0;1012.68;0.0;Mostly Cloudy
1424847600;27.0;23.0;0.79;E;4.722222222222222;0.0;1012.68;0.0;Partly Cloudy
1424851200;28.0;23.0;0.74;ESE;4.722222222222222;0.0;1012.68;0.0;Partly Cloudy
1424854800;27.0;23.0;0.79;ESE;4.722222222222222;0.0;1012.68;0.0;Showers in the Vicinity
1424858400;28.0;23.0;0.74;ESE;5.277777777777778;0.0;1013.68;0.0;Partly Cloudy
1424862000;29.0;23.0;0.7;ESE;5.277777777777778;0.0;1013.68;0.0;Partly Cloudy
1424865600;30.0;23.0;0.66;ESE;4.722222222222222;0.0;1014.67;0.0;Mostly Cloudy
1424869200;30.0;23.0;0.66;ESE;4.722222222222222;0.0;1013.68;0.0;Partly Cloudy
1424872800;30.0;24.0;0.7;ESE;5.277777777777778;0.0;1013.68;0.0;Partly Cloudy
1424876400;30.0;23.0;0.66;ESE;5.555555555555555;0.0;1013.68;0.0;Partly Cloudy
1424880000;30.0;20.0;0.55;E;4.722222222222222;0.0;1012.68;0.0;Partly Cloudy
1424883600;30.0;23.0;0.66;ESE;4.722222222222222;0.0;1011.68;0.0;Partly Cloudy
1424887200;30.0;23.0;0.66;ESE;5.277777777777778;0.0;1011.68;0.0;Partly Cloudy
1424890800;29.0;23.0;0.7;E;4.722222222222222;0.0;1010.68;0.0;Partly Cloudy
1424894400;28.0;23.0;0.74;ESE;5.277777777777778;0.0;1011.68;0.0;Partly Cloudy
1424898000;28.0;22.0;0.7;ESE;4.166666666666667;0.0;1011.68;0.0;Partly Cloudy
1424901600;28.0;23.0;0.74;E;3.611111111111111;0.0;1011.68;0.0;Partly Cloudy
1424905200;28.0;23.0;0.74;ESE;4.166666666666667;0.0;1012.68;0.0;Partly Cloudy
1424908800;28.0;23.0;0.74;ESE;3.611111111111111;0.0;1012.68;0.0;Partly Cloudy
1424912400;27.0;23.0;0.79;E;3.611111111111111;0.0;1013.68;0.0;Partly Cloudy
1424916000;27.0;22.0;0.74;ESE;4.166666666666667;0.0;1012.68;0.0;Partly Cloudy
1424919600;27.0;22.0;0.74;ESE;4.166666666666667;0.0;1012.68;0.0;Partly Cloudy
1424923200;27.0;22.0;0.74;ESE;4.166666666666667;0.0;1011.68;0.0;Partly Cloudy
1424926800;27.0;23.0;0.79;ESE;3.0555555555555554;0.0;1010.68;0.0;Partly Cloudy
1424930400;27.0;22.0;0.74;ESE;1.9444444444444444;0.0;1010.68;0.0;Partly Cloudy
1424934000;27.0;22.0;0.74;SE;4.722222222222222;0.0;1010.68;0.0;Partly Cloudy
1424937600;27.0;22.0;0.74;ESE;3.611111111111111;0.0;1010.68;0.0;Fair
1424941200;27.0;23.0;0.79;SE;2.5;0.0;1010.68;0.0;Fair
1424944800;28.0;23.0;0.74;SE;3.611111111111111;0.0;1011.68;0.0;Mostly Cloudy
1424948400;28.0;23.0;0.74;SSE;4.722222222222222;0.0;1011.68;0.0;Showers in the Vicinity
1424952000;30.0;23.0;0.66;SE;4.722222222222222;0.0;1011.68;0.0;Mostly Cloudy
1424955600;30.0;23.0;0.66;SE;5.277777777777778;0.0;1011.68;0.0;Partly Cloudy
1424959200;30.0;23.0;0.66;SE;5.277777777777778;0.0;1010.68;0.0;Partly Cloudy
1424962800;30.0;23.0;0.66;SE;5.555555555555555;0.0;1010.68;0.0;Fair
1424966400;30.0;24.0;0.7;SE;5.555555555555555;0.0;1009.68;0.0;Partly Cloudy
1424970000;30.0;23.0;0.66;SE;5.277777777777778;0.0;1008.68;0.0;Fair
1424973600;30.0;23.0;0.66;SE;5.277777777777778;0.0;1008.68;0.0;Fair
1424977200;29.0;23.0;0.7;SE;4.166666666666667;0.0;1008.68;0.0;Fair
1424980800;29.0;23.0;0.7;SE;3.611111111111111;0.0;1008.68;0.0;Partly Cloudy
1424984400;28.0;23.0;0.74;SE;3.611111111111111;0.0;1008.68;0.0;Partly Cloudy
1424988000;28.0;23.0;0.74;ESE;2.5;0.0;1009.68;0.0;Partly Cloudy
1424991600;28.0;23.0;0.74;SE;3.0555555555555554;0.0;1009.68;0.0;Partly Cloudy
1424995200;27.0;23.0;0.79;SE;3.0555555555555554;0.0;1009.68;0.0;Fair
1424998800;27.0;23.0;0.79;ESE;3.611111111111111;0.0;1009.68;0.0;Partly Cloudy
1425002400;27.0;23.0;0.79;SE;3.611111111111111;0.0;1009.68;0.0;Partly Cloudy
1425006000;27.0;23.0;0.79;E;3.611111111111111;0.0;1008.68;0.0;Partly Cloudy
1425009600;27.0;23.0;0.79;E;1.9444444444444444;0.0;1008.68;0.0;Partly Cloudy
1425013200;27.0;22.0;0.74;E;2.5;0.0;1007.68;0.0;Partly Cloudy
1425016800;27.0;22.0;0.74;E;2.5;0.0;1007.68;0.0;Partly Cloudy
1425020400;27.0;22.0;0.74;E;2.5;0.0;1007.68;0.0;Partly Cloudy
1425024000;27.0;22.0;0.74;ESE;2.5;0.0;1008.68;0.0;Partly Cloudy
1425027600;27.0;22.0;0.74;ESE;2.5;0.0;1009.68;0.0;Partly Cloudy
1425031200;28.0;22.0;0.7;ESE;3.611111111111111;0.0;1009.68;0.0;Partly Cloudy
1425034800;28.0;22.0;0.7;SE;5.277777777777778;0.0;1010.68;0.0;Partly Cloudy
1425038400;29.0;23.0;0.7;ESE;3.611111111111111;0.0;1010.68;0.0;Partly Cloudy
1425042000;30.0;23.0;0.66;ESE;4.166666666666667;0.0;1010.68;0.0;Partly Cloudy
1425045600;31.0;22.0;0.58;ESE;5.277777777777778;0.0;1010.68;0.0;Partly Cloudy
1425049200;31.0;22.0;0.58;SE;4.722222222222222;0.0;1009.68;0.0;Partly Cloudy
1425052800;31.0;23.0;0.62;SE;4.722222222222222;0.0;1008.68;0.0;Fair
1425056400;31.0;23.0;0.62;ESE;4.166666666666667;0.0;1008.68;0.0;Fair
1425060000;30.0;23.0;0.66;ENE;5.277777777777778;0.0;1008.68;0.0;Fair
1425063600;29.0;23.0;0.7;E;4.166666666666667;0.0;1007.68;0.0;Fair
1425067200;29.0;23.0;0.7;E;4.722222222222222;0.0;1008.68;0.0;Fair
1425070800;28.0;22.0;0.7;E;3.611111111111111;0.0;1008.68;0.0;Fair
1425074400;28.0;22.0;0.7;E;3.611111111111111;0.0;1009.68;0.0;Fair
1425078000;28.0;22.0;0.7;E;3.611111111111111;0.0;1009.68;0.0;Fair
1425081600;27.0;23.0;0.79;ENE;3.0555555555555554;0.0;1009.68;0.0;Fair
1425085200;27.0;22.0;0.74;E;1.6666666666666665;0.0;1010.68;0.0;Fair
1425088800;27.0;22.0;0.74;ENE;1.9444444444444444;0.0;1009.68;0.0;Fair
1425092400;27.0;22.0;0.74;ENE;1.6666666666666665;0.0;1009.68;0.0;Fair
1425096000;27.0;22.0;0.74;NE;1.9444444444444444;0.0;1009.68;0.0;Fair
1425099600;25.0;22.0;0.83;NW;1.6666666666666665;0.0;1008.68;0.0;Partly Cloudy
1425103200;25.0;22.0;0.83;WSW;1.1111111111111112;0.0;1008.68;0.0;Fair
1425106800;24.0;22.0;0.89;SW;1.1111111111111112;0.0;1008.68;0.0;Partly Cloudy
1425110400;24.0;22.0;0.89;WNW;1.6666666666666665;0.0;1009.68;0.0;Fair
1425114000;25.0;23.0;0.89;NW;1.6666666666666665;0.0;1009.68;0.0;Fair
1425117600;28.0;23.0;0.74;ENE;3.0555555555555554;0.0;1010.68;0.0;Fair
1425121200;29.0;23.0;0.7;ENE;3.611111111111111;0.0;1011.68;0.0;Partly Cloudy
1425124800;30.0;22.0;0.62;ENE;3.0555555555555554;0.0;1011.68;0.0;Fair
1425128400;30.0;23.0;0.66;E;4.166666666666667;0.0;1011.68;0.0;Fair
1425132000;31.0;22.0;0.58;E;4.166666666666667;0.0;1010.68;0.0;Fair
1425135600;31.0;23.0;0.62;E;4.166666666666667;0.0;1010.68;0.0;Fair
1425139200;31.0;23.0;0.62;ENE;4.722222222222222;0.0;1009.68;0.0;Fair
1425142800;30.0;23.0;0.66;ENE;5.277777777777778;0.0;1009.68;0.0;Fair
1425146400;31.0;22.0;0.58;E;4.722222222222222;0.0;1008.68;0.0;Partly Cloudy
1425150000;31.0;23.0;0.62;ENE;4.722222222222222;0.0;1008.68;0.0;Fair
1425153600;30.0;23.0;0.66;E;4.166666666666667;0.0;1008.68;0.0;Fair
1425157200;28.0;23.0;0.74;ENE;4.166666666666667;0.0;1009.68;0.0;Fair
1425160800;28.0;23.0;0.74;ENE;3.611111111111111;0.0;1009.68;0.0;Fair
1425164400;27.0;23.0;0.79;ENE;2.5;0.0;1010.68;0.0;Fair
1425168000;27.0;24.0;0.84;ENE;3.0555555555555554;0.0;1010.68;0.0;Partly Cloudy
1425171600;27.0;24.0;0.84;ENE;2.5;0.0;1010.68;0.0;Partly Cloudy
1425175200;27.0;24.0;0.84;E;1.9444444444444444;0.0;1010.68;0.0;Partly Cloudy
1425438000;27.0;23.0;0.79;SE;3.611111111111111;0.0;1010.68;0.0;Mostly Cloudy
1425441600;27.0;23.0;0.79;SSE;5.277777777777778;0.0;1009.68;0.0;Partly Cloudy
1425445200;27.0;23.0;0.79;SSE;4.722222222222222;0.0;1008.68;0.0;Partly Cloudy
1425448800;27.0;23.0;0.79;SSE;4.722222222222222;0.0;1008.68;0.0;Partly Cloudy
1425452400;26.0;23.0;0.83;SW;2.5;0.0;1008.68;0.0;Partly Cloudy
1425456000;25.0;23.0;0.89;SW;1.6666666666666665;0.0;1009.68;0.0;Partly Cloudy
1425459600;26.0;23.0;0.83;SW;2.5;0.0;1009.68;0.0;Mostly Cloudy
1425463200;27.0;23.0;0.79;SW;3.0555555555555554;0.0;1011.68;0.0;Mostly Cloudy
1425466800;27.0;23.0;0.79;SE;4.722222222222222;0.0;1011.68;0.0;Showers in the Vicinity
1425470400;28.0;23.0;0.74;SE;3.611111111111111;0.0;1011.68;0.0;Showers in the Vicinity
1425474000;24.0;23.0;0.94;ESE;7.777777777777778;0.0;1012.68;0.0;Light Rain
1425475200;25.0;24.0;0.94;SSE;4.722222222222222;0.0;1011.68;0.0;Showers in the Vicinity
1425477600;26.0;24.0;0.89;SSW;1.9444444444444444;0.0;1011.68;0.0;Mostly Cloudy
1425481200;27.0;25.0;0.89;SE;3.0555555555555554;0.0;1010.68;0.0;Showers in the Vicinity
1425484800;27.0;24.0;0.84;SE;4.722222222222222;0.0;1010.68;0.0;Partly Cloudy
1425488400;28.0;24.0;0.79;SE;4.166666666666667;0.0;1009.68;0.0;Mostly Cloudy
1425492000;28.0;24.0;0.79;E;5.277777777777778;0.0;1009.68;0.0;Mostly Cloudy
1425495600;28.0;24.0;0.79;ESE;6.111111111111111;0.0;1009.68;0.0;Mostly Cloudy
1425499200;27.0;24.0;0.84;ESE;5.555555555555555;0.0;1009.68;0.0;Mostly Cloudy
1425502800;27.0;23.0;0.79;SE;5.555555555555555;0.0;1010.68;0.0;Partly Cloudy
1425506400;27.0;23.0;0.79;ESE;5.277777777777778;0.0;1010.68;0.0;Mostly Cloudy
1425510000;27.0;23.0;0.79;SE;5.555555555555555;0.0;1010.68;0.0;Partly Cloudy
1425513600;27.0;23.0;0.79;SE;4.722222222222222;0.0;1011.68;0.0;Partly Cloudy
1425517200;27.0;23.0;0.79;SE;4.166666666666667;0.0;1011.68;0.0;Mostly Cloudy
1425520800;27.0;23.0;0.79;SE;4.166666666666667;0.0;1010.68;0.0;Partly Cloudy
1425528000;26.0;23.0;0.83;S;1.9444444444444444;0.0;1009.68;0.0;Partly Cloudy
1425531600;25.0;23.0;0.89;SSW;1.6666666666666665;0.0;1008.68;0.0;Partly Cloudy
1425538800;24.0;23.0;0.94;SSE;3.0555555555555554;0.0;1008.68;0.0;Light Rain
1425542400;24.0;24.0;1.0;S;1.6666666666666665;0.0;1008.68;0.0;Showers in the Vicinity
1425546000;25.0;24.0;0.94;S;1.1111111111111112;0.0;1009.68;0.0;Showers in the Vicinity
1425549600;26.0;25.0;0.94;SSW;1.6666666666666665;0.0;1009.68;0.0;Mostly Cloudy
1425556800;29.0;25.0;0.79;ESE;4.166666666666667;0.0;1011.68;0.0;Partly Cloudy
1425567600;30.0;25.0;0.74;E;4.166666666666667;0.0;1009.68;0.0;Partly Cloudy
1425571200;30.0;24.0;0.7;E;5.277777777777778;0.0;1008.68;0.0;Partly Cloudy
1425574800;30.0;24.0;0.7;E;5.277777777777778;0.0;1008.68;0.0;Partly Cloudy
1425578400;29.0;24.0;0.74;E;4.722222222222222;0.0;1008.68;0.0;Partly Cloudy
1425582000;29.0;24.0;0.74;E;4.166666666666667;0.0;1008.68;0.0;Partly Cloudy
1425585600;28.0;24.0;0.79;E;3.611111111111111;0.0;1008.68;0.0;Partly Cloudy
1425589200;28.0;24.0;0.79;E;3.611111111111111;0.0;1008.68;0.0;Partly Cloudy
1425592800;28.0;24.0;0.79;ENE;2.5;0.0;1009.68;0.0;Partly Cloudy
1425596400;28.0;24.0;0.79;ENE;1.9444444444444444;0.0;1009.68;0.0;Partly Cloudy
1425600000;28.0;24.0;0.79;ENE;2.5;0.0;1010.68;0.0;Partly Cloudy
1425603600;27.0;23.0;0.79;ESE;1.9444444444444444;0.0;1010.68;0.0;Partly Cloudy
1425607200;26.0;24.0;0.89;E;2.5;0.0;1010.68;0.0;Showers in the Vicinity
1425697200;27.0;21.0;0.7;SE;3.611111111111111;0.0;1010.68;0.0;Partly Cloudy
1425700800;27.0;22.0;0.74;ESE;2.5;0.0;1009.68;0.0;Mostly Cloudy
1425704400;27.0;22.0;0.74;ESE;3.0555555555555554;0.0;1008.68;0.0;Mostly Cloudy
1425708000;26.0;22.0;0.78;ESE;3.0555555555555554;0.0;1008.68;0.0;Partly Cloudy
1425711600;26.0;22.0;0.78;ESE;2.5;0.0;1008.68;0.0;Partly Cloudy
1425715200;26.0;22.0;0.78;ESE;3.611111111111111;0.0;1008.68;0.0;Partly Cloudy
1425718800;27.0;21.0;0.7;E;3.0555555555555554;0.0;1009.68;0.0;Partly Cloudy
1425722400;27.0;21.0;0.7;E;2.5;0.0;1010.68;0.0;Partly Cloudy
1425726000;29.0;22.0;0.66;E;3.611111111111111;0.0;1011.68;0.0;Partly Cloudy
1425729600;29.0;23.0;0.7;E;3.611111111111111;0.0;1011.68;0.0;Fair
1425733200;30.0;23.0;0.66;E;3.611111111111111;0.0;1011.68;0.0;Fair
1425736800;30.0;23.0;0.66;E;4.166666666666667;0.0;1011.68;0.0;Mostly Cloudy
1425740400;30.0;22.0;0.62;E;4.166666666666667;0.0;1010.68;0.0;Mostly Cloudy
1425744000;30.0;23.0;0.66;E;4.166666666666667;0.0;1010.68;0.0;Mostly Cloudy
1425747600;30.0;23.0;0.66;SE;4.722222222222222;0.0;1009.68;0.0;Mostly Cloudy
1425751200;29.0;23.0;0.7;SE;4.166666666666667;0.0;1008.68;0.0;Partly Cloudy
1425754800;29.0;23.0;0.7;SE;4.722222222222222;0.0;1009.68;0.0;Partly Cloudy
1425758400;29.0;23.0;0.7;SSE;4.166666666666667;0.0;1009.68;0.0;Partly Cloudy
1425762000;28.0;23.0;0.74;SSE;4.166666666666667;0.0;1009.68;0.0;Partly Cloudy
1425765600;27.0;24.0;0.84;ESE;4.722222222222222;0.0;1010.68;0.0;Fair
1425769200;27.0;23.0;0.79;ESE;4.722222222222222;0.0;1010.68;0.0;Fair
1425772800;27.0;23.0;0.79;ESE;4.166666666666667;0.0;1011.68;0.0;Fair
1425776400;27.0;23.0;0.79;ESE;3.611111111111111;0.0;1011.68;0.0;Fair
1425780000;27.0;24.0;0.84;ESE;4.722222222222222;0.0;1011.68;0.0;Partly Cloudy
1425783600;26.0;24.0;0.89;SE;3.0555555555555554;0.0;1010.68;0.0;Partly Cloudy
1425787200;26.0;24.0;0.89;ESE;3.611111111111111;0.0;1010.68;0.0;Mostly Cloudy
1425790800;26.0;24.0;0.89;SSE;3.611111111111111;0.0;1009.68;0.0;Mostly Cloudy
1425794400;26.0;24.0;0.89;SE;3.611111111111111;0.0;1009.68;0.0;Mostly Cloudy
1425798000;26.0;23.0;0.83;SSE;3.0555555555555554;0.0;1009.68;0.0;Partly Cloudy
1425801600;26.0;24.0;0.89;SSE;3.611111111111111;0.0;1009.68;0.0;Mostly Cloudy
1425805200;25.0;24.0;0.94;S;3.0555555555555554;0.0;1010.68;0.0;Mostly Cloudy
1425808800;26.0;25.0;0.94;SSE;3.611111111111111;0.0;1010.68;0.0;Showers in the Vicinity
1425812400;27.0;25.0;0.89;SW;1.9444444444444444;0.0;1011.68;0.0;Showers in the Vicinity
1425813000;27.0;24.0;0.84;WSW;1.9444444444444444;0.0;1011.68;0.0;Rain
1425814260;25.0;25.0;1.0;S;5.277777777777778;0.0;1011.68;0.0;Light Rain
1425816000;27.0;25.0;0.89;SSW;3.611111111111111;0.0;1012.68;0.0;Showers in the Vicinity
1425817800;27.0;24.0;0.84;SW;3.0555555555555554;0.0;0.0;0.0;Light Rain
1425818700;26.0;25.0;0.94;SSW;1.9444444444444444;0.0;1012.68;0.0;Light Rain
1425819600;0.0;0.0;0.0;ESE;4.722222222222222;0.0;1012.68;0.0;Light Rain
1425820080;25.0;24.0;0.94;ESE;3.611111111111111;0.0;1012.68;0.0;Rain
1425823200;24.0;24.0;1.0;NW;3.611111111111111;0.0;1012.68;0.0;Showers in the Vicinity
1425824100;0.0;0.0;0.0;VAR;1.1111111111111112;0.0;1012.68;0.0;Light Rain with Thunder
1425824700;24.0;23.0;0.94;SSW;3.611111111111111;0.0;1011.68;0.0;T-Storm
1425826800;24.0;23.0;0.94;SSW;3.611111111111111;0.0;1011.68;0.0;Light Rain
1425828000;24.0;23.0;0.94;SSW;4.166666666666667;0.0;0.0;0.0;Light Rain
1425830400;23.0;23.0;1.0;SSW;3.611111111111111;0.0;1011.68;0.0;Light Rain
1425834000;24.0;23.0;0.94;SSE;1.9444444444444444;0.0;1010.68;0.0;Mostly Cloudy
1425837600;25.0;23.0;0.89;S;3.0555555555555554;0.0;1009.68;0.0;Partly Cloudy
1425841200;25.0;24.0;0.94;SW;1.6666666666666665;0.0;1009.68;0.0;Fair
1425844800;25.0;24.0;0.94;WSW;1.9444444444444444;0.0;1009.68;0.0;Fair
1425848400;25.0;24.0;0.94;VAR;1.1111111111111112;0.0;1010.68;0.0;Partly Cloudy
1425852000;25.0;24.0;0.94;VAR;1.1111111111111112;0.0;1010.68;0.0;Mostly Cloudy
1425855600;25.0;24.0;0.94;WNW;1.6666666666666665;0.0;1011.68;0.0;Light Rain
1425858300;0.0;0.0;0.0;N;1.9444444444444444;0.0;1011.68;0.0;T-Storm
1425859200;0.0;0.0;0.0;E;4.722222222222222;0.0;1011.68;0.0;T-Storm
1425860100;24.0;23.0;0.94;NW;1.1111111111111112;0.0;1011.68;0.0;Light Rain
1425861300;24.0;23.0;0.94;W;1.9444444444444444;0.0;1011.68;0.0;Thunder
1425862800;24.0;24.0;1.0;VAR;1.1111111111111112;0.0;1011.68;0.0;Thunder
1425864900;24.0;24.0;1.0;SSE;3.0555555555555554;0.0;1012.68;0.0;T-Storm
1425866400;24.0;23.0;0.94;N;3.0555555555555554;0.0;1011.68;0.0;Light Rain with Thunder
1425868320;24.0;23.0;0.94;WNW;1.9444444444444444;0.0;0.0;0.0;Showers in the Vicinity
1426042800;27.0;24.0;0.84;E;2.5;0.0;1010.68;0.0;Mostly Cloudy
1426046400;27.0;24.0;0.84;E;3.611111111111111;0.0;1010.68;0.0;Partly Cloudy
1426050000;27.0;23.0;0.79;E;2.5;0.0;1009.68;0.0;Partly Cloudy
1426053600;26.0;23.0;0.83;ENE;5.277777777777778;0.0;1009.68;0.0;Partly Cloudy
1426057200;26.0;23.0;0.83;E;3.0555555555555554;0.0;1009.68;0.0;Partly Cloudy
1426060800;26.0;23.0;0.83;E;3.0555555555555554;0.0;1010.68;0.0;Mostly Cloudy
1426064400;27.0;23.0;0.79;E;3.0555555555555554;0.0;1010.68;0.0;Partly Cloudy
1426068000;28.0;23.0;0.74;E;3.0555555555555554;0.0;1010.68;0.0;Partly Cloudy
1426071600;29.0;23.0;0.7;E;3.611111111111111;0.0;1011.68;0.0;Partly Cloudy
1426075200;30.0;23.0;0.66;ESE;4.722222222222222;0.0;1011.68;0.0;Partly Cloudy
1426078800;30.0;24.0;0.7;E;4.166666666666667;0.0;1011.68;0.0;Partly Cloudy
1426082400;30.0;23.0;0.66;ESE;5.277777777777778;0.0;1011.68;0.0;Partly Cloudy
1426086000;30.0;23.0;0.66;ESE;4.722222222222222;0.0;1010.68;0.0;Partly Cloudy
1426089600;30.0;23.0;0.66;E;5.277777777777778;0.0;1009.68;0.0;Mostly Cloudy
1426093200;30.0;23.0;0.66;ESE;4.722222222222222;0.0;1009.68;0.0;Partly Cloudy
1426096800;30.0;22.0;0.62;E;4.166666666666667;0.0;1008.68;0.0;Fair
1426100400;29.0;23.0;0.7;ENE;3.0555555555555554;0.0;1008.68;0.0;Partly Cloudy
1426104000;28.0;23.0;0.74;ENE;3.611111111111111;0.0;1008.68;0.0;Fair
1426107600;28.0;23.0;0.74;E;3.611111111111111;0.0;1009.68;0.0;Fair
1426111200;28.0;23.0;0.74;E;3.611111111111111;0.0;1009.68;0.0;Fair
1426114800;27.0;23.0;0.79;E;3.611111111111111;0.0;1010.68;0.0;Partly Cloudy
1426118400;28.0;23.0;0.74;E;2.5;0.0;1010.68;0.0;Partly Cloudy
1426122000;27.0;23.0;0.79;E;3.0555555555555554;0.0;1010.68;0.0;Partly Cloudy
1426125600;27.0;23.0;0.79;E;2.5;0.0;1010.68;0.0;Partly Cloudy
1426129200;27.0;24.0;0.84;E;2.5;0.0;1010.68;0.0;Partly Cloudy
1426132800;27.0;23.0;0.79;ENE;1.6666666666666665;0.0;1009.68;0.0;Partly Cloudy
1426136400;27.0;23.0;0.79;NNE;1.1111111111111112;0.0;1009.68;0.0;Partly Cloudy
1426140000;25.0;23.0;0.89;W;1.1111111111111112;0.0;1009.68;0.0;Partly Cloudy
1426143600;24.0;23.0;0.94;WSW;1.1111111111111112;0.0;1009.68;0.0;Partly Cloudy
1426147200;24.0;23.0;0.94;WSW;1.1111111111111112;0.0;1009.68;0.0;Partly Cloudy
1426150800;24.0;23.0;0.94;W;1.1111111111111112;0.0;1009.68;0.0;Fair
1426154400;27.0;24.0;0.84;SSW;1.1111111111111112;0.0;1010.68;0.0;Fair
1426158000;29.0;23.0;0.7;E;2.5;0.0;1010.68;0.0;Fair
1426161600;25.0;23.0;0.89;E;2.5;0.0;0.0;0.0;Light Rain
1426165200;28.0;24.0;0.79;E;3.0555555555555554;0.0;1011.68;0.0;Mostly Cloudy
1426168800;27.0;23.0;0.79;ESE;4.166666666666667;0.0;1011.68;0.0;Mostly Cloudy
1426172400;29.0;23.0;0.7;SSE;2.5;0.0;1010.68;0.0;Mostly Cloudy
1426176000;29.0;23.0;0.7;SSE;3.611111111111111;0.0;1009.68;0.0;Mostly Cloudy
1426179600;29.0;24.0;0.74;ESE;3.611111111111111;0.0;1009.68;0.0;Mostly Cloudy
1426183200;29.0;24.0;0.74;ESE;3.611111111111111;0.0;1008.68;0.0;Mostly Cloudy
1426186800;27.0;24.0;0.84;SSE;2.5;0.0;0.0;0.0;Showers in the Vicinity
1426190400;28.0;24.0;0.79;E;3.0555555555555554;0.0;1009.68;0.0;Mostly Cloudy
1426194000;28.0;23.0;0.74;ESE;3.0555555555555554;0.0;1009.68;0.0;Mostly Cloudy
1426197600;28.0;23.0;0.74;E;4.166666666666667;0.0;1009.68;0.0;Mostly Cloudy
1426201200;28.0;23.0;0.74;E;4.166666666666667;0.0;1010.68;0.0;Mostly Cloudy
1426204800;28.0;23.0;0.74;E;3.611111111111111;0.0;1011.68;0.0;Mostly Cloudy
1426208400;28.0;23.0;0.74;E;3.0555555555555554;0.0;1011.68;0.0;Mostly Cloudy
1426212000;28.0;23.0;0.74;E;3.611111111111111;0.0;1010.68;0.0;Partly Cloudy
1426215600;27.0;23.0;0.79;ESE;3.611111111111111;0.0;1010.68;0.0;Partly Cloudy
1426219200;27.0;23.0;0.79;ESE;3.0555555555555554;0.0;1009.68;0.0;Partly Cloudy
1426222800;27.0;23.0;0.79;ESE;3.611111111111111;0.0;1009.68;0.0;Partly Cloudy
1426226400;27.0;22.0;0.74;ESE;4.722222222222222;0.0;1008.68;0.0;Fair
1426230000;27.0;22.0;0.74;ESE;3.0555555555555554;0.0;1008.68;0.0;Fair
1426233600;27.0;23.0;0.79;ESE;4.722222222222222;0.0;1008.68;0.0;Partly Cloudy
1426237200;27.0;22.0;0.74;SE;4.166666666666667;0.0;1009.68;0.0;Fair
1426240800;28.0;22.0;0.7;SE;4.722222222222222;0.0;1009.68;0.0;Partly Cloudy
1426244400;29.0;22.0;0.66;E;4.722222222222222;0.0;1010.68;0.0;Fair
1426248000;29.0;22.0;0.66;E;4.166666666666667;0.0;1010.68;0.0;Partly Cloudy
1426251600;30.0;22.0;0.62;E;4.722222222222222;0.0;1010.68;0.0;Partly Cloudy
1426255200;30.0;23.0;0.66;ESE;5.277777777777778;0.0;1010.68;0.0;Partly Cloudy
1426258800;30.0;23.0;0.66;ESE;5.277777777777778;0.0;1009.68;0.0;Fair
1426262400;30.0;23.0;0.66;ESE;4.722222222222222;0.0;1008.68;0.0;Fair
1426266000;29.0;23.0;0.7;SE;5.555555555555555;0.0;1007.68;0.0;Fair
1426269600;29.0;23.0;0.7;SE;5.555555555555555;0.0;1007.68;0.0;Fair
1426273200;29.0;22.0;0.66;ESE;5.277777777777778;0.0;1007.68;0.0;Fair
1426276800;28.0;22.0;0.7;SE;3.611111111111111;0.0;1007.68;0.0;Partly Cloudy
1426280400;28.0;22.0;0.7;SE;4.166666666666667;0.0;1008.68;0.0;Partly Cloudy
1426284000;28.0;23.0;0.74;SE;4.722222222222222;0.0;1008.68;0.0;Fair
1426287600;28.0;22.0;0.7;ESE;3.0555555555555554;0.0;1009.68;0.0;Fair
1426291200;28.0;22.0;0.7;ESE;4.166666666666667;0.0;1010.68;0.0;Fair
1426294800;27.0;22.0;0.74;ESE;3.611111111111111;0.0;1010.68;0.0;Fair
1426298400;27.0;22.0;0.74;ESE;3.0555555555555554;0.0;1009.68;0.0;Partly Cloudy
1426388400;27.0;22.0;0.74;ESE;3.0555555555555554;0.0;1009.68;0.0;Partly Cloudy
1426392000;27.0;22.0;0.74;E;3.0555555555555554;0.0;1008.68;0.0;Fair
1426395600;27.0;22.0;0.74;E;3.0555555555555554;0.0;1008.68;0.0;Fair
1426399200;27.0;22.0;0.74;ESE;3.0555555555555554;0.0;1008.68;0.0;Fair
1426402800;27.0;22.0;0.74;ESE;3.0555555555555554;0.0;1009.68;0.0;Fair
1426406400;25.0;23.0;0.89;S;1.6666666666666665;0.0;1009.68;0.0;Fair
1426410000;25.0;23.0;0.89;SSW;1.9444444444444444;0.0;1010.68;0.0;Fair
1426413600;26.0;23.0;0.83;S;2.5;0.0;1010.68;0.0;Partly Cloudy
1426417200;28.0;24.0;0.79;S;3.611111111111111;0.0;1011.68;0.0;Partly Cloudy
1426420800;30.0;24.0;0.7;S;5.555555555555555;0.0;1010.68;0.0;Partly Cloudy
1426424400;29.0;24.0;0.74;SSE;6.111111111111111;0.0;1010.68;0.0;Partly Cloudy
1426428000;30.0;24.0;0.7;SE;5.277777777777778;0.0;1010.68;0.0;Partly Cloudy
1426431600;30.0;24.0;0.7;SE;5.277777777777778;0.0;1009.68;0.0;Mostly Cloudy
1426435200;30.0;24.0;0.7;SSE;6.111111111111111;0.0;1008.68;0.0;Partly Cloudy
1426438800;30.0;24.0;0.7;SE;4.722222222222222;0.0;1008.68;0.0;Partly Cloudy
1426442400;30.0;24.0;0.7;SE;4.722222222222222;0.0;1008.68;0.0;Partly Cloudy
1426446000;30.0;24.0;0.7;SSE;5.555555555555555;0.0;1007.68;0.0;Fair
1426449600;28.0;24.0;0.79;SE;5.277777777777778;0.0;1008.68;0.0;Fair
1426453200;28.0;24.0;0.79;SE;4.722222222222222;0.0;1009.68;0.0;Partly Cloudy
1426456800;28.0;24.0;0.79;ESE;5.277777777777778;0.0;1009.68;0.0;Fair
1426460400;28.0;24.0;0.79;ESE;3.611111111111111;0.0;1010.68;0.0;Partly Cloudy
1426464000;28.0;24.0;0.79;ESE;5.277777777777778;0.0;1011.68;0.0;Fair
1426467600;28.0;24.0;0.79;ESE;4.166666666666667;0.0;1011.68;0.0;Fair
1426471200;28.0;24.0;0.79;ESE;4.166666666666667;0.0;1010.68;0.0;Partly Cloudy
1426561200;28.0;23.0;0.74;ESE;3.611111111111111;0.0;1010.68;0.0;Partly Cloudy
1426564800;27.0;23.0;0.79;ESE;3.611111111111111;0.0;1009.68;0.0;Partly Cloudy
1426568400;27.0;23.0;0.79;E;3.0555555555555554;0.0;1009.68;0.0;Partly Cloudy
1426572000;27.0;23.0;0.79;ESE;3.611111111111111;0.0;1008.68;0.0;Partly Cloudy
1426575600;27.0;23.0;0.79;E;3.0555555555555554;0.0;1009.68;0.0;Partly Cloudy
1426579200;27.0;23.0;0.79;ESE;3.0555555555555554;0.0;1009.68;0.0;Partly Cloudy
1426582800;27.0;23.0;0.79;E;4.166666666666667;0.0;1010.68;0.0;Partly Cloudy
1426586400;28.0;23.0;0.74;E;3.611111111111111;0.0;1010.68;0.0;Partly Cloudy
1426590000;29.0;24.0;0.74;ESE;3.611111111111111;0.0;1011.68;0.0;Partly Cloudy
1426593600;29.0;24.0;0.74;ESE;4.166666666666667;0.0;1012.68;0.0;Partly Cloudy
1426597200;30.0;24.0;0.7;ESE;4.722222222222222;0.0;1012.68;0.0;Partly Cloudy
1426600800;30.0;23.0;0.66;SE;6.111111111111111;0.0;1011.68;0.0;Partly Cloudy
1426604400;30.0;23.0;0.66;SE;5.555555555555555;0.0;1011.68;0.0;Partly Cloudy
1426608000;30.0;23.0;0.66;SE;5.555555555555555;0.0;1010.68;0.0;Partly Cloudy
1426611600;30.0;24.0;0.7;SE;5.277777777777778;0.0;1009.68;0.0;Partly Cloudy
1426615200;30.0;23.0;0.66;ESE;5.555555555555555;0.0;1009.68;0.0;Partly Cloudy
1426618800;29.0;23.0;0.7;ESE;5.277777777777778;0.0;1009.68;0.0;Partly Cloudy
1426622400;28.0;22.0;0.7;ESE;4.722222222222222;0.0;1009.68;0.0;Partly Cloudy
1426626000;28.0;23.0;0.74;E;4.166666666666667;0.0;1010.68;0.0;Fair
1426629600;28.0;23.0;0.74;ESE;4.722222222222222;0.0;1010.68;0.0;Fair
1426633200;28.0;23.0;0.74;E;4.166666666666667;0.0;1011.68;0.0;Partly Cloudy
1426636800;28.0;23.0;0.74;E;3.611111111111111;0.0;1011.68;0.0;Partly Cloudy
1426640400;28.0;22.0;0.7;E;4.166666666666667;0.0;1012.68;0.0;Partly Cloudy
1426644000;28.0;22.0;0.7;E;4.166666666666667;0.0;1011.68;0.0;Partly Cloudy
1426734000;27.0;23.0;0.79;SE;5.277777777777778;0.0;1010.68;0.0;Partly Cloudy
1426737600;26.0;23.0;0.83;SSE;5.277777777777778;0.0;1009.68;0.0;Partly Cloudy
1426741200;26.0;23.0;0.83;SSE;3.0555555555555554;0.0;1010.68;0.0;Partly Cloudy
1426744800;26.0;23.0;0.83;SSE;3.611111111111111;0.0;1009.68;0.0;Mostly Cloudy
1426748400;26.0;22.0;0.78;ESE;3.611111111111111;0.0;1009.68;0.0;Partly Cloudy
1426752000;26.0;23.0;0.83;SE;2.5;0.0;1009.68;0.0;Partly Cloudy
1426755600;26.0;23.0;0.83;ESE;3.0555555555555554;0.0;1009.68;0.0;Partly Cloudy
1426759200;27.0;23.0;0.79;ESE;4.166666666666667;0.0;1010.68;0.0;Partly Cloudy
1426762800;28.0;23.0;0.74;SE;5.277777777777778;0.0;1010.68;0.0;Partly Cloudy
1426766400;28.0;23.0;0.74;SE;6.111111111111111;0.0;1011.68;0.0;Partly Cloudy
1426770000;30.0;23.0;0.66;SE;5.277777777777778;0.0;1011.68;0.0;Partly Cloudy
1426773600;30.0;23.0;0.66;SE;5.277777777777778;0.0;1010.68;0.0;Partly Cloudy
1426777200;30.0;23.0;0.66;SE;5.555555555555555;0.0;1010.68;0.0;Partly Cloudy
1426780800;29.0;22.0;0.66;SSE;6.111111111111111;0.0;1009.68;0.0;Partly Cloudy
1426784400;29.0;23.0;0.7;SSE;5.277777777777778;0.0;1008.68;0.0;Mostly Cloudy
1426788000;29.0;23.0;0.7;SSE;5.277777777777778;0.0;1007.68;0.0;Partly Cloudy
1426791600;28.0;22.0;0.7;SSE;5.555555555555555;0.0;1007.68;0.0;Partly Cloudy
1426795200;28.0;22.0;0.7;SSE;5.277777777777778;0.0;1007.68;0.0;Partly Cloudy
1426798800;27.0;23.0;0.79;SE;4.722222222222222;0.0;1008.68;0.0;Mostly Cloudy
1426802400;27.0;23.0;0.79;SSE;4.722222222222222;0.0;1008.68;0.0;Partly Cloudy
1426806000;27.0;22.0;0.74;SE;4.722222222222222;0.0;1009.68;0.0;Partly Cloudy
1426809600;27.0;23.0;0.79;SSE;4.722222222222222;0.0;1009.68;0.0;Partly Cloudy
1426813200;28.0;23.0;0.74;SSE;5.277777777777778;0.0;1009.68;0.0;Partly Cloudy
1426816800;27.0;23.0;0.79;S;4.722222222222222;0.0;1009.68;0.0;Partly Cloudy
1426906800;25.0;24.0;0.94;NW;1.6666666666666665;0.0;1009.68;0.0;Showers in the Vicinity
1426910400;25.0;23.0;0.89;S;1.9444444444444444;0.0;1008.68;0.0;Partly Cloudy
1426914000;25.0;24.0;0.94;CALM;0.0;0.0;1007.68;0.0;Mostly Cloudy
1426917600;25.0;24.0;0.94;SW;2.5;0.0;1007.68;0.0;Showers in the Vicinity
1426921200;25.0;24.0;0.94;WNW;1.6666666666666665;0.0;1007.68;0.0;Mostly Cloudy
1426924800;25.0;24.0;0.94;CALM;0.0;0.0;1007.68;0.0;Mostly Cloudy
1426928400;25.0;24.0;0.94;CALM;0.0;0.0;1008.68;0.0;Mostly Cloudy
1426932000;26.0;25.0;0.94;SW;1.6666666666666665;0.0;1008.68;0.0;Showers in the Vicinity
1426935600;29.0;24.0;0.74;ENE;2.5;0.0;1009.68;0.0;Mostly Cloudy
1426939200;30.0;25.0;0.74;E;3.0555555555555554;0.0;1010.68;0.0;Partly Cloudy
1426942800;30.0;25.0;0.74;E;3.611111111111111;0.0;1010.68;0.0;Partly Cloudy
1426946400;30.0;25.0;0.74;ESE;4.722222222222222;0.0;1009.68;0.0;Fair
1426950000;30.0;24.0;0.7;ESE;5.555555555555555;0.0;1008.68;0.0;Fair
1426953600;30.0;24.0;0.7;E;5.277777777777778;0.0;1008.68;0.0;Fair
1426957200;30.0;24.0;0.7;E;5.555555555555555;0.0;1007.68;0.0;Fair
1426960800;29.0;24.0;0.74;E;4.722222222222222;0.0;1007.68;0.0;Fair
1426964400;29.0;24.0;0.74;E;3.611111111111111;0.0;1007.68;0.0;Partly Cloudy
1426968000;28.0;24.0;0.79;E;4.722222222222222;0.0;1008.68;0.0;Mostly Cloudy
1426971600;28.0;24.0;0.79;E;3.611111111111111;0.0;1008.68;0.0;Mostly Cloudy
1426975200;28.0;24.0;0.79;E;2.5;0.0;1009.68;0.0;Mostly Cloudy
1426978800;28.0;24.0;0.79;ENE;3.0555555555555554;0.0;1010.68;0.0;Mostly Cloudy
1426982400;28.0;24.0;0.79;ENE;2.5;0.0;1010.68;0.0;Mostly Cloudy
1426984500;25.0;24.0;0.94;NNW;4.166666666666667;0.0;0.0;0.0;Light Rain with Thunder
1426986000;25.0;23.0;0.89;NW;2.5;0.0;0.0;0.0;Showers in the Vicinity
1426989600;24.0;23.0;0.94;WNW;2.5;0.0;1011.68;0.0;Mostly Cloudy
1426993200;25.0;23.0;0.89;SW;1.1111111111111112;0.0;1010.68;0.0;Mostly Cloudy
1426996800;25.0;23.0;0.89;W;1.9444444444444444;0.0;1009.68;0.0;Mostly Cloudy
1427000400;24.0;23.0;0.94;WNW;1.6666666666666665;0.0;1009.68;0.0;Mostly Cloudy
1427004000;25.0;23.0;0.89;SW;1.1111111111111112;0.0;1009.68;0.0;Mostly Cloudy
1427007600;24.0;24.0;1.0;NW;1.6666666666666665;0.0;1009.68;0.0;Mostly Cloudy
1427011200;24.0;23.0;0.94;SW;2.5;0.0;1009.68;0.0;Mostly Cloudy
1427014800;24.0;23.0;0.94;W;1.1111111111111112;0.0;0.0;0.0;Showers in the Vicinity
1427018400;23.0;23.0;1.0;NW;3.0555555555555554;0.0;1011.68;0.0;Light Rain
1427022000;24.0;23.0;0.94;NW;2.5;0.0;1011.68;0.0;Light Rain
1427025600;26.0;25.0;0.94;NW;2.5;0.0;1012.68;0.0;Showers in the Vicinity
1427029200;27.0;24.0;0.84;NW;1.9444444444444444;0.0;1011.68;0.0;Showers in the Vicinity
1427032800;29.0;24.0;0.74;SE;4.722222222222222;0.0;0.0;0.0;Showers in the Vicinity
1427036400;30.0;24.0;0.7;SE;6.111111111111111;0.0;1010.68;0.0;Mostly Cloudy
1427040000;30.0;24.0;0.7;E;5.277777777777778;0.0;1010.68;0.0;Partly Cloudy
1427043600;29.0;24.0;0.74;ESE;4.166666666666667;0.0;1009.68;0.0;Mostly Cloudy
1427047200;29.0;24.0;0.74;E;3.611111111111111;0.0;1009.68;0.0;Partly Cloudy
1427050800;29.0;23.0;0.7;ESE;3.0555555555555554;0.0;1010.68;0.0;Partly Cloudy
1427054400;28.0;23.0;0.74;ESE;3.611111111111111;0.0;1010.68;0.0;Partly Cloudy
1427058000;28.0;23.0;0.74;ESE;3.0555555555555554;0.0;1010.68;0.0;Fair
1427061600;28.0;24.0;0.79;E;1.9444444444444444;0.0;1011.68;0.0;Partly Cloudy
1427065200;28.0;23.0;0.74;E;2.5;0.0;1011.68;0.0;Fair
1427068800;28.0;23.0;0.74;E;2.5;0.0;1012.68;0.0;Fair
1427072400;28.0;23.0;0.74;E;1.9444444444444444;0.0;1012.68;0.0;Fair
1427076000;28.0;24.0;0.79;NE;1.1111111111111112;0.0;1012.68;0.0;Fair
1427079600;26.0;24.0;0.89;WSW;1.1111111111111112;0.0;1012.68;0.0;Partly Cloudy
1427083200;26.0;24.0;0.89;SSW;1.9444444444444444;0.0;1011.68;0.0;Fair
1427086800;25.0;24.0;0.94;S;1.1111111111111112;0.0;1010.68;0.0;Fair
1427090400;25.0;23.0;0.89;SSW;1.1111111111111112;0.0;1010.68;0.0;Fair
1427094000;25.0;24.0;0.94;SSE;1.1111111111111112;0.0;1011.68;0.0;Fair
1427097600;25.0;23.0;0.89;S;1.1111111111111112;0.0;1011.68;0.0;Partly Cloudy
1427101200;25.0;24.0;0.94;SSW;1.1111111111111112;0.0;1011.68;0.0;Partly Cloudy
1427104800;26.0;24.0;0.89;S;1.9444444444444444;0.0;1012.68;0.0;Mostly Cloudy
1427108400;29.0;24.0;0.74;SE;3.0555555555555554;0.0;1013.68;0.0;Partly Cloudy
1427112000;29.0;24.0;0.74;SE;5.277777777777778;0.0;1013.68;0.0;Partly Cloudy
1427115600;30.0;24.0;0.7;SE;5.277777777777778;0.0;1013.68;0.0;Partly Cloudy
1427119200;30.0;24.0;0.7;SE;6.666666666666666;0.0;1013.68;0.0;Partly Cloudy
1427122800;29.0;25.0;0.79;SSE;5.555555555555555;0.0;1012.68;0.0;Mostly Cloudy
1427126400;29.0;24.0;0.74;SE;5.555555555555555;0.0;1011.68;0.0;Mostly Cloudy
1427130000;29.0;24.0;0.74;SE;5.277777777777778;0.0;1011.68;0.0;Mostly Cloudy
1427133600;29.0;25.0;0.79;SE;4.166666666666667;0.0;1011.68;0.0;Mostly Cloudy
1427137200;28.0;24.0;0.79;ESE;3.611111111111111;0.0;1011.68;0.0;Mostly Cloudy
1427140800;28.0;24.0;0.79;SE;3.611111111111111;0.0;1011.68;0.0;Mostly Cloudy
1427144400;28.0;24.0;0.79;SE;3.0555555555555554;0.0;1011.68;0.0;Fair
1427148000;27.0;25.0;0.89;SE;2.5;0.0;1012.68;0.0;Partly Cloudy
1427151600;28.0;25.0;0.84;ESE;3.0555555555555554;0.0;1013.68;0.0;Mostly Cloudy
1427153640;26.0;23.0;0.83;ESE;4.722222222222222;0.0;1014.67;0.0;Rain
1427155200;25.0;23.0;0.89;ENE;1.6666666666666665;0.0;1013.68;0.0;Mostly Cloudy
1427158800;25.0;24.0;0.94;WNW;1.6666666666666665;0.0;1014.67;0.0;Fair
1427162400;25.0;24.0;0.94;WSW;1.6666666666666665;0.0;1013.68;0.0;Partly Cloudy
1427252400;28.0;24.0;0.79;SE;4.166666666666667;0.0;1012.68;0.0;Partly Cloudy
1427256000;28.0;24.0;0.79;ESE;4.722222222222222;0.0;1012.68;0.0;Partly Cloudy
1427259600;27.0;24.0;0.84;ESE;4.722222222222222;0.0;1011.68;0.0;Partly Cloudy
1427263200;27.0;24.0;0.84;ESE;3.611111111111111;0.0;1011.68;0.0;Partly Cloudy
1427266800;27.0;24.0;0.84;E;2.5;0.0;1011.68;0.0;Mostly Cloudy
1427270400;27.0;23.0;0.79;ESE;3.611111111111111;0.0;1011.68;0.0;Partly Cloudy
1427274000;27.0;23.0;0.79;E;3.0555555555555554;0.0;1011.68;0.0;Partly Cloudy
1427277600;29.0;23.0;0.7;E;3.0555555555555554;0.0;1012.68;0.0;Partly Cloudy
1427281200;29.0;24.0;0.74;E;3.0555555555555554;0.0;1012.68;0.0;Partly Cloudy
1427284800;30.0;24.0;0.7;ESE;4.166666666666667;0.0;1012.68;0.0;Partly Cloudy
1427288400;30.0;24.0;0.7;ESE;3.611111111111111;0.0;1012.68;0.0;Partly Cloudy
1427292000;30.0;24.0;0.7;ESE;4.722222222222222;0.0;1012.68;0.0;Partly Cloudy
1427295600;30.0;24.0;0.7;E;4.722222222222222;0.0;1011.68;0.0;Partly Cloudy
1427299200;30.0;24.0;0.7;ESE;5.277777777777778;0.0;1010.68;0.0;Partly Cloudy
1427302800;31.0;24.0;0.66;SE;5.277777777777778;0.0;1010.68;0.0;Partly Cloudy
1427306400;30.0;24.0;0.7;ESE;4.722222222222222;0.0;1009.68;0.0;Partly Cloudy
1427310000;29.0;23.0;0.7;SE;4.722222222222222;0.0;1009.68;0.0;Fair
1427313600;28.0;23.0;0.74;ESE;4.166666666666667;0.0;1010.68;0.0;Fair
1427317200;28.0;23.0;0.74;ESE;3.611111111111111;0.0;1010.68;0.0;Partly Cloudy
1427320800;27.0;23.0;0.79;SE;4.722222222222222;0.0;1010.68;0.0;Partly Cloudy
1427324400;27.0;23.0;0.79;ESE;5.277777777777778;0.0;1011.68;0.0;Partly Cloudy
1427328000;27.0;23.0;0.79;SE;3.0555555555555554;0.0;1012.68;0.0;Partly Cloudy
1427331600;27.0;23.0;0.79;SE;3.0555555555555554;0.0;1012.68;0.0;Partly Cloudy
1427335200;26.0;22.0;0.78;ESE;2.5;0.0;1012.68;0.0;Partly Cloudy
1427338800;26.0;22.0;0.78;SE;2.5;0.0;1011.68;0.0;Partly Cloudy
1427342400;25.0;23.0;0.89;SSW;2.5;0.0;1011.68;0.0;Partly Cloudy
1427346000;25.0;23.0;0.89;SW;2.5;0.0;1010.68;0.0;Partly Cloudy
1427349600;25.0;23.0;0.89;CALM;0.0;0.0;1010.68;0.0;Partly Cloudy
1427353200;24.0;23.0;0.94;SW;1.9444444444444444;0.0;1010.68;0.0;Partly Cloudy
1427356800;24.0;22.0;0.89;CALM;0.0;0.0;1010.68;0.0;Partly Cloudy
1427360400;25.0;23.0;0.89;N;2.5;0.0;1011.68;0.0;Partly Cloudy
1427364000;26.0;23.0;0.83;WSW;2.5;0.0;1011.68;0.0;Partly Cloudy
1427367600;28.0;23.0;0.74;ESE;3.611111111111111;0.0;1011.68;0.0;Fair
1427371200;30.0;23.0;0.66;SE;3.611111111111111;0.0;1011.68;0.0;Partly Cloudy
1427374800;29.0;22.0;0.66;ESE;4.722222222222222;0.0;1012.68;0.0;Partly Cloudy
1427378400;30.0;23.0;0.66;ESE;4.166666666666667;0.0;1011.68;0.0;Partly Cloudy
1427382000;30.0;23.0;0.66;E;4.166666666666667;0.0;1010.68;0.0;Partly Cloudy
1427385600;30.0;23.0;0.66;ESE;4.722222222222222;0.0;1009.68;0.0;Partly Cloudy
1427389200;29.0;23.0;0.7;ESE;4.722222222222222;0.0;1009.68;0.0;Fair
1427392800;29.0;22.0;0.66;SSE;4.722222222222222;0.0;1009.68;0.0;Fair
1427396400;29.0;22.0;0.66;SSE;5.555555555555555;0.0;1009.68;0.0;Fair
1427400000;28.0;22.0;0.7;SSE;5.555555555555555;0.0;1010.68;0.0;Fair
1427403600;27.0;22.0;0.74;SE;4.722222222222222;0.0;1010.68;0.0;Fair
1427407200;27.0;22.0;0.74;SSE;4.722222222222222;0.0;1010.68;0.0;Fair
1427410800;27.0;22.0;0.74;SSE;4.722222222222222;0.0;1011.68;0.0;Partly Cloudy
1427414400;27.0;22.0;0.74;ESE;3.611111111111111;0.0;1012.68;0.0;Partly Cloudy
1427418000;27.0;22.0;0.74;ESE;5.555555555555555;0.0;1012.68;0.0;Partly Cloudy
1427421600;27.0;22.0;0.74;SE;4.722222222222222;0.0;1012.68;0.0;Partly Cloudy
1427511600;26.0;22.0;0.78;S;1.9444444444444444;0.0;1012.68;0.0;Partly Cloudy
1427515200;25.0;22.0;0.83;SSW;1.6666666666666665;0.0;1012.68;0.0;Partly Cloudy
1427518800;25.0;22.0;0.83;S;1.1111111111111112;0.0;1012.68;0.0;Partly Cloudy
1427522400;24.0;22.0;0.89;W;1.1111111111111112;0.0;1012.68;0.0;Partly Cloudy
1427526000;24.0;22.0;0.89;WSW;1.6666666666666665;0.0;1012.68;0.0;Partly Cloudy
1427529600;24.0;22.0;0.89;SSW;1.6666666666666665;0.0;1012.68;0.0;Partly Cloudy
1427533200;24.0;22.0;0.89;SW;1.1111111111111112;0.0;1013.68;0.0;Fair
1427536800;25.0;22.0;0.83;SSW;1.1111111111111112;0.0;1014.67;0.0;Fair
1427540400;28.0;23.0;0.74;S;1.6666666666666665;0.0;1015.67;0.0;Fair
1427544000;29.0;24.0;0.74;SE;3.0555555555555554;0.0;1015.67;0.0;Fair
1427547600;30.0;23.0;0.66;ESE;3.0555555555555554;0.0;1015.67;0.0;Fair
1427551200;29.0;24.0;0.74;SE;4.722222222222222;0.0;1014.67;0.0;Fair
1427554800;30.0;23.0;0.66;SE;4.722222222222222;0.0;1013.68;0.0;Fair
1427558400;30.0;24.0;0.7;SSE;5.277777777777778;0.0;1012.68;0.0;Fair
1427562000;29.0;23.0;0.7;SSE;5.277777777777778;0.0;1011.68;0.0;Fair
1427565600;29.0;23.0;0.7;SSE;4.722222222222222;0.0;1011.68;0.0;Fair
1427569200;28.0;23.0;0.74;SE;5.555555555555555;0.0;1011.68;0.0;Partly Cloudy
1427572800;28.0;24.0;0.79;SE;4.166666666666667;0.0;1011.68;0.0;Fair
1427576400;28.0;23.0;0.74;SE;5.555555555555555;0.0;1012.68;0.0;Partly Cloudy
1427580000;28.0;23.0;0.74;SE;5.277777777777778;0.0;1012.68;0.0;Fair
1427583600;28.0;23.0;0.74;SE;4.166666666666667;0.0;1013.68;0.0;Fair
1427587200;28.0;23.0;0.74;SE;4.166666666666667;0.0;1013.68;0.0;Fair
1427590800;28.0;23.0;0.74;ESE;4.166666666666667;0.0;1013.68;0.0;Partly Cloudy
1427594400;28.0;23.0;0.74;SE;4.166666666666667;0.0;1013.68;0.0;Fair
1427598000;27.0;23.0;0.79;SE;3.611111111111111;0.0;1012.68;0.0;Partly Cloudy
1427601600;27.0;23.0;0.79;SE;3.611111111111111;0.0;1011.68;0.0;Fair
1427605200;27.0;23.0;0.79;ESE;3.0555555555555554;0.0;1011.68;0.0;Partly Cloudy
1427608800;27.0;23.0;0.79;ESE;2.5;0.0;1011.68;0.0;Partly Cloudy
1427612400;27.0;23.0;0.79;SE;1.9444444444444444;0.0;1011.68;0.0;Partly Cloudy
1427616000;26.0;23.0;0.83;SSE;1.9444444444444444;0.0;1011.68;0.0;Fair
1427619600;25.0;23.0;0.89;SW;1.9444444444444444;0.0;1012.68;0.0;Partly Cloudy
1427623200;27.0;24.0;0.84;SSW;1.9444444444444444;0.0;1012.68;0.0;Fair
1427626800;29.0;24.0;0.74;SSE;3.611111111111111;0.0;1013.68;0.0;Partly Cloudy
1427630400;29.0;23.0;0.7;SSE;5.277777777777778;0.0;1013.68;0.0;Partly Cloudy
1427634000;31.0;24.0;0.66;SSE;5.555555555555555;0.0;1013.68;0.0;Partly Cloudy
1427637600;29.0;24.0;0.74;SE;5.555555555555555;0.0;1012.68;0.0;Partly Cloudy
1427641200;30.0;24.0;0.7;SSE;6.111111111111111;0.0;1011.68;0.0;Partly Cloudy
1427644800;30.0;25.0;0.74;SSE;6.111111111111111;0.0;1011.68;0.0;Mostly Cloudy
1427648400;29.0;25.0;0.79;SE;6.111111111111111;0.0;1010.68;0.0;Mostly Cloudy
1427652000;29.0;25.0;0.79;SE;6.666666666666666;0.0;1010.68;0.0;Fair
1427655600;28.0;23.0;0.74;SSE;6.666666666666666;0.0;1010.68;0.0;Partly Cloudy
1427659200;27.0;24.0;0.84;SSE;5.555555555555555;0.0;1010.68;0.0;Partly Cloudy
1427662800;27.0;24.0;0.84;SE;5.277777777777778;0.0;1011.68;0.0;Mostly Cloudy
1427666400;26.0;25.0;0.94;ESE;4.722222222222222;0.0;1011.68;0.0;Light Rain
1427670000;26.0;24.0;0.89;SSE;3.611111111111111;0.0;1012.68;0.0;Light Rain
1427673600;27.0;25.0;0.89;SE;3.611111111111111;0.0;1012.68;0.0;Mostly Cloudy
1427676000;26.0;24.0;0.89;E;4.166666666666667;0.0;1012.68;0.0;Light Rain
1427677200;26.0;25.0;0.94;E;3.611111111111111;0.0;1012.68;0.0;Light Rain
1427680800;26.0;24.0;0.89;E;2.5;0.0;1011.68;0.0;Mostly Cloudy
1427770800;26.0;21.0;0.74;SE;3.611111111111111;0.0;1011.68;0.0;Partly Cloudy
1427774400;26.0;21.0;0.74;SSE;3.0555555555555554;0.0;1010.68;0.0;Partly Cloudy
1427778000;25.0;22.0;0.83;SW;2.5;0.0;1010.68;0.0;Partly Cloudy
1427781600;24.0;22.0;0.89;SW;1.9444444444444444;0.0;1010.68;0.0;Partly Cloudy
1427785200;24.0;22.0;0.89;CALM;0.0;0.0;1010.68;0.0;Fair
1427788800;24.0;22.0;0.89;SW;2.5;0.0;1010.68;0.0;Fair
1427792400;25.0;22.0;0.83;SSW;2.5;0.0;1011.68;0.0;Partly Cloudy
1427796000;26.0;23.0;0.83;SSW;3.0555555555555554;0.0;1011.68;0.0;Partly Cloudy
1427799600;29.0;22.0;0.66;SE;4.722222222222222;0.0;1012.68;0.0;Fair
1427803200;29.0;23.0;0.7;SE;5.277777777777778;0.0;1012.68;0.0;Partly Cloudy
1427806800;29.0;22.0;0.66;SE;4.722222222222222;0.0;1012.68;0.0;Partly Cloudy
1427810400;30.0;22.0;0.62;SE;4.722222222222222;0.0;1011.68;0.0;Partly Cloudy
1427814000;30.0;22.0;0.62;SE;5.277777777777778;0.0;1011.68;0.0;Partly Cloudy
1427817600;29.0;22.0;0.66;E;4.722222222222222;0.0;1010.68;0.0;Fair
1427821200;30.0;22.0;0.62;SE;4.166666666666667;0.0;1009.68;0.0;Fair
1427824800;29.0;22.0;0.66;ESE;4.166666666666667;0.0;1009.68;0.0;Fair
1427828400;29.0;22.0;0.66;SE;3.611111111111111;0.0;1009.68;0.0;Fair
1427832000;28.0;22.0;0.7;SE;4.722222222222222;0.0;1009.68;0.0;Fair
1427835600;27.0;21.0;0.7;SE;3.611111111111111;0.0;1009.68;0.0;Fair
1427839200;27.0;21.0;0.7;SE;4.166666666666667;0.0;1010.68;0.0;Fair
1427842800;27.0;22.0;0.74;ESE;5.277777777777778;0.0;1010.68;0.0;Fair
1427846400;27.0;22.0;0.74;SE;4.722222222222222;0.0;1011.68;0.0;Partly Cloudy
1427850000;27.0;22.0;0.74;SE;3.0555555555555554;0.0;1011.68;0.0;Partly Cloudy
1427853600;27.0;21.0;0.7;WSW;3.0555555555555554;0.0;1011.68;0.0;Partly Cloudy
1427857200;27.0;21.0;0.7;SE;3.611111111111111;0.0;1011.68;0.0;Fair
1427860800;26.0;21.0;0.74;SE;3.0555555555555554;0.0;1010.68;0.0;Fair
1427864400;25.0;22.0;0.83;SW;1.9444444444444444;0.0;1010.68;0.0;Fair
1427868000;24.0;22.0;0.89;SW;1.9444444444444444;0.0;1010.68;0.0;Partly Cloudy
1427871600;24.0;22.0;0.89;SW;1.9444444444444444;0.0;1010.68;0.0;Fair
1427875200;23.0;21.0;0.88;WSW;1.1111111111111112;0.0;1010.68;0.0;Fair
1427878800;24.0;22.0;0.89;SSW;1.1111111111111112;0.0;1011.68;0.0;Fair
1427882400;26.0;22.0;0.78;SSW;1.9444444444444444;0.0;1011.68;0.0;Fair
1427886000;29.0;22.0;0.66;E;3.611111111111111;0.0;1012.68;0.0;Fair
1427889600;29.0;22.0;0.66;ESE;4.166666666666667;0.0;1012.68;0.0;Fair
1427893200;29.0;22.0;0.66;SE;4.166666666666667;0.0;1012.68;0.0;Fair
1427896800;29.0;22.0;0.66;ESE;4.166666666666667;0.0;1012.68;0.0;Partly Cloudy
1427900400;29.0;21.0;0.62;E;4.722222222222222;0.0;1011.68;0.0;Fair
1427904000;30.0;22.0;0.62;SE;4.722222222222222;0.0;1010.68;0.0;Fair
1427907600;30.0;22.0;0.62;SE;4.166666666666667;0.0;1009.68;0.0;Fair
1427911200;29.0;22.0;0.66;SE;4.722222222222222;0.0;1009.68;0.0;Fair
1427914800;29.0;22.0;0.66;ESE;5.277777777777778;0.0;1009.68;0.0;Fair
1427918400;28.0;22.0;0.7;ESE;3.611111111111111;0.0;1009.68;0.0;Fair
1427922000;28.0;22.0;0.7;ESE;3.611111111111111;0.0;1009.68;0.0;Partly Cloudy
1427925600;28.0;22.0;0.7;ESE;4.166666666666667;0.0;1010.68;0.0;Partly Cloudy
1427929200;27.0;22.0;0.74;ESE;3.611111111111111;0.0;1011.68;0.0;Fair
1427932800;28.0;22.0;0.7;ESE;3.611111111111111;0.0;1011.68;0.0;Partly Cloudy
1427936400;28.0;22.0;0.7;ESE;4.166666666666667;0.0;1011.68;0.0;Mostly Cloudy
1427940000;28.0;22.0;0.7;ESE;3.0555555555555554;0.0;1011.68;0.0;Mostly Cloudy
1427943600;28.0;22.0;0.7;ESE;2.5;0.0;1011.68;0.0;Mostly Cloudy
1427947200;27.0;22.0;0.74;SE;3.0555555555555554;0.0;1010.68;0.0;Mostly Cloudy
1427950800;27.0;22.0;0.74;SE;3.0555555555555554;0.0;1010.68;0.0;Mostly Cloudy
1427954400;27.0;21.0;0.7;SE;3.611111111111111;0.0;1009.68;0.0;Fair
1427958000;27.0;22.0;0.74;SE;1.9444444444444444;0.0;1009.68;0.0;Partly Cloudy
1427961600;27.0;22.0;0.74;SE;3.0555555555555554;0.0;1010.68;0.0;Partly Cloudy
1427965200;27.0;22.0;0.74;SE;3.611111111111111;0.0;1010.68;0.0;Fair
1427968800;28.0;22.0;0.7;SE;3.611111111111111;0.0;1011.68;0.0;Mostly Cloudy
1427972400;28.0;22.0;0.7;SE;3.611111111111111;0.0;1012.68;0.0;Mostly Cloudy
1427976000;29.0;22.0;0.66;ESE;4.722222222222222;0.0;1013.68;0.0;Mostly Cloudy
1427979600;29.0;22.0;0.66;SE;4.722222222222222;0.0;1012.68;0.0;Mostly Cloudy
1427983200;29.0;22.0;0.66;SE;4.722222222222222;0.0;1012.68;0.0;Mostly Cloudy
1427986800;31.0;22.0;0.58;SE;4.722222222222222;0.0;1011.68;0.0;Partly Cloudy
1427990400;30.0;22.0;0.62;SE;4.722222222222222;0.0;1010.68;0.0;Fair
1427994000;30.0;21.0;0.58;ESE;4.722222222222222;0.0;1009.68;0.0;Fair
1427997600;29.0;21.0;0.62;E;4.722222222222222;0.0;1008.68;0.0;Fair
1428001200;29.0;21.0;0.62;ESE;5.277777777777778;0.0;1008.68;0.0;Fair
1428004800;28.0;21.0;0.66;ESE;4.166666666666667;0.0;1008.68;0.0;Fair
1428008400;28.0;21.0;0.66;E;4.166666666666667;0.0;1009.68;0.0;Fair
1428012000;27.0;21.0;0.7;E;3.0555555555555554;0.0;1009.68;0.0;Fair
1428015600;27.0;21.0;0.7;E;3.0555555555555554;0.0;1010.68;0.0;Fair
1428019200;27.0;22.0;0.74;ESE;3.611111111111111;0.0;1011.68;0.0;Partly Cloudy
1428022800;27.0;21.0;0.7;SE;3.611111111111111;0.0;1011.68;0.0;Partly Cloudy
1428026400;27.0;22.0;0.74;ESE;3.0555555555555554;0.0;1010.68;0.0;Partly Cloudy
1428030000;27.0;21.0;0.7;ESE;2.5;0.0;1010.68;0.0;Partly Cloudy
1428033600;26.0;22.0;0.78;SW;1.9444444444444444;0.0;1009.68;0.0;Fair
1428037200;25.0;22.0;0.83;SSW;1.9444444444444444;0.0;1009.68;0.0;Partly Cloudy
1428040800;24.0;21.0;0.83;W;1.1111111111111112;0.0;1009.68;0.0;Partly Cloudy
1428044400;24.0;22.0;0.89;SSW;0.5555555555555556;0.0;1009.68;0.0;Partly Cloudy
1428048000;24.0;21.0;0.83;SW;0.5555555555555556;0.0;1009.68;0.0;Fair
1428051600;23.0;22.0;0.94;WNW;1.6666666666666665;0.0;1010.68;0.0;Fair
1428055200;24.0;22.0;0.89;WNW;1.1111111111111112;0.0;1010.68;0.0;Fair
1428058800;27.0;22.0;0.74;CALM;0.0;0.0;1011.68;0.0;Partly Cloudy
1428062400;29.0;22.0;0.66;ESE;3.611111111111111;0.0;1011.68;0.0;Partly Cloudy
1428066000;30.0;22.0;0.62;SE;3.611111111111111;0.0;1011.68;0.0;Partly Cloudy
1428069600;30.0;21.0;0.58;E;3.611111111111111;0.0;1010.68;0.0;Partly Cloudy
1428073200;30.0;23.0;0.66;ESE;4.722222222222222;0.0;1009.68;0.0;Fair
1428076800;30.0;23.0;0.66;ESE;3.611111111111111;0.0;1008.68;0.0;Fair
1428080400;30.0;22.0;0.62;E;4.722222222222222;0.0;1008.68;0.0;Fair
1428084000;29.0;22.0;0.66;SE;5.277777777777778;0.0;1007.68;0.0;Fair
1428087600;29.0;22.0;0.66;SE;5.277777777777778;0.0;1008.68;0.0;Fair
1428091200;28.0;21.0;0.66;SSE;5.555555555555555;0.0;1008.68;0.0;Fair
1428094800;28.0;22.0;0.7;SE;4.166666666666667;0.0;1008.68;0.0;Fair
1428098400;28.0;21.0;0.66;SE;4.722222222222222;0.0;1009.68;0.0;Fair
1428102000;27.0;22.0;0.74;SE;4.722222222222222;0.0;1010.68;0.0;Fair
1428105600;27.0;22.0;0.74;SSE;4.722222222222222;0.0;1010.68;0.0;Partly Cloudy
1428109200;27.0;22.0;0.74;SE;4.166666666666667;0.0;1010.68;0.0;Mostly Cloudy
1428112800;27.0;22.0;0.74;SE;4.722222222222222;0.0;1010.68;0.0;Partly Cloudy
1428116400;27.0;21.0;0.7;SE;4.722222222222222;0.0;1009.68;0.0;Fair
1428120000;27.0;21.0;0.7;SE;3.611111111111111;0.0;1009.68;0.0;Mostly Cloudy
1428123600;27.0;21.0;0.7;SE;3.0555555555555554;0.0;1008.68;0.0;Mostly Cloudy
1428127200;25.0;22.0;0.83;SW;1.9444444444444444;0.0;1008.68;0.0;Fair
1428130800;24.0;22.0;0.89;SW;1.6666666666666665;0.0;1008.68;0.0;Fair
1428134400;24.0;22.0;0.89;SW;1.6666666666666665;0.0;1008.68;0.0;Fair
1428138000;24.0;22.0;0.89;WSW;1.1111111111111112;0.0;1009.68;0.0;Fair
1428141600;26.0;22.0;0.78;WNW;1.1111111111111112;0.0;1009.68;0.0;Fair
1428145200;27.0;22.0;0.74;WNW;0.5555555555555556;0.0;1010.68;0.0;Partly Cloudy
1428148800;29.0;22.0;0.66;SSE;3.611111111111111;0.0;1010.68;0.0;Partly Cloudy
1428152400;30.0;21.0;0.58;ESE;3.0555555555555554;0.0;1010.68;0.0;Fair
1428156000;30.0;21.0;0.58;E;3.0555555555555554;0.0;1009.68;0.0;Fair
1428159600;30.0;21.0;0.58;SE;4.166666666666667;0.0;1008.68;0.0;Fair
1428163200;30.0;22.0;0.62;ESE;4.722222222222222;0.0;1007.68;0.0;Fair
1428166800;30.0;22.0;0.62;SE;4.722222222222222;0.0;1007.68;0.0;Fair
1428170400;29.0;22.0;0.66;ESE;4.166666666666667;0.0;1007.68;0.0;Partly Cloudy
1428174000;29.0;22.0;0.66;ESE;5.277777777777778;0.0;1007.68;0.0;Partly Cloudy
1428177600;28.0;23.0;0.74;SE;4.722222222222222;0.0;1007.68;0.0;Partly Cloudy
1428181200;27.0;23.0;0.79;SE;4.166666666666667;0.0;1007.68;0.0;Partly Cloudy
1428184800;27.0;23.0;0.79;SE;3.611111111111111;0.0;1008.68;0.0;Partly Cloudy
1428188400;27.0;23.0;0.79;SE;3.0555555555555554;0.0;1009.68;0.0;Partly Cloudy
1428192000;27.0;23.0;0.79;ESE;2.5;0.0;1009.68;0.0;Partly Cloudy
1428195600;27.0;24.0;0.84;E;1.9444444444444444;0.0;1009.68;0.0;Partly Cloudy
1428199200;26.0;24.0;0.89;ENE;2.5;0.0;1009.68;0.0;Partly Cloudy
1428202800;26.0;23.0;0.83;ENE;2.5;0.0;1009.68;0.0;Partly Cloudy
1428206400;26.0;23.0;0.83;NE;2.5;0.0;1008.68;0.0;Fair
1428210000;26.0;23.0;0.83;NE;3.0555555555555554;0.0;1008.68;0.0;Partly Cloudy
1428213600;25.0;23.0;0.89;CALM;0.0;0.0;1008.68;0.0;Partly Cloudy
1428217200;25.0;23.0;0.89;NNW;3.0555555555555554;0.0;1008.68;0.0;Partly Cloudy
1428220800;24.0;23.0;0.94;NNW;2.5;0.0;1008.68;0.0;Partly Cloudy
1428224400;25.0;23.0;0.89;NNW;2.5;0.0;1008.68;0.0;Partly Cloudy
1428228000;25.0;24.0;0.94;NNW;2.5;0.0;1009.68;0.0;Partly Cloudy
1428231600;29.0;23.0;0.7;N;1.9444444444444444;0.0;1010.68;0.0;Partly Cloudy
1428235200;29.0;22.0;0.66;NNE;3.0555555555555554;0.0;1010.68;0.0;Partly Cloudy
1428238800;30.0;22.0;0.62;NNE;4.166666666666667;0.0;1010.68;0.0;Fair
1428242400;31.0;21.0;0.55;NNE;3.611111111111111;0.0;1010.68;0.0;Fair
1428246000;31.0;22.0;0.58;NE;4.166666666666667;0.0;1009.68;0.0;Fair
1428249600;30.0;21.0;0.58;NE;4.166666666666667;0.0;1008.68;0.0;Fair
1428253200;30.0;22.0;0.62;ENE;4.166666666666667;0.0;1007.68;0.0;Fair
1428256800;30.0;21.0;0.58;ENE;4.166666666666667;0.0;1007.68;0.0;Fair
1428260400;29.0;22.0;0.66;ENE;4.166666666666667;0.0;1007.68;0.0;Fair
1428264000;29.0;22.0;0.66;NE;3.0555555555555554;0.0;1007.68;0.0;Fair
1428267600;28.0;23.0;0.74;NE;3.611111111111111;0.0;1008.68;0.0;Fair
1428271200;28.0;22.0;0.7;NE;3.611111111111111;0.0;1008.68;0.0;Fair
1428274800;28.0;23.0;0.74;NNE;2.5;0.0;1008.68;0.0;Fair
1428278400;28.0;23.0;0.74;NE;3.611111111111111;0.0;1009.68;0.0;Fair
1428282000;28.0;23.0;0.74;NE;1.9444444444444444;0.0;1009.68;0.0;Partly Cloudy
1428285600;28.0;23.0;0.74;ENE;1.9444444444444444;0.0;1009.68;0.0;Mostly Cloudy
1428289200;27.0;23.0;0.79;ENE;1.6666666666666665;0.0;1009.68;0.0;Mostly Cloudy
1428292800;26.0;23.0;0.83;NW;1.6666666666666665;0.0;1008.68;0.0;Mostly Cloudy
1428296400;25.0;23.0;0.89;NNW;1.9444444444444444;0.0;1008.68;0.0;Mostly Cloudy
1428300000;25.0;23.0;0.89;NW;1.9444444444444444;0.0;1008.68;0.0;Fair
1428303600;24.0;23.0;0.94;NNW;1.9444444444444444;0.0;1008.68;0.0;Fair
1428307200;24.0;23.0;0.94;NW;1.6666666666666665;0.0;1008.68;0.0;Partly Cloudy
1428310800;25.0;23.0;0.89;NNW;1.6666666666666665;0.0;1009.68;0.0;Fair
1428314400;27.0;23.0;0.79;NW;1.9444444444444444;0.0;1009.68;0.0;Fair
1428318000;29.0;24.0;0.74;NW;1.6666666666666665;0.0;1010.68;0.0;Fair
1428321600;29.0;23.0;0.7;N;1.9444444444444444;0.0;1010.68;0.0;Partly Cloudy
1428325200;31.0;25.0;0.7;ENE;3.0555555555555554;0.0;1010.68;0.0;Partly Cloudy
1428328800;31.0;24.0;0.66;ENE;4.722222222222222;0.0;1009.68;0.0;Fair
1428332400;31.0;24.0;0.66;ENE;5.277777777777778;0.0;1009.68;0.0;Fair
1428336000;31.0;24.0;0.66;ENE;4.722222222222222;0.0;1008.68;0.0;Fair
1428339600;30.0;24.0;0.7;ENE;5.555555555555555;0.0;1007.68;0.0;Fair
1428343200;30.0;24.0;0.7;NNE;5.277777777777778;0.0;1006.69;0.0;Fair
1428346800;29.0;24.0;0.74;NNE;5.277777777777778;0.0;1007.68;0.0;Fair
1428350400;29.0;24.0;0.74;NNE;4.166666666666667;0.0;1007.68;0.0;Fair
1428354000;28.0;24.0;0.79;NE;4.166666666666667;0.0;1007.68;0.0;Fair
1428357600;28.0;24.0;0.79;NNE;3.611111111111111;0.0;1008.68;0.0;Partly Cloudy
1428361200;28.0;24.0;0.79;NNE;4.722222222222222;0.0;1008.68;0.0;Fair
1428364800;28.0;24.0;0.79;NNE;3.0555555555555554;0.0;1009.68;0.0;Partly Cloudy
1428368400;28.0;24.0;0.79;NNE;3.0555555555555554;0.0;1009.68;0.0;Partly Cloudy
1428372000;28.0;24.0;0.79;N;3.611111111111111;0.0;1009.68;0.0;Partly Cloudy
1428375600;27.0;24.0;0.84;NW;1.9444444444444444;0.0;1009.68;0.0;Partly Cloudy
1428379200;25.0;24.0;0.94;WNW;2.5;0.0;1008.68;0.0;Fair
1428382800;25.0;24.0;0.94;WNW;1.1111111111111112;0.0;1008.68;0.0;Partly Cloudy
1428386400;25.0;24.0;0.94;WNW;2.5;0.0;1008.68;0.0;Partly Cloudy
1428390000;25.0;24.0;0.94;NW;1.9444444444444444;0.0;1008.68;0.0;Partly Cloudy
1428393600;25.0;24.0;0.94;WNW;1.9444444444444444;0.0;1008.68;0.0;Mostly Cloudy
1428397200;25.0;24.0;0.94;WNW;1.9444444444444444;0.0;1008.68;0.0;Partly Cloudy
1428400800;26.0;24.0;0.89;WNW;2.5;0.0;1009.68;0.0;Fair
1428404400;28.0;24.0;0.79;NW;4.166666666666667;0.0;1009.68;0.0;Partly Cloudy
1428408000;29.0;24.0;0.74;NNW;4.722222222222222;0.0;1010.68;0.0;Mostly Cloudy
1428411600;30.0;24.0;0.7;NNW;4.722222222222222;0.0;1009.68;0.0;Partly Cloudy
1428415200;30.0;24.0;0.7;NW;4.166666666666667;0.0;1009.68;0.0;Partly Cloudy
1428418800;30.0;24.0;0.7;ENE;4.722222222222222;0.0;1008.68;0.0;Partly Cloudy
1428422400;31.0;24.0;0.66;ENE;6.666666666666666;0.0;1007.68;0.0;Fair
1428426000;31.0;24.0;0.66;ENE;6.111111111111111;0.0;1006.69;0.0;Fair
1428429600;31.0;24.0;0.66;NE;5.277777777777778;0.0;1006.69;0.0;Fair
1428433200;30.0;24.0;0.7;NE;6.111111111111111;0.0;1006.69;0.0;Fair
1428436800;29.0;24.0;0.74;NE;5.277777777777778;0.0;1006.69;0.0;Partly Cloudy
1428440400;28.0;24.0;0.79;NE;7.777777777777778;0.0;1007.68;0.0;Partly Cloudy
1428444000;28.0;24.0;0.79;NE;5.277777777777778;0.0;1009.68;0.0;Partly Cloudy
1428447600;28.0;24.0;0.79;NNE;4.166666666666667;0.0;1009.68;0.0;Partly Cloudy
1428451200;28.0;24.0;0.79;NNE;4.722222222222222;0.0;1010.68;0.0;Mostly Cloudy
1428454800;27.0;24.0;0.84;NW;2.5;0.0;1011.68;0.0;Partly Cloudy
1428458400;27.0;24.0;0.84;WNW;1.9444444444444444;0.0;1011.68;0.0;Partly Cloudy
1428462000;27.0;24.0;0.84;WNW;2.5;0.0;1011.68;0.0;Partly Cloudy
1428465600;26.0;24.0;0.89;WNW;1.9444444444444444;0.0;1010.68;0.0;Fair
1428469200;26.0;24.0;0.89;NW;1.9444444444444444;0.0;1009.68;0.0;Partly Cloudy
1428472800;26.0;24.0;0.89;W;1.6666666666666665;0.0;1009.68;0.0;Partly Cloudy
1428476400;26.0;24.0;0.89;NW;1.9444444444444444;0.0;1009.68;0.0;Partly Cloudy
1428480000;25.0;24.0;0.94;NW;1.1111111111111112;0.0;1009.68;0.0;Fair
1428483600;25.0;24.0;0.94;W;1.6666666666666665;0.0;1010.68;0.0;Fair
1428487200;27.0;24.0;0.84;WNW;1.9444444444444444;0.0;1010.68;0.0;Fair
1428490800;29.0;25.0;0.79;NNW;2.5;0.0;1011.68;0.0;Partly Cloudy
1428494400;30.0;24.0;0.7;NE;3.0555555555555554;0.0;1011.68;0.0;Partly Cloudy
1428498000;31.0;24.0;0.66;NNE;4.166666666666667;0.0;1011.68;0.0;Partly Cloudy
1428501600;31.0;24.0;0.66;ENE;4.166666666666667;0.0;1010.68;0.0;Partly Cloudy
1428505200;31.0;24.0;0.66;E;4.722222222222222;0.0;1010.68;0.0;Partly Cloudy
1428508800;31.0;25.0;0.7;ENE;4.722222222222222;0.0;1009.68;0.0;Partly Cloudy
1428512400;31.0;25.0;0.7;ENE;4.722222222222222;0.0;1008.68;0.0;Partly Cloudy
1428516000;30.0;24.0;0.7;ENE;4.722222222222222;0.0;1008.68;0.0;Fair
1428519600;29.0;24.0;0.74;E;4.166666666666667;0.0;1008.68;0.0;Partly Cloudy
1428523200;29.0;24.0;0.74;ENE;3.611111111111111;0.0;1008.68;0.0;Partly Cloudy
1428526800;29.0;24.0;0.74;E;2.5;0.0;1009.68;0.0;Partly Cloudy
1428530400;29.0;25.0;0.79;ENE;2.5;0.0;1010.68;0.0;Mostly Cloudy
1428534000;28.0;24.0;0.79;ENE;3.0555555555555554;0.0;1011.68;0.0;Partly Cloudy
1428537600;28.0;24.0;0.79;ENE;2.5;0.0;1011.68;0.0;Partly Cloudy
1428541200;28.0;24.0;0.79;ENE;2.5;0.0;1012.68;0.0;Mostly Cloudy
1428544800;28.0;25.0;0.84;ESE;2.5;0.0;1011.68;0.0;Mostly Cloudy
1428548400;27.0;25.0;0.89;E;3.0555555555555554;0.0;1011.68;0.0;Mostly Cloudy
1428552000;27.0;24.0;0.84;ESE;3.0555555555555554;0.0;1010.68;0.0;Partly Cloudy
1428555600;27.0;24.0;0.84;ESE;2.5;0.0;1009.68;0.0;Partly Cloudy
1428559200;27.0;24.0;0.84;ESE;2.5;0.0;1009.68;0.0;Mostly Cloudy
1428562800;27.0;23.0;0.79;ESE;3.611111111111111;0.0;1009.68;0.0;Partly Cloudy
1428566400;27.0;23.0;0.79;SE;3.0555555555555554;0.0;1009.68;0.0;Partly Cloudy
1428570000;27.0;23.0;0.79;SE;1.9444444444444444;0.0;1010.68;0.0;Partly Cloudy
1428573600;29.0;24.0;0.74;SE;2.5;0.0;1010.68;0.0;Fair
1428577200;29.0;23.0;0.7;E;3.0555555555555554;0.0;1011.68;0.0;Fair
1428580800;29.0;23.0;0.7;E;2.5;0.0;1011.68;0.0;Partly Cloudy
1428584400;29.0;24.0;0.74;E;3.611111111111111;0.0;1011.68;0.0;Partly Cloudy
1428588000;30.0;24.0;0.7;E;4.722222222222222;0.0;1011.68;0.0;Partly Cloudy
1428591600;30.0;24.0;0.7;ESE;4.722222222222222;0.0;1010.68;0.0;Partly Cloudy
1428595200;30.0;24.0;0.7;ESE;4.722222222222222;0.0;1010.68;0.0;Fair
1428598800;30.0;24.0;0.7;ESE;3.611111111111111;0.0;1009.68;0.0;Fair
1428602400;30.0;24.0;0.7;ESE;5.277777777777778;0.0;1009.68;0.0;Partly Cloudy
1428606000;29.0;24.0;0.74;SE;4.166666666666667;0.0;1010.68;0.0;Partly Cloudy
1428609600;29.0;23.0;0.7;SE;4.722222222222222;0.0;1010.68;0.0;Partly Cloudy
1428613200;28.0;23.0;0.74;SE;3.611111111111111;0.0;1010.68;0.0;Fair
1428616800;28.0;23.0;0.74;ESE;3.611111111111111;0.0;1011.68;0.0;Fair
1428620400;28.0;23.0;0.74;E;3.611111111111111;0.0;1011.68;0.0;Fair
1428624000;28.0;22.0;0.7;ESE;3.611111111111111;0.0;1012.68;0.0;Fair
1428627600;28.0;23.0;0.74;E;2.5;0.0;1012.68;0.0;Fair
1428631200;27.0;23.0;0.79;SE;3.0555555555555554;0.0;1012.68;0.0;Partly Cloudy
1428634800;27.0;23.0;0.79;SSE;2.5;0.0;1011.68;0.0;Partly Cloudy
1428638400;27.0;23.0;0.79;SE;2.5;0.0;1011.68;0.0;Partly Cloudy
1428642000;26.0;23.0;0.83;CALM;0.0;0.0;1010.68;0.0;Partly Cloudy
1428645600;25.0;23.0;0.89;SW;2.5;0.0;1010.68;0.0;Fair
1428649200;25.0;23.0;0.89;SSW;3.0555555555555554;0.0;1010.68;0.0;Partly Cloudy
1428652800;24.0;23.0;0.94;SW;2.5;0.0;1010.68;0.0;Partly Cloudy
1428656400;25.0;23.0;0.89;CALM;0.0;0.0;1011.68;0.0;Partly Cloudy
1428660000;26.0;24.0;0.89;SW;2.5;0.0;1011.68;0.0;Partly Cloudy
1428663600;28.0;24.0;0.79;S;3.0555555555555554;0.0;1011.68;0.0;Partly Cloudy
1428667200;27.0;25.0;0.89;ESE;3.611111111111111;0.0;1012.68;0.0;Showers in the Vicinity
1428670800;28.0;25.0;0.84;ESE;4.166666666666667;0.0;1012.68;0.0;Mostly Cloudy
1428674400;30.0;25.0;0.74;ESE;5.555555555555555;0.0;1011.68;0.0;Mostly Cloudy
1428678000;30.0;25.0;0.74;ESE;5.555555555555555;0.0;1011.68;0.0;Partly Cloudy
1428681600;30.0;25.0;0.74;SE;5.555555555555555;0.0;1010.68;0.0;Fair
1428685200;30.0;25.0;0.74;SE;6.111111111111111;0.0;1009.68;0.0;Fair
1428688800;30.0;24.0;0.7;SE;5.555555555555555;0.0;1009.68;0.0;Fair
1428692400;29.0;24.0;0.74;SE;5.277777777777778;0.0;1009.68;0.0;Fair
1428696000;29.0;24.0;0.74;SE;4.722222222222222;0.0;1010.68;0.0;Fair
1428699600;28.0;24.0;0.79;SSE;5.555555555555555;0.0;1010.68;0.0;Partly Cloudy
1428703200;28.0;24.0;0.79;SE;3.611111111111111;0.0;1011.68;0.0;Partly Cloudy
1428706800;28.0;24.0;0.79;SE;5.277777777777778;0.0;1011.68;0.0;Partly Cloudy
1428710400;28.0;24.0;0.79;SE;4.166666666666667;0.0;1012.68;0.0;Partly Cloudy
1428714000;28.0;24.0;0.79;SE;4.166666666666667;0.0;1012.68;0.0;Partly Cloudy
1428717600;28.0;24.0;0.79;SE;4.166666666666667;0.0;1012.68;0.0;Partly Cloudy
1428721200;28.0;24.0;0.79;SE;4.166666666666667;0.0;1011.68;0.0;Partly Cloudy
1428724800;28.0;24.0;0.79;ESE;4.166666666666667;0.0;1011.68;0.0;Partly Cloudy
1428728400;27.0;24.0;0.84;SE;3.611111111111111;0.0;1010.68;0.0;Partly Cloudy
1428732000;27.0;24.0;0.84;ESE;3.0555555555555554;0.0;1010.68;0.0;Partly Cloudy
1428735600;26.0;24.0;0.89;WSW;1.6666666666666665;0.0;1010.68;0.0;Partly Cloudy
1428739200;26.0;24.0;0.89;SW;1.6666666666666665;0.0;1010.68;0.0;Partly Cloudy
1428742800;25.0;24.0;0.94;SW;1.6666666666666665;0.0;1011.68;0.0;Partly Cloudy
1428746400;27.0;24.0;0.84;SSW;1.6666666666666665;0.0;1011.68;0.0;Partly Cloudy
1428750000;28.0;25.0;0.84;SSW;2.5;0.0;1012.68;0.0;Mostly Cloudy
1428753600;29.0;24.0;0.74;S;3.611111111111111;0.0;1012.68;0.0;Partly Cloudy
1428757200;29.0;24.0;0.74;S;4.166666666666667;0.0;1012.68;0.0;Mostly Cloudy
1428760800;29.0;25.0;0.79;SE;3.611111111111111;0.0;1011.68;0.0;Mostly Cloudy
1428764400;31.0;24.0;0.66;SE;4.722222222222222;0.0;1011.68;0.0;Partly Cloudy
1428768000;29.0;24.0;0.74;SE;4.722222222222222;0.0;1010.68;0.0;Fair
1428771600;29.0;24.0;0.74;SSE;5.277777777777778;0.0;1010.68;0.0;Fair
1428775200;29.0;24.0;0.74;SE;4.722222222222222;0.0;1009.68;0.0;Fair
1428778800;29.0;24.0;0.74;SE;4.722222222222222;0.0;1010.68;0.0;Fair
1428782400;28.0;24.0;0.79;ESE;4.166666666666667;0.0;1010.68;0.0;Fair
1428786000;28.0;24.0;0.79;SE;4.722222222222222;0.0;1010.68;0.0;Partly Cloudy
1428789600;28.0;24.0;0.79;SE;4.166666666666667;0.0;1010.68;0.0;Fair
1428793200;28.0;24.0;0.79;SE;4.722222222222222;0.0;1011.68;0.0;Fair
1428796800;28.0;24.0;0.79;SE;3.611111111111111;0.0;1011.68;0.0;Partly Cloudy
1428800400;27.0;24.0;0.84;SSE;3.611111111111111;0.0;1011.68;0.0;Fair
1428804000;27.0;24.0;0.84;SSE;4.722222222222222;0.0;1011.68;0.0;Fair
1428807600;27.0;24.0;0.84;SSE;3.0555555555555554;0.0;1010.68;0.0;Partly Cloudy
1428811200;26.0;24.0;0.89;SW;1.6666666666666665;0.0;1010.68;0.0;Partly Cloudy
1428814800;26.0;24.0;0.89;SW;1.6666666666666665;0.0;1010.68;0.0;Partly Cloudy
1428818400;25.0;24.0;0.94;SSW;1.6666666666666665;0.0;1009.68;0.0;Partly Cloudy
1428822000;25.0;24.0;0.94;VAR;1.1111111111111112;0.0;1009.68;0.0;Partly Cloudy
1428825600;25.0;24.0;0.94;VAR;0.5555555555555556;0.0;1010.68;0.0;Partly Cloudy
1428829200;25.0;24.0;0.94;NW;1.6666666666666665;0.0;1010.68;0.0;Partly Cloudy
1428832800;26.0;25.0;0.94;SW;2.5;0.0;1011.68;0.0;Showers in the Vicinity
1428836400;28.0;26.0;0.89;CALM;0.0;0.0;1012.68;0.0;Mostly Cloudy
1428840000;29.0;24.0;0.74;SE;4.722222222222222;0.0;1012.68;0.0;Partly Cloudy
1428843600;30.0;24.0;0.7;ESE;5.277777777777778;0.0;1012.68;0.0;Partly Cloudy
1428847200;30.0;24.0;0.7;ESE;4.166666666666667;0.0;1011.68;0.0;Partly Cloudy
1428850800;30.0;24.0;0.7;ESE;4.722222222222222;0.0;1010.68;0.0;Fair
1428854400;30.0;24.0;0.7;ESE;4.722222222222222;0.0;1009.68;0.0;Fair
1428858000;30.0;24.0;0.7;ESE;4.166666666666667;0.0;1009.68;0.0;Fair
1428861600;30.0;24.0;0.7;SE;5.277777777777778;0.0;1009.68;0.0;Fair
1428865200;30.0;24.0;0.7;SE;4.166666666666667;0.0;1009.68;0.0;Fair
1428868800;28.0;24.0;0.79;SE;5.277777777777778;0.0;1009.68;0.0;Partly Cloudy
1428872400;28.0;24.0;0.79;SE;4.166666666666667;0.0;1010.68;0.0;Partly Cloudy
1428876000;28.0;24.0;0.79;SE;4.166666666666667;0.0;1010.68;0.0;Fair
1428879600;28.0;24.0;0.79;SE;3.611111111111111;0.0;1011.68;0.0;Partly Cloudy
1428883200;28.0;24.0;0.79;ESE;3.611111111111111;0.0;1011.68;0.0;Fair
1428886800;28.0;24.0;0.79;SE;4.166666666666667;0.0;1012.68;0.0;Partly Cloudy
1428890400;28.0;24.0;0.79;SE;3.0555555555555554;0.0;1011.68;0.0;Fair
1428894000;28.0;24.0;0.79;SE;2.5;0.0;1011.68;0.0;Fair
1428897600;27.0;23.0;0.79;SE;2.5;0.0;1011.68;0.0;Partly Cloudy
1428901200;28.0;23.0;0.74;ESE;3.0555555555555554;0.0;1010.68;0.0;Partly Cloudy
1428904800;27.0;23.0;0.79;ESE;2.5;0.0;1010.68;0.0;Fair
1428908400;27.0;24.0;0.84;ESE;3.0555555555555554;0.0;1010.68;0.0;Partly Cloudy
1428912000;27.0;23.0;0.79;ESE;3.0555555555555554;0.0;1011.68;0.0;Partly Cloudy
1428915600;28.0;24.0;0.79;ESE;2.5;0.0;1011.68;0.0;Partly Cloudy
1428919200;29.0;24.0;0.74;SE;4.166666666666667;0.0;1012.68;0.0;Partly Cloudy
1428922800;29.0;24.0;0.74;ESE;4.166666666666667;0.0;1013.68;0.0;Mostly Cloudy
1428926400;30.0;24.0;0.7;SE;4.166666666666667;0.0;1013.68;0.0;Partly Cloudy
1428930000;31.0;25.0;0.7;ESE;4.722222222222222;0.0;1013.68;0.0;Partly Cloudy
1428933600;31.0;25.0;0.7;ESE;3.611111111111111;0.0;1013.68;0.0;Partly Cloudy
1428937200;31.0;25.0;0.7;SE;4.166666666666667;0.0;1012.68;0.0;Mostly Cloudy
1428940800;31.0;25.0;0.7;ESE;4.166666666666667;0.0;1011.68;0.0;Mostly Cloudy
1428944400;30.0;24.0;0.7;E;4.722222222222222;0.0;1011.68;0.0;Partly Cloudy
1428948000;30.0;24.0;0.7;ESE;4.166666666666667;0.0;1010.68;0.0;Partly Cloudy
1428951600;29.0;24.0;0.74;ESE;3.611111111111111;0.0;1011.68;0.0;Fair
1428955200;29.0;24.0;0.74;SE;4.166666666666667;0.0;1011.68;0.0;Partly Cloudy
1428958800;28.0;24.0;0.79;SE;4.722222222222222;0.0;1011.68;0.0;Partly Cloudy
1428962400;28.0;23.0;0.74;ESE;3.0555555555555554;0.0;1012.68;0.0;Partly Cloudy
1428966000;28.0;23.0;0.74;ESE;4.166666666666667;0.0;1012.68;0.0;Fair
1428969600;28.0;24.0;0.79;ESE;3.611111111111111;0.0;1013.68;0.0;Fair
1428973200;28.0;24.0;0.79;E;2.5;0.0;1013.68;0.0;Partly Cloudy
1428976800;28.0;24.0;0.79;ESE;2.5;0.0;1012.68;0.0;Partly Cloudy
1428980400;28.0;24.0;0.79;ESE;3.0555555555555554;0.0;1012.68;0.0;Mostly Cloudy
1428984000;27.0;24.0;0.84;SE;3.0555555555555554;0.0;1011.68;0.0;Mostly Cloudy
1428987600;28.0;24.0;0.79;SE;4.166666666666667;0.0;1011.68;0.0;Mostly Cloudy
1428991200;27.0;24.0;0.84;SE;3.611111111111111;0.0;1010.68;0.0;Partly Cloudy
1428994800;27.0;24.0;0.84;SE;3.611111111111111;0.0;1010.68;0.0;Partly Cloudy
1428998400;28.0;24.0;0.79;SE;3.0555555555555554;0.0;1011.68;0.0;Partly Cloudy
1429002000;28.0;24.0;0.79;ESE;3.0555555555555554;0.0;1011.68;0.0;Partly Cloudy
1429005600;27.0;25.0;0.89;S;1.6666666666666665;0.0;1012.68;0.0;Partly Cloudy
1429009200;29.0;24.0;0.74;SE;4.166666666666667;0.0;1013.68;0.0;Partly Cloudy
1429012800;30.0;25.0;0.74;SE;5.277777777777778;0.0;1013.68;0.0;Partly Cloudy
1429016400;30.0;25.0;0.74;SE;4.722222222222222;0.0;1013.68;0.0;Partly Cloudy
1429020000;31.0;26.0;0.75;ESE;4.722222222222222;0.0;1012.68;0.0;Partly Cloudy
1429023600;31.0;25.0;0.7;SE;6.111111111111111;0.0;1011.68;0.0;Partly Cloudy
1429027200;31.0;25.0;0.7;SE;5.277777777777778;0.0;1011.68;0.0;Partly Cloudy
1429030800;30.0;24.0;0.7;SE;5.277777777777778;0.0;1010.68;0.0;Fair
1429034400;30.0;24.0;0.7;ESE;5.277777777777778;0.0;1010.68;0.0;Partly Cloudy
1429038000;29.0;24.0;0.74;E;3.611111111111111;0.0;1010.68;0.0;Partly Cloudy
1429041600;29.0;24.0;0.74;SE;5.277777777777778;0.0;1010.68;0.0;Partly Cloudy
1429045200;28.0;24.0;0.79;ESE;4.166666666666667;0.0;1011.68;0.0;Partly Cloudy
1429048800;28.0;24.0;0.79;SE;5.277777777777778;0.0;1011.68;0.0;Fair
1429052400;27.0;24.0;0.84;ESE;3.611111111111111;0.0;1012.68;0.0;Partly Cloudy
1429056000;27.0;23.0;0.79;SE;5.277777777777778;0.0;1012.68;0.0;Partly Cloudy
1429059600;27.0;23.0;0.79;ESE;4.166666666666667;0.0;1012.68;0.0;Partly Cloudy
1429063200;27.0;23.0;0.79;ESE;4.166666666666667;0.0;1012.68;0.0;Partly Cloudy
1429066800;27.0;24.0;0.84;SE;3.611111111111111;0.0;1012.68;0.0;Mostly Cloudy
1429070400;27.0;23.0;0.79;ESE;4.166666666666667;0.0;1011.68;0.0;Partly Cloudy
1429074000;26.0;23.0;0.83;ESE;3.0555555555555554;0.0;1011.68;0.0;Partly Cloudy
1429077600;26.0;23.0;0.83;ESE;3.0555555555555554;0.0;1010.68;0.0;Partly Cloudy
1429081200;26.0;23.0;0.83;SE;2.5;0.0;1011.68;0.0;Partly Cloudy
1429084800;26.0;23.0;0.83;SE;3.611111111111111;0.0;1011.68;0.0;Partly Cloudy
1429088400;26.0;23.0;0.83;SSE;3.611111111111111;0.0;1011.68;0.0;Partly Cloudy
1429092000;27.0;23.0;0.79;SE;3.0555555555555554;0.0;1012.68;0.0;Partly Cloudy
1429095600;29.0;23.0;0.7;ESE;4.722222222222222;0.0;1012.68;0.0;Mostly Cloudy
1429099200;30.0;24.0;0.7;SE;5.555555555555555;0.0;1013.68;0.0;Mostly Cloudy
1429102800;30.0;24.0;0.7;ESE;5.277777777777778;0.0;1012.68;0.0;Partly Cloudy
1429106400;30.0;24.0;0.7;E;6.111111111111111;0.0;1012.68;0.0;Partly Cloudy
1429110000;30.0;23.0;0.66;ESE;5.555555555555555;0.0;1011.68;0.0;Fair
1429113600;30.0;23.0;0.66;E;4.722222222222222;0.0;1010.68;0.0;Fair
1429117200;30.0;23.0;0.66;E;5.277777777777778;0.0;1009.68;0.0;Fair
1429120800;30.0;24.0;0.7;SSE;5.277777777777778;0.0;1009.68;0.0;Fair
1429124400;29.0;23.0;0.7;SE;4.166666666666667;0.0;1009.68;0.0;Partly Cloudy
1429128000;28.0;23.0;0.74;SE;5.277777777777778;0.0;1009.68;0.0;Partly Cloudy
1429131600;28.0;22.0;0.7;SE;4.722222222222222;0.0;1010.68;0.0;Fair
1429135200;28.0;22.0;0.7;SE;4.166666666666667;0.0;1010.68;0.0;Fair
1429138800;28.0;22.0;0.7;SE;4.166666666666667;0.0;1011.68;0.0;Partly Cloudy
1429142400;28.0;22.0;0.7;SE;3.611111111111111;0.0;1011.68;0.0;Partly Cloudy
1429146000;28.0;22.0;0.7;ESE;3.0555555555555554;0.0;1011.68;0.0;Partly Cloudy
1429149600;28.0;22.0;0.7;SE;4.166666666666667;0.0;1011.68;0.0;Fair
1429153200;28.0;22.0;0.7;ESE;2.5;0.0;1011.68;0.0;Fair
1429156800;28.0;23.0;0.74;ESE;2.5;0.0;1010.68;0.0;Fair
1429160400;27.0;22.0;0.74;SE;8.333333333333334;0.0;1010.68;0.0;Fair
1429164000;25.0;23.0;0.89;S;5.277777777777778;0.0;1010.68;0.0;Showers in the Vicinity
1429167600;25.0;23.0;0.89;WSW;1.6666666666666665;0.0;1010.68;0.0;Partly Cloudy
1429171200;24.0;22.0;0.89;CALM;0.0;0.0;1010.68;0.0;Partly Cloudy
1429174800;25.0;23.0;0.89;WSW;1.1111111111111112;0.0;1011.68;0.0;Showers in the Vicinity
1429178400;25.0;24.0;0.94;SSW;1.6666666666666665;0.0;1011.68;0.0;Partly Cloudy
1429182000;28.0;24.0;0.79;E;4.166666666666667;0.0;1012.68;0.0;Fair
1429185600;30.0;23.0;0.66;ESE;4.166666666666667;0.0;1012.68;0.0;Fair
1429189200;30.0;24.0;0.7;SE;4.722222222222222;0.0;1012.68;0.0;Fair
1429192800;30.0;24.0;0.7;ESE;4.166666666666667;0.0;1011.68;0.0;Fair
1429196400;30.0;23.0;0.66;SE;4.722222222222222;0.0;1010.68;0.0;Fair
1429200000;30.0;24.0;0.7;SE;4.166666666666667;0.0;1010.68;0.0;Partly Cloudy
1429203600;30.0;23.0;0.66;SE;4.722222222222222;0.0;1009.68;0.0;Partly Cloudy
1429207200;30.0;22.0;0.62;E;3.0555555555555554;0.0;1008.68;0.0;Fair
1429210800;30.0;23.0;0.66;ESE;4.166666666666667;0.0;1008.68;0.0;Fair
1429214400;29.0;23.0;0.7;E;3.611111111111111;0.0;1009.68;0.0;Fair
1429218000;28.0;23.0;0.74;ESE;3.611111111111111;0.0;1009.68;0.0;Fair
1429221600;28.0;23.0;0.74;ESE;3.0555555555555554;0.0;1009.68;0.0;Fair
1429225200;28.0;23.0;0.74;ESE;3.611111111111111;0.0;1010.68;0.0;Fair
1429228800;28.0;23.0;0.74;ESE;4.166666666666667;0.0;1011.68;0.0;Partly Cloudy
1429232400;28.0;22.0;0.7;E;4.166666666666667;0.0;1011.68;0.0;Partly Cloudy
1429236000;28.0;22.0;0.7;E;3.0555555555555554;0.0;1011.68;0.0;Partly Cloudy
1429239600;28.0;22.0;0.7;E;3.611111111111111;0.0;1010.68;0.0;Fair
1429243200;27.0;22.0;0.74;E;4.166666666666667;0.0;1010.68;0.0;Partly Cloudy
1429246800;28.0;22.0;0.7;E;3.611111111111111;0.0;1009.68;0.0;Mostly Cloudy
1429250400;27.0;21.0;0.7;ESE;3.0555555555555554;0.0;1009.68;0.0;Partly Cloudy
1429254000;27.0;21.0;0.7;ESE;3.0555555555555554;0.0;1009.68;0.0;Partly Cloudy
1429257600;27.0;22.0;0.74;ESE;3.611111111111111;0.0;1009.68;0.0;Partly Cloudy
1429261200;27.0;22.0;0.74;ESE;3.611111111111111;0.0;1010.68;0.0;Partly Cloudy
1429264800;28.0;21.0;0.66;ESE;4.166666666666667;0.0;1011.68;0.0;Partly Cloudy
1429268400;28.0;22.0;0.7;SE;4.166666666666667;0.0;1012.68;0.0;Partly Cloudy
1429272000;30.0;22.0;0.62;SE;4.166666666666667;0.0;1012.68;0.0;Fair
1429275600;30.0;22.0;0.62;SE;4.166666666666667;0.0;1012.68;0.0;Partly Cloudy
1429279200;31.0;22.0;0.58;SSE;4.166666666666667;0.0;1012.68;0.0;Fair
1429282800;30.0;21.0;0.58;SE;5.277777777777778;0.0;1011.68;0.0;Fair
1429286400;30.0;22.0;0.62;SE;4.722222222222222;0.0;1010.68;0.0;Fair
1429290000;30.0;22.0;0.62;ESE;5.277777777777778;0.0;1010.68;0.0;Fair
1429293600;30.0;22.0;0.62;E;5.277777777777778;0.0;1009.68;0.0;Fair
1429297200;29.0;23.0;0.7;E;4.722222222222222;0.0;1009.68;0.0;Fair
1429300800;28.0;23.0;0.74;ESE;4.166666666666667;0.0;1009.68;0.0;Fair
1429304400;28.0;23.0;0.74;ESE;4.166666666666667;0.0;1010.68;0.0;Fair
1429308000;28.0;23.0;0.74;ESE;3.611111111111111;0.0;1010.68;0.0;Fair
1429311600;28.0;23.0;0.74;ESE;3.611111111111111;0.0;1011.68;0.0;Fair
1429315200;27.0;22.0;0.74;ESE;3.0555555555555554;0.0;1011.68;0.0;Fair
1429318800;27.0;22.0;0.74;ESE;3.0555555555555554;0.0;1011.68;0.0;Partly Cloudy
1429322400;27.0;22.0;0.74;ESE;3.0555555555555554;0.0;1011.68;0.0;Partly Cloudy
1429326000;26.0;22.0;0.78;SE;3.611111111111111;0.0;1011.68;0.0;Partly Cloudy
1429329600;26.0;21.0;0.74;SE;2.5;0.0;1010.68;0.0;Fair
1429333200;26.0;22.0;0.78;SE;2.5;0.0;1010.68;0.0;Partly Cloudy
1429336800;26.0;21.0;0.74;SSE;3.0555555555555554;0.0;1010.68;0.0;Partly Cloudy
1429340400;24.0;22.0;0.89;SW;2.5;0.0;1009.68;0.0;Fair
1429344000;24.0;22.0;0.89;CALM;0.0;0.0;1010.68;0.0;Partly Cloudy
1429347600;24.0;22.0;0.89;SSW;1.9444444444444444;0.0;1010.68;0.0;Partly Cloudy
1429351200;25.0;22.0;0.83;WSW;2.5;0.0;1011.68;0.0;Mostly Cloudy
1429354800;27.0;23.0;0.79;S;2.5;0.0;1011.68;0.0;Partly Cloudy
1429358400;29.0;23.0;0.7;SSE;4.166666666666667;0.0;1012.68;0.0;Partly Cloudy
1429362000;30.0;23.0;0.66;SSE;5.277777777777778;0.0;1012.68;0.0;Partly Cloudy
1429365600;31.0;23.0;0.62;SSE;4.722222222222222;0.0;1012.68;0.0;Partly Cloudy
1429369200;31.0;23.0;0.62;E;5.277777777777778;0.0;1011.68;0.0;Partly Cloudy
1429372800;31.0;23.0;0.62;SE;4.166666666666667;0.0;1010.68;0.0;Partly Cloudy
1429376400;31.0;22.0;0.58;SE;4.722222222222222;0.0;1009.68;0.0;Partly Cloudy
1429380000;30.0;22.0;0.62;ESE;5.277777777777778;0.0;1009.68;0.0;Fair
1429383600;29.0;22.0;0.66;E;3.611111111111111;0.0;1008.68;0.0;Fair
1429387200;28.0;22.0;0.7;E;3.611111111111111;0.0;1009.68;0.0;Fair
1429390800;28.0;22.0;0.7;ESE;4.166666666666667;0.0;1009.68;0.0;Fair
1429394400;28.0;23.0;0.74;ESE;3.611111111111111;0.0;1010.68;0.0;Fair
1429398000;27.0;23.0;0.79;ESE;3.0555555555555554;0.0;1011.68;0.0;Fair
1429401600;27.0;23.0;0.79;ESE;3.0555555555555554;0.0;1011.68;0.0;Partly Cloudy
1429405200;27.0;23.0;0.79;SE;3.0555555555555554;0.0;1011.68;0.0;Fair
1429408800;27.0;23.0;0.79;SE;3.0555555555555554;0.0;1010.68;0.0;Partly Cloudy
1429412400;28.0;23.0;0.74;ESE;3.0555555555555554;0.0;1010.68;0.0;Partly Cloudy
1429416000;27.0;22.0;0.74;SE;5.277777777777778;0.0;1009.68;0.0;Fair
1429419600;27.0;21.0;0.7;SE;3.0555555555555554;0.0;1009.68;0.0;Fair
1429423200;27.0;21.0;0.7;SE;1.9444444444444444;0.0;1009.68;0.0;Fair
1429426800;25.0;22.0;0.83;SW;1.9444444444444444;0.0;1009.68;0.0;Fair
1429430400;24.0;22.0;0.89;SW;1.1111111111111112;0.0;1009.68;0.0;Fair
1429434000;24.0;22.0;0.89;SSW;1.6666666666666665;0.0;1010.68;0.0;Fair
1429437600;26.0;22.0;0.78;SW;1.6666666666666665;0.0;1010.68;0.0;Fair
1429441200;29.0;22.0;0.66;SSW;2.5;0.0;1011.68;0.0;Fair
1429444800;29.0;22.0;0.66;SSE;2.5;0.0;1011.68;0.0;Fair
1429448400;30.0;22.0;0.62;ESE;3.611111111111111;0.0;1011.68;0.0;Fair
1429452000;30.0;22.0;0.62;ESE;3.0555555555555554;0.0;1010.68;0.0;Fair
1429455600;30.0;23.0;0.66;ESE;2.5;0.0;1009.68;0.0;Partly Cloudy
1429459200;29.0;23.0;0.7;SE;3.611111111111111;0.0;1008.68;0.0;Partly Cloudy
1429462800;30.0;23.0;0.66;SE;4.722222222222222;0.0;1008.68;0.0;Partly Cloudy
1429466400;29.0;23.0;0.7;ESE;3.0555555555555554;0.0;1008.68;0.0;Partly Cloudy
1429470000;28.0;24.0;0.79;SSE;3.611111111111111;0.0;1008.68;0.0;Showers in the Vicinity
1429473600;28.0;24.0;0.79;SE;3.0555555555555554;0.0;1008.68;0.0;Mostly Cloudy
1429477200;27.0;24.0;0.84;SSE;4.166666666666667;0.0;1009.68;0.0;Mostly Cloudy
1429480800;27.0;23.0;0.79;SE;2.5;0.0;1010.68;0.0;Partly Cloudy
1429484400;27.0;23.0;0.79;ESE;2.5;0.0;1010.68;0.0;Partly Cloudy
1429488000;27.0;23.0;0.79;E;3.0555555555555554;0.0;1011.68;0.0;Partly Cloudy
1429491600;27.0;23.0;0.79;ENE;3.0555555555555554;0.0;1011.68;0.0;Partly Cloudy
1429495200;26.0;23.0;0.83;ENE;2.5;0.0;1011.68;0.0;Partly Cloudy
1429498800;27.0;23.0;0.79;ENE;2.5;0.0;1010.68;0.0;Partly Cloudy
1429502400;26.0;23.0;0.83;NE;2.5;0.0;1010.68;0.0;Partly Cloudy
1429506000;26.0;23.0;0.83;CALM;0.0;0.0;1010.68;0.0;Partly Cloudy
1429509600;25.0;23.0;0.89;CALM;0.0;0.0;1009.68;0.0;Partly Cloudy
1429513200;25.0;23.0;0.89;W;2.5;0.0;1009.68;0.0;Partly Cloudy
1429516800;25.0;23.0;0.89;WNW;2.5;0.0;1009.68;0.0;Partly Cloudy
1429520400;25.0;23.0;0.89;CALM;0.0;0.0;1010.68;0.0;Partly Cloudy
1429524000;27.0;24.0;0.84;CALM;0.0;0.0;1010.68;0.0;Partly Cloudy
1429527600;29.0;23.0;0.7;ENE;2.5;0.0;1011.68;0.0;Partly Cloudy
1429531200;30.0;23.0;0.66;ESE;4.166666666666667;0.0;1011.68;0.0;Partly Cloudy
1429534800;30.0;24.0;0.7;E;4.166666666666667;0.0;1011.68;0.0;Partly Cloudy
1429538400;30.0;24.0;0.7;ENE;3.611111111111111;0.0;1010.68;0.0;Fair
1429542000;30.0;22.0;0.62;E;4.722222222222222;0.0;1009.68;0.0;Fair
1429545600;31.0;23.0;0.62;E;4.722222222222222;0.0;1009.68;0.0;Fair
1429549200;30.0;22.0;0.62;E;5.277777777777778;0.0;1008.68;0.0;Fair
1429552800;29.0;23.0;0.7;ESE;4.166666666666667;0.0;1008.68;0.0;Fair
1429556400;29.0;23.0;0.7;E;3.0555555555555554;0.0;1008.68;0.0;Fair
1429560000;29.0;23.0;0.7;ESE;3.611111111111111;0.0;1008.68;0.0;Fair
1429563600;28.0;23.0;0.74;E;3.0555555555555554;0.0;0.0;0.0;Partly Cloudy
1429567200;28.0;23.0;0.74;E;3.0555555555555554;0.0;1009.68;0.0;Partly Cloudy
1429570800;28.0;23.0;0.74;E;3.0555555555555554;0.0;1010.68;0.0;Partly Cloudy
1429574400;28.0;22.0;0.7;E;3.0555555555555554;0.0;1011.68;0.0;Fair
1429578000;28.0;22.0;0.7;E;2.5;0.0;1011.68;0.0;Fair
1429581600;25.0;22.0;0.83;E;2.5;0.0;0.0;0.0;Fair
1429585200;27.0;22.0;0.74;E;2.5;0.0;1010.68;0.0;Partly Cloudy
1429588800;27.0;21.0;0.7;ENE;1.9444444444444444;0.0;1010.68;0.0;Fair
1429592400;27.0;21.0;0.7;ENE;1.6666666666666665;0.0;1009.68;0.0;Fair
1429596000;25.0;22.0;0.83;NW;1.1111111111111112;0.0;1009.68;0.0;Fair
1429599600;24.0;22.0;0.89;NNW;1.1111111111111112;0.0;1009.68;0.0;Fair
1429603200;23.0;22.0;0.94;NNW;1.6666666666666665;0.0;1010.68;0.0;Fair
1429606800;24.0;22.0;0.89;CALM;0.0;0.0;1010.68;0.0;Fair
1429610400;26.0;22.0;0.78;WSW;1.1111111111111112;0.0;1011.68;0.0;Fair
1429614000;29.0;22.0;0.66;CALM;0.0;0.0;1011.68;0.0;Fair
1429617600;30.0;21.0;0.58;E;1.9444444444444444;0.0;1011.68;0.0;Fair
1429621200;30.0;22.0;0.62;ESE;3.611111111111111;0.0;0.0;0.0;Fair
1429624800;30.0;22.0;0.62;E;3.0555555555555554;0.0;1011.68;0.0;Fair
1429628400;30.0;22.0;0.62;ESE;3.611111111111111;0.0;1010.68;0.0;Fair
1429632000;30.0;23.0;0.66;SE;4.166666666666667;0.0;1010.68;0.0;Fair
1429635600;30.0;24.0;0.7;E;4.722222222222222;0.0;1009.68;0.0;Fair
1429639200;30.0;23.0;0.66;E;4.166666666666667;0.0;1009.68;0.0;Partly Cloudy
1429642800;30.0;24.0;0.7;E;4.166666666666667;0.0;1009.68;0.0;Partly Cloudy
1429646400;28.0;24.0;0.79;E;3.0555555555555554;0.0;1010.68;0.0;Mostly Cloudy
1429650000;28.0;24.0;0.79;ENE;3.0555555555555554;0.0;1010.68;0.0;Mostly Cloudy
1429653600;28.0;24.0;0.79;ENE;2.5;0.0;1010.68;0.0;Mostly Cloudy
1429657200;28.0;24.0;0.79;ENE;2.5;0.0;1010.68;0.0;Mostly Cloudy
1429660800;28.0;24.0;0.79;NE;2.5;0.0;1011.68;0.0;Mostly Cloudy
1429664400;28.0;24.0;0.79;ENE;2.5;0.0;1011.68;0.0;Mostly Cloudy
1429668000;28.0;24.0;0.79;NE;1.9444444444444444;0.0;1011.68;0.0;Partly Cloudy
1429671600;28.0;24.0;0.79;NE;2.5;0.0;1010.68;0.0;Partly Cloudy
1429675200;25.0;24.0;0.94;SSW;1.1111111111111112;0.0;1010.68;0.0;Mostly Cloudy
1429678800;25.0;24.0;0.94;W;1.9444444444444444;0.0;1009.68;0.0;Mostly Cloudy
1429682400;24.0;24.0;1.0;NW;3.0555555555555554;0.0;1009.68;0.0;Showers in the Vicinity
1429686000;24.0;24.0;1.0;WNW;1.6666666666666665;0.0;1009.68;0.0;Partly Cloudy
1429689600;24.0;23.0;0.94;WNW;1.1111111111111112;0.0;1009.68;0.0;Mostly Cloudy
1429693200;25.0;24.0;0.94;WNW;1.6666666666666665;0.0;1010.68;0.0;Mostly Cloudy
1429696800;25.0;24.0;0.94;W;1.1111111111111112;0.0;1010.68;0.0;Partly Cloudy
1429700400;28.0;25.0;0.84;NW;1.1111111111111112;0.0;1011.68;0.0;Fair
1429704000;29.0;25.0;0.79;NE;1.9444444444444444;0.0;1011.68;0.0;Fair
1429707600;31.0;24.0;0.66;ENE;3.0555555555555554;0.0;1011.68;0.0;Fair
1429711200;30.0;24.0;0.7;ENE;4.166666666666667;0.0;1011.68;0.0;Partly Cloudy
1429714800;31.0;24.0;0.66;ENE;3.0555555555555554;0.0;1010.68;0.0;Partly Cloudy
1429718400;27.0;24.0;0.84;NE;7.777777777777778;13.333333333333332;1010.68;0.0;Light Rain
1429722000;26.0;23.0;0.83;N;1.9444444444444444;0.0;1010.68;0.0;Showers in the Vicinity
1429725600;28.0;24.0;0.79;ESE;2.5;0.0;1009.68;0.0;Mostly Cloudy
1429729200;28.0;24.0;0.79;ENE;1.6666666666666665;0.0;1010.68;0.0;Mostly Cloudy
1429732800;25.0;24.0;0.94;NNE;3.0555555555555554;0.0;1010.68;0.0;Showers in the Vicinity
1429736400;24.0;23.0;0.94;NW;3.611111111111111;0.0;1010.68;0.0;Showers in the Vicinity
1429740000;25.0;24.0;0.94;NNE;1.6666666666666665;0.0;1011.68;0.0;Mostly Cloudy
1429740780;25.0;24.0;0.94;NNE;3.611111111111111;0.0;1012.68;0.0;Light Rain
1429743600;24.0;24.0;1.0;N;1.9444444444444444;0.0;1012.68;0.0;Light Rain
1429747200;24.0;24.0;1.0;WNW;1.9444444444444444;0.0;1012.68;0.0;Light Rain
1429750800;24.0;24.0;1.0;NW;1.9444444444444444;0.0;1012.68;0.0;Light Rain
1429754400;24.0;23.0;0.94;NW;1.9444444444444444;0.0;1012.68;0.0;Showers in the Vicinity
1429758000;24.0;23.0;0.94;NNW;1.6666666666666665;0.0;1011.68;0.0;Mostly Cloudy
1429761600;24.0;23.0;0.94;NNW;1.6666666666666665;0.0;1011.68;0.0;Mostly Cloudy
1429765200;24.0;23.0;0.94;NW;1.6666666666666665;0.0;1010.68;0.0;Mostly Cloudy
1429768800;24.0;23.0;0.94;NNW;1.9444444444444444;0.0;1010.68;0.0;Partly Cloudy
1429772400;24.0;23.0;0.94;NNW;1.1111111111111112;0.0;1010.68;0.0;Mostly Cloudy
1429776000;24.0;23.0;0.94;NNW;1.6666666666666665;0.0;1011.68;0.0;Mostly Cloudy
1429779600;24.0;23.0;0.94;SSW;1.1111111111111112;0.0;1011.68;0.0;Fair
1429783200;26.0;24.0;0.89;WNW;1.1111111111111112;0.0;1011.68;0.0;Fair
1429786800;29.0;25.0;0.79;E;2.5;0.0;1012.68;0.0;Partly Cloudy
1429790400;30.0;25.0;0.74;ENE;2.5;0.0;1012.68;0.0;Mostly Cloudy
1429794000;31.0;25.0;0.7;E;3.611111111111111;0.0;1012.68;0.0;Partly Cloudy
1429797600;29.0;24.0;0.74;NNE;2.5;0.0;1012.68;0.0;Showers in the Vicinity
1429801200;31.0;25.0;0.7;E;4.166666666666667;0.0;1011.68;0.0;Partly Cloudy
1429801800;26.0;24.0;0.89;E;7.777777777777778;0.0;1011.68;0.0;Light Rain Shower
1429802880;26.0;24.0;0.89;ESE;2.5;0.0;1010.68;0.0;Showers in the Vicinity
1429804800;27.0;25.0;0.89;SW;2.5;0.0;1010.68;0.0;Partly Cloudy
1429808400;30.0;25.0;0.74;E;3.611111111111111;0.0;1010.68;0.0;Partly Cloudy
1429812000;30.0;25.0;0.74;E;4.166666666666667;0.0;1010.68;0.0;Partly Cloudy
1429815600;29.0;25.0;0.79;E;4.722222222222222;0.0;1010.68;0.0;Partly Cloudy
1429819200;28.0;24.0;0.79;NNE;2.5;0.0;1011.68;0.0;Partly Cloudy
1429822800;26.0;24.0;0.89;NW;2.5;0.0;1011.68;0.0;Partly Cloudy
1429826400;26.0;25.0;0.94;WNW;1.9444444444444444;0.0;1011.68;0.0;Mostly Cloudy
1429830000;25.0;24.0;0.94;W;1.9444444444444444;0.0;1012.68;0.0;Showers in the Vicinity
1429833600;25.0;24.0;0.94;N;1.1111111111111112;0.0;1012.68;0.0;Mostly Cloudy
1429837200;25.0;24.0;0.94;NNW;1.9444444444444444;0.0;1012.68;0.0;Mostly Cloudy
1429840800;25.0;24.0;0.94;WNW;1.1111111111111112;0.0;1012.68;0.0;Mostly Cloudy
1429844400;28.0;24.0;0.79;ESE;3.611111111111111;0.0;1012.68;0.0;Partly Cloudy
1429848000;28.0;24.0;0.79;ESE;3.0555555555555554;0.0;1011.68;0.0;Partly Cloudy
1429851600;28.0;24.0;0.79;ESE;3.0555555555555554;0.0;1011.68;0.0;Mostly Cloudy
1429855200;28.0;24.0;0.79;ESE;4.166666666666667;0.0;1010.68;0.0;Mostly Cloudy
1429858800;28.0;24.0;0.79;ESE;3.0555555555555554;0.0;1010.68;0.0;Partly Cloudy
1429862400;28.0;24.0;0.79;ESE;3.0555555555555554;0.0;1010.68;0.0;Partly Cloudy
1429866000;28.0;23.0;0.74;ESE;3.611111111111111;0.0;1011.68;0.0;Partly Cloudy
1429869600;29.0;23.0;0.7;ESE;3.611111111111111;0.0;1011.68;0.0;Partly Cloudy
1429873200;29.0;24.0;0.74;E;3.611111111111111;0.0;1012.68;0.0;Partly Cloudy
1429876800;30.0;24.0;0.7;E;4.722222222222222;0.0;1013.68;0.0;Partly Cloudy
1429880400;31.0;24.0;0.66;E;3.611111111111111;0.0;1013.68;0.0;Partly Cloudy
1429884000;30.0;24.0;0.7;ESE;5.277777777777778;0.0;1012.68;0.0;Partly Cloudy
1429887600;31.0;24.0;0.66;ESE;4.166666666666667;0.0;1012.68;0.0;Fair
1429891200;30.0;25.0;0.74;E;3.611111111111111;0.0;1011.68;0.0;Fair
1429894800;31.0;24.0;0.66;ESE;3.611111111111111;0.0;1011.68;0.0;Fair
1429898400;29.0;25.0;0.79;E;4.166666666666667;0.0;1010.68;0.0;Partly Cloudy
1429902000;28.0;24.0;0.79;ESE;4.722222222222222;0.0;1011.68;0.0;Fair
1429905600;28.0;24.0;0.79;E;3.611111111111111;0.0;1011.68;0.0;Fair
1429909200;28.0;24.0;0.79;E;3.611111111111111;0.0;1012.68;0.0;Fair
1429912800;29.0;24.0;0.74;E;4.166666666666667;0.0;1012.68;0.0;Partly Cloudy
1429916400;28.0;24.0;0.79;E;3.0555555555555554;0.0;1013.68;0.0;Fair
1429920000;29.0;24.0;0.74;E;3.611111111111111;0.0;1013.68;0.0;Partly Cloudy
1429923600;28.0;24.0;0.79;E;3.611111111111111;0.0;1013.68;0.0;Mostly Cloudy
1429927200;28.0;24.0;0.79;ESE;3.611111111111111;0.0;1013.68;0.0;Mostly Cloudy
1429930800;28.0;24.0;0.79;SE;4.166666666666667;0.0;1012.68;0.0;Partly Cloudy
1429934400;28.0;24.0;0.79;ESE;3.611111111111111;0.0;1011.68;0.0;Mostly Cloudy
1429938000;28.0;24.0;0.79;ESE;1.9444444444444444;0.0;1011.68;0.0;Partly Cloudy
1429941600;28.0;24.0;0.79;ESE;2.5;0.0;1011.68;0.0;Partly Cloudy
1429945200;28.0;24.0;0.79;ESE;3.0555555555555554;0.0;1011.68;0.0;Partly Cloudy
1429948800;28.0;24.0;0.79;E;3.0555555555555554;0.0;1011.68;0.0;Partly Cloudy
1429952400;28.0;24.0;0.79;E;3.0555555555555554;0.0;1012.68;0.0;Mostly Cloudy
1429956000;29.0;24.0;0.74;E;3.0555555555555554;0.0;1012.68;0.0;Partly Cloudy
1429959600;29.0;24.0;0.74;E;3.0555555555555554;0.0;1013.68;0.0;Partly Cloudy
1429963200;31.0;24.0;0.66;ENE;3.611111111111111;0.0;1013.68;0.0;Partly Cloudy
1429966800;30.0;24.0;0.7;ENE;3.611111111111111;0.0;1013.68;0.0;Partly Cloudy
1429970400;30.0;24.0;0.7;E;4.166666666666667;0.0;1013.68;0.0;Partly Cloudy
1429974000;31.0;24.0;0.66;E;4.166666666666667;0.0;1012.68;0.0;Partly Cloudy
1429977600;31.0;24.0;0.66;ENE;4.166666666666667;0.0;1011.68;0.0;Fair
1429981200;30.0;24.0;0.7;E;3.611111111111111;0.0;1010.68;0.0;Fair
1429984800;30.0;24.0;0.7;ESE;4.166666666666667;0.0;1010.68;0.0;Fair
1429988400;29.0;24.0;0.74;E;3.0555555555555554;0.0;1010.68;0.0;Fair
1429992000;29.0;24.0;0.74;E;3.0555555555555554;0.0;1010.68;0.0;Fair
1429995600;28.0;24.0;0.79;ENE;3.0555555555555554;0.0;1011.68;0.0;Fair
1429999200;28.0;24.0;0.79;E;1.9444444444444444;0.0;1011.68;0.0;Fair
1430002800;28.0;24.0;0.79;E;1.9444444444444444;0.0;1012.68;0.0;Fair
1430006400;28.0;24.0;0.79;ENE;2.5;0.0;1012.68;0.0;Fair
1430010000;28.0;24.0;0.79;ENE;1.9444444444444444;0.0;1012.68;0.0;Fair
1430013600;28.0;24.0;0.79;ENE;1.6666666666666665;0.0;1012.68;0.0;Fair
1430017200;28.0;23.0;0.74;ENE;1.9444444444444444;0.0;1011.68;0.0;Fair
1430020800;28.0;23.0;0.74;E;1.6666666666666665;0.0;1011.68;0.0;Fair
1430024400;26.0;23.0;0.83;NNW;1.6666666666666665;0.0;1010.68;0.0;Fair
1430028000;25.0;23.0;0.89;NW;1.1111111111111112;0.0;1010.68;0.0;Fair
1430031600;25.0;23.0;0.89;NNW;1.1111111111111112;0.0;1010.68;0.0;Fair
1430035200;24.0;23.0;0.94;NNW;2.5;0.0;1011.68;0.0;Fair
1430038800;25.0;23.0;0.89;W;1.1111111111111112;0.0;1012.68;0.0;Partly Cloudy
1430042400;27.0;24.0;0.84;WNW;1.1111111111111112;0.0;1012.68;0.0;Partly Cloudy
1430046000;28.0;24.0;0.79;VAR;1.1111111111111112;0.0;1013.68;0.0;Partly Cloudy
1430049600;30.0;24.0;0.7;E;3.0555555555555554;0.0;1013.68;0.0;Partly Cloudy
1430053200;30.0;24.0;0.7;E;4.166666666666667;0.0;1013.68;0.0;Partly Cloudy
1430056800;30.0;23.0;0.66;ESE;4.166666666666667;0.0;1012.68;0.0;Fair
1430060400;31.0;23.0;0.62;E;3.611111111111111;0.0;1011.68;0.0;Fair
1430064000;30.0;22.0;0.62;E;3.611111111111111;0.0;1011.68;0.0;Fair
1430067600;31.0;23.0;0.62;E;3.611111111111111;0.0;1010.68;0.0;Fair
1430071200;30.0;23.0;0.66;E;3.0555555555555554;0.0;1010.68;0.0;Fair
1430074800;29.0;23.0;0.7;E;2.5;0.0;1010.68;0.0;Fair
1430078400;29.0;23.0;0.7;E;3.0555555555555554;0.0;1010.68;0.0;Fair
1430082000;28.0;23.0;0.74;ENE;1.9444444444444444;0.0;1011.68;0.0;Fair
1430085600;28.0;23.0;0.74;NE;1.9444444444444444;0.0;1011.68;0.0;Fair
1430089200;28.0;24.0;0.79;NE;1.9444444444444444;0.0;1012.68;0.0;Fair
1430092800;28.0;24.0;0.79;NE;2.5;0.0;1012.68;0.0;Fair
1430096400;28.0;24.0;0.79;ENE;1.9444444444444444;0.0;1012.68;0.0;Partly Cloudy
1430100000;28.0;24.0;0.79;NE;2.5;0.0;1012.68;0.0;Partly Cloudy
1430103600;28.0;24.0;0.79;NE;2.5;0.0;1012.68;0.0;Partly Cloudy
1430107200;28.0;23.0;0.74;NE;3.0555555555555554;0.0;1011.68;0.0;Partly Cloudy
1430110800;28.0;23.0;0.74;NE;1.9444444444444444;0.0;1011.68;0.0;Partly Cloudy
1430114400;28.0;23.0;0.74;NE;1.9444444444444444;0.0;1011.68;0.0;Partly Cloudy
1430118000;27.0;23.0;0.79;NE;2.5;0.0;1010.68;0.0;Partly Cloudy
1430121600;27.0;23.0;0.79;NE;1.9444444444444444;0.0;1010.68;0.0;Partly Cloudy
1430125200;28.0;23.0;0.74;NE;1.9444444444444444;0.0;1011.68;0.0;Fair
1430128800;28.0;23.0;0.74;NE;1.9444444444444444;0.0;1011.68;0.0;Partly Cloudy
1430132400;29.0;24.0;0.74;ENE;3.0555555555555554;0.0;1011.68;0.0;Partly Cloudy
1430136000;29.0;23.0;0.7;ENE;3.611111111111111;0.0;1012.68;0.0;Partly Cloudy
1430139600;30.0;23.0;0.66;E;3.611111111111111;0.0;1012.68;0.0;Partly Cloudy
1430143200;30.0;23.0;0.66;E;3.611111111111111;0.0;1011.68;0.0;Partly Cloudy
1430146800;31.0;23.0;0.62;E;4.166666666666667;0.0;1010.68;0.0;Partly Cloudy
1430150400;31.0;21.0;0.55;E;4.166666666666667;0.0;1010.68;0.0;Partly Cloudy
1430154000;31.0;21.0;0.55;ENE;3.611111111111111;0.0;1009.68;0.0;Fair
1430157600;30.0;22.0;0.62;E;3.611111111111111;0.0;1009.68;0.0;Fair
1430161200;29.0;23.0;0.7;ENE;2.5;0.0;1009.68;0.0;Fair
1430164800;29.0;23.0;0.7;ENE;2.5;0.0;1010.68;0.0;Partly Cloudy
1430168400;28.0;23.0;0.74;ENE;1.9444444444444444;0.0;1010.68;0.0;Partly Cloudy
1430172000;28.0;23.0;0.74;E;3.0555555555555554;0.0;1011.68;0.0;Fair
1430175600;28.0;23.0;0.74;ESE;3.611111111111111;0.0;1011.68;0.0;Fair
1430179200;28.0;23.0;0.74;ESE;3.0555555555555554;0.0;1011.68;0.0;Fair
1430182800;28.0;23.0;0.74;E;3.0555555555555554;0.0;1011.68;0.0;Fair
1430186400;28.0;23.0;0.74;ESE;3.0555555555555554;0.0;1011.68;0.0;Fair
1430190000;27.0;23.0;0.79;ESE;3.0555555555555554;0.0;1011.68;0.0;Fair
1430193600;27.0;23.0;0.79;ESE;2.5;0.0;1010.68;0.0;Partly Cloudy
1430197200;27.0;22.0;0.74;ESE;2.5;0.0;1010.68;0.0;Fair
1430200800;27.0;22.0;0.74;E;3.0555555555555554;0.0;1010.68;0.0;Fair
1430204400;27.0;22.0;0.74;E;2.5;0.0;1009.68;0.0;Fair
1430208000;27.0;22.0;0.74;ESE;2.5;0.0;1010.68;0.0;Fair
1430211600;28.0;22.0;0.7;E;2.5;0.0;1010.68;0.0;Fair
1430215200;28.0;22.0;0.7;ESE;3.611111111111111;0.0;1011.68;0.0;Partly Cloudy
1430218800;29.0;23.0;0.7;ESE;4.166666666666667;0.0;1011.68;0.0;Partly Cloudy
1430222400;29.0;23.0;0.7;ESE;4.166666666666667;0.0;1012.68;0.0;Partly Cloudy
1430226000;31.0;23.0;0.62;E;3.611111111111111;0.0;1011.68;0.0;Partly Cloudy
1430229600;31.0;23.0;0.62;E;3.611111111111111;0.0;1011.68;0.0;Partly Cloudy
1430233200;31.0;24.0;0.66;SE;4.166666666666667;0.0;1010.68;0.0;Partly Cloudy
1430236800;31.0;24.0;0.66;ESE;3.0555555555555554;0.0;1009.68;0.0;Mostly Cloudy
1430240400;30.0;23.0;0.66;ESE;4.166666666666667;0.0;1008.68;0.0;Fair
1430244000;29.0;23.0;0.7;E;3.611111111111111;0.0;1008.68;0.0;Partly Cloudy
1430247600;29.0;23.0;0.7;E;3.0555555555555554;0.0;1008.68;0.0;Partly Cloudy
1430251200;29.0;24.0;0.74;E;2.5;0.0;1009.68;0.0;Partly Cloudy
1430254800;28.0;23.0;0.74;E;3.0555555555555554;0.0;1010.68;0.0;Fair
1430258400;28.0;23.0;0.74;E;1.9444444444444444;0.0;1010.68;0.0;Fair
1430262000;28.0;23.0;0.74;ENE;1.6666666666666665;0.0;1010.68;0.0;Fair
1430265600;28.0;24.0;0.79;E;2.5;0.0;1010.68;0.0;Partly Cloudy
1430269200;28.0;24.0;0.79;E;3.0555555555555554;0.0;1010.68;0.0;Fair
1430272800;28.0;23.0;0.74;E;3.0555555555555554;0.0;1010.68;0.0;Partly Cloudy
1430276400;28.0;23.0;0.74;E;2.5;0.0;1010.68;0.0;Partly Cloudy
1430280000;28.0;23.0;0.74;E;3.0555555555555554;0.0;1009.68;0.0;Mostly Cloudy
1430283600;28.0;23.0;0.74;E;2.5;0.0;1009.68;0.0;Partly Cloudy
1430287200;27.0;23.0;0.79;ESE;2.5;0.0;0.0;0.0;Fair
1430290800;27.0;22.0;0.74;ESE;3.611111111111111;0.0;1009.68;0.0;Fair
1430294400;27.0;23.0;0.79;E;1.9444444444444444;0.0;1009.68;0.0;Fair
1430298000;28.0;22.0;0.7;E;2.5;0.0;1010.68;0.0;Fair
1430301600;29.0;23.0;0.7;E;3.0555555555555554;0.0;1010.68;0.0;Partly Cloudy
1430305200;29.0;24.0;0.74;ESE;3.0555555555555554;0.0;1011.68;0.0;Partly Cloudy
1430308800;30.0;23.0;0.66;E;3.0555555555555554;0.0;1012.68;0.0;Fair
1430312400;30.0;23.0;0.66;E;3.611111111111111;0.0;1012.68;0.0;Partly Cloudy
1430316000;30.0;24.0;0.7;SE;2.5;0.0;1011.68;0.0;Partly Cloudy
1430319600;30.0;22.0;0.62;E;4.722222222222222;0.0;1010.68;0.0;Partly Cloudy
1430323200;30.0;23.0;0.66;ESE;4.722222222222222;0.0;1010.68;0.0;Fair
1430326800;30.0;23.0;0.66;E;4.166666666666667;0.0;1009.68;0.0;Fair
1430330400;30.0;23.0;0.66;E;3.611111111111111;0.0;1009.68;0.0;Partly Cloudy
1430334000;29.0;22.0;0.66;ESE;5.277777777777778;0.0;1009.68;0.0;Fair
1430337600;29.0;22.0;0.66;E;3.0555555555555554;0.0;1009.68;0.0;Fair
1430341200;28.0;23.0;0.74;E;3.0555555555555554;0.0;1009.68;0.0;Fair
1430344800;28.0;23.0;0.74;E;3.0555555555555554;0.0;1010.68;0.0;Partly Cloudy
1430348400;27.0;23.0;0.79;E;3.611111111111111;0.0;1011.68;0.0;Fair
1430352000;27.0;23.0;0.79;E;3.0555555555555554;0.0;1011.68;0.0;Fair
1430355600;27.0;23.0;0.79;E;2.5;0.0;1011.68;0.0;Partly Cloudy
1430359200;27.0;23.0;0.79;E;2.5;0.0;1011.68;0.0;Partly Cloudy
1430362800;27.0;23.0;0.79;E;2.5;0.0;1010.68;0.0;Partly Cloudy
1430366400;27.0;23.0;0.79;E;3.0555555555555554;0.0;1009.68;0.0;Partly Cloudy
1430370000;27.0;23.0;0.79;E;2.5;0.0;1009.68;0.0;Partly Cloudy
1430373600;26.0;23.0;0.83;ENE;2.5;0.0;1009.68;0.0;Partly Cloudy
1430377200;26.0;23.0;0.83;ENE;2.5;0.0;1009.68;0.0;Partly Cloudy
1430380800;25.0;22.0;0.83;ENE;2.5;0.0;1009.68;0.0;Partly Cloudy
1430384400;25.0;22.0;0.83;CALM;0.0;0.0;1010.68;0.0;Partly Cloudy
1430388000;29.0;23.0;0.7;NE;3.0555555555555554;0.0;1010.68;0.0;Partly Cloudy
1430391600;29.0;22.0;0.66;E;4.166666666666667;0.0;1010.68;0.0;Fair
1430395200;30.0;22.0;0.62;E;4.722222222222222;0.0;1011.68;0.0;Fair
1430398800;30.0;23.0;0.66;ENE;4.166666666666667;0.0;1011.68;0.0;Fair
1430402400;30.0;23.0;0.66;E;4.722222222222222;0.0;1010.68;0.0;Fair
1430406000;30.0;23.0;0.66;ENE;3.611111111111111;0.0;1009.68;0.0;Fair
1430409600;30.0;22.0;0.62;E;4.722222222222222;0.0;1009.68;0.0;Fair
1430413200;30.0;22.0;0.62;ESE;4.722222222222222;0.0;1008.68;0.0;Fair
1430416800;30.0;22.0;0.62;ESE;3.611111111111111;0.0;1008.68;0.0;Fair
1430420400;29.0;22.0;0.66;ESE;3.611111111111111;0.0;1008.68;0.0;Fair
1430424000;28.0;22.0;0.7;ESE;3.0555555555555554;0.0;1009.68;0.0;Fair
1430427600;28.0;22.0;0.7;ESE;3.0555555555555554;0.0;1009.68;0.0;Fair
1430431200;28.0;22.0;0.7;ESE;3.611111111111111;0.0;1010.68;0.0;Fair
1430434800;28.0;23.0;0.74;ESE;3.611111111111111;0.0;1010.68;0.0;Partly Cloudy
1430438400;28.0;22.0;0.7;SE;3.611111111111111;0.0;1011.68;0.0;Fair
1430442000;28.0;22.0;0.7;ESE;2.5;0.0;1011.68;0.0;Fair
1430445600;28.0;23.0;0.74;E;3.0555555555555554;0.0;1011.68;0.0;Fair
1430449200;27.0;23.0;0.79;ESE;1.9444444444444444;0.0;1010.68;0.0;Fair
1430452800;27.0;22.0;0.74;ESE;2.5;0.0;1009.68;0.0;Fair
1430456400;27.0;22.0;0.74;ESE;2.5;0.0;1009.68;0.0;Fair
1430460000;27.0;22.0;0.74;SE;2.5;0.0;1009.68;0.0;Partly Cloudy
1430463600;27.0;22.0;0.74;SE;3.0555555555555554;0.0;1009.68;0.0;Partly Cloudy
1430467200;27.0;22.0;0.74;SE;3.611111111111111;0.0;1009.68;0.0;Partly Cloudy
1430470800;27.0;22.0;0.74;ESE;1.9444444444444444;0.0;1010.68;0.0;Partly Cloudy
1430474400;29.0;22.0;0.66;ESE;3.0555555555555554;0.0;1010.68;0.0;Fair
1430478000;29.0;23.0;0.7;E;3.0555555555555554;0.0;1011.68;0.0;Showers in the Vicinity
1430481600;30.0;23.0;0.66;E;4.166666666666667;0.0;1011.68;0.0;Partly Cloudy
1430485200;30.0;24.0;0.7;E;4.166666666666667;0.0;1011.68;0.0;Partly Cloudy
1430488800;30.0;23.0;0.66;E;4.166666666666667;0.0;1010.68;0.0;Partly Cloudy
1430492400;30.0;23.0;0.66;E;5.277777777777778;0.0;1010.68;0.0;Partly Cloudy
1430496000;31.0;24.0;0.66;ESE;4.166666666666667;0.0;1009.68;0.0;Partly Cloudy
1430499600;30.0;24.0;0.7;E;5.277777777777778;0.0;1008.68;0.0;Partly Cloudy
1430503200;30.0;23.0;0.66;E;4.722222222222222;0.0;1008.68;0.0;Partly Cloudy
1430506800;29.0;24.0;0.74;E;3.611111111111111;0.0;1008.68;0.0;Partly Cloudy
1430510400;29.0;24.0;0.74;ENE;4.166666666666667;0.0;1009.68;0.0;Showers in the Vicinity
1430514000;29.0;23.0;0.7;E;4.722222222222222;0.0;1009.68;0.0;Partly Cloudy
1430517600;29.0;24.0;0.74;E;4.166666666666667;0.0;1010.68;0.0;Partly Cloudy
1430521200;28.0;23.0;0.74;E;3.611111111111111;0.0;1010.68;0.0;Partly Cloudy
1430524800;28.0;23.0;0.74;E;3.611111111111111;0.0;1011.68;0.0;Partly Cloudy
1430528400;28.0;23.0;0.74;E;3.0555555555555554;0.0;1011.68;0.0;Mostly Cloudy
1430532000;28.0;23.0;0.74;ESE;3.611111111111111;0.0;1010.68;0.0;Mostly Cloudy
1430535600;28.0;23.0;0.74;ESE;2.5;0.0;1008.68;0.0;Mostly Cloudy
1430539200;28.0;23.0;0.74;ESE;1.9444444444444444;0.0;1009.68;0.0;Mostly Cloudy
1430542800;27.0;23.0;0.79;SSW;1.6666666666666665;0.0;1008.68;0.0;Mostly Cloudy
1430546400;26.0;24.0;0.89;SSW;1.1111111111111112;0.0;1008.68;0.0;Mostly Cloudy
1430550000;26.0;24.0;0.89;S;1.1111111111111112;0.0;1008.68;0.0;Mostly Cloudy
1430553600;26.0;23.0;0.83;CALM;0.0;0.0;1008.68;0.0;Partly Cloudy
1430557200;26.0;24.0;0.89;SW;1.6666666666666665;0.0;1009.68;0.0;Fair
1430560800;29.0;24.0;0.74;E;2.5;0.0;1009.68;0.0;Partly Cloudy
1430564400;30.0;24.0;0.7;E;3.611111111111111;0.0;1011.68;0.0;Partly Cloudy
1430571600;30.0;24.0;0.7;E;4.722222222222222;0.0;1012.68;0.0;Fair
1430575200;30.0;24.0;0.7;E;4.722222222222222;0.0;1011.68;0.0;Fair
1430607600;29.0;24.0;0.74;E;4.722222222222222;0.0;1010.68;0.0;Mostly Cloudy
1430611200;28.0;23.0;0.74;ESE;3.611111111111111;0.0;1011.68;0.0;Mostly Cloudy
1430614800;28.0;24.0;0.79;ESE;4.722222222222222;0.0;1011.68;0.0;Mostly Cloudy
1430618400;28.0;24.0;0.79;ESE;4.166666666666667;0.0;1010.68;0.0;Mostly Cloudy
1430622000;28.0;24.0;0.79;ESE;4.722222222222222;0.0;1010.68;0.0;Mostly Cloudy
1430625600;28.0;24.0;0.79;ESE;4.166666666666667;0.0;1009.68;0.0;Mostly Cloudy
1430632800;28.0;24.0;0.79;ESE;5.277777777777778;0.0;1008.68;0.0;Mostly Cloudy
1430636400;28.0;24.0;0.79;ESE;4.722222222222222;0.0;1008.68;0.0;Mostly Cloudy
1430640000;28.0;24.0;0.79;E;3.611111111111111;0.0;1009.68;0.0;Partly Cloudy
1430643600;28.0;23.0;0.74;E;4.722222222222222;0.0;1009.68;0.0;Partly Cloudy
1430647200;29.0;23.0;0.7;E;5.277777777777778;0.0;1010.68;0.0;Partly Cloudy
1430650800;28.0;24.0;0.79;E;4.722222222222222;0.0;1011.68;0.0;Partly Cloudy
1430654400;30.0;23.0;0.66;ESE;5.277777777777778;0.0;1012.68;0.0;Partly Cloudy
1430658000;28.0;23.0;0.74;ESE;4.166666666666667;0.0;1012.68;0.0;Showers in the Vicinity
1430665200;30.0;23.0;0.66;E;4.722222222222222;0.0;1010.68;0.0;Mostly Cloudy
1430676000;30.0;23.0;0.66;ESE;3.611111111111111;0.0;1009.68;0.0;Partly Cloudy
1430679600;30.0;23.0;0.66;E;4.166666666666667;0.0;1009.68;0.0;Partly Cloudy
1430683200;29.0;23.0;0.7;E;3.0555555555555554;0.0;1010.68;0.0;Partly Cloudy
1430686800;28.0;24.0;0.79;E;3.0555555555555554;0.0;1010.68;0.0;Mostly Cloudy
1430688840;26.0;23.0;0.83;E;1.9444444444444444;0.0;1011.68;0.0;Rain
1430689560;25.0;24.0;0.94;SE;1.9444444444444444;0.0;1011.68;0.0;Showers in the Vicinity
1430690400;26.0;24.0;0.89;CALM;0.0;0.0;1011.68;0.0;Showers in the Vicinity
1430694000;25.0;23.0;0.89;SSW;4.722222222222222;0.0;1012.68;0.0;Mostly Cloudy
1430697600;24.0;23.0;0.94;SW;1.9444444444444444;0.0;1012.68;0.0;Mostly Cloudy
1430701200;24.0;23.0;0.94;NW;1.6666666666666665;0.0;1012.68;0.0;Mostly Cloudy
1430704800;24.0;23.0;0.94;WNW;2.5;0.0;1012.68;0.0;Mostly Cloudy
1430708400;24.0;23.0;0.94;WNW;1.6666666666666665;0.0;1011.68;0.0;Mostly Cloudy
1430712000;24.0;23.0;0.94;WSW;1.1111111111111112;0.0;1010.68;0.0;Fair
1430715600;24.0;23.0;0.94;CALM;0.0;0.0;1010.68;0.0;Partly Cloudy
1430719200;24.0;23.0;0.94;NW;1.6666666666666665;0.0;1010.68;0.0;Partly Cloudy
1430722800;24.0;23.0;0.94;SSW;1.6666666666666665;0.0;1010.68;0.0;Partly Cloudy
1430726400;24.0;23.0;0.94;SSW;1.1111111111111112;0.0;1010.68;0.0;Mostly Cloudy
1430730000;24.0;23.0;0.94;SSW;1.6666666666666665;0.0;1011.68;0.0;Mostly Cloudy
1430733600;25.0;24.0;0.94;SW;1.1111111111111112;0.0;1012.68;0.0;Mostly Cloudy
1430737200;27.0;24.0;0.84;SSE;2.5;0.0;1012.68;0.0;Partly Cloudy
1430740800;30.0;23.0;0.66;ESE;5.277777777777778;0.0;1013.68;0.0;Fair
1430744400;30.0;23.0;0.66;ESE;4.166666666666667;0.0;1012.68;0.0;Fair
1430748000;30.0;24.0;0.7;ESE;4.166666666666667;0.0;1012.68;0.0;Partly Cloudy
1430751600;30.0;24.0;0.7;ESE;3.611111111111111;0.0;1011.68;0.0;Partly Cloudy
1430755200;30.0;24.0;0.7;SE;4.722222222222222;0.0;1010.68;0.0;Partly Cloudy
1430758800;30.0;23.0;0.66;E;5.277777777777778;0.0;1010.68;0.0;Partly Cloudy
1430762400;29.0;23.0;0.7;ESE;5.277777777777778;0.0;1010.68;0.0;Partly Cloudy
1430766000;28.0;22.0;0.7;ESE;5.277777777777778;0.0;1010.68;0.0;Partly Cloudy
1430769600;28.0;22.0;0.7;SE;3.611111111111111;0.0;1010.68;0.0;Partly Cloudy
1430773200;27.0;22.0;0.74;ESE;3.611111111111111;0.0;1011.68;0.0;Partly Cloudy
1430776800;27.0;22.0;0.74;SE;4.722222222222222;0.0;1011.68;0.0;Fair
1430780400;27.0;22.0;0.74;ESE;4.166666666666667;0.0;1011.68;0.0;Partly Cloudy
1430784000;27.0;22.0;0.74;ESE;3.0555555555555554;0.0;1012.68;0.0;Partly Cloudy
1430787600;27.0;22.0;0.74;SE;3.0555555555555554;0.0;1012.68;0.0;Partly Cloudy
1430791200;26.0;21.0;0.74;ESE;2.5;0.0;1012.68;0.0;Partly Cloudy
1430794800;26.0;21.0;0.74;SE;2.5;0.0;1012.68;0.0;Partly Cloudy
1430798400;26.0;22.0;0.78;SE;2.5;0.0;1011.68;0.0;Partly Cloudy
1430802000;25.0;22.0;0.83;CALM;0.0;0.0;1010.68;0.0;Fair
1430805600;24.0;22.0;0.89;CALM;0.0;0.0;1010.68;0.0;Fair
1430809200;24.0;22.0;0.89;CALM;0.0;0.0;1010.68;0.0;Partly Cloudy
1430812800;24.0;22.0;0.89;CALM;0.0;0.0;1011.68;0.0;Partly Cloudy
1430816400;24.0;22.0;0.89;WSW;2.5;0.0;1012.68;0.0;Partly Cloudy
1430820000;25.0;22.0;0.83;CALM;0.0;0.0;1012.68;0.0;Partly Cloudy
1430823600;27.0;23.0;0.79;NW;1.6666666666666665;0.0;1012.68;0.0;Partly Cloudy
1430827200;25.0;24.0;0.94;SW;1.6666666666666665;0.0;1013.68;0.0;Showers in the Vicinity
1430830800;28.0;24.0;0.79;SE;1.9444444444444444;0.0;1013.68;0.0;Partly Cloudy
1430834400;29.0;24.0;0.74;ESE;3.611111111111111;0.0;1012.68;0.0;Partly Cloudy
1430838000;29.0;24.0;0.74;E;4.166666666666667;0.0;1012.68;0.0;Mostly Cloudy
1430841600;29.0;24.0;0.74;ENE;3.611111111111111;0.0;1011.68;0.0;Fair
1430845200;29.0;23.0;0.7;E;4.166666666666667;0.0;1010.68;0.0;Fair
1430848800;29.0;24.0;0.74;E;4.166666666666667;0.0;1009.68;0.0;Fair
1430852400;29.0;24.0;0.74;SE;3.611111111111111;0.0;1010.68;0.0;Fair
1430856000;28.0;23.0;0.74;ESE;3.611111111111111;0.0;1010.68;0.0;Fair
1430859600;28.0;23.0;0.74;ESE;2.5;0.0;1010.68;0.0;Partly Cloudy
1430863200;28.0;23.0;0.74;SE;3.0555555555555554;0.0;1011.68;0.0;Partly Cloudy
1430866800;28.0;23.0;0.74;SE;2.5;0.0;1011.68;0.0;Fair
1430870400;28.0;23.0;0.74;SE;2.5;0.0;1012.68;0.0;Partly Cloudy
1430874000;28.0;23.0;0.74;ESE;2.5;0.0;1012.68;0.0;Partly Cloudy
1430877600;27.0;23.0;0.79;ESE;1.9444444444444444;0.0;1011.68;0.0;Partly Cloudy
1430881200;27.0;23.0;0.79;SE;1.9444444444444444;0.0;1011.68;0.0;Partly Cloudy
1430884800;27.0;23.0;0.79;SE;3.611111111111111;0.0;1010.68;0.0;Partly Cloudy
1430888400;27.0;23.0;0.79;ESE;2.5;0.0;1010.68;0.0;Partly Cloudy
1430892000;25.0;23.0;0.89;WNW;0.5555555555555556;0.0;1010.68;0.0;Partly Cloudy
1430895600;25.0;23.0;0.89;WSW;1.1111111111111112;0.0;1010.68;0.0;Partly Cloudy
1430899200;24.0;23.0;0.94;SW;1.6666666666666665;0.0;1010.68;0.0;Partly Cloudy
1430902800;24.0;23.0;0.94;S;1.1111111111111112;0.0;1011.68;0.0;Partly Cloudy
1430906400;26.0;23.0;0.83;SSW;1.9444444444444444;0.0;1011.68;0.0;Partly Cloudy
1430910000;28.0;24.0;0.79;S;2.5;0.0;1012.68;0.0;Partly Cloudy
1430913600;29.0;23.0;0.7;ESE;4.166666666666667;0.0;1012.68;0.0;Partly Cloudy
1430917200;30.0;24.0;0.7;ESE;5.555555555555555;0.0;1012.68;0.0;Partly Cloudy
1430920800;30.0;23.0;0.66;ESE;5.277777777777778;0.0;1012.68;0.0;Partly Cloudy
1430924400;30.0;24.0;0.7;ESE;6.666666666666666;0.0;1011.68;0.0;Partly Cloudy
1430928000;30.0;24.0;0.7;ESE;5.277777777777778;0.0;1010.68;0.0;Partly Cloudy
1430931600;30.0;23.0;0.66;SE;5.555555555555555;0.0;1010.68;0.0;Fair
1430935200;29.0;24.0;0.74;ESE;5.277777777777778;0.0;1009.68;0.0;Fair
1430938800;29.0;23.0;0.7;SE;5.555555555555555;0.0;1009.68;0.0;Partly Cloudy
1430942400;28.0;23.0;0.74;SE;5.555555555555555;0.0;1010.68;0.0;Partly Cloudy
1430946000;28.0;23.0;0.74;SE;4.722222222222222;0.0;1010.68;0.0;Partly Cloudy
1430949600;28.0;23.0;0.74;ESE;4.722222222222222;0.0;1010.68;0.0;Fair
1430953200;28.0;23.0;0.74;ESE;4.722222222222222;0.0;1011.68;0.0;Fair
1430956800;27.0;23.0;0.79;ESE;5.277777777777778;0.0;1011.68;0.0;Fair
1430960400;27.0;23.0;0.79;ESE;4.722222222222222;0.0;1011.68;0.0;Fair
1430964000;27.0;22.0;0.74;SE;4.722222222222222;0.0;1011.68;0.0;Fair
1430967600;27.0;23.0;0.79;ESE;3.611111111111111;0.0;1011.68;0.0;Fair
1430971200;28.0;22.0;0.7;ESE;2.5;0.0;1010.68;0.0;Fair
1430974800;25.0;23.0;0.89;SSW;1.9444444444444444;0.0;1010.68;0.0;Fair
1430978400;25.0;23.0;0.89;SSW;1.6666666666666665;0.0;1010.68;0.0;Fair
1430982000;24.0;23.0;0.94;S;1.9444444444444444;0.0;1010.68;0.0;Partly Cloudy
1430985600;25.0;23.0;0.89;S;1.6666666666666665;0.0;1010.68;0.0;Partly Cloudy
1430989200;25.0;23.0;0.89;S;1.6666666666666665;0.0;1010.68;0.0;Partly Cloudy
1430992800;26.0;24.0;0.89;W;1.1111111111111112;0.0;1011.68;0.0;Partly Cloudy
1430996400;27.0;25.0;0.89;SSW;1.6666666666666665;0.0;0.0;0.0;Showers in the Vicinity
1431000000;28.0;24.0;0.79;ESE;3.611111111111111;0.0;1011.68;0.0;Partly Cloudy
1431003600;30.0;25.0;0.74;E;3.611111111111111;0.0;1011.68;0.0;Partly Cloudy
1431007200;30.0;24.0;0.7;ESE;4.166666666666667;0.0;1011.68;0.0;Partly Cloudy
1431010800;29.0;24.0;0.74;SE;4.722222222222222;0.0;1010.68;0.0;Partly Cloudy
1431014400;30.0;24.0;0.7;SE;4.166666666666667;0.0;1009.68;0.0;Partly Cloudy
1431018000;29.0;24.0;0.74;ESE;4.722222222222222;0.0;1009.68;0.0;Mostly Cloudy
1431021600;30.0;24.0;0.7;E;4.166666666666667;0.0;1009.68;0.0;Partly Cloudy
1431025200;29.0;24.0;0.74;E;3.0555555555555554;0.0;1010.68;0.0;Partly Cloudy
1431028800;28.0;23.0;0.74;E;3.0555555555555554;0.0;1010.68;0.0;Partly Cloudy
1431032400;28.0;23.0;0.74;ENE;3.0555555555555554;0.0;1010.68;0.0;Fair
1431036000;28.0;23.0;0.74;NE;3.0555555555555554;0.0;1011.68;0.0;Fair
1431039600;28.0;23.0;0.74;ENE;2.5;0.0;1011.68;0.0;Fair
1431043200;28.0;23.0;0.74;NE;2.5;0.0;1012.68;0.0;Fair
1431046800;28.0;23.0;0.74;ENE;2.5;0.0;1012.68;0.0;Fair
1431050400;27.0;23.0;0.79;NE;1.9444444444444444;0.0;1012.68;0.0;Fair
1431054000;27.0;23.0;0.79;NE;1.1111111111111112;0.0;1012.68;0.0;Fair
1431057600;25.0;23.0;0.89;W;1.1111111111111112;0.0;1011.68;0.0;Fair
1431061200;25.0;23.0;0.89;W;1.1111111111111112;0.0;1011.68;0.0;Fair
1431064800;24.0;23.0;0.94;CALM;0.0;0.0;1011.68;0.0;Fair
1431068400;24.0;22.0;0.89;WNW;1.1111111111111112;0.0;1011.68;0.0;Partly Cloudy
1431072000;24.0;22.0;0.89;CALM;0.0;0.0;1011.68;0.0;Partly Cloudy
1431075600;24.0;23.0;0.94;NW;1.1111111111111112;0.0;1012.68;0.0;Fair
1431079200;26.0;23.0;0.83;SSW;1.1111111111111112;0.0;1012.68;0.0;Fair
1431082800;28.0;24.0;0.79;S;2.5;0.0;1013.68;0.0;Partly Cloudy
1431086400;29.0;23.0;0.7;NE;2.5;0.0;1013.68;0.0;Partly Cloudy
1431090000;30.0;24.0;0.7;E;3.611111111111111;0.0;1013.68;0.0;Partly Cloudy
1431093600;31.0;24.0;0.66;SE;3.611111111111111;0.0;1012.68;0.0;Partly Cloudy
1431097200;31.0;25.0;0.7;E;4.166666666666667;0.0;1011.68;0.0;Partly Cloudy
1431100800;31.0;24.0;0.66;E;4.166666666666667;0.0;1011.68;0.0;Partly Cloudy
1431104400;30.0;24.0;0.7;ENE;3.611111111111111;0.0;1010.68;0.0;Fair
1431108000;30.0;24.0;0.7;ENE;3.0555555555555554;0.0;1010.68;0.0;Partly Cloudy
1431111600;29.0;24.0;0.74;ENE;3.611111111111111;0.0;1011.68;0.0;Partly Cloudy
1431115200;29.0;24.0;0.74;ENE;4.166666666666667;0.0;1011.68;0.0;Fair
1431118800;29.0;24.0;0.74;ENE;3.611111111111111;0.0;1012.68;0.0;Mostly Cloudy
1431122400;28.0;23.0;0.74;E;2.5;0.0;1012.68;0.0;Fair
1431126000;28.0;24.0;0.79;E;2.5;0.0;1013.68;0.0;Fair
1431129600;28.0;23.0;0.74;E;3.0555555555555554;0.0;1013.68;0.0;Partly Cloudy
1431133200;28.0;24.0;0.79;ENE;3.0555555555555554;0.0;1013.68;0.0;Partly Cloudy
1431136800;28.0;23.0;0.74;E;2.5;0.0;1013.68;0.0;Partly Cloudy
1431140400;28.0;23.0;0.74;ENE;2.5;0.0;1013.68;0.0;Partly Cloudy
1431144000;28.0;23.0;0.74;E;1.6666666666666665;0.0;1012.68;0.0;Partly Cloudy
1431147600;27.0;23.0;0.79;E;1.9444444444444444;0.0;1012.68;0.0;Partly Cloudy
1431151200;27.0;23.0;0.79;E;2.5;0.0;1011.68;0.0;Partly Cloudy
1431154800;27.0;23.0;0.79;E;1.9444444444444444;0.0;1012.68;0.0;Partly Cloudy
1431158400;27.0;23.0;0.79;ESE;1.9444444444444444;0.0;1012.68;0.0;Partly Cloudy
1431162000;27.0;23.0;0.79;SE;1.6666666666666665;0.0;1013.68;0.0;Partly Cloudy
1431165600;28.0;23.0;0.74;ESE;3.0555555555555554;0.0;1013.68;0.0;Partly Cloudy
1431169200;29.0;23.0;0.7;E;3.611111111111111;0.0;1014.67;0.0;Fair
1431172800;30.0;23.0;0.66;ESE;3.611111111111111;0.0;1014.67;0.0;Fair
1431176400;30.0;23.0;0.66;ESE;4.166666666666667;0.0;1014.67;0.0;Fair
1431180000;30.0;23.0;0.66;SE;5.277777777777778;0.0;1013.68;0.0;Fair
1431183600;30.0;23.0;0.66;SE;4.722222222222222;0.0;1012.68;0.0;Fair
1431187200;30.0;23.0;0.66;ESE;5.277777777777778;0.0;1012.68;0.0;Fair
1431190800;30.0;23.0;0.66;SE;4.722222222222222;0.0;1011.68;0.0;Fair
1431194400;30.0;24.0;0.7;E;4.166666666666667;0.0;1011.68;0.0;Partly Cloudy
1431198000;30.0;23.0;0.66;E;3.611111111111111;0.0;1011.68;0.0;Partly Cloudy
1431201600;28.0;23.0;0.74;ESE;4.722222222222222;0.0;1011.68;0.0;Fair
1431205200;28.0;23.0;0.74;ESE;4.166666666666667;0.0;1012.68;0.0;Fair
1431208800;28.0;24.0;0.79;E;3.611111111111111;0.0;1012.68;0.0;Partly Cloudy
1431212400;28.0;24.0;0.79;E;3.611111111111111;0.0;1013.68;0.0;Partly Cloudy
1431216000;28.0;23.0;0.74;E;3.611111111111111;0.0;1013.68;0.0;Fair
1431219600;28.0;24.0;0.79;E;3.0555555555555554;0.0;1013.68;0.0;Partly Cloudy
1431223200;28.0;24.0;0.79;ESE;3.611111111111111;0.0;1013.68;0.0;Partly Cloudy
1431226800;28.0;23.0;0.74;ESE;3.611111111111111;0.0;1012.68;0.0;Mostly Cloudy
1431230400;28.0;24.0;0.79;ESE;3.611111111111111;0.0;1012.68;0.0;Mostly Cloudy
1431234000;28.0;23.0;0.74;E;2.5;0.0;1011.68;0.0;Mostly Cloudy
1431237600;27.0;23.0;0.79;ESE;2.5;0.0;1011.68;0.0;Partly Cloudy
1431241200;27.0;23.0;0.79;ESE;3.0555555555555554;0.0;1011.68;0.0;Partly Cloudy
1431244800;27.0;23.0;0.79;ESE;1.9444444444444444;0.0;1011.68;0.0;Partly Cloudy
1431248400;27.0;23.0;0.79;SE;1.9444444444444444;0.0;1012.68;0.0;Partly Cloudy
1431252000;28.0;23.0;0.74;ESE;3.611111111111111;0.0;1012.68;0.0;Partly Cloudy
1431255600;29.0;23.0;0.7;E;4.166666666666667;0.0;1012.68;0.0;Fair
1431259200;30.0;23.0;0.66;E;4.722222222222222;0.0;1013.68;0.0;Fair
1431262800;30.0;23.0;0.66;E;4.722222222222222;0.0;1013.68;0.0;Partly Cloudy
1431266400;30.0;24.0;0.7;E;4.722222222222222;0.0;1012.68;0.0;Partly Cloudy
1431270000;30.0;23.0;0.66;E;5.555555555555555;0.0;1011.68;0.0;Fair
1431273600;30.0;24.0;0.7;E;5.555555555555555;0.0;1010.68;0.0;Fair
1431277200;30.0;23.0;0.66;ESE;5.555555555555555;0.0;1010.68;0.0;Fair
1431280800;29.0;23.0;0.7;ESE;5.277777777777778;0.0;1010.68;0.0;Partly Cloudy
1431284400;29.0;22.0;0.66;ESE;3.611111111111111;0.0;1010.68;0.0;Partly Cloudy
1431288000;28.0;22.0;0.7;ESE;5.555555555555555;0.0;1010.68;0.0;Fair
1431291600;28.0;22.0;0.7;ESE;3.611111111111111;0.0;1011.68;0.0;Fair
1431295200;28.0;22.0;0.7;E;4.166666666666667;0.0;1012.68;0.0;Partly Cloudy
1431298800;28.0;22.0;0.7;E;3.611111111111111;0.0;1012.68;0.0;Partly Cloudy
1431302400;28.0;22.0;0.7;ESE;3.611111111111111;0.0;1012.68;0.0;Partly Cloudy
1431306000;28.0;23.0;0.74;E;3.0555555555555554;0.0;1012.68;0.0;Partly Cloudy
1431309600;28.0;22.0;0.7;E;1.9444444444444444;0.0;1012.68;0.0;Partly Cloudy
1431313200;28.0;22.0;0.7;E;1.9444444444444444;0.0;1011.68;0.0;Partly Cloudy
1431316800;27.0;22.0;0.74;NNE;1.9444444444444444;0.0;1010.68;0.0;Partly Cloudy
1431320400;26.0;23.0;0.83;NW;1.9444444444444444;0.0;1010.68;0.0;Mostly Cloudy
1431324000;25.0;23.0;0.89;NW;1.9444444444444444;0.0;1010.68;0.0;Partly Cloudy
1431327600;25.0;23.0;0.89;NW;1.1111111111111112;0.0;1010.68;0.0;Partly Cloudy
1431331200;24.0;23.0;0.94;WNW;1.6666666666666665;0.0;1010.68;0.0;Partly Cloudy
1431334800;25.0;23.0;0.89;NW;1.6666666666666665;0.0;1011.68;0.0;Partly Cloudy
1431338400;27.0;23.0;0.79;NNW;1.6666666666666665;0.0;1011.68;0.0;Partly Cloudy
1431342000;29.0;23.0;0.7;NNE;2.5;0.0;1012.68;0.0;Partly Cloudy
1431345600;30.0;23.0;0.66;NE;4.166666666666667;0.0;1012.68;0.0;Partly Cloudy
1431349200;31.0;22.0;0.58;ENE;3.0555555555555554;0.0;1012.68;0.0;Fair
1431352800;30.0;22.0;0.62;ENE;4.166666666666667;0.0;1012.68;0.0;Fair
1431356400;31.0;22.0;0.58;NE;3.611111111111111;0.0;1011.68;0.0;Fair
1431360000;30.0;22.0;0.62;ENE;3.0555555555555554;0.0;1010.68;0.0;Fair
1431363600;30.0;22.0;0.62;ENE;3.0555555555555554;0.0;1009.68;0.0;Fair
1431367200;29.0;22.0;0.66;E;3.611111111111111;0.0;1009.68;0.0;Partly Cloudy
1431370800;29.0;22.0;0.66;NE;3.0555555555555554;0.0;1010.68;0.0;Partly Cloudy
1431374400;29.0;22.0;0.66;E;3.0555555555555554;0.0;1010.68;0.0;Partly Cloudy
1431378000;28.0;22.0;0.7;ENE;1.9444444444444444;0.0;1011.68;0.0;Partly Cloudy
1431381600;28.0;22.0;0.7;ENE;1.9444444444444444;0.0;1011.68;0.0;Partly Cloudy
1431385200;28.0;22.0;0.7;ENE;1.6666666666666665;0.0;1012.68;0.0;Partly Cloudy
1431388800;28.0;22.0;0.7;NE;1.9444444444444444;0.0;1012.68;0.0;Partly Cloudy
1431392400;28.0;22.0;0.7;ENE;2.5;0.0;1012.68;0.0;Fair
1431396000;28.0;22.0;0.7;NE;1.6666666666666665;0.0;1012.68;0.0;Partly Cloudy
1431486000;26.0;22.0;0.78;ESE;3.0555555555555554;0.0;1012.68;0.0;Partly Cloudy
1431489600;26.0;22.0;0.78;ESE;3.611111111111111;0.0;1011.68;0.0;Partly Cloudy
1431493200;26.0;22.0;0.78;SE;4.166666666666667;0.0;1011.68;0.0;Fair
1431496800;25.0;22.0;0.83;SW;2.5;0.0;1011.68;0.0;Partly Cloudy
1431500400;25.0;22.0;0.83;SSW;2.5;0.0;1010.68;0.0;Partly Cloudy
1431504000;24.0;22.0;0.89;W;2.5;0.0;1011.68;0.0;Partly Cloudy
1431507600;25.0;22.0;0.83;WSW;3.0555555555555554;0.0;1011.68;0.0;Partly Cloudy
1431511200;26.0;22.0;0.78;SW;2.5;0.0;1012.68;0.0;Partly Cloudy
1431514800;29.0;23.0;0.7;SSE;3.0555555555555554;0.0;1012.68;0.0;Partly Cloudy
1431518400;30.0;22.0;0.62;ESE;4.166666666666667;0.0;1012.68;0.0;Partly Cloudy
1431522000;30.0;23.0;0.66;ESE;3.611111111111111;0.0;1012.68;0.0;Partly Cloudy
1431525600;30.0;23.0;0.66;ESE;4.166666666666667;0.0;1012.68;0.0;Partly Cloudy
1431529200;30.0;23.0;0.66;SE;5.555555555555555;0.0;1011.68;0.0;Fair
1431532800;31.0;24.0;0.66;ESE;5.555555555555555;0.0;1011.68;0.0;Partly Cloudy
1431536400;30.0;24.0;0.7;SE;6.111111111111111;0.0;1010.68;0.0;Fair
1431540000;29.0;23.0;0.7;SE;5.277777777777778;0.0;1010.68;0.0;Partly Cloudy
1431543600;29.0;24.0;0.74;SE;4.166666666666667;0.0;1010.68;0.0;Fair
1431547200;28.0;23.0;0.74;ESE;3.0555555555555554;0.0;1010.68;0.0;Mostly Cloudy
1431550800;28.0;24.0;0.79;ESE;3.0555555555555554;0.0;1011.68;0.0;Partly Cloudy
1431554400;28.0;24.0;0.79;SE;3.0555555555555554;0.0;1011.68;0.0;Mostly Cloudy
1431558000;25.0;23.0;0.89;ESE;3.611111111111111;0.0;1012.68;0.0;Light Rain
1431560580;26.0;24.0;0.89;SE;2.5;8.61111111111111;1012.68;0.0;Rain
1431561600;25.0;23.0;0.89;ESE;6.666666666666666;0.0;1012.68;0.0;Showers in the Vicinity
1431565200;26.0;24.0;0.89;SSE;1.9444444444444444;0.0;1012.68;0.0;Showers in the Vicinity
1431568800;26.0;25.0;0.94;SSW;1.9444444444444444;0.0;1012.68;0.0;Mostly Cloudy
1431831600;25.0;23.0;0.89;S;2.5;0.0;1013.68;0.0;Partly Cloudy
1431835200;27.0;22.0;0.74;ESE;4.722222222222222;0.0;1012.68;0.0;Mostly Cloudy
1431838800;24.0;22.0;0.89;SE;4.722222222222222;0.0;1012.68;0.0;Mostly Cloudy
1431842400;25.0;22.0;0.83;S;1.9444444444444444;0.0;1012.68;0.0;Mostly Cloudy
1431846000;24.0;22.0;0.89;S;1.9444444444444444;0.0;1012.68;0.0;Partly Cloudy
1431849600;23.0;22.0;0.94;SSE;1.1111111111111112;0.0;1012.68;0.0;Fair
1431853200;23.0;22.0;0.94;S;1.1111111111111112;0.0;1012.68;0.0;Partly Cloudy
1431856800;24.0;22.0;0.89;S;1.6666666666666665;0.0;1013.68;0.0;Partly Cloudy
1431860400;26.0;23.0;0.83;SSW;2.5;0.0;1014.67;0.0;Mostly Cloudy
1431864000;28.0;24.0;0.79;SE;3.611111111111111;0.0;1014.67;0.0;Partly Cloudy
1431867600;29.0;23.0;0.7;SE;4.166666666666667;0.0;1014.67;0.0;Partly Cloudy
1431871200;30.0;24.0;0.7;SSE;4.722222222222222;0.0;1013.68;0.0;Partly Cloudy
1431874800;31.0;23.0;0.62;SSE;5.277777777777778;0.0;1012.68;0.0;Partly Cloudy
1431878400;30.0;23.0;0.66;SE;5.277777777777778;0.0;1012.68;0.0;Partly Cloudy
1431882000;30.0;23.0;0.66;SE;5.277777777777778;0.0;1012.68;0.0;Partly Cloudy
1431885600;29.0;23.0;0.7;SE;5.555555555555555;0.0;1011.68;0.0;Fair
1431889200;29.0;23.0;0.7;SSE;4.722222222222222;0.0;1011.68;0.0;Partly Cloudy
1431892800;28.0;23.0;0.74;SE;5.555555555555555;0.0;1012.68;0.0;Showers in the Vicinity
1431896400;27.0;23.0;0.79;SE;5.277777777777778;0.0;1012.68;0.0;Partly Cloudy
1431900000;27.0;23.0;0.79;SE;4.722222222222222;0.0;1012.68;0.0;Partly Cloudy
1431903600;28.0;23.0;0.74;SE;4.722222222222222;0.0;1013.68;0.0;Partly Cloudy
1431907200;28.0;23.0;0.74;SE;4.166666666666667;0.0;1013.68;0.0;Partly Cloudy
1431910800;27.0;23.0;0.79;ESE;4.166666666666667;0.0;1013.68;0.0;Fair
1431914400;27.0;23.0;0.79;E;1.9444444444444444;0.0;1013.68;0.0;Partly Cloudy
1431918000;27.0;23.0;0.79;E;1.9444444444444444;0.0;1013.68;0.0;Fair
1431921600;26.0;23.0;0.83;ESE;1.6666666666666665;0.0;1012.68;0.0;Partly Cloudy
1431925200;25.0;23.0;0.89;CALM;0.0;0.0;1012.68;0.0;Fair
1431928800;25.0;23.0;0.89;WSW;3.0555555555555554;0.0;1011.68;0.0;Partly Cloudy
1431932400;24.0;23.0;0.94;SSW;1.6666666666666665;0.0;1011.68;0.0;Partly Cloudy
1431936000;24.0;23.0;0.94;SW;1.9444444444444444;0.0;1012.68;0.0;Fair
1431939600;24.0;23.0;0.94;CALM;0.0;0.0;1012.68;0.0;Partly Cloudy
1431943200;25.0;24.0;0.94;SSW;1.6666666666666665;0.0;1012.68;0.0;Partly Cloudy
1431946800;27.0;24.0;0.84;SW;2.5;0.0;1013.68;0.0;Mostly Cloudy
1431950400;29.0;24.0;0.74;SE;4.722222222222222;0.0;1013.68;0.0;Mostly Cloudy
1431954000;28.0;24.0;0.79;SE;6.111111111111111;0.0;1013.68;0.0;Showers in the Vicinity
1431957600;30.0;23.0;0.66;ESE;5.277777777777778;0.0;1013.68;0.0;Partly Cloudy
1431961200;30.0;23.0;0.66;SE;5.277777777777778;0.0;1012.68;0.0;Partly Cloudy
1431964800;30.0;24.0;0.7;ESE;5.277777777777778;0.0;1011.68;0.0;Partly Cloudy
1431968400;30.0;24.0;0.7;SE;6.111111111111111;0.0;1010.68;0.0;Partly Cloudy
1431972000;29.0;23.0;0.7;SE;5.277777777777778;0.0;1010.68;0.0;Fair
1431975600;28.0;24.0;0.79;SSE;5.277777777777778;0.0;1010.68;0.0;Partly Cloudy
1431979200;28.0;23.0;0.74;SE;4.722222222222222;0.0;1011.68;0.0;Fair
1431982800;27.0;23.0;0.79;ESE;4.166666666666667;0.0;1011.68;0.0;Mostly Cloudy
1431986400;26.0;22.0;0.78;SE;4.722222222222222;0.0;1012.68;0.0;Mostly Cloudy
1431990000;27.0;22.0;0.74;S;3.0555555555555554;0.0;1012.68;0.0;Mostly Cloudy
1431993600;26.0;22.0;0.78;SSW;1.9444444444444444;0.0;1013.68;0.0;Mostly Cloudy
1431997200;26.0;22.0;0.78;SW;1.6666666666666665;0.0;1013.68;0.0;Partly Cloudy
1432000800;25.0;23.0;0.89;SW;2.5;0.0;1013.68;0.0;Mostly Cloudy
1432004400;24.0;23.0;0.94;WSW;1.6666666666666665;0.0;1013.68;0.0;Mostly Cloudy
1432008000;25.0;23.0;0.89;ENE;1.1111111111111112;0.0;1012.68;0.0;Mostly Cloudy
1432011600;24.0;23.0;0.94;WSW;1.9444444444444444;0.0;1012.68;0.0;Light Rain
1432015200;24.0;24.0;1.0;WSW;2.5;0.0;1011.68;0.0;Mostly Cloudy
1432018800;24.0;23.0;0.94;SW;1.6666666666666665;0.0;1011.68;0.0;Mostly Cloudy
1432022400;24.0;23.0;0.94;S;1.1111111111111112;0.0;1011.68;0.0;Mostly Cloudy
1432026000;26.0;24.0;0.89;ESE;5.277777777777778;0.0;1011.68;0.0;Mostly Cloudy
1432029600;27.0;23.0;0.79;SE;4.166666666666667;0.0;1012.68;0.0;Mostly Cloudy
1432033200;27.0;23.0;0.79;ESE;4.722222222222222;0.0;1013.68;0.0;Mostly Cloudy
1432036800;28.0;23.0;0.74;SE;3.611111111111111;0.0;1013.68;0.0;Mostly Cloudy
1432040400;29.0;24.0;0.74;SE;4.166666666666667;0.0;0.0;0.0;Showers in the Vicinity
1432044000;29.0;25.0;0.79;SE;2.5;0.0;1012.68;0.0;Partly Cloudy
1432047600;29.0;24.0;0.74;SE;4.166666666666667;0.0;1011.68;0.0;Partly Cloudy
1432051200;29.0;24.0;0.74;SE;4.722222222222222;0.0;1011.68;0.0;Partly Cloudy
1432054800;29.0;23.0;0.7;SSE;4.722222222222222;0.0;1010.68;0.0;Partly Cloudy
1432058400;29.0;23.0;0.7;SE;5.277777777777778;0.0;1010.68;0.0;Partly Cloudy
1432062000;29.0;23.0;0.7;SE;4.166666666666667;0.0;1010.68;0.0;Partly Cloudy
1432065600;28.0;23.0;0.74;SE;4.166666666666667;0.0;1010.68;0.0;Partly Cloudy
1432069200;27.0;23.0;0.79;SSE;3.611111111111111;0.0;1011.68;0.0;Partly Cloudy
1432072800;27.0;24.0;0.84;SE;4.166666666666667;0.0;1011.68;0.0;Partly Cloudy
1432076400;26.0;24.0;0.89;ESE;3.0555555555555554;0.0;1012.68;0.0;Mostly Cloudy
1432080000;25.0;23.0;0.89;SSE;1.9444444444444444;0.0;1013.68;0.0;Showers in the Vicinity
1432083600;25.0;24.0;0.94;S;2.5;0.0;1012.68;0.0;Showers in the Vicinity
1432087200;26.0;24.0;0.89;SE;3.0555555555555554;0.0;1012.68;0.0;Mostly Cloudy
1432090800;25.0;24.0;0.94;NW;1.9444444444444444;0.0;1012.68;0.0;Mostly Cloudy
1432094400;25.0;24.0;0.94;W;1.6666666666666665;0.0;1012.68;0.0;Mostly Cloudy
1432098000;25.0;23.0;0.89;SW;2.5;0.0;1011.68;0.0;Partly Cloudy
1432101600;24.0;23.0;0.94;SW;3.0555555555555554;0.0;1011.68;0.0;Partly Cloudy
1432105200;24.0;23.0;0.94;SSW;3.0555555555555554;0.0;1011.68;0.0;Partly Cloudy
1432108800;24.0;23.0;0.94;CALM;0.0;0.0;1011.68;0.0;Mostly Cloudy
1432112400;24.0;23.0;0.94;SW;2.5;0.0;1011.68;0.0;Partly Cloudy
1432116000;25.0;23.0;0.89;CALM;0.0;0.0;0.0;0.0;Showers in the Vicinity
1432119600;27.0;24.0;0.84;SSW;1.9444444444444444;0.0;1013.68;0.0;Fair
1432123200;29.0;24.0;0.74;S;2.5;0.0;1013.68;0.0;Fair
1432126800;29.0;24.0;0.74;SSE;4.166666666666667;0.0;1013.68;0.0;Fair
1432130400;29.0;24.0;0.74;SE;5.277777777777778;0.0;1012.68;0.0;Partly Cloudy
1432134000;30.0;24.0;0.7;ESE;4.722222222222222;0.0;1012.68;0.0;Fair
1432137600;30.0;24.0;0.7;SE;4.722222222222222;0.0;1011.68;0.0;Fair
1432141200;29.0;24.0;0.74;SE;5.555555555555555;0.0;1010.68;0.0;Fair
1432144800;28.0;24.0;0.79;E;4.722222222222222;0.0;1011.68;0.0;Partly Cloudy
1432148400;28.0;23.0;0.74;ESE;5.555555555555555;0.0;1011.68;0.0;Partly Cloudy
1432152000;27.0;23.0;0.79;ESE;4.722222222222222;0.0;1011.68;0.0;Mostly Cloudy
1432155600;27.0;22.0;0.74;SE;3.0555555555555554;0.0;1012.68;0.0;Mostly Cloudy
1432159200;27.0;23.0;0.79;SSE;3.0555555555555554;0.0;1012.68;0.0;Mostly Cloudy
1432162800;28.0;22.0;0.7;S;1.1111111111111112;0.0;1013.68;0.0;Mostly Cloudy
1432166400;28.0;23.0;0.74;SE;4.166666666666667;0.0;1013.68;0.0;Partly Cloudy
1432170000;27.0;24.0;0.84;E;3.0555555555555554;0.0;1014.67;0.0;Partly Cloudy
1432173600;27.0;24.0;0.84;E;1.9444444444444444;0.0;1014.67;0.0;Partly Cloudy
1432177200;27.0;24.0;0.84;ESE;1.6666666666666665;0.0;1013.68;0.0;Mostly Cloudy
1432180800;26.0;21.0;0.74;S;5.277777777777778;0.0;1013.68;0.0;Mostly Cloudy
1432184400;26.0;22.0;0.78;SSW;1.6666666666666665;0.0;1012.68;0.0;Mostly Cloudy
1432188000;25.0;23.0;0.89;SSW;1.1111111111111112;0.0;1012.68;0.0;Mostly Cloudy
1432191600;25.0;23.0;0.89;SSW;1.1111111111111112;0.0;1012.68;0.0;Mostly Cloudy
1432195200;25.0;23.0;0.89;NW;1.6666666666666665;0.0;1013.68;0.0;Showers in the Vicinity
1432198800;25.0;22.0;0.83;SE;4.166666666666667;0.0;1013.68;0.0;Showers in the Vicinity
1432200000;25.0;23.0;0.89;SE;5.277777777777778;0.0;1013.68;0.0;Light Rain
1432200900;25.0;23.0;0.89;SE;2.5;0.0;0.0;0.0;Showers in the Vicinity
1432202400;26.0;23.0;0.83;ESE;4.166666666666667;0.0;0.0;0.0;Showers in the Vicinity
1432206000;27.0;25.0;0.89;E;1.6666666666666665;0.0;1014.67;0.0;Showers in the Vicinity
1432209600;29.0;24.0;0.74;SE;5.555555555555555;0.0;1014.67;0.0;Partly Cloudy
1432213200;29.0;24.0;0.74;ESE;5.555555555555555;0.0;1014.67;0.0;Mostly Cloudy
1432216800;30.0;24.0;0.7;ESE;6.111111111111111;0.0;1014.67;0.0;Partly Cloudy
1432220400;30.0;24.0;0.7;E;7.222222222222222;0.0;1013.68;0.0;Partly Cloudy
1432224000;30.0;24.0;0.7;ESE;6.111111111111111;0.0;1013.68;0.0;Partly Cloudy
1432227600;30.0;25.0;0.74;SE;7.777777777777778;0.0;1012.68;0.0;Partly Cloudy
1432231200;30.0;23.0;0.66;ESE;6.111111111111111;0.0;1012.68;0.0;Partly Cloudy
1432234800;28.0;22.0;0.7;SE;5.555555555555555;0.0;1013.68;0.0;Partly Cloudy
1432238400;28.0;21.0;0.66;SE;5.555555555555555;0.0;1013.68;0.0;Mostly Cloudy
1432242000;28.0;23.0;0.74;SE;5.277777777777778;0.0;1014.67;0.0;Mostly Cloudy
1432245600;27.0;23.0;0.79;SE;4.722222222222222;0.0;1014.67;0.0;Partly Cloudy
1432249200;27.0;23.0;0.79;SE;4.166666666666667;0.0;1014.67;0.0;Partly Cloudy
1432252800;27.0;22.0;0.74;SE;5.277777777777778;0.0;1015.67;0.0;Partly Cloudy
1432256400;27.0;23.0;0.79;SE;4.166666666666667;0.0;1014.67;0.0;Partly Cloudy
1432260000;27.0;23.0;0.79;SE;3.0555555555555554;0.0;1014.67;0.0;Partly Cloudy
1432263600;27.0;22.0;0.74;ESE;3.611111111111111;0.0;1014.67;0.0;Partly Cloudy
1432267200;27.0;22.0;0.74;ESE;3.611111111111111;0.0;1013.68;0.0;Partly Cloudy
1432270800;27.0;23.0;0.79;SE;3.611111111111111;0.0;1013.68;0.0;Partly Cloudy
1432274400;27.0;22.0;0.74;ESE;3.0555555555555554;0.0;1013.68;0.0;Partly Cloudy
1432278000;25.0;22.0;0.83;S;1.1111111111111112;0.0;1013.68;0.0;Partly Cloudy
1432281600;24.0;22.0;0.89;SSW;1.9444444444444444;0.0;1013.68;0.0;Partly Cloudy
1432285200;24.0;23.0;0.94;SSW;2.5;0.0;1013.68;0.0;Partly Cloudy
1432288800;25.0;23.0;0.89;SSE;1.6666666666666665;0.0;1014.67;0.0;Partly Cloudy
1432292400;27.0;24.0;0.84;SSW;2.5;0.0;1015.67;0.0;Partly Cloudy
1432296000;30.0;23.0;0.66;SE;4.722222222222222;0.0;1015.67;0.0;Partly Cloudy
1432299600;29.0;24.0;0.74;SE;5.555555555555555;0.0;1015.67;0.0;Partly Cloudy
1432303200;30.0;24.0;0.7;SE;5.277777777777778;0.0;1014.67;0.0;Partly Cloudy
1432306800;30.0;24.0;0.7;SE;5.277777777777778;0.0;1013.68;0.0;Partly Cloudy
1432310400;30.0;24.0;0.7;SE;6.666666666666666;0.0;1013.68;0.0;Partly Cloudy
1432314000;30.0;24.0;0.7;SE;6.111111111111111;0.0;1012.68;0.0;Partly Cloudy
1432317600;28.0;23.0;0.74;SE;5.277777777777778;0.0;1012.68;0.0;Mostly Cloudy
1432321200;29.0;23.0;0.7;SE;4.166666666666667;0.0;1012.68;0.0;Partly Cloudy
1432324800;28.0;23.0;0.74;SE;4.722222222222222;0.0;1013.68;0.0;Partly Cloudy
1432328400;27.0;24.0;0.84;SE;4.166666666666667;0.0;1013.68;0.0;Mostly Cloudy
1432332000;27.0;23.0;0.79;SE;4.166666666666667;0.0;1013.68;0.0;Partly Cloudy
1432335600;27.0;23.0;0.79;SSE;4.722222222222222;0.0;1014.67;0.0;Partly Cloudy
1432339200;27.0;23.0;0.79;SE;3.611111111111111;0.0;1014.67;0.0;Partly Cloudy
1432342800;27.0;23.0;0.79;E;1.9444444444444444;0.0;1014.67;0.0;Partly Cloudy
1432346400;27.0;23.0;0.79;E;3.0555555555555554;0.0;1014.67;0.0;Partly Cloudy
1432350000;27.0;23.0;0.79;E;3.611111111111111;0.0;1013.68;0.0;Partly Cloudy
1432353600;26.0;22.0;0.78;ESE;1.1111111111111112;0.0;1013.68;0.0;Fair
1432357200;26.0;23.0;0.83;ESE;2.5;0.0;1012.68;0.0;Fair
1432360800;26.0;23.0;0.83;S;1.6666666666666665;0.0;1012.68;0.0;Partly Cloudy
1432364400;25.0;23.0;0.89;SSE;1.9444444444444444;0.0;1012.68;0.0;Partly Cloudy
1432368000;24.0;23.0;0.94;SSW;1.9444444444444444;0.0;1012.68;0.0;Fair
1432371600;24.0;23.0;0.94;SSW;2.5;0.0;1013.68;0.0;Showers in the Vicinity
1432375200;25.0;24.0;0.94;WSW;11.944444444444445;0.0;1013.68;0.0;Showers in the Vicinity
1432378800;27.0;24.0;0.84;E;2.5;0.0;1013.68;0.0;Partly Cloudy
1432382400;29.0;24.0;0.74;E;3.611111111111111;0.0;1014.67;0.0;Partly Cloudy
1432386000;29.0;24.0;0.74;ESE;4.166666666666667;0.0;1014.67;0.0;Fair
1432389600;30.0;24.0;0.7;ESE;4.722222222222222;0.0;1013.68;0.0;Partly Cloudy
1432393200;30.0;24.0;0.7;ESE;5.277777777777778;0.0;1012.68;0.0;Partly Cloudy
1432396800;30.0;24.0;0.7;ESE;4.722222222222222;0.0;1012.68;0.0;Fair
1432400400;29.0;24.0;0.74;E;4.722222222222222;0.0;1011.68;0.0;Partly Cloudy
1432404000;29.0;24.0;0.74;ESE;4.166666666666667;0.0;1011.68;0.0;Partly Cloudy
1432407600;27.0;24.0;0.84;ESE;5.277777777777778;0.0;1011.68;0.0;Partly Cloudy
1432411200;27.0;24.0;0.84;SE;3.611111111111111;0.0;1011.68;0.0;Partly Cloudy
1432414800;27.0;24.0;0.84;ESE;3.611111111111111;0.0;1012.68;0.0;Partly Cloudy
1432418400;27.0;24.0;0.84;E;1.9444444444444444;0.0;1012.68;0.0;Partly Cloudy
1432422000;27.0;24.0;0.84;ESE;2.5;0.0;1013.68;0.0;Fair
1432425600;27.0;24.0;0.84;ESE;3.611111111111111;0.0;1013.68;0.0;Fair
1432429200;27.0;24.0;0.84;ESE;2.5;0.0;1013.68;0.0;Mostly Cloudy
1432432800;27.0;24.0;0.84;ESE;3.0555555555555554;0.0;1013.68;0.0;Partly Cloudy
1432436400;27.0;24.0;0.84;E;3.0555555555555554;0.0;1012.68;0.0;Partly Cloudy
1432440000;27.0;23.0;0.79;ESE;3.0555555555555554;0.0;1012.68;0.0;Fair
1432443600;27.0;24.0;0.84;E;3.0555555555555554;0.0;1011.68;0.0;Showers in the Vicinity
1432447200;25.0;23.0;0.89;S;1.6666666666666665;0.0;1011.68;0.0;Partly Cloudy
1432450800;25.0;23.0;0.89;SSW;1.6666666666666665;0.0;1011.68;0.0;Mostly Cloudy
1432454400;24.0;23.0;0.94;W;1.1111111111111112;0.0;1011.68;0.0;Partly Cloudy
1432458000;25.0;23.0;0.89;SSW;1.1111111111111112;0.0;1012.68;0.0;Partly Cloudy
1432461600;26.0;24.0;0.89;SW;1.6666666666666665;0.0;1012.68;0.0;Fair
1432465200;27.0;24.0;0.84;SSW;1.9444444444444444;0.0;1013.68;0.0;Partly Cloudy
1432468800;29.0;24.0;0.74;SE;3.0555555555555554;0.0;1013.68;0.0;Partly Cloudy
1432472400;30.0;25.0;0.74;SE;3.611111111111111;0.0;1013.68;0.0;Partly Cloudy
1432476000;28.0;23.0;0.74;E;6.111111111111111;0.0;1013.68;0.0;Showers in the Vicinity
1432479600;29.0;24.0;0.74;SE;3.0555555555555554;0.0;1012.68;0.0;Partly Cloudy
1432483200;29.0;24.0;0.74;SE;4.166666666666667;0.0;1011.68;0.0;Partly Cloudy
1432486800;30.0;24.0;0.7;SE;3.611111111111111;0.0;1010.68;0.0;Partly Cloudy
1432490400;28.0;25.0;0.84;ESE;5.277777777777778;0.0;1010.68;0.0;Partly Cloudy
1432494000;28.0;24.0;0.79;SE;5.277777777777778;0.0;1010.68;0.0;Partly Cloudy
1432497600;28.0;24.0;0.79;SE;6.111111111111111;0.0;1011.68;0.0;Partly Cloudy
1432501200;27.0;24.0;0.84;ESE;4.166666666666667;0.0;1011.68;0.0;Partly Cloudy
1432504800;27.0;24.0;0.84;ESE;3.611111111111111;0.0;1012.68;0.0;Partly Cloudy
1432508400;27.0;24.0;0.84;ESE;4.166666666666667;0.0;1012.68;0.0;Partly Cloudy
1432512000;27.0;24.0;0.84;ESE;4.166666666666667;0.0;1012.68;0.0;Fair
1432515600;27.0;23.0;0.79;ESE;3.0555555555555554;0.0;1013.68;0.0;Partly Cloudy
1432519200;27.0;24.0;0.84;ESE;2.5;0.0;1012.68;0.0;Partly Cloudy
1432522800;26.0;24.0;0.89;ESE;2.5;0.0;1012.68;0.0;Fair
1432526400;26.0;24.0;0.89;ESE;3.0555555555555554;0.0;1011.68;0.0;Partly Cloudy
1432530000;26.0;23.0;0.83;ESE;2.5;0.0;1011.68;0.0;Partly Cloudy
1432533600;26.0;23.0;0.83;E;2.5;0.0;1011.68;0.0;Partly Cloudy
1432537200;26.0;23.0;0.83;ESE;3.0555555555555554;0.0;1011.68;0.0;Partly Cloudy
1432540800;26.0;23.0;0.83;CALM;0.0;0.0;1011.68;0.0;Partly Cloudy
1432544400;27.0;24.0;0.84;ESE;2.5;0.0;1011.68;0.0;Mostly Cloudy
1432548000;27.0;24.0;0.84;ESE;3.0555555555555554;0.0;1012.68;0.0;Showers in the Vicinity
1432551600;29.0;24.0;0.74;E;3.611111111111111;0.0;1012.68;0.0;Partly Cloudy
1432555200;29.0;24.0;0.74;E;4.722222222222222;0.0;1013.68;0.0;Partly Cloudy
1432558800;30.0;24.0;0.7;ENE;4.166666666666667;0.0;1012.68;0.0;Partly Cloudy
1432562400;30.0;25.0;0.74;ENE;5.277777777777778;0.0;1012.68;0.0;Partly Cloudy
1432566000;30.0;24.0;0.7;E;5.555555555555555;0.0;1011.68;0.0;Fair
1432569600;30.0;25.0;0.74;ESE;4.166666666666667;0.0;1010.68;0.0;Partly Cloudy
1432573200;30.0;24.0;0.7;ESE;5.277777777777778;0.0;1010.68;0.0;Partly Cloudy
1432576800;29.0;24.0;0.74;SE;4.166666666666667;0.0;1010.68;0.0;Partly Cloudy
1432580400;29.0;24.0;0.74;ESE;4.166666666666667;0.0;1010.68;0.0;Partly Cloudy
1432584000;28.0;24.0;0.79;SE;2.5;0.0;1010.68;0.0;Fair
1432587600;28.0;24.0;0.79;ESE;3.0555555555555554;0.0;1011.68;0.0;Partly Cloudy
1432591200;28.0;24.0;0.79;SE;3.611111111111111;0.0;1011.68;0.0;Showers in the Vicinity
1432594800;26.0;23.0;0.83;E;3.611111111111111;0.0;1012.68;0.0;Showers in the Vicinity
1432598400;28.0;24.0;0.79;E;3.611111111111111;0.0;1012.68;0.0;Showers in the Vicinity
1432602000;28.0;24.0;0.79;ESE;4.722222222222222;0.0;1012.68;0.0;Partly Cloudy
1432605600;28.0;24.0;0.79;ESE;3.611111111111111;0.0;1012.68;0.0;Mostly Cloudy
1432609200;28.0;24.0;0.79;E;4.166666666666667;0.0;1011.68;0.0;Mostly Cloudy
1432612800;28.0;23.0;0.74;E;3.0555555555555554;0.0;1011.68;0.0;Mostly Cloudy
1432616400;28.0;24.0;0.79;ESE;4.166666666666667;0.0;1010.68;0.0;Mostly Cloudy
1432620000;27.0;23.0;0.79;E;3.0555555555555554;0.0;1010.68;0.0;Partly Cloudy
1432623600;27.0;23.0;0.79;E;3.0555555555555554;0.0;1011.68;0.0;Partly Cloudy
1432627200;27.0;23.0;0.79;E;3.611111111111111;0.0;1011.68;0.0;Partly Cloudy
1432630800;27.0;24.0;0.84;ESE;2.5;0.0;1011.68;0.0;Partly Cloudy
1432634400;28.0;24.0;0.79;E;3.0555555555555554;0.0;1012.68;0.0;Partly Cloudy
1432638000;29.0;24.0;0.74;E;3.611111111111111;0.0;1013.68;0.0;Partly Cloudy
1432641600;29.0;24.0;0.74;ENE;4.166666666666667;0.0;1013.68;0.0;Partly Cloudy
1432645200;30.0;24.0;0.7;ENE;4.166666666666667;0.0;1013.68;0.0;Partly Cloudy
1432648800;30.0;24.0;0.7;E;4.166666666666667;0.0;1012.68;0.0;Partly Cloudy
1432652400;30.0;24.0;0.7;E;4.722222222222222;0.0;1011.68;0.0;Partly Cloudy
1432656000;30.0;23.0;0.66;E;4.166666666666667;0.0;1011.68;0.0;Fair
1432659600;30.0;23.0;0.66;ESE;3.611111111111111;0.0;1010.68;0.0;Fair
1432663200;29.0;23.0;0.7;E;3.611111111111111;0.0;1010.68;0.0;Partly Cloudy
1432666800;29.0;23.0;0.7;E;3.611111111111111;0.0;1010.68;0.0;Partly Cloudy
1432670400;28.0;24.0;0.79;ESE;3.611111111111111;0.0;1011.68;0.0;Partly Cloudy
1432674000;28.0;23.0;0.74;E;3.611111111111111;0.0;1011.68;0.0;Partly Cloudy
1432677600;28.0;23.0;0.74;E;3.0555555555555554;0.0;1011.68;0.0;Mostly Cloudy
1432681200;28.0;23.0;0.74;E;2.5;0.0;1012.68;0.0;Mostly Cloudy
1432684800;28.0;24.0;0.79;E;1.9444444444444444;0.0;1012.68;0.0;Mostly Cloudy
1432688400;28.0;24.0;0.79;NE;1.9444444444444444;0.0;1012.68;0.0;Mostly Cloudy
1432692000;27.0;24.0;0.84;ESE;1.9444444444444444;0.0;1012.68;0.0;Mostly Cloudy
1432695600;26.0;24.0;0.89;S;1.9444444444444444;0.0;1011.68;0.0;Mostly Cloudy
1432699200;27.0;24.0;0.84;E;1.6666666666666665;0.0;1011.68;0.0;Mostly Cloudy
1432702800;26.0;24.0;0.89;E;2.5;0.0;1010.68;0.0;Showers in the Vicinity
1432704300;25.0;23.0;0.89;NW;1.9444444444444444;0.0;1013.68;0.0;Light Rain
1432706400;26.0;23.0;0.83;ESE;4.722222222222222;0.0;1010.68;0.0;Showers in the Vicinity
1432710000;27.0;23.0;0.79;ENE;4.166666666666667;0.0;1010.68;0.0;Showers in the Vicinity
1432713600;27.0;23.0;0.79;ENE;4.166666666666667;0.0;1011.68;0.0;Mostly Cloudy
1432717200;27.0;23.0;0.79;E;3.611111111111111;0.0;1011.68;0.0;Partly Cloudy
1432720800;28.0;23.0;0.74;E;4.722222222222222;0.0;1012.68;0.0;Partly Cloudy
1432724400;29.0;23.0;0.7;ESE;5.277777777777778;0.0;1012.68;0.0;Partly Cloudy
1432728000;29.0;23.0;0.7;SE;5.277777777777778;0.0;1013.68;0.0;Partly Cloudy
1432731600;29.0;23.0;0.7;SE;5.277777777777778;0.0;1013.68;0.0;Partly Cloudy
1432735200;30.0;23.0;0.66;ESE;3.611111111111111;0.0;1012.68;0.0;Fair
1432738800;30.0;23.0;0.66;ESE;4.166666666666667;0.0;1012.68;0.0;Fair
1432742400;30.0;23.0;0.66;ESE;4.166666666666667;0.0;1011.68;0.0;Fair
1432746000;30.0;23.0;0.66;SE;3.611111111111111;0.0;1010.68;0.0;Partly Cloudy
1432749600;29.0;23.0;0.7;ESE;4.166666666666667;0.0;1010.68;0.0;Fair
1432753200;29.0;22.0;0.66;ESE;4.166666666666667;0.0;1011.68;0.0;Fair
1432756800;28.0;22.0;0.7;ESE;3.611111111111111;0.0;1011.68;0.0;Fair
1432760400;27.0;22.0;0.74;SE;4.166666666666667;0.0;1011.68;0.0;Fair
1432764000;27.0;23.0;0.79;SE;4.166666666666667;0.0;1012.68;0.0;Fair
1432767600;27.0;22.0;0.74;ESE;4.166666666666667;0.0;1012.68;0.0;Fair
1432771200;27.0;22.0;0.74;SE;4.166666666666667;0.0;1013.68;0.0;Fair
1432774800;26.0;23.0;0.83;SSW;1.9444444444444444;0.0;1013.68;0.0;Fair
1432778400;25.0;23.0;0.89;SSW;2.5;0.0;1012.68;0.0;Showers in the Vicinity
1432779900;25.0;23.0;0.89;NW;1.9444444444444444;0.0;1013.68;0.0;Mostly Cloudy
1432782000;24.0;23.0;0.94;W;1.6666666666666665;0.0;1012.68;0.0;Light Rain
1432785600;25.0;24.0;0.94;W;1.1111111111111112;0.0;1012.68;0.0;Partly Cloudy
1432789200;25.0;24.0;0.94;WSW;1.6666666666666665;0.0;1011.68;0.0;Fair
1432792800;24.0;23.0;0.94;S;1.1111111111111112;0.0;1011.68;0.0;Partly Cloudy
1432796400;26.0;24.0;0.89;E;3.0555555555555554;0.0;1011.68;0.0;Mostly Cloudy
1432800000;25.0;23.0;0.89;E;1.6666666666666665;0.0;1011.68;0.0;Partly Cloudy
1432803600;25.0;23.0;0.89;SSW;1.9444444444444444;0.0;1012.68;0.0;Mostly Cloudy
1432807200;25.0;23.0;0.89;SSW;1.9444444444444444;0.0;1012.68;0.0;Light Rain
1432810800;25.0;24.0;0.94;SSW;2.5;0.0;1013.68;0.0;Showers in the Vicinity
1432814400;25.0;24.0;0.94;SW;2.5;0.0;1013.68;0.0;Showers in the Vicinity
1432818000;28.0;25.0;0.84;SE;3.0555555555555554;0.0;1013.68;0.0;Partly Cloudy
1432821600;30.0;24.0;0.7;ESE;5.277777777777778;0.0;1012.68;0.0;Partly Cloudy
1432825200;30.0;23.0;0.66;ESE;5.277777777777778;0.0;1011.68;0.0;Partly Cloudy
1432828800;30.0;23.0;0.66;ESE;4.722222222222222;0.0;1011.68;0.0;Partly Cloudy
1432832400;30.0;23.0;0.66;SE;4.722222222222222;0.0;1010.68;0.0;Partly Cloudy
1432836000;29.0;23.0;0.7;E;4.722222222222222;0.0;1010.68;0.0;Partly Cloudy
1432839600;28.0;23.0;0.74;E;4.722222222222222;0.0;1010.68;0.0;Fair
1432843200;28.0;23.0;0.74;ESE;3.611111111111111;0.0;1010.68;0.0;Partly Cloudy
1432846800;27.0;22.0;0.74;ESE;4.166666666666667;0.0;1011.68;0.0;Partly Cloudy
1432850400;27.0;22.0;0.74;ESE;2.5;0.0;1011.68;0.0;Partly Cloudy
1432854000;27.0;22.0;0.74;ESE;3.0555555555555554;0.0;1011.68;0.0;Partly Cloudy
1432857600;27.0;22.0;0.74;ESE;3.611111111111111;0.0;1012.68;0.0;Fair
1432861200;27.0;22.0;0.74;ESE;2.5;0.0;1012.68;0.0;Partly Cloudy
1432864800;25.0;23.0;0.89;SW;1.6666666666666665;0.0;1012.68;0.0;Mostly Cloudy
1432868400;25.0;23.0;0.89;W;1.9444444444444444;0.0;1011.68;0.0;Mostly Cloudy
1432872000;24.0;23.0;0.94;SW;1.6666666666666665;0.0;1011.68;0.0;Partly Cloudy
1432875600;24.0;22.0;0.89;WSW;1.1111111111111112;0.0;1010.68;0.0;Partly Cloudy
1432879200;23.0;22.0;0.94;S;1.6666666666666665;0.0;1010.68;0.0;Fair
1432882800;23.0;22.0;0.94;SSW;1.1111111111111112;0.0;1010.68;0.0;Fair
1432886400;23.0;22.0;0.94;CALM;0.0;0.0;1010.68;0.0;Fair
1432890000;24.0;22.0;0.89;CALM;0.0;0.0;1010.68;0.0;Partly Cloudy
1432893600;26.0;23.0;0.83;WSW;1.6666666666666665;0.0;1011.68;0.0;Fair
1432897200;27.0;23.0;0.79;SSW;2.5;0.0;1012.68;0.0;Fair
1432900800;29.0;21.0;0.62;SE;4.166666666666667;0.0;1012.68;0.0;Fair
1432904400;29.0;21.0;0.62;SE;4.166666666666667;0.0;1012.68;0.0;Fair
1432908000;29.0;21.0;0.62;SE;4.166666666666667;0.0;1011.68;0.0;Fair
1432911600;30.0;21.0;0.58;ESE;3.611111111111111;0.0;1010.68;0.0;Partly Cloudy
1432915200;29.0;22.0;0.66;SSE;4.722222222222222;0.0;1009.68;0.0;Partly Cloudy
1432918800;30.0;23.0;0.66;SE;4.166666666666667;0.0;1009.68;0.0;Fair
1432922400;29.0;22.0;0.66;SE;5.277777777777778;0.0;1009.68;0.0;Partly Cloudy
1432926000;27.0;22.0;0.74;SE;4.722222222222222;0.0;0.0;0.0;Showers in the Vicinity
1432929600;27.0;23.0;0.79;ESE;4.166666666666667;0.0;1009.68;0.0;Showers in the Vicinity
1432933200;26.0;24.0;0.89;E;2.5;0.0;1010.68;0.0;Mostly Cloudy
1432936800;26.0;24.0;0.89;ESE;4.166666666666667;0.0;1010.68;0.0;Showers in the Vicinity
1432940400;25.0;24.0;0.94;E;3.611111111111111;0.0;1011.68;0.0;Light Rain
1432944000;24.0;24.0;1.0;E;3.611111111111111;0.0;1011.68;0.0;Light Rain
1432947600;24.0;24.0;1.0;E;6.111111111111111;0.0;1011.68;0.0;Rain
1432951200;24.0;24.0;1.0;SE;4.166666666666667;0.0;1011.68;0.0;Light Rain
1432954800;24.0;24.0;1.0;SE;2.5;0.0;1011.68;0.0;Light Rain
1432958400;24.0;24.0;1.0;SSW;1.9444444444444444;0.0;1010.68;0.0;Light Rain
1432962000;24.0;23.0;0.94;SSE;4.166666666666667;0.0;1009.68;0.0;Light Rain
1432965600;24.0;23.0;0.94;SW;2.5;0.0;1009.68;0.0;Showers in the Vicinity
1432966320;24.0;23.0;0.94;SW;2.5;0.0;1009.68;0.0;Light Rain
1432969200;23.0;23.0;1.0;SE;3.0555555555555554;0.0;1010.68;0.0;Light Rain
1432972800;24.0;23.0;0.94;SW;3.0555555555555554;0.0;1010.68;0.0;Light Rain
1432976400;24.0;23.0;0.94;CALM;0.0;0.0;1010.68;0.0;Showers in the Vicinity
1432977060;23.0;23.0;1.0;SW;2.5;0.0;1011.68;0.0;Light Rain
1432980000;24.0;23.0;0.94;NNW;2.5;0.0;1011.68;0.0;Light Rain
1432980480;24.0;23.0;0.94;W;2.5;0.0;1011.68;0.0;Light Rain
1432983600;24.0;24.0;1.0;SSE;4.166666666666667;0.0;1012.68;0.0;Light Rain
1432987200;26.0;24.0;0.89;SSW;1.9444444444444444;0.0;1012.68;0.0;Showers in the Vicinity
1432990800;26.0;25.0;0.94;E;3.611111111111111;0.0;1012.68;0.0;Showers in the Vicinity
1432994400;28.0;24.0;0.79;E;4.722222222222222;0.0;1010.68;0.0;Showers in the Vicinity
1432998000;28.0;24.0;0.79;ESE;6.111111111111111;0.0;1011.68;0.0;Mostly Cloudy
1433001600;29.0;23.0;0.7;ESE;6.111111111111111;0.0;1010.68;0.0;Mostly Cloudy
1433005200;29.0;23.0;0.7;ESE;5.277777777777778;0.0;1010.68;0.0;Mostly Cloudy
1433012400;28.0;22.0;0.7;SE;5.277777777777778;0.0;1010.68;0.0;Partly Cloudy
1433016000;28.0;22.0;0.7;SE;4.722222222222222;0.0;1010.68;0.0;Partly Cloudy
1433019600;27.0;22.0;0.74;SE;3.611111111111111;0.0;1011.68;0.0;Partly Cloudy
1433023200;27.0;22.0;0.74;SE;3.0555555555555554;0.0;1012.68;0.0;Partly Cloudy
1433026800;28.0;23.0;0.74;SE;3.0555555555555554;0.0;1012.68;0.0;Partly Cloudy
1433030400;27.0;22.0;0.74;SE;3.0555555555555554;0.0;1013.68;0.0;Partly Cloudy
1433034000;27.0;22.0;0.74;SE;3.0555555555555554;0.0;1013.68;0.0;Partly Cloudy
1433037600;27.0;23.0;0.79;SE;4.166666666666667;0.0;1012.68;0.0;Mostly Cloudy
1433041200;27.0;23.0;0.79;ESE;5.277777777777778;0.0;1012.68;0.0;Mostly Cloudy
1433044800;27.0;23.0;0.79;SE;4.166666666666667;0.0;1011.68;0.0;Partly Cloudy
1433048400;27.0;23.0;0.79;ESE;3.611111111111111;0.0;1011.68;0.0;Partly Cloudy
1433052000;27.0;23.0;0.79;SE;3.0555555555555554;0.0;1010.68;0.0;Mostly Cloudy
1433054700;24.0;23.0;0.94;ESE;5.555555555555555;0.0;1009.68;0.0;Light Rain
1433055600;24.0;23.0;0.94;ESE;6.111111111111111;0.0;1011.68;0.0;Light Rain
1433059200;24.0;23.0;0.94;CALM;0.0;0.0;1011.68;0.0;Showers in the Vicinity
1433062800;24.0;23.0;0.94;WSW;1.1111111111111112;0.0;1011.68;0.0;Partly Cloudy
1433066400;26.0;24.0;0.89;SSE;5.277777777777778;0.0;1012.68;0.0;Showers in the Vicinity
1433070000;28.0;23.0;0.74;ESE;5.555555555555555;0.0;1013.68;0.0;Partly Cloudy
1433073600;29.0;23.0;0.7;ESE;6.111111111111111;0.0;1013.68;0.0;Partly Cloudy
1433077200;29.0;23.0;0.7;ESE;6.111111111111111;0.0;1013.68;0.0;Partly Cloudy
1433080800;30.0;23.0;0.66;ESE;6.111111111111111;0.0;1012.68;0.0;Partly Cloudy
1433084400;29.0;23.0;0.7;ESE;6.666666666666666;0.0;1012.68;0.0;Fair
1433088000;29.0;21.0;0.62;SE;6.111111111111111;0.0;1011.68;0.0;Fair
1433091600;29.0;22.0;0.66;SE;5.555555555555555;0.0;1011.68;0.0;Fair
1433095200;29.0;21.0;0.62;ESE;5.277777777777778;0.0;1011.68;0.0;Fair
1433098800;28.0;22.0;0.7;SE;4.722222222222222;0.0;1011.68;0.0;Fair
1433102400;28.0;22.0;0.7;ESE;4.722222222222222;0.0;1011.68;0.0;Partly Cloudy
1433106000;27.0;22.0;0.74;SE;4.722222222222222;0.0;1012.68;0.0;Fair
1433109600;27.0;22.0;0.74;SE;4.722222222222222;0.0;1012.68;0.0;Partly Cloudy
1433113200;27.0;21.0;0.7;ESE;4.722222222222222;0.0;1013.68;0.0;Fair
1433116800;27.0;21.0;0.7;SE;5.277777777777778;0.0;1013.68;0.0;Fair
1433120400;27.0;21.0;0.7;ESE;4.166666666666667;0.0;1013.68;0.0;Fair
1433124000;26.0;22.0;0.78;S;2.5;0.0;1013.68;0.0;Mostly Cloudy
1433127600;25.0;22.0;0.83;SW;1.6666666666666665;0.0;1012.68;0.0;Fair
1433131200;24.0;22.0;0.89;SW;1.6666666666666665;0.0;1012.68;0.0;Partly Cloudy
1433134800;24.0;22.0;0.89;SSW;3.0555555555555554;0.0;1011.68;0.0;Fair
1433138400;23.0;21.0;0.88;SSW;1.1111111111111112;0.0;1010.68;0.0;Fair
1433142000;23.0;21.0;0.88;SSW;1.6666666666666665;0.0;1010.68;0.0;Fair
1433145600;23.0;21.0;0.88;WSW;1.6666666666666665;0.0;1011.68;0.0;Partly Cloudy
1433149200;23.0;21.0;0.88;CALM;0.0;0.0;1011.68;0.0;Fair
1433152800;24.0;22.0;0.89;WSW;1.6666666666666665;0.0;1012.68;0.0;Partly Cloudy
1433156400;26.0;23.0;0.83;S;1.9444444444444444;0.0;1013.68;0.0;Partly Cloudy
1433160000;27.0;23.0;0.79;S;2.5;0.0;1013.68;0.0;Mostly Cloudy
1433163600;28.0;24.0;0.79;S;3.611111111111111;0.0;1013.68;0.0;Showers in the Vicinity
1433167200;26.0;23.0;0.83;SSE;1.6666666666666665;0.0;1013.68;0.0;Showers in the Vicinity
1433170800;25.0;23.0;0.89;SSE;1.6666666666666665;0.0;1012.68;0.0;Light Rain
1433174400;26.0;22.0;0.78;E;3.0555555555555554;0.0;1011.68;0.0;Showers in the Vicinity
1433175000;24.0;22.0;0.89;SE;2.5;0.0;1011.68;0.0;Light Rain
1433176200;25.0;22.0;0.83;S;4.166666666666667;0.0;1011.68;0.0;Showers in the Vicinity
1433178000;26.0;21.0;0.74;E;2.5;0.0;1011.68;0.0;Cloudy
1433181600;27.0;23.0;0.79;SE;4.166666666666667;0.0;1010.68;0.0;Showers in the Vicinity
1433182500;25.0;23.0;0.89;SSE;6.111111111111111;0.0;1011.68;0.0;Rain
1433184000;24.0;22.0;0.89;SSE;4.722222222222222;0.0;1011.68;0.0;Light Rain
1433185200;24.0;22.0;0.89;S;1.9444444444444444;0.0;1011.68;0.0;Showers in the Vicinity
1433188800;25.0;23.0;0.89;CALM;0.0;0.0;1011.68;0.0;Mostly Cloudy
1433192400;25.0;23.0;0.89;CALM;0.0;0.0;1012.68;0.0;Fair
1433196000;25.0;23.0;0.89;CALM;0.0;0.0;1012.68;0.0;Fair
1433199600;25.0;23.0;0.89;CALM;0.0;0.0;1012.68;0.0;Fair
1433203200;24.0;23.0;0.94;NNW;1.1111111111111112;0.0;1012.68;0.0;Fair
1433206800;26.0;24.0;0.89;E;1.6666666666666665;0.0;1012.68;0.0;Mostly Cloudy
1433210400;24.0;22.0;0.89;SSW;1.6666666666666665;0.0;1012.68;0.0;Mostly Cloudy
1433214000;24.0;22.0;0.89;CALM;0.0;0.0;1012.68;0.0;Mostly Cloudy
1433217600;24.0;22.0;0.89;WNW;1.1111111111111112;0.0;1012.68;0.0;Mostly Cloudy
1433221200;24.0;23.0;0.94;S;3.611111111111111;0.0;1011.68;0.0;Light Rain
1433224800;24.0;23.0;0.94;SW;2.5;0.0;1011.68;0.0;Mostly Cloudy
1433228400;24.0;22.0;0.89;W;1.6666666666666665;0.0;1011.68;0.0;Fair
1433232000;23.0;22.0;0.94;SSW;1.1111111111111112;0.0;1011.68;0.0;Fair
1433235600;23.0;22.0;0.94;CALM;0.0;0.0;1011.68;0.0;Fair
1433239200;25.0;23.0;0.89;S;1.6666666666666665;0.0;1012.68;0.0;Partly Cloudy
1433242800;26.0;23.0;0.83;S;1.9444444444444444;0.0;1012.68;0.0;Partly Cloudy
1433246400;28.0;24.0;0.79;SSE;4.166666666666667;0.0;1013.68;0.0;Partly Cloudy
1433250000;26.0;23.0;0.83;ESE;3.611111111111111;0.0;1013.68;0.0;Showers in the Vicinity
1433253600;28.0;23.0;0.74;SE;6.111111111111111;0.0;1012.68;0.0;Partly Cloudy
1433257200;29.0;23.0;0.7;SE;6.111111111111111;0.0;1012.68;0.0;Partly Cloudy
1433260800;30.0;23.0;0.66;SE;6.666666666666666;0.0;1011.68;0.0;Partly Cloudy
1433264400;30.0;23.0;0.66;SE;6.666666666666666;0.0;1010.68;0.0;Fair
1433268000;29.0;23.0;0.7;SE;6.666666666666666;0.0;1010.68;0.0;Fair
1433271600;28.0;22.0;0.7;SE;7.222222222222222;0.0;1010.68;0.0;Fair
1433275200;27.0;22.0;0.74;SE;5.555555555555555;0.0;1011.68;0.0;Fair
1433278800;27.0;22.0;0.74;SSE;6.111111111111111;0.0;1011.68;0.0;Fair
1433282400;27.0;23.0;0.79;S;4.166666666666667;0.0;1011.68;0.0;Fair
1433286000;27.0;22.0;0.74;SSE;5.277777777777778;0.0;1012.68;0.0;Fair
1433289600;27.0;22.0;0.74;SSE;5.555555555555555;0.0;1012.68;0.0;Fair
1433293200;26.0;22.0;0.78;S;5.277777777777778;0.0;1012.68;0.0;Fair
1433296800;25.0;22.0;0.83;SW;2.5;0.0;1012.68;0.0;Partly Cloudy
1433300400;25.0;22.0;0.83;SSW;1.9444444444444444;0.0;1012.68;0.0;Fair
1433304000;24.0;22.0;0.89;SW;1.1111111111111112;0.0;1011.68;0.0;Fair
1433307600;24.0;22.0;0.89;SW;1.6666666666666665;0.0;1011.68;0.0;Fair
1433311200;23.0;22.0;0.94;SSW;1.1111111111111112;0.0;1011.68;0.0;Fair
1433314800;23.0;22.0;0.94;S;0.5555555555555556;0.0;1011.68;0.0;Partly Cloudy
1433318400;23.0;22.0;0.94;CALM;0.0;0.0;1011.68;0.0;Fair
1433322000;23.0;22.0;0.94;CALM;0.0;0.0;1011.68;0.0;Fair
1433325600;25.0;22.0;0.83;SW;1.9444444444444444;0.0;1012.68;0.0;Fair
1433329200;26.0;24.0;0.89;S;3.0555555555555554;0.0;1013.68;0.0;Showers in the Vicinity
1433332800;26.0;24.0;0.89;S;5.277777777777778;0.0;0.0;0.0;Showers in the Vicinity
1433336400;27.0;24.0;0.84;S;5.555555555555555;0.0;0.0;0.0;Showers in the Vicinity
1433337900;25.0;24.0;0.94;SSE;6.666666666666666;0.0;1014.67;0.0;Light Rain
1433340000;25.0;24.0;0.94;SSE;7.222222222222222;0.0;1013.68;0.0;Light Rain
1433341440;25.0;24.0;0.94;S;4.166666666666667;0.0;1013.68;0.0;Showers in the Vicinity
1433343600;27.0;24.0;0.84;SSE;5.277777777777778;0.0;1013.68;0.0;Showers in the Vicinity
1433347200;28.0;24.0;0.79;SSE;5.277777777777778;0.0;0.0;0.0;Showers in the Vicinity
1433350800;25.0;24.0;0.94;NE;3.0555555555555554;0.0;1012.68;0.0;Light Rain
1433351580;25.0;24.0;0.94;E;1.9444444444444444;0.0;1012.68;0.0;Rain
1433352900;25.0;0.0;0.0;E;1.9444444444444444;0.0;1011.68;0.0;Showers in the Vicinity
1433354400;26.0;0.0;0.0;E;1.6666666666666665;0.0;1011.68;0.0;Showers in the Vicinity
1433354820;0.0;0.0;0.0;ENE;3.0555555555555554;0.0;1011.68;0.0;Light Rain
1433355600;25.0;0.0;0.0;E;1.6666666666666665;0.0;1011.68;0.0;Showers in the Vicinity
1433356800;25.0;24.0;0.94;E;1.9444444444444444;0.0;1011.68;0.0;Rain
1433358000;24.0;24.0;1.0;ESE;4.722222222222222;0.0;1012.68;0.0;Light Rain
1433359200;24.0;23.0;0.94;VAR;0.5555555555555556;0.0;1012.68;0.0;Light Rain
1433361600;24.0;24.0;1.0;SW;1.9444444444444444;0.0;1012.68;0.0;Mostly Cloudy
1433365200;24.0;23.0;0.94;SW;1.6666666666666665;0.0;1012.68;0.0;Mostly Cloudy
1433367300;24.0;23.0;0.94;SW;1.9444444444444444;0.0;1012.68;0.0;Light Drizzle
1433368800;24.0;23.0;0.94;VAR;1.6666666666666665;0.0;1013.68;0.0;Light Rain
1433370600;24.0;23.0;0.94;SE;3.0555555555555554;0.0;1013.68;0.0;Cloudy
1433372400;25.0;23.0;0.89;SE;1.9444444444444444;0.0;1013.68;0.0;Cloudy
1433373900;25.0;23.0;0.89;N;1.9444444444444444;0.0;1013.68;0.0;Light Rain
1433376000;25.0;24.0;0.94;E;2.5;0.0;1014.67;0.0;Cloudy
1433376900;25.0;23.0;0.89;ENE;1.9444444444444444;0.0;1014.67;0.0;Rain
1433379600;24.0;23.0;0.94;ESE;3.0555555555555554;0.0;1014.67;0.0;Light Rain
1433383200;24.0;23.0;0.94;E;2.5;0.0;1014.67;0.0;Light Rain
1433386800;24.0;23.0;0.94;NE;1.9444444444444444;0.0;1013.68;0.0;Light Rain
1433388300;24.0;23.0;0.94;NE;1.9444444444444444;0.0;1013.68;0.0;Cloudy
1433390400;24.0;23.0;0.94;NW;1.1111111111111112;0.0;1013.68;0.0;Cloudy
1433394000;24.0;23.0;0.94;W;1.6666666666666665;0.0;1012.68;0.0;Cloudy
1433394600;23.0;23.0;1.0;SSW;1.9444444444444444;0.0;1012.68;0.0;Light Rain
1433397600;24.0;23.0;0.94;N;1.6666666666666665;0.0;1012.68;0.0;Light Rain
1433401200;24.0;23.0;0.94;NNE;1.9444444444444444;0.0;1012.68;0.0;Light Rain
1433404800;24.0;23.0;0.94;NW;1.9444444444444444;0.0;1012.68;0.0;Cloudy
1433408400;24.0;23.0;0.94;NNW;1.1111111111111112;0.0;1013.68;0.0;Partly Cloudy
1433412000;28.0;23.0;0.74;ESE;3.0555555555555554;0.0;1013.68;0.0;Showers in the Vicinity
1433415600;28.0;23.0;0.74;E;3.611111111111111;0.0;1014.67;0.0;Partly Cloudy
1433419200;29.0;24.0;0.74;E;3.611111111111111;0.0;1014.67;0.0;Partly Cloudy
1433422800;29.0;23.0;0.7;E;4.722222222222222;0.0;1014.67;0.0;Partly Cloudy
1433426400;29.0;23.0;0.7;ESE;4.722222222222222;0.0;1014.67;0.0;Showers in the Vicinity
1433430000;28.0;24.0;0.79;SE;4.166666666666667;0.0;1013.68;0.0;Partly Cloudy
1433433600;29.0;24.0;0.74;ESE;4.722222222222222;0.0;1012.68;0.0;Mostly Cloudy
1433437200;29.0;23.0;0.7;ESE;5.277777777777778;0.0;1012.68;0.0;Fair
1433440800;29.0;23.0;0.7;SE;5.277777777777778;0.0;1011.68;0.0;Partly Cloudy
1433444400;28.0;23.0;0.74;SSE;5.555555555555555;0.0;1011.68;0.0;Partly Cloudy
1433448000;27.0;23.0;0.79;SSE;5.277777777777778;0.0;1012.68;0.0;Partly Cloudy
1433451600;27.0;23.0;0.79;SSE;4.722222222222222;0.0;1012.68;0.0;Partly Cloudy
1433455200;27.0;23.0;0.79;SE;4.722222222222222;0.0;1013.68;0.0;Partly Cloudy
1433458800;27.0;23.0;0.79;SE;3.611111111111111;0.0;1013.68;0.0;Fair
1433462400;27.0;23.0;0.79;SE;4.722222222222222;0.0;1014.67;0.0;Fair
1433466000;27.0;23.0;0.79;SE;4.166666666666667;0.0;1014.67;0.0;Partly Cloudy
1433469600;27.0;23.0;0.79;ESE;3.611111111111111;0.0;1014.67;0.0;Partly Cloudy
1433473200;27.0;23.0;0.79;SE;4.722222222222222;0.0;1013.68;0.0;Partly Cloudy
1433476800;27.0;23.0;0.79;ESE;3.0555555555555554;0.0;1013.68;0.0;Partly Cloudy
1433480400;27.0;23.0;0.79;SE;2.5;0.0;1012.68;0.0;Partly Cloudy
1433484000;27.0;23.0;0.79;ESE;3.0555555555555554;0.0;1012.68;0.0;Partly Cloudy
1433487600;27.0;22.0;0.74;ESE;1.9444444444444444;0.0;1012.68;0.0;Fair
1433491200;27.0;22.0;0.74;ESE;3.0555555555555554;0.0;1012.68;0.0;Fair
1433494800;26.0;23.0;0.83;E;1.9444444444444444;0.0;1013.68;0.0;Fair
1433498400;28.0;23.0;0.74;ESE;2.5;0.0;1013.68;0.0;Partly Cloudy
1433502000;28.0;23.0;0.74;ESE;3.611111111111111;0.0;1014.67;0.0;Partly Cloudy
1433505600;28.0;23.0;0.74;SE;5.277777777777778;0.0;1014.67;0.0;Fair
1433509200;26.0;24.0;0.89;NNE;2.5;0.0;1014.67;0.0;Partly Cloudy
1433512800;29.0;24.0;0.74;ESE;3.611111111111111;0.0;1014.67;0.0;Partly Cloudy
1433516400;28.0;24.0;0.79;ESE;2.5;0.0;1013.68;0.0;Partly Cloudy
1433520000;27.0;23.0;0.79;ENE;4.722222222222222;0.0;0.0;0.0;Showers in the Vicinity
1433523600;27.0;23.0;0.79;E;4.166666666666667;0.0;0.0;0.0;Showers in the Vicinity
1433527200;28.0;22.0;0.7;ESE;5.277777777777778;0.0;0.0;0.0;Showers in the Vicinity
1433530800;27.0;22.0;0.74;ESE;3.0555555555555554;0.0;0.0;0.0;Showers in the Vicinity
1433534400;26.0;23.0;0.83;SE;4.166666666666667;0.0;1011.68;0.0;Mostly Cloudy
1433538000;26.0;23.0;0.83;S;1.6666666666666665;0.0;1011.68;0.0;Mostly Cloudy
1433541600;26.0;23.0;0.83;S;2.5;0.0;1012.68;0.0;Mostly Cloudy
1433545200;25.0;23.0;0.89;SW;1.1111111111111112;0.0;1012.68;0.0;Light Rain
1433548800;25.0;23.0;0.89;SSE;3.0555555555555554;0.0;0.0;0.0;Showers in the Vicinity
1433552400;24.0;22.0;0.89;SSE;2.5;0.0;0.0;0.0;Showers in the Vicinity
1433556000;24.0;23.0;0.94;S;2.5;0.0;0.0;0.0;Showers in the Vicinity
1433559600;24.0;24.0;1.0;SE;4.166666666666667;0.0;0.0;0.0;Showers in the Vicinity
1433563200;24.0;23.0;0.94;SW;1.6666666666666665;0.0;0.0;0.0;Showers in the Vicinity
1433566800;24.0;23.0;0.94;CALM;0.0;0.0;1011.68;0.0;Mostly Cloudy
1433570400;24.0;23.0;0.94;SSW;1.9444444444444444;0.0;1011.68;0.0;Mostly Cloudy
1433574000;24.0;23.0;0.94;SW;2.5;0.0;0.0;0.0;Showers in the Vicinity
1433577600;24.0;23.0;0.94;NW;1.6666666666666665;0.0;0.0;0.0;Showers in the Vicinity
1433581200;23.0;23.0;1.0;WNW;1.1111111111111112;0.0;1012.68;0.0;Partly Cloudy
1433584800;24.0;23.0;0.94;SW;1.6666666666666665;0.0;1012.68;0.0;Partly Cloudy
1433586900;25.0;23.0;0.89;SW;2.5;0.0;1013.68;0.0;Light Rain
1433588400;24.0;23.0;0.94;VAR;1.6666666666666665;0.0;0.0;0.0;Rain
1433589600;24.0;23.0;0.94;ESE;1.9444444444444444;0.0;1013.68;0.0;Light Rain
1433592000;0.0;0.0;0.0;VAR;1.1111111111111112;0.0;1013.68;0.0;Showers in the Vicinity
1433595600;28.0;0.0;0.0;E;4.166666666666667;0.0;1012.68;0.0;Light Rain
1433599200;28.0;24.0;0.79;ESE;3.611111111111111;0.0;1012.68;0.0;Partly Cloudy
1433602800;29.0;24.0;0.74;SE;6.111111111111111;0.0;1011.68;0.0;Partly Cloudy
1433606400;29.0;23.0;0.7;SE;5.555555555555555;0.0;1010.68;0.0;Mostly Cloudy
1433610000;28.0;24.0;0.79;SSE;6.111111111111111;0.0;1010.68;0.0;Light Rain Shower
1433613600;28.0;23.0;0.74;SE;5.555555555555555;0.0;1010.68;0.0;Partly Cloudy
1433617200;28.0;23.0;0.74;SE;5.555555555555555;0.0;1010.68;0.0;Fair
1433620800;27.0;22.0;0.74;SE;5.277777777777778;0.0;1010.68;0.0;Partly Cloudy
1433624400;27.0;22.0;0.74;SE;4.722222222222222;0.0;1011.68;0.0;Fair
1433628000;27.0;22.0;0.74;SE;5.277777777777778;0.0;1011.68;0.0;Fair
1433631600;27.0;22.0;0.74;SSE;4.722222222222222;0.0;1011.68;0.0;Partly Cloudy
1433635200;27.0;22.0;0.74;SSE;5.555555555555555;0.0;1012.68;0.0;Partly Cloudy
1433638800;26.0;23.0;0.83;SE;5.277777777777778;0.0;1012.68;0.0;Partly Cloudy
1433642400;26.0;23.0;0.83;SSE;5.277777777777778;0.0;1012.68;0.0;Partly Cloudy
1433646000;25.0;22.0;0.83;SSE;7.222222222222222;0.0;1012.68;0.0;Mostly Cloudy
1433649600;26.0;23.0;0.83;SE;3.611111111111111;0.0;1011.68;0.0;Mostly Cloudy
1433653200;25.0;22.0;0.83;SE;3.611111111111111;0.0;1011.68;0.0;Mostly Cloudy
1433656800;24.0;23.0;0.94;S;5.555555555555555;0.0;1011.68;0.0;Cloudy
1433660400;24.0;23.0;0.94;SSE;4.166666666666667;0.0;1011.68;0.0;Light Rain
1433664000;24.0;23.0;0.94;S;1.6666666666666665;0.0;1011.68;0.0;Light Rain
1433665800;23.0;23.0;1.0;S;6.111111111111111;0.0;1011.68;0.0;Light Rain
1433667600;24.0;23.0;0.94;NNE;1.6666666666666665;0.0;1012.68;0.0;Light Rain
1433668500;24.0;23.0;0.94;VAR;1.9444444444444444;0.0;1012.68;0.0;Light Rain
1433671200;24.0;23.0;0.94;SE;5.555555555555555;0.0;1012.68;0.0;Light Rain
1433673300;25.0;23.0;0.89;ESE;4.722222222222222;0.0;1013.68;0.0;Showers in the Vicinity
1433674800;25.0;23.0;0.89;ESE;4.166666666666667;0.0;1013.68;0.0;Light Rain
1433675100;25.0;24.0;0.94;ESE;3.611111111111111;0.0;0.0;0.0;Light Rain
1433678400;25.0;23.0;0.89;ESE;4.166666666666667;0.0;1013.68;0.0;Light Rain
1433679600;25.0;23.0;0.89;ESE;6.111111111111111;13.88888888888889;0.0;0.0;Light Rain
1433682000;26.0;23.0;0.83;SSE;3.611111111111111;0.0;1013.68;0.0;Showers in the Vicinity
1433685600;28.0;23.0;0.74;ESE;3.611111111111111;0.0;1012.68;0.0;Mostly Cloudy
1433689200;27.0;25.0;0.89;SE;6.666666666666666;0.0;1012.68;0.0;Partly Cloudy
1433692800;28.0;24.0;0.79;SE;4.166666666666667;0.0;1011.68;0.0;Showers in the Vicinity
1433696400;28.0;24.0;0.79;SE;5.277777777777778;0.0;1010.68;0.0;Showers in the Vicinity
1433700000;26.0;23.0;0.83;SE;5.277777777777778;0.0;1011.68;0.0;Partly Cloudy
1433703600;27.0;23.0;0.79;SE;4.166666666666667;0.0;1011.68;0.0;Partly Cloudy
1433707200;26.0;23.0;0.83;SE;7.222222222222222;0.0;1011.68;0.0;Partly Cloudy
1433710800;25.0;23.0;0.89;SSE;3.611111111111111;0.0;1012.68;0.0;Mostly Cloudy
1433714400;26.0;23.0;0.83;ESE;6.111111111111111;0.0;1013.68;0.0;Mostly Cloudy
1433718000;26.0;22.0;0.78;ESE;6.111111111111111;0.0;1013.68;0.0;Fair
1433721600;26.0;23.0;0.83;E;5.555555555555555;0.0;1013.68;0.0;Partly Cloudy
1433725200;26.0;22.0;0.78;E;3.611111111111111;0.0;1013.68;0.0;Mostly Cloudy
1433728800;26.0;22.0;0.78;ESE;3.0555555555555554;0.0;1013.68;0.0;Mostly Cloudy
1433732400;24.0;22.0;0.89;ESE;6.666666666666666;0.0;1013.68;0.0;Showers in the Vicinity
1433736000;24.0;22.0;0.89;S;3.0555555555555554;0.0;1013.68;0.0;Light Rain
1433739600;24.0;23.0;0.94;SSE;1.6666666666666665;0.0;1012.68;0.0;Mostly Cloudy
1433743200;24.0;23.0;0.94;SSE;1.1111111111111112;0.0;1011.68;0.0;Mostly Cloudy
1433746800;24.0;21.0;0.83;SSW;1.1111111111111112;0.0;1012.68;0.0;Mostly Cloudy
1433750400;23.0;22.0;0.94;SW;1.6666666666666665;0.0;1012.68;0.0;Partly Cloudy
1433754000;24.0;22.0;0.89;SSW;2.5;0.0;1012.68;0.0;Mostly Cloudy
1433757600;27.0;22.0;0.74;SE;3.0555555555555554;0.0;1012.68;0.0;Partly Cloudy
1433761200;28.0;22.0;0.7;SE;4.722222222222222;0.0;1013.68;0.0;Partly Cloudy
1433764800;29.0;23.0;0.7;ESE;5.277777777777778;0.0;1013.68;0.0;Partly Cloudy
1433768400;29.0;22.0;0.66;SE;5.555555555555555;0.0;1013.68;0.0;Partly Cloudy
1433772000;29.0;22.0;0.66;E;4.722222222222222;0.0;1012.68;0.0;Partly Cloudy
1433775600;29.0;22.0;0.66;SE;5.555555555555555;0.0;1012.68;0.0;Partly Cloudy
1433779200;29.0;22.0;0.66;SE;5.277777777777778;0.0;1011.68;0.0;Partly Cloudy
1433782800;29.0;22.0;0.66;ESE;3.611111111111111;0.0;1011.68;0.0;Partly Cloudy
1433786400;29.0;22.0;0.66;E;4.166666666666667;0.0;1011.68;0.0;Partly Cloudy
1433790000;28.0;22.0;0.7;ESE;4.722222222222222;0.0;1011.68;0.0;Partly Cloudy
1433793600;28.0;22.0;0.7;E;4.166666666666667;0.0;1011.68;0.0;Partly Cloudy
1433797200;27.0;22.0;0.74;E;3.611111111111111;0.0;1011.68;0.0;Partly Cloudy
1433800800;26.0;22.0;0.78;ESE;3.0555555555555554;0.0;1012.68;0.0;Partly Cloudy
1433804400;25.0;22.0;0.83;SE;4.722222222222222;0.0;1012.68;0.0;Showers in the Vicinity
1433808000;26.0;23.0;0.83;ESE;2.5;0.0;1012.68;0.0;Mostly Cloudy
1433811600;26.0;23.0;0.83;SE;6.111111111111111;0.0;1012.68;0.0;Light Rain
1433815200;26.0;23.0;0.83;ESE;2.5;0.0;1012.68;0.0;Partly Cloudy
1433818800;26.0;22.0;0.78;ESE;3.0555555555555554;0.0;1012.68;0.0;Mostly Cloudy
1433822400;26.0;22.0;0.78;SE;1.9444444444444444;0.0;1011.68;0.0;Mostly Cloudy
1433826000;26.0;22.0;0.78;SE;1.9444444444444444;0.0;1011.68;0.0;Mostly Cloudy
1433829600;26.0;22.0;0.78;SE;1.6666666666666665;0.0;1011.68;0.0;Partly Cloudy
1433833200;25.0;23.0;0.89;SSE;4.722222222222222;0.0;1011.68;0.0;Light Rain
1433836800;23.0;22.0;0.94;S;1.1111111111111112;0.0;1012.68;0.0;Partly Cloudy
1433840400;24.0;22.0;0.89;SW;1.6666666666666665;0.0;1012.68;0.0;Partly Cloudy
1433844000;24.0;23.0;0.94;SSW;1.9444444444444444;0.0;1012.68;0.0;Mostly Cloudy
1433847600;25.0;23.0;0.89;SSW;1.9444444444444444;0.0;1013.68;0.0;Showers in the Vicinity
1433851200;28.0;23.0;0.74;SE;5.277777777777778;0.0;1013.68;0.0;Partly Cloudy
1433854800;29.0;23.0;0.7;ESE;5.277777777777778;0.0;1013.68;0.0;Partly Cloudy
1433858400;28.0;23.0;0.74;SE;4.722222222222222;0.0;1012.68;0.0;Partly Cloudy
1433862000;29.0;23.0;0.7;SE;6.111111111111111;0.0;1012.68;0.0;Partly Cloudy
1433865600;29.0;24.0;0.74;SSE;5.277777777777778;0.0;1011.68;0.0;Partly Cloudy
1433869200;29.0;23.0;0.7;SSE;5.555555555555555;0.0;1010.68;0.0;Fair
1433872800;28.0;24.0;0.79;SE;5.277777777777778;0.0;1010.68;0.0;Fair
1433876400;28.0;23.0;0.74;SE;5.555555555555555;0.0;1011.68;0.0;Partly Cloudy
1433880000;27.0;23.0;0.79;SE;4.722222222222222;0.0;1011.68;0.0;Partly Cloudy
1433883600;27.0;23.0;0.79;SE;5.277777777777778;0.0;1011.68;0.0;Partly Cloudy
1433887200;27.0;23.0;0.79;ESE;4.722222222222222;0.0;1012.68;0.0;Partly Cloudy
1433890800;27.0;23.0;0.79;ESE;4.722222222222222;0.0;1012.68;0.0;Partly Cloudy
1433894400;27.0;23.0;0.79;ESE;3.611111111111111;0.0;1013.68;0.0;Partly Cloudy
1433898000;27.0;23.0;0.79;ESE;3.611111111111111;0.0;1012.68;0.0;Showers in the Vicinity
1433901600;26.0;23.0;0.83;S;3.0555555555555554;0.0;1012.68;0.0;Showers in the Vicinity
1433905200;27.0;23.0;0.79;SE;4.166666666666667;0.0;1012.68;0.0;Showers in the Vicinity
1433908800;26.0;23.0;0.83;S;1.9444444444444444;0.0;1012.68;0.0;Showers in the Vicinity
1433912400;25.0;23.0;0.89;SW;2.5;0.0;1012.68;0.0;Showers in the Vicinity
1433914980;23.0;22.0;0.94;SSE;6.111111111111111;0.0;1012.68;0.0;Rain
1433916000;24.0;22.0;0.89;SE;3.611111111111111;0.0;1011.68;0.0;Light Rain
1433919600;24.0;23.0;0.94;SSW;2.5;0.0;1011.68;0.0;Showers in the Vicinity
1433923200;24.0;23.0;0.94;CALM;0.0;0.0;1011.68;0.0;Mostly Cloudy
1433926800;26.0;23.0;0.83;SE;2.5;0.0;1012.68;0.0;Showers in the Vicinity
1433930400;27.0;22.0;0.74;SE;5.277777777777778;0.0;1012.68;0.0;Partly Cloudy
1433934000;28.0;23.0;0.74;SE;5.277777777777778;0.0;1013.68;0.0;Partly Cloudy
1433937600;28.0;22.0;0.7;SE;5.277777777777778;0.0;1013.68;0.0;Mostly Cloudy
1433941200;29.0;23.0;0.7;SSE;5.555555555555555;0.0;1013.68;0.0;Partly Cloudy
1433944800;30.0;23.0;0.66;SSE;5.555555555555555;0.0;1013.68;0.0;Partly Cloudy
1433948400;29.0;23.0;0.7;SSE;6.111111111111111;0.0;1012.68;0.0;Partly Cloudy
1433952000;30.0;23.0;0.66;SSE;5.555555555555555;0.0;1012.68;0.0;Partly Cloudy
1433955600;29.0;22.0;0.66;SE;5.555555555555555;0.0;1011.68;0.0;Partly Cloudy
1433959200;29.0;22.0;0.66;SE;6.111111111111111;0.0;1011.68;0.0;Fair
1433962800;28.0;22.0;0.7;SE;5.277777777777778;0.0;1011.68;0.0;Fair
1433966400;27.0;22.0;0.74;ESE;6.111111111111111;0.0;1012.68;0.0;Fair
1433970000;26.0;22.0;0.78;SE;5.555555555555555;0.0;1012.68;0.0;Fair
1433973600;27.0;22.0;0.74;SSE;5.555555555555555;0.0;1012.68;0.0;Partly Cloudy
1433977200;26.0;20.0;0.69;SE;4.722222222222222;0.0;1013.68;0.0;Partly Cloudy
1433980800;27.0;22.0;0.74;SSE;4.166666666666667;0.0;1013.68;0.0;Mostly Cloudy
1433984400;25.0;22.0;0.83;SSW;1.9444444444444444;0.0;1013.68;0.0;Partly Cloudy
1433988000;25.0;22.0;0.83;SSW;3.0555555555555554;0.0;1013.68;0.0;Fair
1433991600;24.0;23.0;0.94;SSW;2.5;0.0;1012.68;0.0;Mostly Cloudy
1433995200;24.0;22.0;0.89;S;1.9444444444444444;0.0;1012.68;0.0;Mostly Cloudy
1433998800;24.0;22.0;0.89;S;2.5;0.0;1011.68;0.0;Partly Cloudy
1434002400;24.0;22.0;0.89;S;1.9444444444444444;0.0;1011.68;0.0;Partly Cloudy
1434006000;26.0;21.0;0.74;ESE;4.166666666666667;0.0;1011.68;0.0;Partly Cloudy
1434009600;26.0;21.0;0.74;ESE;5.277777777777778;0.0;1012.68;0.0;Fair
1434013200;26.0;21.0;0.74;ESE;3.0555555555555554;0.0;1012.68;0.0;Fair
1434016800;27.0;21.0;0.7;ESE;3.611111111111111;0.0;1012.68;0.0;Fair
1434020400;29.0;23.0;0.7;SE;3.611111111111111;0.0;1013.68;0.0;Mostly Cloudy
1434024000;28.0;22.0;0.7;ESE;4.166666666666667;0.0;1013.68;0.0;Partly Cloudy
1434027600;29.0;23.0;0.7;SE;3.611111111111111;0.0;1013.68;0.0;Fair
1434031200;29.0;22.0;0.66;SSE;4.722222222222222;0.0;1012.68;0.0;Mostly Cloudy
1434034800;29.0;22.0;0.66;SSE;3.611111111111111;0.0;1011.68;0.0;Partly Cloudy
1434038400;29.0;23.0;0.7;SSE;3.611111111111111;0.0;1011.68;0.0;Partly Cloudy
1434042000;29.0;23.0;0.7;SE;4.166666666666667;0.0;1010.68;0.0;Partly Cloudy
1434045600;29.0;23.0;0.7;SE;4.166666666666667;0.0;1010.68;0.0;Partly Cloudy
1434049200;28.0;23.0;0.74;SE;4.166666666666667;0.0;1011.68;0.0;Showers in the Vicinity
1434052800;25.0;24.0;0.94;SSW;2.5;0.0;1011.68;0.0;Showers in the Vicinity
1434056400;26.0;24.0;0.89;SSE;3.611111111111111;0.0;1012.68;0.0;Mostly Cloudy
1434060000;25.0;22.0;0.83;SSE;2.5;0.0;1012.68;0.0;Mostly Cloudy
1434063600;27.0;22.0;0.74;SE;3.611111111111111;0.0;1013.68;0.0;Mostly Cloudy
1434067200;26.0;24.0;0.89;S;5.277777777777778;0.0;1013.68;0.0;Mostly Cloudy
1434070800;25.0;24.0;0.94;SSW;3.611111111111111;0.0;1013.68;0.0;Cloudy
1434074400;25.0;23.0;0.89;SSW;3.0555555555555554;0.0;1013.68;0.0;Light Rain
1434078000;23.0;21.0;0.88;SSE;1.9444444444444444;0.0;1013.68;0.0;Light Rain
1434081600;23.0;21.0;0.88;NW;1.1111111111111112;0.0;1012.68;0.0;Mostly Cloudy
1434085200;23.0;22.0;0.94;SW;1.9444444444444444;0.0;1012.68;0.0;Cloudy
1434088800;23.0;22.0;0.94;CALM;0.0;0.0;1012.68;0.0;Light Rain
1434092400;23.0;22.0;0.94;SW;1.6666666666666665;0.0;1012.68;0.0;Mostly Cloudy
1434096000;23.0;22.0;0.94;NNW;3.0555555555555554;0.0;1012.68;0.0;Light Rain
1434099600;23.0;22.0;0.94;S;1.6666666666666665;0.0;1013.68;0.0;Light Rain
1434103200;24.0;23.0;0.94;S;1.9444444444444444;0.0;1014.67;0.0;Light Rain
1434103260;24.0;23.0;0.94;S;2.5;0.0;1014.67;0.0;Rain
1434104700;23.0;23.0;1.0;S;3.611111111111111;0.0;1014.67;0.0;Light Rain
1434106800;24.0;23.0;0.94;WNW;1.6666666666666665;0.0;0.0;0.0;Showers in the Vicinity
1434110400;26.0;23.0;0.83;SSE;5.555555555555555;0.0;1014.67;0.0;Showers in the Vicinity
1434112500;24.0;23.0;0.94;SE;5.555555555555555;0.0;1015.67;0.0;Rain
1434114000;23.0;22.0;0.94;SSE;6.666666666666666;0.0;1014.67;0.0;Light Rain
1434117600;27.0;23.0;0.79;S;3.0555555555555554;0.0;1014.67;0.0;Showers in the Vicinity
1434121200;25.0;22.0;0.83;SSE;6.111111111111111;0.0;1013.68;0.0;Cloudy
1434124800;29.0;22.0;0.66;SE;4.722222222222222;0.0;1012.68;0.0;Mostly Cloudy
1434128400;29.0;22.0;0.66;SE;5.277777777777778;0.0;1012.68;0.0;Fair
1434132000;29.0;21.0;0.62;SE;4.722222222222222;0.0;1011.68;0.0;Partly Cloudy
1434135600;28.0;22.0;0.7;SSE;4.166666666666667;0.0;1012.68;0.0;Partly Cloudy
1434139200;27.0;21.0;0.7;SE;3.0555555555555554;0.0;1012.68;0.0;Fair
1434142800;26.0;21.0;0.74;S;1.9444444444444444;0.0;1012.68;0.0;Fair
1434146400;25.0;22.0;0.83;S;1.9444444444444444;0.0;1013.68;0.0;Fair
1434150000;26.0;21.0;0.74;SSE;3.0555555555555554;0.0;1013.68;0.0;Partly Cloudy
1434153600;25.0;22.0;0.83;SW;1.6666666666666665;0.0;1013.68;0.0;Partly Cloudy
1434157200;24.0;22.0;0.89;SW;1.9444444444444444;0.0;1014.67;0.0;Mostly Cloudy
1434160800;24.0;22.0;0.89;SW;2.5;0.0;1014.67;0.0;Mostly Cloudy
1434164400;24.0;22.0;0.89;SW;2.5;0.0;1014.67;0.0;Partly Cloudy
1434168000;23.0;22.0;0.94;WSW;1.9444444444444444;0.0;1013.68;0.0;Mostly Cloudy
1434171600;24.0;21.0;0.83;SW;1.6666666666666665;0.0;1013.68;0.0;Fair
1434175200;23.0;21.0;0.88;W;1.6666666666666665;0.0;1012.68;0.0;Fair
1434178800;22.0;21.0;0.94;W;1.1111111111111112;0.0;1012.68;0.0;Fair
1434182400;22.0;21.0;0.94;W;0.5555555555555556;0.0;1013.68;0.0;Fair
1434186000;22.0;21.0;0.94;CALM;0.0;0.0;1013.68;0.0;Fair
1434189600;24.0;22.0;0.89;CALM;0.0;0.0;1014.67;0.0;Fair
1434193200;27.0;22.0;0.74;SW;1.6666666666666665;0.0;1014.67;0.0;Fair
1434196800;28.0;22.0;0.7;SE;3.611111111111111;0.0;1014.67;0.0;Fair
1434200400;29.0;23.0;0.7;SSE;3.0555555555555554;0.0;1015.67;0.0;Partly Cloudy
1434204000;29.0;23.0;0.7;ESE;3.611111111111111;0.0;1015.67;0.0;Fair
1434207600;29.0;22.0;0.66;SE;3.611111111111111;0.0;1013.68;0.0;Partly Cloudy
1434211200;28.0;22.0;0.7;ESE;3.611111111111111;0.0;1012.68;0.0;Partly Cloudy
1434214800;29.0;22.0;0.66;SE;4.166666666666667;0.0;1011.68;0.0;Fair
1434218400;28.0;21.0;0.66;ESE;3.611111111111111;0.0;1011.68;0.0;Partly Cloudy
1434222000;29.0;22.0;0.66;ESE;3.0555555555555554;0.0;1011.68;0.0;Partly Cloudy
1434225600;27.0;22.0;0.74;ESE;3.0555555555555554;0.0;1012.68;0.0;Partly Cloudy
1434229200;27.0;22.0;0.74;E;1.9444444444444444;0.0;1012.68;0.0;Fair
1434232800;27.0;22.0;0.74;E;2.5;0.0;1012.68;0.0;Fair
1434236400;27.0;22.0;0.74;E;1.9444444444444444;0.0;1013.68;0.0;Fair
1434240000;26.0;22.0;0.78;E;1.9444444444444444;0.0;1013.68;0.0;Fair
1434243600;26.0;22.0;0.78;ESE;2.5;0.0;1013.68;0.0;Fair
1434247200;26.0;22.0;0.78;E;1.9444444444444444;0.0;1013.68;0.0;Fair
1434510000;24.0;22.0;0.89;SW;1.9444444444444444;0.0;1013.68;0.0;Partly Cloudy
1434513600;24.0;21.0;0.83;SSW;1.9444444444444444;0.0;1012.68;0.0;Mostly Cloudy
1434517200;23.0;21.0;0.88;S;1.9444444444444444;0.0;1011.68;0.0;Partly Cloudy
1434520800;23.0;22.0;0.94;SSW;2.5;0.0;1011.68;0.0;Mostly Cloudy
1434524400;26.0;22.0;0.78;E;2.5;0.0;1011.68;0.0;Mostly Cloudy
1434528000;26.0;22.0;0.78;E;3.0555555555555554;0.0;1012.68;0.0;Partly Cloudy
1434531600;27.0;21.0;0.7;E;4.722222222222222;0.0;1012.68;0.0;Partly Cloudy
1434535200;27.0;21.0;0.7;E;4.166666666666667;0.0;1012.68;0.0;Mostly Cloudy
1434538800;28.0;21.0;0.66;E;5.277777777777778;0.0;1013.68;0.0;Mostly Cloudy
1434542400;28.0;18.0;0.54;E;6.111111111111111;0.0;1014.67;0.0;Mostly Cloudy
1434546000;29.0;20.0;0.58;ESE;6.666666666666666;0.0;1014.67;0.0;Mostly Cloudy
1434549600;29.0;20.0;0.58;E;4.166666666666667;0.0;1013.68;0.0;Mostly Cloudy
1434553200;29.0;19.0;0.55;E;6.666666666666666;0.0;1013.68;0.0;Mostly Cloudy
1434556800;29.0;21.0;0.62;E;4.722222222222222;0.0;1012.68;0.0;Fair
1434560400;29.0;22.0;0.66;E;5.555555555555555;0.0;1011.68;0.0;Fair
1434564000;28.0;22.0;0.7;SE;5.277777777777778;0.0;1011.68;0.0;Fair
1434567600;28.0;21.0;0.66;SSE;5.277777777777778;0.0;1011.68;0.0;Fair
1434571200;27.0;21.0;0.7;SSE;5.277777777777778;0.0;1011.68;0.0;Fair
1434574800;27.0;20.0;0.65;SSE;4.166666666666667;0.0;1012.68;0.0;Fair
1434578400;26.0;21.0;0.74;SSE;5.277777777777778;0.0;1012.68;0.0;Fair
1434582000;26.0;21.0;0.74;SSE;4.722222222222222;0.0;1013.68;0.0;Fair
1434585600;26.0;21.0;0.74;S;3.611111111111111;0.0;1013.68;0.0;Partly Cloudy
1434589200;25.0;21.0;0.78;SSW;3.0555555555555554;0.0;1013.68;0.0;Mostly Cloudy
1434592800;25.0;21.0;0.78;SW;1.9444444444444444;0.0;1013.68;0.0;Mostly Cloudy
1434596400;24.0;21.0;0.83;SSW;1.1111111111111112;0.0;1013.68;0.0;Mostly Cloudy
1434600000;24.0;21.0;0.83;WSW;1.6666666666666665;0.0;1012.68;0.0;Mostly Cloudy
1434603600;23.0;21.0;0.88;SSE;1.1111111111111112;0.0;1012.68;0.0;Partly Cloudy
1434607200;23.0;21.0;0.88;WSW;1.1111111111111112;0.0;1012.68;0.0;Mostly Cloudy
1434610800;23.0;22.0;0.94;S;4.166666666666667;0.0;1012.68;0.0;Mostly Cloudy
1434614400;23.0;22.0;0.94;SSE;6.111111111111111;0.0;1012.68;0.0;Showers in the Vicinity
1434618000;23.0;22.0;0.94;SW;1.9444444444444444;0.0;1012.68;0.0;Mostly Cloudy
1434621600;25.0;23.0;0.89;SSW;1.6666666666666665;0.0;1013.68;0.0;Mostly Cloudy
1434625200;25.0;24.0;0.94;S;3.0555555555555554;0.0;0.0;0.0;Showers in the Vicinity
1434628800;27.0;23.0;0.79;ESE;4.166666666666667;0.0;1014.67;0.0;Showers in the Vicinity
1434632400;28.0;23.0;0.74;ESE;5.555555555555555;0.0;1014.67;0.0;Partly Cloudy
1434634800;25.0;23.0;0.89;SE;8.333333333333334;0.0;1013.68;0.0;Light Rain
1434636000;26.0;24.0;0.89;SE;3.611111111111111;0.0;1013.68;0.0;Showers in the Vicinity
1434639600;27.0;24.0;0.84;ESE;3.611111111111111;0.0;1012.68;0.0;Showers in the Vicinity
1434643200;27.0;23.0;0.79;SE;6.111111111111111;0.0;0.0;0.0;Showers in the Vicinity
1434646800;27.0;23.0;0.79;SE;5.277777777777778;0.0;1011.68;0.0;Partly Cloudy
1434650400;27.0;23.0;0.79;SE;5.555555555555555;0.0;1011.68;0.0;Mostly Cloudy
1434654000;27.0;23.0;0.79;ESE;3.0555555555555554;0.0;1011.68;0.0;Mostly Cloudy
1434657600;27.0;22.0;0.74;SE;3.0555555555555554;0.0;1012.68;0.0;Mostly Cloudy
1434661200;27.0;22.0;0.74;SE;3.0555555555555554;0.0;1012.68;0.0;Partly Cloudy
1434664800;27.0;22.0;0.74;SE;3.611111111111111;0.0;1012.68;0.0;Mostly Cloudy
1434668400;27.0;22.0;0.74;ESE;3.611111111111111;0.0;1013.68;0.0;Partly Cloudy
1434672000;26.0;22.0;0.78;SE;3.611111111111111;0.0;1013.68;0.0;Fair
1434675600;24.0;22.0;0.89;SW;1.9444444444444444;0.0;1014.67;0.0;Mostly Cloudy
1434679200;24.0;22.0;0.89;WSW;1.1111111111111112;0.0;1014.67;0.0;Partly Cloudy
1434682800;23.0;22.0;0.94;S;1.1111111111111112;0.0;1014.67;0.0;Partly Cloudy
1434686400;24.0;22.0;0.89;S;3.0555555555555554;0.0;1013.68;0.0;Partly Cloudy
1434690000;23.0;22.0;0.94;SW;1.6666666666666665;0.0;1012.68;0.0;Partly Cloudy
1434693600;23.0;22.0;0.94;SSE;1.9444444444444444;0.0;1012.68;0.0;Showers in the Vicinity
1434697200;23.0;22.0;0.94;SSW;1.6666666666666665;0.0;1013.68;0.0;Showers in the Vicinity
1434700800;23.0;22.0;0.94;SSW;1.1111111111111112;0.0;1013.68;0.0;Showers in the Vicinity
1434704400;23.0;22.0;0.94;SW;1.1111111111111112;0.0;1014.67;0.0;Fair
1434708000;24.0;22.0;0.89;SW;1.1111111111111112;0.0;1014.67;0.0;Fair
1434711600;26.0;22.0;0.78;SSW;2.5;0.0;1015.67;0.0;Fair
1434715200;28.0;22.0;0.7;SSE;2.5;0.0;1015.67;0.0;Fair
1434718800;28.0;21.0;0.66;ESE;2.5;0.0;1015.67;0.0;Fair
1434722400;29.0;22.0;0.66;SE;5.555555555555555;0.0;1015.67;0.0;Partly Cloudy
1434726000;29.0;22.0;0.66;SE;5.555555555555555;0.0;1014.67;0.0;Partly Cloudy
1434729600;29.0;22.0;0.66;SSE;5.555555555555555;0.0;1013.68;0.0;Fair
1434733200;29.0;21.0;0.62;SSE;5.555555555555555;0.0;1013.68;0.0;Fair
1434736800;28.0;22.0;0.7;SE;5.555555555555555;0.0;1013.68;0.0;Fair
1434740400;28.0;22.0;0.7;SSE;6.111111111111111;0.0;1013.68;0.0;Fair
1434744000;27.0;21.0;0.7;SSE;5.555555555555555;0.0;1013.68;0.0;Fair
1434747600;27.0;21.0;0.7;SSE;5.555555555555555;0.0;1013.68;0.0;Fair
1434751200;26.0;22.0;0.78;SSE;4.722222222222222;0.0;1014.67;0.0;Partly Cloudy
1434754800;26.0;22.0;0.78;SSW;2.5;0.0;1014.67;0.0;Partly Cloudy
1434758400;25.0;22.0;0.83;SSW;1.9444444444444444;0.0;1014.67;0.0;Partly Cloudy
1434762000;25.0;22.0;0.83;SSW;1.6666666666666665;0.0;1014.67;0.0;Partly Cloudy
1434765600;24.0;22.0;0.89;SSW;1.1111111111111112;0.0;1014.67;0.0;Partly Cloudy
1435028400;22.0;21.0;0.94;WSW;1.9444444444444444;0.0;1015.67;0.0;Partly Cloudy
1435032000;23.0;21.0;0.88;CALM;0.0;0.0;1015.67;0.0;Showers in the Vicinity
1435035600;23.0;22.0;0.94;S;1.9444444444444444;0.0;1014.67;0.0;Light Rain
1435039200;22.0;21.0;0.94;SW;1.6666666666666665;0.0;1014.67;0.0;Mostly Cloudy
1435042800;22.0;21.0;0.94;S;1.1111111111111112;0.0;1014.67;0.0;Mostly Cloudy
1435046400;22.0;21.0;0.94;S;1.9444444444444444;0.0;1014.67;0.0;Light Rain
1435050000;22.0;22.0;1.0;SW;2.5;0.0;1015.67;0.0;Mostly Cloudy
1435053600;23.0;22.0;0.94;SW;1.9444444444444444;0.0;1015.67;0.0;Mostly Cloudy
1435057200;24.0;23.0;0.94;SW;2.5;0.0;1016.67;0.0;Partly Cloudy
1435060800;25.0;23.0;0.89;WSW;1.6666666666666665;0.0;1016.67;0.0;Showers in the Vicinity
1435064400;27.0;24.0;0.84;SW;1.9444444444444444;0.0;1016.67;0.0;Partly Cloudy
1435065900;26.0;24.0;0.89;SSE;1.9444444444444444;0.0;1016.67;0.0;Light Rain
1435068000;27.0;25.0;0.89;SSE;1.9444444444444444;0.0;0.0;0.0;Light Rain
1435068900;26.0;24.0;0.89;SE;2.5;0.0;0.0;0.0;Showers in the Vicinity
1435071600;26.0;23.0;0.83;SSE;3.611111111111111;0.0;1015.67;0.0;Showers in the Vicinity
1435075200;27.0;23.0;0.79;SSE;3.0555555555555554;0.0;1015.67;0.0;Mostly Cloudy
1435078800;27.0;23.0;0.79;SE;1.6666666666666665;0.0;1014.67;0.0;Mostly Cloudy
1435082400;27.0;23.0;0.79;E;3.0555555555555554;0.0;1014.67;0.0;Light Rain
1435083600;25.0;23.0;0.89;E;5.277777777777778;0.0;1014.67;0.0;Light Rain
1435084800;25.0;23.0;0.89;ENE;2.5;0.0;1014.67;0.0;Showers in the Vicinity
1435086000;25.0;23.0;0.89;SE;1.6666666666666665;0.0;1014.67;0.0;Mostly Cloudy
1435089600;25.0;23.0;0.89;NE;1.6666666666666665;0.0;1015.67;0.0;Mostly Cloudy
1435093200;24.0;23.0;0.94;N;1.9444444444444444;0.0;1015.67;0.0;Showers in the Vicinity
1435093800;24.0;23.0;0.94;NNE;2.5;0.0;1016.67;0.0;Rain
1435096800;24.0;23.0;0.94;ENE;1.1111111111111112;0.0;1016.67;0.0;Light Rain
1435098000;23.0;23.0;1.0;NNE;1.6666666666666665;0.0;1016.67;0.0;Rain
1435100400;23.0;23.0;1.0;NE;1.9444444444444444;0.0;1016.67;0.0;Rain
1435104000;23.0;23.0;1.0;N;1.6666666666666665;0.0;1017.67;0.0;Rain
1435105200;23.0;23.0;1.0;NE;1.9444444444444444;0.0;1017.67;0.0;Light Rain
1435107600;23.0;23.0;1.0;VAR;0.5555555555555556;0.0;1016.67;0.0;Light Rain
1435111200;23.0;23.0;1.0;SSW;1.9444444444444444;0.0;1016.67;0.0;Cloudy
1435287600;26.0;21.0;0.74;SE;6.111111111111111;0.0;1017.67;0.0;Mostly Cloudy
1435291200;26.0;22.0;0.78;SE;5.555555555555555;0.0;1017.67;0.0;Mostly Cloudy
1435294800;26.0;21.0;0.74;ESE;5.277777777777778;0.0;1016.67;0.0;Mostly Cloudy
1435298400;26.0;21.0;0.74;ESE;4.722222222222222;0.0;1016.67;0.0;Mostly Cloudy
1435302000;23.0;22.0;0.94;S;1.9444444444444444;0.0;1016.67;0.0;Showers in the Vicinity
1435305600;24.0;22.0;0.89;SSE;3.611111111111111;0.0;1016.67;0.0;Mostly Cloudy
1435309200;24.0;22.0;0.89;S;3.0555555555555554;0.0;1017.67;0.0;Mostly Cloudy
1435312800;25.0;22.0;0.83;SSE;5.555555555555555;0.0;1017.67;0.0;Mostly Cloudy
1435316400;26.0;20.0;0.69;SSE;7.222222222222222;0.0;1018.67;0.0;Mostly Cloudy
1435320000;27.0;21.0;0.7;SSE;7.777777777777778;0.0;1018.67;0.0;Mostly Cloudy
1435323600;27.0;21.0;0.7;S;8.333333333333334;0.0;1018.67;0.0;Mostly Cloudy
1435327200;29.0;21.0;0.62;S;8.333333333333334;0.0;1017.67;0.0;Partly Cloudy
1435330800;28.0;20.0;0.62;S;8.333333333333334;0.0;1017.67;0.0;Mostly Cloudy
1435334400;28.0;22.0;0.7;S;8.333333333333334;0.0;1016.67;0.0;Fair
1435338000;28.0;21.0;0.66;S;7.777777777777778;0.0;1016.67;0.0;Fair
1435341600;28.0;21.0;0.66;SSE;8.333333333333334;0.0;1015.67;0.0;Fair
1435345200;27.0;20.0;0.65;SSE;8.333333333333334;0.0;1015.67;0.0;Partly Cloudy
1435348800;26.0;20.0;0.69;SSE;7.777777777777778;0.0;1015.67;0.0;Partly Cloudy
1435352400;26.0;21.0;0.74;SSE;7.777777777777778;0.0;1016.67;0.0;Partly Cloudy
1435356000;24.0;21.0;0.83;SSW;5.277777777777778;0.0;1016.67;0.0;Fair
1435359600;24.0;21.0;0.83;SSW;3.0555555555555554;0.0;1017.67;0.0;Partly Cloudy
1435363200;24.0;21.0;0.83;SSW;2.5;0.0;1017.67;0.0;Mostly Cloudy
1435366800;24.0;21.0;0.83;SW;2.5;0.0;1017.67;0.0;Mostly Cloudy
1435370400;24.0;21.0;0.83;SW;1.9444444444444444;0.0;1017.67;0.0;Mostly Cloudy
1435374000;23.0;21.0;0.88;SW;2.5;0.0;1016.67;0.0;Mostly Cloudy
1435374600;23.0;21.0;0.88;S;3.0555555555555554;0.0;1016.67;0.0;Light Rain
1435377600;23.0;21.0;0.88;SSW;2.5;0.0;1016.67;0.0;Light Rain
1435381200;23.0;21.0;0.88;NE;1.1111111111111112;0.0;1015.67;0.0;Light Rain
1435384800;22.0;21.0;0.94;W;2.5;0.0;1015.67;0.0;Light Rain
1435388400;23.0;21.0;0.88;SW;1.6666666666666665;0.0;1015.67;0.0;Cloudy
1435392000;23.0;21.0;0.88;SSW;1.9444444444444444;0.0;1015.67;0.0;Light Rain
1435395600;22.0;21.0;0.94;SSW;2.5;0.0;1016.67;0.0;Light Rain
1435399200;23.0;22.0;0.94;WSW;1.1111111111111112;0.0;1016.67;0.0;Partly Cloudy
1435402800;24.0;22.0;0.89;S;4.166666666666667;0.0;1016.67;0.0;Showers in the Vicinity
1435406400;25.0;23.0;0.89;S;3.611111111111111;0.0;1017.67;0.0;Showers in the Vicinity
1435410000;27.0;23.0;0.79;SSE;5.277777777777778;0.0;1016.67;0.0;Partly Cloudy
1435413600;28.0;22.0;0.7;SE;6.666666666666666;0.0;1016.67;0.0;Partly Cloudy
1435417200;28.0;22.0;0.7;SE;6.111111111111111;0.0;1015.67;0.0;Partly Cloudy
1435420800;28.0;22.0;0.7;SE;6.111111111111111;0.0;1014.67;0.0;Partly Cloudy
1435424400;28.0;23.0;0.74;SSE;6.666666666666666;0.0;1014.67;0.0;Partly Cloudy
1435428000;28.0;22.0;0.7;SSE;7.222222222222222;0.0;1013.68;0.0;Fair
1435431600;27.0;22.0;0.74;SE;6.666666666666666;0.0;1014.67;0.0;Fair
1435435200;26.0;22.0;0.78;SSE;6.666666666666666;0.0;1014.67;0.0;Fair
1435438800;26.0;22.0;0.78;SSE;5.277777777777778;0.0;1014.67;0.0;Fair
1435442400;26.0;22.0;0.78;SSE;3.611111111111111;0.0;1015.67;0.0;Partly Cloudy
1435446000;25.0;22.0;0.83;S;2.5;0.0;1015.67;0.0;Partly Cloudy
1435449600;25.0;22.0;0.83;S;2.5;0.0;1016.67;0.0;Fair
1435452000;24.0;23.0;0.94;SE;2.5;0.0;1016.67;0.0;Light Rain
1435453200;24.0;23.0;0.94;SE;3.611111111111111;0.0;1016.67;0.0;Showers in the Vicinity
1435456800;24.0;22.0;0.89;SSW;3.0555555555555554;0.0;1016.67;0.0;Fair
1435460400;23.0;22.0;0.94;SW;1.9444444444444444;0.0;1015.67;0.0;Partly Cloudy
1435464000;23.0;22.0;0.94;SSW;1.1111111111111112;0.0;1014.67;0.0;Fair
1435467600;23.0;22.0;0.94;WSW;1.1111111111111112;0.0;1014.67;0.0;Fair
1435471200;23.0;21.0;0.88;SW;1.9444444444444444;0.0;1013.68;0.0;Fair
1435474800;23.0;21.0;0.88;SW;2.5;0.0;1013.68;0.0;Fair
1435478400;22.0;21.0;0.94;SW;1.1111111111111112;0.0;1014.67;0.0;Fair
1435482000;22.0;21.0;0.94;WSW;1.6666666666666665;0.0;1014.67;0.0;Partly Cloudy
1435485600;23.0;22.0;0.94;SW;2.5;0.0;1015.67;0.0;Partly Cloudy
1435489200;25.0;23.0;0.89;SSW;3.611111111111111;0.0;1015.67;0.0;Light Rain
1435490700;25.0;23.0;0.89;S;4.166666666666667;0.0;1015.67;0.0;Light Rain
1435492800;26.0;24.0;0.89;S;3.0555555555555554;0.0;1016.67;0.0;Showers in the Vicinity
1435496400;27.0;24.0;0.84;S;5.555555555555555;0.0;1015.67;0.0;Showers in the Vicinity
1435500000;27.0;24.0;0.84;SE;6.666666666666666;0.0;1015.67;0.0;Mostly Cloudy
1435503600;27.0;23.0;0.79;ESE;6.111111111111111;0.0;1014.67;0.0;Mostly Cloudy
1435507200;28.0;23.0;0.74;ESE;5.555555555555555;0.0;1013.68;0.0;Mostly Cloudy
1435510800;28.0;22.0;0.7;SE;5.555555555555555;0.0;1013.68;0.0;Mostly Cloudy
1435514400;27.0;23.0;0.79;SE;6.111111111111111;0.0;1012.68;0.0;Showers in the Vicinity
1435518000;25.0;23.0;0.89;SSE;8.333333333333334;0.0;1013.68;0.0;Showers in the Vicinity
1435519320;25.0;23.0;0.89;E;1.9444444444444444;0.0;1013.68;0.0;Light Rain
1435521600;24.0;23.0;0.94;ESE;1.1111111111111112;0.0;1013.68;0.0;Showers in the Vicinity
1435525200;24.0;23.0;0.94;SSE;4.722222222222222;0.0;1014.67;0.0;Light Rain
1435528800;24.0;23.0;0.94;NNW;1.1111111111111112;0.0;1014.67;0.0;Rain
1435530600;23.0;23.0;1.0;W;1.9444444444444444;0.0;1014.67;0.0;Light Rain
1435532400;23.0;22.0;0.94;NNE;2.5;0.0;1014.67;0.0;Light Rain
1435533780;23.0;22.0;0.94;CALM;0.0;0.0;1015.67;0.0;Rain
1435536000;23.0;22.0;0.94;ENE;3.0555555555555554;0.0;1015.67;0.0;Rain
1435537020;24.0;23.0;0.94;ENE;2.5;0.0;1015.67;0.0;Light Rain
1435539600;24.0;23.0;0.94;NNE;1.6666666666666665;0.0;1015.67;0.0;Showers in the Vicinity
1435543200;24.0;23.0;0.94;SSW;1.1111111111111112;0.0;1015.67;0.0;Showers in the Vicinity
1435633200;26.0;23.0;0.83;ESE;4.166666666666667;0.0;1014.67;0.0;Mostly Cloudy
1435636800;26.0;23.0;0.83;SE;3.611111111111111;0.0;1013.68;0.0;Mostly Cloudy
1435640400;26.0;23.0;0.83;SE;4.166666666666667;0.0;1013.68;0.0;Mostly Cloudy
1435644000;26.0;23.0;0.83;ESE;5.277777777777778;0.0;1012.68;0.0;Mostly Cloudy
1435647600;26.0;23.0;0.83;ESE;5.277777777777778;0.0;1013.68;0.0;Partly Cloudy
1435651200;26.0;22.0;0.78;ESE;4.166666666666667;0.0;1013.68;0.0;Partly Cloudy
1435654800;26.0;22.0;0.78;ESE;3.0555555555555554;0.0;1013.68;0.0;Mostly Cloudy
1435658400;25.0;23.0;0.89;SE;4.166666666666667;0.0;1014.67;0.0;Showers in the Vicinity
1435662000;26.0;22.0;0.78;SE;4.166666666666667;0.0;1014.67;0.0;Mostly Cloudy
1435665600;28.0;22.0;0.7;ESE;5.277777777777778;0.0;1015.67;0.0;Mostly Cloudy
1435669200;29.0;22.0;0.66;ESE;4.722222222222222;0.0;1015.67;0.0;Partly Cloudy
1435672800;29.0;23.0;0.7;ESE;5.555555555555555;0.0;1015.67;0.0;Partly Cloudy
1435676400;28.0;23.0;0.74;SE;7.777777777777778;0.0;1014.67;0.0;Partly Cloudy
1435680000;28.0;23.0;0.74;SE;6.666666666666666;0.0;1013.68;0.0;Partly Cloudy
1435683600;28.0;23.0;0.74;SE;5.555555555555555;0.0;1013.68;0.0;Showers in the Vicinity
1435687200;25.0;23.0;0.89;ESE;5.555555555555555;0.0;1013.68;0.0;Light Rain
1435689300;24.0;24.0;1.0;SE;4.722222222222222;0.0;0.0;0.0;Light Rain
1435690800;25.0;24.0;0.94;SSE;3.611111111111111;0.0;0.0;0.0;Light Rain
1435692300;26.0;23.0;0.83;ESE;6.111111111111111;0.0;0.0;0.0;Showers in the Vicinity
1435694400;26.0;22.0;0.78;ESE;6.111111111111111;0.0;0.0;0.0;Showers in the Vicinity
1435698000;25.0;23.0;0.89;SE;5.277777777777778;0.0;0.0;0.0;Showers in the Vicinity
1435701600;26.0;23.0;0.83;SE;6.111111111111111;0.0;0.0;0.0;Showers in the Vicinity
1435705200;25.0;23.0;0.89;SE;5.277777777777778;0.0;0.0;0.0;Showers in the Vicinity
1435708800;26.0;22.0;0.78;ESE;5.555555555555555;0.0;0.0;0.0;Showers in the Vicinity
1435712400;27.0;21.0;0.7;ESE;5.555555555555555;0.0;1015.67;0.0;Mostly Cloudy
1435716000;26.0;22.0;0.78;ESE;6.111111111111111;0.0;1015.67;0.0;Showers in the Vicinity
1435719600;26.0;22.0;0.78;ESE;5.277777777777778;0.0;1014.67;0.0;Mostly Cloudy
1435723200;26.0;22.0;0.78;ESE;5.277777777777778;0.0;1014.67;0.0;Mostly Cloudy
1435726800;26.0;21.0;0.74;ESE;5.277777777777778;0.0;1013.68;0.0;Mostly Cloudy
1435730400;26.0;21.0;0.74;SE;5.555555555555555;0.0;1013.68;0.0;Mostly Cloudy
1435734000;26.0;20.0;0.69;ESE;4.166666666666667;0.0;1013.68;0.0;Mostly Cloudy
1435737600;26.0;21.0;0.74;ESE;5.277777777777778;0.0;1013.68;0.0;Mostly Cloudy
1435741200;26.0;21.0;0.74;ESE;4.722222222222222;0.0;1013.68;0.0;Partly Cloudy
1435744800;27.0;21.0;0.7;ESE;5.277777777777778;0.0;1014.67;0.0;Mostly Cloudy
1435748400;27.0;22.0;0.74;SE;4.722222222222222;0.0;1015.67;0.0;Mostly Cloudy
1435752000;27.0;22.0;0.74;SE;5.277777777777778;0.0;1015.67;0.0;Mostly Cloudy
1435755600;28.0;22.0;0.7;ESE;5.277777777777778;0.0;1016.67;0.0;Partly Cloudy
1435759200;28.0;21.0;0.66;ESE;5.277777777777778;0.0;1015.67;0.0;Partly Cloudy
1435762800;29.0;22.0;0.66;ESE;6.111111111111111;0.0;1014.67;0.0;Partly Cloudy
1435766400;29.0;22.0;0.66;SE;5.277777777777778;0.0;1014.67;0.0;Partly Cloudy
1435770000;28.0;22.0;0.7;SE;5.277777777777778;0.0;1013.68;0.0;Mostly Cloudy
1435773600;28.0;22.0;0.7;ESE;5.277777777777778;0.0;1013.68;0.0;Partly Cloudy
1435777200;28.0;22.0;0.7;ESE;4.722222222222222;0.0;1013.68;0.0;Partly Cloudy
1435780800;27.0;22.0;0.74;ESE;3.0555555555555554;0.0;1013.68;0.0;Partly Cloudy
1435784400;25.0;23.0;0.89;SE;4.166666666666667;0.0;1013.68;0.0;Partly Cloudy
1435788000;25.0;23.0;0.89;S;1.1111111111111112;0.0;1014.67;0.0;Partly Cloudy
1435791600;25.0;23.0;0.89;S;2.5;0.0;1014.67;0.0;Fair
1435795200;25.0;23.0;0.89;S;1.9444444444444444;0.0;1014.67;0.0;Partly Cloudy
1435798800;25.0;23.0;0.89;E;1.1111111111111112;0.0;1014.67;0.0;Partly Cloudy
1435802400;24.0;23.0;0.94;WSW;1.9444444444444444;0.0;1014.67;0.0;Mostly Cloudy
1435806000;24.0;23.0;0.94;WSW;1.1111111111111112;0.0;1014.67;0.0;Mostly Cloudy
1435809600;24.0;23.0;0.94;SSW;1.6666666666666665;0.0;1013.68;0.0;Mostly Cloudy
1435813200;24.0;22.0;0.89;SSW;2.5;0.0;1012.68;0.0;Mostly Cloudy
1435816800;23.0;22.0;0.94;SSW;3.0555555555555554;0.0;1012.68;0.0;Showers in the Vicinity
1435820400;23.0;23.0;1.0;SW;1.9444444444444444;0.0;1012.68;0.0;Showers in the Vicinity
1435824000;23.0;22.0;0.94;SSW;2.5;0.0;1012.68;0.0;Mostly Cloudy
1435827600;23.0;22.0;0.94;SW;1.1111111111111112;0.0;1013.68;0.0;Showers in the Vicinity
1435829640;23.0;23.0;1.0;S;1.1111111111111112;0.0;1013.68;0.0;Light Rain
1435831200;23.0;23.0;1.0;S;1.1111111111111112;0.0;1013.68;0.0;Light Rain
1435834800;24.0;23.0;0.94;W;1.1111111111111112;0.0;1014.67;0.0;Light Rain
1435838400;24.0;23.0;0.94;CALM;0.0;0.0;1014.67;0.0;Light Rain
1435842000;25.0;23.0;0.89;SSE;3.611111111111111;0.0;1014.67;0.0;Light Rain
1435845600;24.0;23.0;0.94;SE;2.5;0.0;1014.67;0.0;Light Rain
1435849200;25.0;24.0;0.94;SSE;2.5;0.0;1013.68;0.0;Light Rain
1435852800;25.0;23.0;0.89;SSE;1.9444444444444444;0.0;1013.68;0.0;Light Rain
1435856400;25.0;23.0;0.89;ESE;6.111111111111111;0.0;1012.68;0.0;Showers in the Vicinity
1435860000;26.0;24.0;0.89;SE;3.611111111111111;0.0;1012.68;0.0;Showers in the Vicinity
1435861140;24.0;23.0;0.94;ESE;4.166666666666667;0.0;1012.68;0.0;Rain
1435862100;25.0;24.0;0.94;ESE;2.5;0.0;1012.68;0.0;Light Rain
1435863600;25.0;23.0;0.89;E;1.6666666666666665;0.0;1012.68;0.0;Showers in the Vicinity
1435867200;24.0;22.0;0.89;E;3.611111111111111;0.0;1012.68;0.0;Light Rain
1435870800;25.0;23.0;0.89;ESE;1.9444444444444444;0.0;1012.68;0.0;Light Rain
1435874400;24.0;22.0;0.89;ESE;3.0555555555555554;0.0;1012.68;0.0;Light Rain
1435878000;24.0;23.0;0.94;CALM;0.0;0.0;1013.68;0.0;Light Rain
1435881600;25.0;23.0;0.89;SE;2.5;0.0;1013.68;0.0;Showers in the Vicinity
1435885200;26.0;23.0;0.83;SSE;3.0555555555555554;0.0;1013.68;0.0;Showers in the Vicinity
1435888800;26.0;23.0;0.83;ESE;2.5;0.0;1013.68;0.0;Light Rain
1436151600;27.0;22.0;0.74;SE;4.722222222222222;0.0;1013.68;0.0;Mostly Cloudy
1436155200;26.0;22.0;0.78;SSE;4.722222222222222;0.0;1012.68;0.0;Partly Cloudy
1436158800;25.0;22.0;0.83;S;3.0555555555555554;0.0;1011.68;0.0;Fair
1436162400;25.0;22.0;0.83;SSW;3.0555555555555554;0.0;1011.68;0.0;Fair
1436166000;24.0;22.0;0.89;SSW;1.1111111111111112;0.0;1011.68;0.0;Mostly Cloudy
1436169600;25.0;22.0;0.83;SE;6.666666666666666;0.0;1011.68;0.0;Cloudy
1436173200;24.0;22.0;0.89;SSW;3.611111111111111;0.0;1012.68;0.0;Mostly Cloudy
1436176800;24.0;23.0;0.94;SSW;2.5;0.0;1012.68;0.0;Light Rain
1436180400;25.0;23.0;0.89;S;2.5;0.0;1013.68;0.0;Showers in the Vicinity
1436184000;26.0;22.0;0.78;S;5.277777777777778;0.0;1013.68;0.0;Showers in the Vicinity
1436187600;27.0;23.0;0.79;SSE;5.277777777777778;0.0;1013.68;0.0;Mostly Cloudy
1436191200;28.0;22.0;0.7;SSE;7.777777777777778;0.0;1013.68;0.0;Partly Cloudy
1436194800;29.0;22.0;0.66;SSE;6.666666666666666;0.0;1012.68;0.0;Partly Cloudy
1436198400;29.0;21.0;0.62;S;8.333333333333334;0.0;1012.68;0.0;Partly Cloudy
1436202000;28.0;21.0;0.66;SE;8.333333333333334;0.0;1011.68;0.0;Fair
1436205600;28.0;21.0;0.66;SSE;8.333333333333334;0.0;1011.68;0.0;Fair
1436209200;27.0;20.0;0.65;SSE;7.777777777777778;0.0;1011.68;0.0;Fair
1436212800;26.0;20.0;0.69;SSE;6.666666666666666;0.0;1011.68;0.0;Fair
1436216400;26.0;21.0;0.74;SSE;5.555555555555555;0.0;1011.68;0.0;Fair
1436220000;25.0;21.0;0.78;S;4.722222222222222;0.0;1012.68;0.0;Fair
1436223600;24.0;21.0;0.83;S;3.0555555555555554;0.0;1012.68;0.0;Fair
1436227200;24.0;21.0;0.83;S;3.0555555555555554;0.0;1012.68;0.0;Fair
1436230800;23.0;20.0;0.83;S;3.0555555555555554;0.0;1013.68;0.0;Fair
1436234400;23.0;20.0;0.83;SSW;1.9444444444444444;0.0;1013.68;0.0;Fair
1436238000;23.0;20.0;0.83;SSW;1.1111111111111112;0.0;1013.68;0.0;Fair
1436241600;22.0;20.0;0.88;SSW;1.6666666666666665;0.0;1012.68;0.0;Fair
1436245200;22.0;20.0;0.88;SW;2.5;0.0;1012.68;0.0;Fair
1436248800;22.0;20.0;0.88;SW;1.9444444444444444;0.0;1011.68;0.0;Fair
1436252400;22.0;20.0;0.88;SW;1.9444444444444444;0.0;1011.68;0.0;Fair
1436256000;22.0;20.0;0.88;SSW;1.6666666666666665;0.0;1011.68;0.0;Fair
1436259600;22.0;20.0;0.88;SW;2.5;0.0;1012.68;0.0;Fair
1436263200;23.0;21.0;0.88;SSW;2.5;0.0;1012.68;0.0;Fair
1436266800;25.0;22.0;0.83;SSW;2.5;0.0;1012.68;0.0;Fair
1436270400;27.0;22.0;0.74;SSW;4.166666666666667;0.0;1012.68;0.0;Fair
1436274000;28.0;22.0;0.7;S;4.722222222222222;0.0;1012.68;0.0;Partly Cloudy
1436277600;27.0;23.0;0.79;ESE;6.666666666666666;0.0;1012.68;0.0;Showers in the Vicinity
1436281200;25.0;24.0;0.94;ESE;4.166666666666667;0.0;1012.68;0.0;Showers in the Vicinity
1436284800;24.0;23.0;0.94;SE;5.555555555555555;0.0;1012.68;0.0;Light Rain
1436288400;26.0;23.0;0.83;SE;4.166666666666667;0.0;1011.68;0.0;Showers in the Vicinity
1436292000;24.0;23.0;0.94;SSE;3.611111111111111;0.0;0.0;0.0;Light Rain
1436295600;24.0;23.0;0.94;SSW;2.5;0.0;1011.68;0.0;Showers in the Vicinity
1436299200;25.0;23.0;0.89;SSE;3.0555555555555554;0.0;0.0;0.0;Showers in the Vicinity
1436302800;25.0;23.0;0.89;SSE;4.722222222222222;0.0;1012.68;0.0;Showers in the Vicinity
1436304180;24.0;23.0;0.94;SE;5.277777777777778;0.0;1012.68;0.0;Light Rain
1436306400;23.0;22.0;0.94;SSE;4.722222222222222;0.0;1012.68;0.0;Showers in the Vicinity
1436310000;23.0;22.0;0.94;SSW;2.5;0.0;1013.68;0.0;Showers in the Vicinity
1436313600;24.0;23.0;0.94;CALM;0.0;0.0;1013.68;0.0;Showers in the Vicinity
1436317200;24.0;23.0;0.94;CALM;0.0;0.0;1013.68;0.0;Mostly Cloudy
1436320800;24.0;22.0;0.89;W;2.5;0.0;1013.68;0.0;Showers in the Vicinity
1436324400;24.0;22.0;0.89;NNW;2.5;0.0;1013.68;0.0;Mostly Cloudy
1436328000;23.0;22.0;0.94;CALM;0.0;0.0;1012.68;0.0;Mostly Cloudy
1436331600;23.0;22.0;0.94;CALM;0.0;0.0;1012.68;0.0;Showers in the Vicinity
1436335200;23.0;22.0;0.94;WSW;2.5;0.0;1012.68;0.0;Showers in the Vicinity
1436338800;23.0;22.0;0.94;SSW;3.0555555555555554;0.0;1012.68;0.0;Mostly Cloudy
1436342400;22.0;22.0;1.0;SSW;1.9444444444444444;0.0;1012.68;0.0;Partly Cloudy
1436346000;23.0;21.0;0.88;CALM;0.0;0.0;1013.68;0.0;Partly Cloudy
1436349600;24.0;22.0;0.89;CALM;0.0;0.0;1014.67;0.0;Partly Cloudy
1436353200;26.0;23.0;0.83;SSW;2.5;0.0;1014.67;0.0;Fair
1436356800;27.0;22.0;0.74;S;4.722222222222222;0.0;1014.67;0.0;Fair
1436360400;28.0;21.0;0.66;SSE;5.277777777777778;0.0;1014.67;0.0;Fair
1436364000;29.0;21.0;0.62;SE;5.277777777777778;0.0;1014.67;0.0;Fair
1436367600;28.0;20.0;0.62;SSE;4.722222222222222;0.0;1013.68;0.0;Fair
1436371200;29.0;20.0;0.58;SE;4.166666666666667;0.0;1012.68;0.0;Fair
1436374800;28.0;20.0;0.62;SSE;4.722222222222222;0.0;1012.68;0.0;Fair
1436378400;28.0;19.0;0.58;ESE;5.277777777777778;0.0;1012.68;0.0;Partly Cloudy
1436382000;27.0;21.0;0.7;ESE;4.166666666666667;0.0;1012.68;0.0;Fair
1436385600;27.0;21.0;0.7;ESE;4.166666666666667;0.0;1012.68;0.0;Fair
1436389200;26.0;21.0;0.74;ESE;3.0555555555555554;0.0;1013.68;0.0;Fair
1436392800;26.0;21.0;0.74;SE;4.166666666666667;0.0;1013.68;0.0;Fair
1436396400;26.0;21.0;0.74;SE;4.166666666666667;0.0;1014.67;0.0;Fair
1436400000;26.0;22.0;0.78;ESE;3.611111111111111;0.0;1014.67;0.0;Partly Cloudy
1436403600;24.0;22.0;0.89;SSW;1.6666666666666665;0.0;1014.67;0.0;Fair
1436407200;23.0;21.0;0.88;SSW;1.6666666666666665;0.0;1014.67;0.0;Fair
1436410800;23.0;21.0;0.88;S;1.1111111111111112;0.0;1014.67;0.0;Fair
1436414400;23.0;21.0;0.88;S;1.6666666666666665;0.0;1014.67;0.0;Partly Cloudy
1436418000;23.0;21.0;0.88;CALM;0.0;0.0;1013.68;0.0;Fair
1436421600;23.0;21.0;0.88;S;1.6666666666666665;0.0;1013.68;0.0;Fair
1436425200;23.0;21.0;0.88;S;1.1111111111111112;0.0;1013.68;0.0;Fair
1436428800;23.0;21.0;0.88;S;1.6666666666666665;0.0;1014.67;0.0;Partly Cloudy
1436432400;23.0;21.0;0.88;SSW;1.1111111111111112;0.0;1014.67;0.0;Fair
1436436000;24.0;22.0;0.89;S;3.0555555555555554;0.0;1015.67;0.0;Partly Cloudy
1436439600;26.0;22.0;0.78;S;3.0555555555555554;0.0;1015.67;0.0;Fair
1436443200;27.0;22.0;0.74;SE;3.0555555555555554;0.0;1015.67;0.0;Fair
1436446800;28.0;22.0;0.7;SE;3.611111111111111;0.0;1015.67;0.0;Fair
1436450400;28.0;22.0;0.7;SE;5.277777777777778;0.0;1015.67;0.0;Fair
1436454000;28.0;21.0;0.66;SE;4.722222222222222;0.0;1014.67;0.0;Fair
1436457600;29.0;21.0;0.62;ESE;4.722222222222222;0.0;1014.67;0.0;Fair
1436461200;28.0;22.0;0.7;SE;4.722222222222222;0.0;1014.67;0.0;Fair
1436464800;28.0;22.0;0.7;SSE;5.277777777777778;0.0;1013.68;0.0;Fair
1436468400;28.0;21.0;0.66;SSE;4.722222222222222;0.0;1014.67;0.0;Fair
1436472000;27.0;22.0;0.74;SSE;4.722222222222222;0.0;1014.67;0.0;Fair
1436475600;27.0;21.0;0.7;SSE;4.166666666666667;0.0;1014.67;0.0;Partly Cloudy
1436479200;26.0;22.0;0.78;SSE;4.722222222222222;0.0;1015.67;0.0;Partly Cloudy
1436482800;26.0;22.0;0.78;SSE;4.722222222222222;0.0;1015.67;0.0;Fair
1436486400;26.0;22.0;0.78;SSE;5.277777777777778;0.0;1015.67;0.0;Fair
1436490000;26.0;22.0;0.78;SSE;3.611111111111111;0.0;1015.67;0.0;Fair
1436493600;24.0;22.0;0.89;SW;1.9444444444444444;0.0;1016.67;0.0;Fair
1436583600;26.0;22.0;0.78;ESE;4.166666666666667;0.0;1016.67;0.0;Partly Cloudy
1436587200;26.0;22.0;0.78;ESE;3.611111111111111;0.0;1015.67;0.0;Partly Cloudy
1436590800;26.0;22.0;0.78;SE;4.166666666666667;0.0;1015.67;0.0;Partly Cloudy
1436594400;26.0;22.0;0.78;ESE;4.166666666666667;0.0;1014.67;0.0;Fair
1436598000;25.0;22.0;0.83;S;2.5;0.0;1014.67;0.0;Partly Cloudy
1436601600;24.0;22.0;0.89;S;3.0555555555555554;0.0;1015.67;0.0;Partly Cloudy
1436605200;24.0;22.0;0.89;S;3.0555555555555554;0.0;1015.67;0.0;Mostly Cloudy
1436608800;25.0;22.0;0.83;S;2.5;0.0;1015.67;0.0;Partly Cloudy
1436612400;25.0;23.0;0.89;SSW;2.5;0.0;1016.67;0.0;Mostly Cloudy
1436616000;27.0;22.0;0.74;SSE;5.277777777777778;0.0;1016.67;0.0;Showers in the Vicinity
1436617320;24.0;23.0;0.94;ESE;5.277777777777778;0.0;1017.67;0.0;Light Rain
1436619600;24.0;22.0;0.89;E;3.611111111111111;0.0;1017.67;0.0;Light Rain
1436623200;26.0;21.0;0.74;SE;2.5;0.0;1016.67;0.0;Showers in the Vicinity
1436624220;24.0;23.0;0.94;SSE;2.5;0.0;1016.67;0.0;Light Rain
1436626800;26.0;23.0;0.83;SW;2.5;0.0;1015.67;0.0;Showers in the Vicinity
1436630400;28.0;23.0;0.74;SE;3.0555555555555554;0.0;1014.67;0.0;Showers in the Vicinity
1436631180;25.0;23.0;0.89;SSE;5.277777777777778;0.0;1014.67;0.0;Light Rain
1436634000;27.0;23.0;0.79;S;3.611111111111111;0.0;1013.68;0.0;Partly Cloudy
1436637600;28.0;23.0;0.74;SSE;5.555555555555555;0.0;1013.68;0.0;Partly Cloudy
1436641200;28.0;23.0;0.74;SSE;5.277777777777778;0.0;1013.68;0.0;Partly Cloudy
1436644800;27.0;23.0;0.79;S;3.611111111111111;0.0;1014.67;0.0;Partly Cloudy
1436648400;26.0;23.0;0.83;S;3.0555555555555554;0.0;1014.67;0.0;Mostly Cloudy
1436652000;26.0;23.0;0.83;SSW;2.5;0.0;1015.67;0.0;Mostly Cloudy
1436655600;25.0;23.0;0.89;S;2.5;0.0;1016.67;0.0;Mostly Cloudy
1436659200;24.0;22.0;0.89;SSW;2.5;0.0;1016.67;0.0;Partly Cloudy
1436662800;24.0;23.0;0.94;VAR;1.1111111111111112;0.0;1016.67;0.0;Mostly Cloudy
1436666400;24.0;23.0;0.94;SSW;1.9444444444444444;0.0;1016.67;0.0;Light Rain
1436670000;24.0;23.0;0.94;SW;1.6666666666666665;0.0;1016.67;0.0;Mostly Cloudy
1436673600;24.0;22.0;0.89;SSW;3.0555555555555554;0.0;1015.67;0.0;Mostly Cloudy
1436677200;24.0;22.0;0.89;SSW;1.9444444444444444;0.0;1015.67;0.0;Mostly Cloudy
1436680800;23.0;22.0;0.94;SW;2.5;0.0;1014.67;0.0;Mostly Cloudy
1436684400;23.0;22.0;0.94;VAR;0.5555555555555556;0.0;1014.67;0.0;Mostly Cloudy
1436688000;24.0;22.0;0.89;S;1.9444444444444444;0.0;1015.67;0.0;Fair
1436691600;24.0;22.0;0.89;S;1.9444444444444444;0.0;1015.67;0.0;Partly Cloudy
1436695200;26.0;22.0;0.78;SE;4.166666666666667;0.0;1015.67;0.0;Mostly Cloudy
1436698800;26.0;23.0;0.83;ESE;5.277777777777778;0.0;1016.67;0.0;Light Rain
1436702400;27.0;23.0;0.79;ESE;5.555555555555555;0.0;1016.67;0.0;Partly Cloudy
1436706000;28.0;23.0;0.74;ESE;4.722222222222222;0.0;1016.67;0.0;Fair
1436709600;29.0;22.0;0.66;ESE;5.277777777777778;0.0;1015.67;0.0;Fair
1436713200;29.0;23.0;0.7;E;5.277777777777778;0.0;1015.67;0.0;Fair
1436716800;28.0;23.0;0.74;ESE;5.555555555555555;0.0;1014.67;0.0;Mostly Cloudy
1436720400;28.0;24.0;0.79;SE;4.722222222222222;0.0;1013.68;0.0;Mostly Cloudy
1436724000;28.0;22.0;0.7;ESE;5.555555555555555;0.0;1012.68;0.0;Fair
1436727600;28.0;22.0;0.7;ESE;4.722222222222222;0.0;1012.68;0.0;Partly Cloudy
1436731200;27.0;22.0;0.74;SE;5.555555555555555;0.0;1012.68;0.0;Partly Cloudy
1436734800;27.0;22.0;0.74;ESE;4.166666666666667;0.0;1013.68;0.0;Fair
1436738400;27.0;21.0;0.7;ESE;2.5;0.0;1013.68;0.0;Fair
1436742000;27.0;22.0;0.74;SE;4.166666666666667;0.0;1014.67;0.0;Fair
1436745600;27.0;23.0;0.79;ESE;3.0555555555555554;0.0;1014.67;0.0;Mostly Cloudy
1436749200;27.0;23.0;0.79;ESE;4.166666666666667;0.0;1015.67;0.0;Mostly Cloudy
1436752800;26.0;22.0;0.78;ESE;3.611111111111111;0.0;1015.67;0.0;Partly Cloudy
1436756400;26.0;22.0;0.78;E;3.611111111111111;0.0;1014.67;0.0;Partly Cloudy
1436760000;26.0;22.0;0.78;ESE;4.166666666666667;0.0;1014.67;0.0;Partly Cloudy
1436763600;26.0;22.0;0.78;SE;4.166666666666667;0.0;1013.68;0.0;Partly Cloudy
1436767200;26.0;22.0;0.78;ESE;5.277777777777778;0.0;1013.68;0.0;Mostly Cloudy
1436770800;26.0;22.0;0.78;SE;5.277777777777778;0.0;1013.68;0.0;Mostly Cloudy
1436774400;25.0;22.0;0.83;SSE;3.611111111111111;0.0;1014.67;0.0;Partly Cloudy
1436778000;26.0;22.0;0.78;SE;4.722222222222222;0.0;1014.67;0.0;Partly Cloudy
1436781600;27.0;22.0;0.74;SE;4.722222222222222;0.0;1015.67;0.0;Partly Cloudy
1436785200;28.0;22.0;0.7;SE;6.111111111111111;0.0;1015.67;0.0;Partly Cloudy
1436788800;27.0;22.0;0.74;ESE;6.111111111111111;0.0;1016.67;0.0;Showers in the Vicinity
1436792400;28.0;22.0;0.7;SE;6.111111111111111;0.0;1016.67;0.0;Fair
1436796000;29.0;23.0;0.7;SE;5.555555555555555;0.0;1016.67;0.0;Fair
1436799600;29.0;22.0;0.66;SE;6.111111111111111;0.0;1015.67;0.0;Fair
1436803200;29.0;21.0;0.62;SE;5.555555555555555;0.0;1014.67;0.0;Fair
1436806800;29.0;21.0;0.62;SE;5.555555555555555;0.0;1013.68;0.0;Fair
1436810400;28.0;22.0;0.7;ESE;5.277777777777778;0.0;1013.68;0.0;Partly Cloudy
1436814000;28.0;22.0;0.7;ESE;5.277777777777778;0.0;1013.68;0.0;Partly Cloudy
1436817600;27.0;22.0;0.74;ESE;5.277777777777778;0.0;1014.67;0.0;Partly Cloudy
1436821200;26.0;22.0;0.78;SE;5.555555555555555;0.0;1014.67;0.0;Partly Cloudy
1436824800;26.0;23.0;0.83;SE;6.111111111111111;0.0;1014.67;0.0;Partly Cloudy
1436828400;26.0;23.0;0.83;SE;7.222222222222222;0.0;1015.67;0.0;Partly Cloudy
1436832000;26.0;22.0;0.78;SE;6.111111111111111;0.0;1015.67;0.0;Mostly Cloudy
1436835600;25.0;22.0;0.83;E;6.111111111111111;0.0;1015.67;0.0;Showers in the Vicinity
1436839200;26.0;22.0;0.78;ESE;6.111111111111111;0.0;1015.67;0.0;Partly Cloudy
1437015600;25.0;22.0;0.83;SE;5.277777777777778;0.0;1013.68;0.0;Light Rain
1437019200;26.0;22.0;0.78;SE;7.777777777777778;0.0;1013.68;0.0;Light Rain Shower
1437022800;26.0;21.0;0.74;ESE;7.777777777777778;0.0;1013.68;0.0;Mostly Cloudy
1437026400;25.0;21.0;0.78;SE;7.777777777777778;0.0;1012.68;0.0;Showers in the Vicinity
1437030000;26.0;21.0;0.74;ESE;7.222222222222222;0.0;1012.68;0.0;Mostly Cloudy
1437033600;26.0;21.0;0.74;SE;5.277777777777778;0.0;1013.68;0.0;Mostly Cloudy
1437037200;26.0;21.0;0.74;SE;5.277777777777778;0.0;1013.68;0.0;Partly Cloudy
1437040800;26.0;21.0;0.74;SE;5.277777777777778;0.0;1013.68;0.0;Showers in the Vicinity
1437044400;25.0;22.0;0.83;SSE;7.777777777777778;0.0;1014.67;0.0;Light Rain Shower
1437048000;26.0;23.0;0.83;SSE;7.222222222222222;0.0;1015.67;0.0;Showers in the Vicinity
1437051600;27.0;22.0;0.74;SSE;8.61111111111111;0.0;1014.67;0.0;Showers in the Vicinity
1437055200;25.0;23.0;0.89;SE;8.61111111111111;0.0;1014.67;0.0;Rain
1437056460;25.0;23.0;0.89;SSE;6.666666666666666;0.0;1014.67;0.0;Showers in the Vicinity
1437058800;24.0;23.0;0.94;SE;7.777777777777778;12.777777777777777;0.0;0.0;Light Rain
1437062400;26.0;23.0;0.83;SSE;7.777777777777778;0.0;1013.68;0.0;Mostly Cloudy
1437064380;23.0;21.0;0.88;SE;7.777777777777778;12.777777777777777;1013.68;0.0;Rain Shower
1437066000;23.0;22.0;0.94;SE;8.333333333333334;0.0;0.0;0.0;Light Rain
1437069600;24.0;22.0;0.89;SE;6.666666666666666;0.0;0.0;0.0;Light Rain
1437073200;26.0;22.0;0.78;SE;5.277777777777778;0.0;1012.68;0.0;Showers in the Vicinity
1437076800;26.0;21.0;0.74;SE;7.222222222222222;0.0;1013.68;0.0;Mostly Cloudy
1437080400;26.0;22.0;0.78;SE;5.555555555555555;0.0;1013.68;0.0;Showers in the Vicinity
1437084000;26.0;21.0;0.74;SE;7.222222222222222;0.0;1013.68;0.0;Showers in the Vicinity
1437087600;24.0;21.0;0.83;SE;7.777777777777778;0.0;1014.67;0.0;Light Rain
1437091200;25.0;22.0;0.83;ESE;4.166666666666667;0.0;1014.67;0.0;Showers in the Vicinity
1437094800;25.0;21.0;0.78;SE;7.777777777777778;0.0;1014.67;0.0;Light Rain
1437098400;26.0;21.0;0.74;SE;8.333333333333334;0.0;1014.67;0.0;Showers in the Vicinity
1437188400;26.0;21.0;0.74;ESE;3.611111111111111;0.0;1016.67;0.0;Mostly Cloudy
1437192000;25.0;19.0;0.69;ESE;3.611111111111111;0.0;1015.67;0.0;Mostly Cloudy
1437195600;26.0;21.0;0.74;ESE;6.111111111111111;0.0;1015.67;0.0;Mostly Cloudy
1437199200;24.0;21.0;0.83;E;5.555555555555555;0.0;1015.67;0.0;Showers in the Vicinity
1437202800;25.0;20.0;0.74;ESE;5.277777777777778;0.0;1014.67;0.0;Showers in the Vicinity
1437206400;24.0;20.0;0.78;SE;6.111111111111111;0.0;1014.67;0.0;Partly Cloudy
1437210000;24.0;20.0;0.78;SE;5.555555555555555;0.0;1015.67;0.0;Fair
1437213600;25.0;18.0;0.65;ESE;6.111111111111111;0.0;1015.67;0.0;Partly Cloudy
1437217200;25.0;20.0;0.74;SE;7.222222222222222;0.0;1016.67;0.0;Mostly Cloudy
1437220800;26.0;19.0;0.65;SE;7.777777777777778;0.0;1016.67;0.0;Mostly Cloudy
1437224400;28.0;21.0;0.66;SE;6.111111111111111;0.0;1016.67;0.0;Partly Cloudy
1437228000;26.0;20.0;0.69;ESE;6.111111111111111;0.0;0.0;0.0;Showers in the Vicinity
1437231600;27.0;21.0;0.7;ESE;6.666666666666666;0.0;1015.67;0.0;Partly Cloudy
1437235200;28.0;21.0;0.66;SE;8.333333333333334;0.0;1015.67;0.0;Fair
1437238800;27.0;21.0;0.7;SE;8.61111111111111;0.0;1014.67;0.0;Partly Cloudy
1437242400;26.0;22.0;0.78;SE;9.722222222222221;0.0;1014.67;0.0;Partly Cloudy / Windy
1437246000;26.0;21.0;0.74;SE;8.333333333333334;0.0;1014.67;0.0;Partly Cloudy
1437249600;26.0;21.0;0.74;SE;7.222222222222222;0.0;1014.67;0.0;Partly Cloudy
1437253200;25.0;21.0;0.78;SSE;5.555555555555555;0.0;1014.67;0.0;Partly Cloudy
1437256800;24.0;21.0;0.83;ESE;6.111111111111111;0.0;1015.67;0.0;Showers in the Vicinity
1437260400;24.0;21.0;0.83;E;3.0555555555555554;0.0;1016.67;0.0;Partly Cloudy
1437264000;23.0;22.0;0.94;S;3.0555555555555554;0.0;1016.67;0.0;Fair
1437267600;25.0;22.0;0.83;ESE;3.611111111111111;0.0;1016.67;0.0;Partly Cloudy
1437271200;25.0;22.0;0.83;ESE;5.555555555555555;0.0;1016.67;0.0;Partly Cloudy
1437274800;25.0;20.0;0.74;ESE;5.277777777777778;0.0;1016.67;0.0;Partly Cloudy
1437278400;25.0;21.0;0.78;E;3.611111111111111;0.0;1015.67;0.0;Mostly Cloudy
1437282000;24.0;22.0;0.89;NE;1.9444444444444444;0.0;1015.67;0.0;Showers in the Vicinity
1437285600;23.0;22.0;0.94;ESE;6.666666666666666;0.0;1015.67;0.0;Light Rain
1437289200;25.0;21.0;0.78;E;5.277777777777778;0.0;1014.67;0.0;Mostly Cloudy
1437292800;26.0;20.0;0.69;ESE;6.111111111111111;0.0;1014.67;0.0;Partly Cloudy
1437296400;26.0;20.0;0.69;E;6.666666666666666;0.0;1015.67;0.0;Mostly Cloudy
1437300000;26.0;20.0;0.69;ESE;5.277777777777778;0.0;1015.67;0.0;Partly Cloudy
1437303600;26.0;20.0;0.69;ESE;6.666666666666666;0.0;1016.67;0.0;Partly Cloudy
1437307200;27.0;21.0;0.7;ESE;7.222222222222222;0.0;1016.67;0.0;Fair
1437310800;28.0;20.0;0.62;ESE;7.222222222222222;0.0;1016.67;0.0;Partly Cloudy
1437314400;28.0;20.0;0.62;ESE;6.666666666666666;0.0;1016.67;0.0;Partly Cloudy
1437318000;28.0;20.0;0.62;ESE;7.777777777777778;0.0;1015.67;0.0;Mostly Cloudy
1437321600;27.0;20.0;0.65;SE;7.222222222222222;0.0;1015.67;0.0;Mostly Cloudy
1437325200;28.0;20.0;0.62;SE;7.222222222222222;0.0;1014.67;0.0;Mostly Cloudy
1437328800;27.0;19.0;0.61;SSE;7.777777777777778;0.0;1014.67;0.0;Partly Cloudy
1437332400;27.0;19.0;0.61;SSE;6.666666666666666;0.0;1014.67;0.0;Partly Cloudy
1437336000;26.0;20.0;0.69;SSE;6.111111111111111;0.0;1014.67;0.0;Fair
1437339600;26.0;19.0;0.65;SSE;6.111111111111111;0.0;1014.67;0.0;Fair
1437343200;26.0;21.0;0.74;SSE;5.555555555555555;0.0;1015.67;0.0;Partly Cloudy
1437346800;24.0;20.0;0.78;SSW;3.611111111111111;0.0;1015.67;0.0;Partly Cloudy
1437350400;24.0;21.0;0.83;SSW;3.0555555555555554;0.0;1016.67;0.0;Mostly Cloudy
1437354000;26.0;21.0;0.74;SSE;5.277777777777778;0.0;1016.67;0.0;Mostly Cloudy
1437357600;25.0;21.0;0.78;SE;5.277777777777778;0.0;1016.67;0.0;Mostly Cloudy
1437706800;23.0;22.0;0.94;ESE;2.5;0.0;1015.67;0.0;Light Rain
1437710400;23.0;22.0;0.94;WSW;1.1111111111111112;0.0;1015.67;0.0;Cloudy
1437714000;23.0;22.0;0.94;ESE;1.1111111111111112;0.0;1015.67;0.0;Cloudy
1437717600;23.0;22.0;0.94;WSW;1.1111111111111112;0.0;1014.67;0.0;Cloudy
1437721200;23.0;22.0;0.94;SW;2.5;0.0;1014.67;0.0;Mostly Cloudy
1437724800;23.0;22.0;0.94;CALM;0.0;0.0;1015.67;0.0;Mostly Cloudy
1437728400;24.0;22.0;0.89;ESE;3.611111111111111;0.0;1015.67;0.0;Mostly Cloudy
1437732000;25.0;21.0;0.78;ESE;2.5;0.0;1015.67;0.0;Mostly Cloudy
1437735600;25.0;21.0;0.78;ESE;3.611111111111111;0.0;1016.67;0.0;Mostly Cloudy
1437739200;25.0;22.0;0.83;S;4.166666666666667;0.0;0.0;0.0;Showers in the Vicinity
1437742800;27.0;22.0;0.74;SE;5.555555555555555;0.0;1016.67;0.0;Partly Cloudy
1437746400;28.0;21.0;0.66;SE;6.666666666666666;0.0;1015.67;0.0;Fair
1437750000;28.0;21.0;0.66;ESE;6.666666666666666;0.0;1015.67;0.0;Fair
1437753600;28.0;21.0;0.66;SE;6.666666666666666;0.0;1014.67;0.0;Fair
1437757200;27.0;21.0;0.7;SE;6.666666666666666;0.0;1013.68;0.0;Fair
1437760800;27.0;20.0;0.65;SE;6.111111111111111;0.0;1013.68;0.0;Partly Cloudy
1437764400;26.0;19.0;0.65;SSE;6.666666666666666;0.0;1013.68;0.0;Partly Cloudy
1437768000;26.0;20.0;0.69;S;5.555555555555555;0.0;1014.67;0.0;Fair
1437771600;26.0;19.0;0.65;S;4.722222222222222;0.0;1014.67;0.0;Fair
1437775200;25.0;20.0;0.74;SSW;3.0555555555555554;0.0;1015.67;0.0;Partly Cloudy
1437778800;24.0;20.0;0.78;SSW;2.5;0.0;1015.67;0.0;Partly Cloudy
1437782400;24.0;20.0;0.78;SW;1.9444444444444444;0.0;1016.67;0.0;Partly Cloudy
1437786000;23.0;20.0;0.83;SSW;2.5;0.0;1016.67;0.0;Fair
1437789600;23.0;20.0;0.83;SW;1.6666666666666665;0.0;1015.67;0.0;Fair
1437793200;22.0;20.0;0.88;SW;1.9444444444444444;0.0;1015.67;0.0;Fair
1437796800;22.0;20.0;0.88;SSW;1.6666666666666665;0.0;1014.67;0.0;Fair
1437800400;22.0;20.0;0.88;S;1.1111111111111112;0.0;1014.67;0.0;Fair
1437804000;21.0;20.0;0.94;CALM;0.0;0.0;1014.67;0.0;Fair
1437807600;21.0;20.0;0.94;SW;1.6666666666666665;0.0;1014.67;0.0;Fair
1437811200;21.0;19.0;0.88;WSW;1.6666666666666665;0.0;1014.67;0.0;Fair
1437814800;21.0;19.0;0.88;SW;1.6666666666666665;0.0;1014.67;0.0;Fair
1437818400;23.0;20.0;0.83;SW;2.5;0.0;1015.67;0.0;Partly Cloudy
1437822000;25.0;21.0;0.78;SSW;3.611111111111111;0.0;1015.67;0.0;Partly Cloudy
1437825600;26.0;22.0;0.78;SSW;4.166666666666667;0.0;1016.67;0.0;Partly Cloudy
1437829200;27.0;21.0;0.7;S;6.111111111111111;0.0;1015.67;0.0;Mostly Cloudy
1437832800;28.0;22.0;0.7;S;5.555555555555555;0.0;1015.67;0.0;Partly Cloudy
1437836400;29.0;21.0;0.62;SSE;6.666666666666666;0.0;1014.67;0.0;Partly Cloudy
1437840000;28.0;22.0;0.7;SSE;8.333333333333334;0.0;1013.68;0.0;Partly Cloudy
1437843600;27.0;22.0;0.74;SSE;8.333333333333334;0.0;1012.68;0.0;Fair
1437847200;27.0;22.0;0.74;SSE;6.666666666666666;0.0;1012.68;0.0;Partly Cloudy
1437850800;26.0;22.0;0.78;SSE;6.111111111111111;0.0;1012.68;0.0;Partly Cloudy
1437854400;26.0;22.0;0.78;SSE;5.277777777777778;0.0;1013.68;0.0;Fair
1437858000;25.0;22.0;0.83;S;3.611111111111111;0.0;1013.68;0.0;Fair
1437861600;25.0;22.0;0.83;SSW;2.5;0.0;1014.67;0.0;Partly Cloudy
1437865200;25.0;22.0;0.83;SSW;2.5;0.0;1014.67;0.0;Light Rain
1437866700;24.0;23.0;0.94;S;1.9444444444444444;0.0;1015.67;0.0;Showers in the Vicinity
1437868800;24.0;23.0;0.94;S;3.0555555555555554;0.0;1015.67;0.0;Cloudy
1437872400;25.0;22.0;0.83;ESE;5.277777777777778;0.0;1015.67;0.0;Partly Cloudy
1437876000;25.0;22.0;0.83;SE;3.611111111111111;0.0;1014.67;0.0;Partly Cloudy
1438225200;25.0;21.0;0.78;SSE;4.722222222222222;0.0;1016.67;0.0;Partly Cloudy
1438228800;25.0;20.0;0.74;SE;4.722222222222222;0.0;1015.67;0.0;Fair
1438232400;25.0;20.0;0.74;SE;4.722222222222222;0.0;1015.67;0.0;Fair
1438236000;25.0;19.0;0.69;SSE;5.555555555555555;0.0;1014.67;0.0;Fair
1438239600;25.0;20.0;0.74;SE;4.722222222222222;0.0;1014.67;0.0;Fair
1438243200;25.0;21.0;0.78;SE;4.722222222222222;0.0;1014.67;0.0;Partly Cloudy
1438246800;25.0;20.0;0.74;SE;3.611111111111111;0.0;1015.67;0.0;Partly Cloudy
1438250400;26.0;20.0;0.69;SE;5.555555555555555;0.0;1015.67;0.0;Partly Cloudy
1438254000;25.0;19.0;0.69;SE;7.777777777777778;0.0;1016.67;0.0;Mostly Cloudy
1438257600;27.0;21.0;0.7;ESE;5.555555555555555;0.0;1016.67;0.0;Fair
1438261200;28.0;21.0;0.66;ESE;6.111111111111111;0.0;1016.67;0.0;Partly Cloudy
1438264800;28.0;21.0;0.66;ESE;6.111111111111111;0.0;1016.67;0.0;Partly Cloudy
1438268400;28.0;21.0;0.66;SE;6.666666666666666;0.0;1015.67;0.0;Partly Cloudy
1438272000;28.0;21.0;0.66;SE;6.111111111111111;0.0;1014.67;0.0;Fair
1438275600;28.0;20.0;0.62;SE;5.555555555555555;0.0;1013.68;0.0;Partly Cloudy
1438279200;27.0;21.0;0.7;SE;5.555555555555555;0.0;1013.68;0.0;Fair
1438282800;27.0;21.0;0.7;SE;5.555555555555555;0.0;1013.68;0.0;Fair
1438286400;26.0;21.0;0.74;SE;6.111111111111111;0.0;1014.67;0.0;Fair
1438290000;25.0;20.0;0.74;SSE;4.166666666666667;0.0;1014.67;0.0;Fair
1438293600;25.0;22.0;0.83;S;3.0555555555555554;0.0;1014.67;0.0;Fair
1438297200;24.0;22.0;0.89;S;3.611111111111111;0.0;1015.67;0.0;Partly Cloudy
1438300800;24.0;22.0;0.89;SSE;4.722222222222222;0.0;1015.67;0.0;Showers in the Vicinity
1438304400;24.0;22.0;0.89;S;2.5;0.0;1016.67;0.0;Mostly Cloudy
1438308000;23.0;22.0;0.94;S;2.5;0.0;1016.67;0.0;Mostly Cloudy
1438398000;25.0;21.0;0.78;SSE;5.555555555555555;0.0;1015.67;0.0;Partly Cloudy
1438400700;23.0;21.0;0.88;SE;6.111111111111111;12.222222222222221;1014.67;0.0;Rain
1438401600;23.0;21.0;0.88;SE;6.666666666666666;12.222222222222221;1014.67;0.0;Light Rain
1438402500;22.0;21.0;0.94;SSE;4.722222222222222;0.0;1014.67;0.0;Light Rain
1438405200;22.0;21.0;0.94;S;2.5;0.0;1014.67;0.0;Cloudy
1438408800;23.0;21.0;0.88;SW;1.1111111111111112;0.0;1014.67;0.0;Rain
1438409700;22.0;21.0;0.94;W;1.6666666666666665;0.0;1014.67;0.0;Light Rain
1438412400;23.0;22.0;0.94;SSE;2.5;0.0;1014.67;0.0;Light Rain
1438416000;23.0;22.0;0.94;SW;1.6666666666666665;0.0;1014.67;0.0;Mostly Cloudy
1438419600;23.0;21.0;0.88;SW;2.5;0.0;1014.67;0.0;Partly Cloudy
1438423200;23.0;22.0;0.94;SSE;5.555555555555555;0.0;1014.67;0.0;Light Rain
1438424100;24.0;22.0;0.89;S;3.611111111111111;0.0;1014.67;0.0;Showers in the Vicinity
1438426800;26.0;21.0;0.74;SE;4.722222222222222;0.0;1015.67;0.0;Partly Cloudy
1438430400;26.0;22.0;0.78;SSE;7.777777777777778;0.0;1015.67;0.0;Partly Cloudy
1438434000;26.0;23.0;0.83;SSE;6.666666666666666;0.0;1016.67;0.0;Showers in the Vicinity
1438437600;27.0;22.0;0.74;SE;7.777777777777778;0.0;1015.67;0.0;Mostly Cloudy
1438441200;27.0;22.0;0.74;SE;6.666666666666666;0.0;1015.67;0.0;Mostly Cloudy
1438444800;26.0;22.0;0.78;SE;6.111111111111111;0.0;1014.67;0.0;Mostly Cloudy
1438445400;25.0;22.0;0.83;SE;5.555555555555555;0.0;1014.67;0.0;Rain Shower
1438446600;24.0;22.0;0.89;SSE;6.111111111111111;0.0;1014.67;0.0;Light Rain
1438448400;25.0;22.0;0.83;SSE;5.555555555555555;0.0;1013.68;0.0;Mostly Cloudy
1438452000;25.0;22.0;0.83;SSE;6.666666666666666;0.0;1013.68;0.0;Mostly Cloudy
1438452300;24.0;22.0;0.89;SSE;6.666666666666666;0.0;1013.68;0.0;Rain
1438455600;23.0;22.0;0.94;ESE;5.277777777777778;0.0;1013.68;0.0;Light Rain
1438456500;24.0;22.0;0.89;E;2.5;0.0;0.0;0.0;Showers in the Vicinity
1438459200;23.0;22.0;0.94;ESE;4.722222222222222;0.0;1013.68;0.0;Light Rain
1438460700;24.0;22.0;0.89;SSE;4.722222222222222;0.0;1013.68;0.0;Showers in the Vicinity
1438462800;24.0;22.0;0.89;S;5.555555555555555;0.0;1013.68;0.0;Mostly Cloudy
1438463100;24.0;22.0;0.89;S;4.166666666666667;10.833333333333334;1013.68;0.0;Light Rain
1438464000;24.0;21.0;0.83;SSE;5.277777777777778;0.0;1013.68;0.0;Cloudy
1438466400;24.0;21.0;0.83;SSE;6.666666666666666;0.0;1013.68;0.0;Mostly Cloudy
1438468200;23.0;21.0;0.88;SSE;4.166666666666667;0.0;1014.67;0.0;Light Rain
1438470000;23.0;22.0;0.94;SSE;3.611111111111111;0.0;1014.67;0.0;Light Rain
1438471200;24.0;22.0;0.89;SSE;3.611111111111111;0.0;1014.67;0.0;Mostly Cloudy
1438473600;24.0;22.0;0.89;SSW;3.0555555555555554;0.0;1014.67;0.0;Showers in the Vicinity
1438477200;25.0;22.0;0.83;SSE;5.277777777777778;0.0;1014.67;0.0;Mostly Cloudy
1438480800;25.0;22.0;0.83;SSE;5.277777777777778;0.0;1014.67;0.0;Partly Cloudy
1438570800;23.0;20.0;0.83;SW;2.5;0.0;1015.67;0.0;Partly Cloudy
1438574400;23.0;20.0;0.83;SW;2.5;0.0;1015.67;0.0;Mostly Cloudy
1438578000;22.0;20.0;0.88;SW;1.9444444444444444;0.0;1014.67;0.0;Mostly Cloudy
1438581600;22.0;20.0;0.88;SW;1.6666666666666665;0.0;1014.67;0.0;Partly Cloudy
1438585200;22.0;20.0;0.88;SW;1.9444444444444444;0.0;1014.67;0.0;Partly Cloudy
1438588800;22.0;20.0;0.88;SSW;1.9444444444444444;0.0;1014.67;0.0;Partly Cloudy
1438592400;22.0;20.0;0.88;SSW;2.5;0.0;1015.67;0.0;Mostly Cloudy
1438596000;24.0;20.0;0.78;SSW;2.5;0.0;1015.67;0.0;Fair
1438599600;26.0;21.0;0.74;SE;6.111111111111111;0.0;1016.67;0.0;Fair
1438603200;27.0;20.0;0.65;ESE;6.666666666666666;0.0;1016.67;0.0;Fair
1438606800;27.0;21.0;0.7;SE;6.666666666666666;0.0;1016.67;0.0;Partly Cloudy
1438610400;28.0;21.0;0.66;ESE;6.666666666666666;0.0;1016.67;0.0;Partly Cloudy
1438614000;28.0;21.0;0.66;ESE;6.111111111111111;0.0;1016.67;0.0;Partly Cloudy
1438617600;28.0;20.0;0.62;ESE;6.666666666666666;0.0;1015.67;0.0;Partly Cloudy
1438621200;27.0;20.0;0.65;ESE;5.555555555555555;0.0;1014.67;0.0;Partly Cloudy
1438624800;27.0;20.0;0.65;SE;6.666666666666666;0.0;1014.67;0.0;Partly Cloudy
1438628400;26.0;19.0;0.65;SE;5.555555555555555;0.0;1014.67;0.0;Partly Cloudy
1438632000;26.0;19.0;0.65;SE;4.722222222222222;0.0;1014.67;0.0;Partly Cloudy
1438635600;25.0;19.0;0.69;SSE;4.722222222222222;0.0;1015.67;0.0;Partly Cloudy
1438639200;26.0;19.0;0.65;SE;4.722222222222222;0.0;1015.67;0.0;Fair
1438642800;25.0;19.0;0.69;SE;4.166666666666667;0.0;1016.67;0.0;Fair
1438646400;25.0;19.0;0.69;SE;4.722222222222222;0.0;1016.67;0.0;Fair
1438650000;25.0;19.0;0.69;SE;4.722222222222222;0.0;1016.67;0.0;Partly Cloudy
1438653600;25.0;19.0;0.69;SE;4.166666666666667;0.0;1016.67;0.0;Partly Cloudy
1438657200;25.0;19.0;0.69;SE;4.166666666666667;0.0;1016.67;0.0;Partly Cloudy
1438660800;24.0;20.0;0.78;SSW;2.5;0.0;1016.67;0.0;Partly Cloudy
1438664400;23.0;19.0;0.78;SSW;2.5;0.0;1015.67;0.0;Partly Cloudy
1438668000;22.0;19.0;0.83;SW;2.5;0.0;1015.67;0.0;Fair
1438671600;22.0;19.0;0.83;SW;1.9444444444444444;0.0;1015.67;0.0;Fair
1438675200;22.0;19.0;0.83;SSW;1.9444444444444444;0.0;1015.67;0.0;Fair
1438678800;22.0;19.0;0.83;SSW;1.9444444444444444;0.0;1015.67;0.0;Partly Cloudy
1438682400;24.0;20.0;0.78;SW;1.6666666666666665;0.0;1016.67;0.0;Partly Cloudy
1438686000;26.0;20.0;0.69;SSE;5.277777777777778;0.0;1016.67;0.0;Partly Cloudy
1438689600;27.0;20.0;0.65;SSE;6.111111111111111;0.0;1017.67;0.0;Partly Cloudy
1438693200;28.0;20.0;0.62;SSE;6.111111111111111;0.0;1017.67;0.0;Partly Cloudy
1438696800;28.0;20.0;0.62;S;5.277777777777778;0.0;1016.67;0.0;Partly Cloudy
1438700400;28.0;20.0;0.62;SSE;5.277777777777778;0.0;1016.67;0.0;Fair
1438704000;28.0;20.0;0.62;SSE;6.111111111111111;0.0;1015.67;0.0;Fair
1438707600;28.0;20.0;0.62;SSE;6.666666666666666;0.0;1014.67;0.0;Fair
1438711200;27.0;21.0;0.7;SE;6.666666666666666;0.0;1014.67;0.0;Fair
1438714800;26.0;20.0;0.69;SE;7.222222222222222;0.0;1014.67;0.0;Fair
1438718400;26.0;20.0;0.69;SSE;6.111111111111111;0.0;1014.67;0.0;Fair
1438722000;25.0;20.0;0.74;SSE;4.722222222222222;0.0;1015.67;0.0;Fair
1438725600;25.0;20.0;0.74;SSE;5.277777777777778;0.0;1015.67;0.0;Fair
1438729200;25.0;20.0;0.74;SSE;3.611111111111111;0.0;1015.67;0.0;Fair
1438732800;24.0;20.0;0.78;SSW;1.9444444444444444;0.0;1016.67;0.0;Fair
1438736400;24.0;20.0;0.78;S;1.6666666666666665;0.0;1016.67;0.0;Partly Cloudy
1438740000;24.0;20.0;0.78;S;3.0555555555555554;0.0;1016.67;0.0;Partly Cloudy
1438743600;23.0;20.0;0.83;S;2.5;0.0;1016.67;0.0;Partly Cloudy
1438747200;23.0;21.0;0.88;SE;1.1111111111111112;0.0;1015.67;0.0;Light Rain
1438750800;22.0;21.0;0.94;WSW;1.1111111111111112;0.0;1015.67;0.0;Light Rain
1438754400;22.0;21.0;0.94;NNW;1.1111111111111112;0.0;1015.67;0.0;Light Rain
1438758000;22.0;21.0;0.94;S;1.1111111111111112;0.0;1015.67;0.0;Partly Cloudy
1438761600;22.0;20.0;0.88;S;1.6666666666666665;0.0;1015.67;0.0;Mostly Cloudy
1438765200;22.0;21.0;0.94;SSW;1.6666666666666665;0.0;1015.67;0.0;Partly Cloudy
1438768800;22.0;21.0;0.94;S;1.9444444444444444;0.0;1016.67;0.0;Mostly Cloudy
1438772400;25.0;22.0;0.83;WSW;2.5;0.0;1016.67;0.0;Partly Cloudy
1438776000;27.0;22.0;0.74;ESE;4.166666666666667;0.0;1016.67;0.0;Partly Cloudy
1438779600;27.0;22.0;0.74;SE;6.111111111111111;0.0;1016.67;0.0;Partly Cloudy
1438783200;28.0;22.0;0.7;ESE;5.277777777777778;0.0;1015.67;0.0;Partly Cloudy
1438786800;28.0;23.0;0.74;SE;6.666666666666666;0.0;1015.67;0.0;Partly Cloudy
1438790400;28.0;23.0;0.74;SE;6.111111111111111;0.0;1014.67;0.0;Partly Cloudy
1438794000;28.0;22.0;0.7;SE;6.666666666666666;0.0;1013.68;0.0;Partly Cloudy
1438797600;28.0;22.0;0.7;SE;6.111111111111111;0.0;1013.68;0.0;Partly Cloudy
1438801200;26.0;22.0;0.78;SSE;5.555555555555555;0.0;1013.68;0.0;Partly Cloudy
1438804800;26.0;22.0;0.78;SSE;6.111111111111111;0.0;1013.68;0.0;Mostly Cloudy
1438808400;26.0;22.0;0.78;SSE;5.555555555555555;0.0;1014.67;0.0;Partly Cloudy
1438812000;25.0;22.0;0.83;SSE;6.111111111111111;0.0;1014.67;0.0;Partly Cloudy
1438812480;25.0;22.0;0.83;SSE;4.722222222222222;0.0;1014.67;0.0;Rain
1438813800;25.0;23.0;0.89;SSE;4.722222222222222;0.0;1014.67;0.0;Light Rain
1438815600;26.0;23.0;0.83;SSE;5.555555555555555;0.0;1015.67;0.0;Mostly Cloudy
1438819200;26.0;23.0;0.83;SE;4.722222222222222;0.0;1015.67;0.0;Mostly Cloudy
1438822800;26.0;22.0;0.78;SE;6.111111111111111;0.0;1015.67;0.0;Mostly Cloudy
1438826400;26.0;22.0;0.78;SE;5.277777777777778;0.0;1015.67;0.0;Mostly Cloudy
1438916400;25.0;21.0;0.78;SSE;5.277777777777778;0.0;1014.67;0.0;Partly Cloudy
1438920000;25.0;21.0;0.78;SE;6.111111111111111;0.0;1013.68;0.0;Partly Cloudy
1438923600;25.0;21.0;0.78;SSE;5.277777777777778;0.0;1013.68;0.0;Partly Cloudy
1438927200;25.0;20.0;0.74;SSE;7.777777777777778;0.0;1013.68;0.0;Partly Cloudy
1438930800;25.0;20.0;0.74;SSE;6.111111111111111;0.0;1013.68;0.0;Partly Cloudy
1438934400;25.0;20.0;0.74;SE;6.666666666666666;0.0;1013.68;0.0;Partly Cloudy
1438938000;25.0;20.0;0.74;SSE;6.111111111111111;0.0;1013.68;0.0;Partly Cloudy
1438941600;26.0;20.0;0.69;SE;5.277777777777778;0.0;1014.67;0.0;Mostly Cloudy
1438945200;27.0;20.0;0.65;ESE;7.222222222222222;0.0;1014.67;0.0;Partly Cloudy
1438948800;27.0;21.0;0.7;SE;7.222222222222222;0.0;1015.67;0.0;Partly Cloudy
1438952400;27.0;21.0;0.7;SE;7.222222222222222;0.0;1015.67;0.0;Partly Cloudy
1438956000;28.0;21.0;0.66;SE;7.222222222222222;0.0;1014.67;0.0;Partly Cloudy
1438959600;28.0;21.0;0.66;SE;7.222222222222222;0.0;1014.67;0.0;Partly Cloudy
1438963200;28.0;21.0;0.66;SE;7.777777777777778;0.0;1013.68;0.0;Partly Cloudy
1438966800;27.0;21.0;0.7;SE;7.777777777777778;0.0;1012.68;0.0;Partly Cloudy
1438970400;27.0;21.0;0.7;SSE;8.333333333333334;0.0;1012.68;0.0;Partly Cloudy
1438974000;26.0;21.0;0.74;SSE;6.111111111111111;0.0;1012.68;0.0;Mostly Cloudy
1438977600;26.0;20.0;0.69;SSE;7.222222222222222;0.0;1013.68;0.0;Partly Cloudy
1438981200;25.0;20.0;0.74;SSE;6.666666666666666;0.0;1013.68;0.0;Fair
1438984800;25.0;20.0;0.74;SSE;5.555555555555555;0.0;1014.67;0.0;Fair
1438988400;25.0;20.0;0.74;S;5.555555555555555;0.0;1014.67;0.0;Fair
1438992000;25.0;20.0;0.74;S;5.555555555555555;0.0;1014.67;0.0;Fair
1438995600;25.0;20.0;0.74;S;4.722222222222222;0.0;1014.67;0.0;Fair
1438999200;24.0;21.0;0.83;SSW;3.0555555555555554;0.0;1014.67;0.0;Mostly Cloudy
1439089200;23.0;22.0;0.94;SSW;2.5;0.0;1014.67;0.0;Showers in the Vicinity
1439092800;23.0;21.0;0.88;SSE;5.277777777777778;0.0;1013.68;0.0;Light Rain
1439096400;24.0;22.0;0.89;ESE;5.277777777777778;0.0;1013.68;0.0;Showers in the Vicinity
1439100000;23.0;22.0;0.94;S;4.722222222222222;0.0;0.0;0.0;Light Rain
1439103600;21.0;20.0;0.94;SSW;5.555555555555555;0.0;1013.68;0.0;Light Rain
1439107200;22.0;20.0;0.88;S;1.6666666666666665;0.0;1013.68;0.0;Showers in the Vicinity
1439110800;22.0;21.0;0.94;S;8.333333333333334;0.0;1014.67;0.0;Showers in the Vicinity
1439114400;22.0;21.0;0.94;S;5.277777777777778;0.0;1015.67;0.0;Light Rain
1439118000;24.0;21.0;0.83;S;3.0555555555555554;0.0;1015.67;0.0;Showers in the Vicinity
1439121600;25.0;21.0;0.78;SW;1.6666666666666665;0.0;1015.67;0.0;Cloudy
1439125200;26.0;20.0;0.69;SE;6.666666666666666;0.0;1015.67;0.0;Cloudy
1439128800;26.0;20.0;0.69;SE;6.111111111111111;0.0;1015.67;0.0;Mostly Cloudy
1439132400;27.0;20.0;0.65;SE;6.666666666666666;0.0;1014.67;0.0;Mostly Cloudy
1439136000;25.0;20.0;0.74;SE;6.666666666666666;0.0;1013.68;0.0;Mostly Cloudy
1439139600;27.0;20.0;0.65;SSE;6.666666666666666;0.0;1013.68;0.0;Mostly Cloudy
1439143200;27.0;20.0;0.65;SE;6.666666666666666;0.0;1012.68;0.0;Partly Cloudy
1439146800;26.0;20.0;0.69;SE;6.666666666666666;0.0;1013.68;0.0;Partly Cloudy
1439150400;26.0;20.0;0.69;SE;6.666666666666666;0.0;1013.68;0.0;Partly Cloudy
1439154000;26.0;20.0;0.69;SE;7.222222222222222;0.0;1013.68;0.0;Partly Cloudy
1439157600;26.0;19.0;0.65;SE;6.666666666666666;0.0;1014.67;0.0;Partly Cloudy
1439161200;25.0;19.0;0.69;SE;6.666666666666666;0.0;1014.67;0.0;Partly Cloudy
1439164800;24.0;20.0;0.78;S;4.166666666666667;0.0;1015.67;0.0;Showers in the Vicinity
1439168400;25.0;20.0;0.74;SE;5.555555555555555;0.0;1015.67;0.0;Partly Cloudy
1439172000;25.0;19.0;0.69;SE;6.666666666666666;0.0;1015.67;0.0;Fair
1439175600;25.0;19.0;0.69;SE;5.555555555555555;0.0;1015.67;0.0;Fair
1439179200;25.0;18.0;0.65;SE;7.222222222222222;0.0;1014.67;0.0;Partly Cloudy
1439182800;24.0;19.0;0.73;SSE;4.722222222222222;0.0;1014.67;0.0;Fair
1439186400;23.0;19.0;0.78;S;3.0555555555555554;0.0;1014.67;0.0;Fair
1439190000;22.0;19.0;0.83;S;3.0555555555555554;0.0;1014.67;0.0;Fair
1439193600;22.0;19.0;0.83;ESE;1.1111111111111112;0.0;1015.67;0.0;Partly Cloudy
1439197200;22.0;19.0;0.83;S;1.9444444444444444;0.0;1015.67;0.0;Partly Cloudy
1439200800;23.0;20.0;0.83;S;2.5;0.0;1016.67;0.0;Fair
1439204400;27.0;20.0;0.65;S;6.111111111111111;0.0;1016.67;0.0;Partly Cloudy
1439208000;27.0;20.0;0.65;SE;6.111111111111111;0.0;1016.67;0.0;Partly Cloudy
1439211600;28.0;20.0;0.62;SSE;6.666666666666666;0.0;1016.67;0.0;Fair
1439215200;28.0;20.0;0.62;SSE;5.277777777777778;0.0;1016.67;0.0;Partly Cloudy
1439218800;28.0;21.0;0.66;SSE;6.666666666666666;0.0;1015.67;0.0;Partly Cloudy
1439222400;28.0;21.0;0.66;SSE;6.666666666666666;0.0;1015.67;0.0;Mostly Cloudy
1439226000;27.0;21.0;0.7;SSE;6.666666666666666;0.0;1014.67;0.0;Mostly Cloudy
1439229600;27.0;20.0;0.65;SE;6.666666666666666;0.0;1014.67;0.0;Partly Cloudy
1439233200;27.0;20.0;0.65;SSE;5.555555555555555;0.0;1014.67;0.0;Partly Cloudy
1439236800;26.0;20.0;0.69;SSE;6.111111111111111;0.0;1014.67;0.0;Mostly Cloudy
1439240400;25.0;20.0;0.74;SSE;6.666666666666666;0.0;1014.67;0.0;Partly Cloudy
1439244000;26.0;20.0;0.69;SSE;5.555555555555555;0.0;1015.67;0.0;Partly Cloudy
1439247600;25.0;21.0;0.78;SSE;5.555555555555555;0.0;1015.67;0.0;Mostly Cloudy
1439251200;23.0;22.0;0.94;S;4.722222222222222;0.0;1016.67;0.0;Mostly Cloudy
1439254800;24.0;21.0;0.83;SSE;6.666666666666666;0.0;1016.67;0.0;Mostly Cloudy
1439255400;24.0;21.0;0.83;SSE;6.111111111111111;11.944444444444445;0.0;0.0;Rain
1439256300;23.0;22.0;0.94;SE;7.222222222222222;0.0;1016.67;0.0;Light Rain
1439258400;24.0;21.0;0.83;SE;3.611111111111111;0.0;1015.67;0.0;Mostly Cloudy
1439348400;24.0;21.0;0.83;SSE;6.111111111111111;0.0;1016.67;0.0;Mostly Cloudy
1439352000;23.0;21.0;0.88;SE;6.111111111111111;0.0;1015.67;0.0;Mostly Cloudy
1439355600;24.0;20.0;0.78;SSE;7.777777777777778;0.0;1014.67;0.0;Showers in the Vicinity
1439359200;22.0;21.0;0.94;SSE;6.666666666666666;0.0;1014.67;0.0;Light Rain
1439362800;24.0;21.0;0.83;SSE;7.777777777777778;0.0;1014.67;0.0;Showers in the Vicinity
1439366400;24.0;21.0;0.83;SSE;7.777777777777778;0.0;1014.67;0.0;Showers in the Vicinity
1439370000;24.0;21.0;0.83;S;6.111111111111111;0.0;1014.67;0.0;Showers in the Vicinity
1439373600;25.0;20.0;0.74;SSE;7.777777777777778;0.0;1015.67;0.0;Partly Cloudy
1439377200;25.0;20.0;0.74;SSE;7.777777777777778;0.0;1016.67;0.0;Showers in the Vicinity
1439380800;26.0;20.0;0.69;SSE;8.61111111111111;0.0;1016.67;0.0;Partly Cloudy
1439384400;27.0;20.0;0.65;SSE;10.277777777777777;0.0;1016.67;0.0;Partly Cloudy / Windy
1439388000;25.0;20.0;0.74;SSE;9.166666666666666;0.0;1015.67;0.0;Showers in the Vicinity
1439391600;26.0;20.0;0.69;SSE;9.166666666666666;0.0;1015.67;0.0;Showers in the Vicinity
1439395200;26.0;21.0;0.74;SSE;8.61111111111111;0.0;1014.67;0.0;Mostly Cloudy
1439398800;27.0;20.0;0.65;S;9.722222222222221;0.0;1013.68;0.0;Partly Cloudy / Windy
1439402400;26.0;20.0;0.69;S;9.166666666666666;0.0;1013.68;0.0;Partly Cloudy / Windy
1439406000;26.0;20.0;0.69;S;8.333333333333334;0.0;1013.68;0.0;Partly Cloudy
1439409600;25.0;20.0;0.74;S;8.333333333333334;0.0;1013.68;0.0;Partly Cloudy
1439413200;24.0;20.0;0.78;S;8.333333333333334;0.0;1014.67;0.0;Partly Cloudy
1439416800;25.0;20.0;0.74;S;6.111111111111111;0.0;1014.67;0.0;Mostly Cloudy
1439420400;25.0;19.0;0.69;S;7.222222222222222;0.0;1015.67;0.0;Mostly Cloudy
1439424000;24.0;20.0;0.78;S;6.666666666666666;0.0;1016.67;0.0;Mostly Cloudy
1439427600;24.0;20.0;0.78;SSE;6.666666666666666;0.0;1016.67;0.0;Mostly Cloudy
1439431200;25.0;19.0;0.69;SSE;8.333333333333334;0.0;1015.67;0.0;Partly Cloudy
1439434800;24.0;19.0;0.73;S;5.277777777777778;0.0;1015.67;0.0;Fair
1439438400;24.0;20.0;0.78;SSE;8.333333333333334;0.0;1015.67;0.0;Fair
1439442000;24.0;19.0;0.73;SSE;7.222222222222222;0.0;1014.67;0.0;Mostly Cloudy
1439445600;23.0;21.0;0.88;SE;4.166666666666667;0.0;1014.67;0.0;Light Rain
1439449200;21.0;20.0;0.94;SSW;1.9444444444444444;0.0;1014.67;0.0;Showers in the Vicinity
1439452800;21.0;20.0;0.94;SW;3.611111111111111;0.0;1014.67;0.0;Mostly Cloudy
1439456400;21.0;20.0;0.94;S;2.5;0.0;1015.67;0.0;Mostly Cloudy
1439460000;22.0;21.0;0.94;S;1.9444444444444444;0.0;1016.67;0.0;Light Rain
1439463600;23.0;21.0;0.88;SSW;2.5;0.0;1016.67;0.0;Partly Cloudy
1439467200;25.0;22.0;0.83;SSW;3.611111111111111;0.0;1016.67;0.0;Partly Cloudy
1439470800;27.0;22.0;0.74;ESE;5.555555555555555;0.0;1016.67;0.0;Partly Cloudy
1439474400;27.0;22.0;0.74;SE;6.666666666666666;0.0;1016.67;0.0;Partly Cloudy
1439478000;26.0;22.0;0.78;SSE;5.555555555555555;0.0;1015.67;0.0;Partly Cloudy
1439481600;28.0;22.0;0.7;ESE;7.222222222222222;0.0;1015.67;0.0;Partly Cloudy
1439485200;28.0;22.0;0.7;SE;7.777777777777778;0.0;1014.67;0.0;Partly Cloudy
1439488800;26.0;22.0;0.78;SSE;7.222222222222222;0.0;1013.68;0.0;Partly Cloudy
1439492400;26.0;21.0;0.74;SSE;6.666666666666666;0.0;1014.67;0.0;Fair
1439496000;26.0;21.0;0.74;SSE;6.666666666666666;0.0;1014.67;0.0;Fair
1439499600;25.0;21.0;0.78;SSE;6.111111111111111;0.0;1014.67;0.0;Fair
1439503200;25.0;21.0;0.78;SSE;5.555555555555555;0.0;1015.67;0.0;Fair
1439506800;25.0;21.0;0.78;SSE;5.277777777777778;0.0;1015.67;0.0;Fair
1439510400;25.0;22.0;0.83;SE;4.722222222222222;0.0;1016.67;0.0;Partly Cloudy
1439514000;25.0;21.0;0.78;SSE;5.277777777777778;0.0;1016.67;0.0;Partly Cloudy
1439517600;24.0;21.0;0.83;SSW;2.5;0.0;1011.68;0.0;Partly Cloudy
1439607600;26.0;23.0;0.83;E;4.166666666666667;0.0;1015.67;0.0;Partly Cloudy
1439611200;26.0;22.0;0.78;E;4.722222222222222;0.0;1014.67;0.0;Partly Cloudy
1439614800;25.0;22.0;0.83;ESE;6.111111111111111;0.0;1013.68;0.0;Partly Cloudy
1439618400;26.0;22.0;0.78;ESE;6.111111111111111;0.0;1013.68;0.0;Partly Cloudy
1439622000;26.0;21.0;0.74;ESE;5.555555555555555;0.0;1013.68;0.0;Partly Cloudy
1439625600;25.0;22.0;0.83;ESE;5.277777777777778;0.0;1014.67;0.0;Fair
1439629200;26.0;21.0;0.74;E;6.111111111111111;0.0;1014.67;0.0;Partly Cloudy
1439632800;26.0;21.0;0.74;ESE;6.111111111111111;0.0;1015.67;0.0;Mostly Cloudy
1439636400;27.0;22.0;0.74;SE;7.777777777777778;0.0;1016.67;0.0;Partly Cloudy
1439640000;27.0;21.0;0.7;SE;7.222222222222222;0.0;1016.67;0.0;Partly Cloudy
1439643600;28.0;22.0;0.7;SE;5.277777777777778;0.0;1016.67;0.0;Partly Cloudy
1439647200;28.0;23.0;0.74;SE;6.666666666666666;0.0;1016.67;0.0;Partly Cloudy
1439650800;28.0;22.0;0.7;SE;7.777777777777778;0.0;1016.67;0.0;Partly Cloudy
1439654400;28.0;22.0;0.7;SE;8.333333333333334;0.0;1015.67;0.0;Mostly Cloudy
1439658000;27.0;22.0;0.74;SSE;7.777777777777778;0.0;1015.67;0.0;Partly Cloudy
1439661600;27.0;22.0;0.74;SSE;7.777777777777778;0.0;1014.67;0.0;Partly Cloudy
1439665200;26.0;22.0;0.78;SSE;8.333333333333334;0.0;1014.67;0.0;Partly Cloudy
1439668800;26.0;22.0;0.78;SSE;8.333333333333334;0.0;1015.67;0.0;Mostly Cloudy
1439672400;25.0;22.0;0.83;S;6.666666666666666;0.0;1015.67;0.0;Mostly Cloudy
1439676000;25.0;21.0;0.78;SSE;6.666666666666666;0.0;1016.67;0.0;Mostly Cloudy
1439679600;25.0;21.0;0.78;SE;6.111111111111111;0.0;1016.67;0.0;Mostly Cloudy
1439683200;25.0;21.0;0.78;SSE;6.111111111111111;0.0;1016.67;0.0;Mostly Cloudy
1439686800;25.0;21.0;0.78;S;5.555555555555555;0.0;1016.67;0.0;Cloudy
1439690400;24.0;21.0;0.83;SSE;6.111111111111111;0.0;1016.67;0.0;Cloudy
1439780400;25.0;20.0;0.74;SE;6.111111111111111;0.0;1015.67;0.0;Partly Cloudy
1439784000;25.0;20.0;0.74;SE;6.111111111111111;0.0;1015.67;0.0;Partly Cloudy
1439787600;25.0;20.0;0.74;SE;5.277777777777778;0.0;1015.67;0.0;Partly Cloudy
1439791200;25.0;20.0;0.74;SE;5.277777777777778;0.0;1014.67;0.0;Partly Cloudy
1439794800;25.0;21.0;0.78;SE;6.111111111111111;0.0;1014.67;0.0;Partly Cloudy
1439798400;25.0;21.0;0.78;SE;5.277777777777778;0.0;1015.67;0.0;Partly Cloudy
1439802000;25.0;21.0;0.78;SE;6.111111111111111;0.0;1015.67;0.0;Partly Cloudy
1439805600;26.0;20.0;0.69;SE;7.222222222222222;0.0;1015.67;0.0;Partly Cloudy
1439809200;26.0;21.0;0.74;SSE;6.666666666666666;0.0;1016.67;0.0;Partly Cloudy
1439812800;27.0;20.0;0.65;SE;7.222222222222222;0.0;1016.67;0.0;Partly Cloudy
1439816400;28.0;19.0;0.58;SE;7.777777777777778;0.0;1016.67;0.0;Fair
1439820000;28.0;18.0;0.54;SSE;6.666666666666666;0.0;1016.67;0.0;Fair
1439823600;28.0;20.0;0.62;SE;6.666666666666666;0.0;1015.67;0.0;Fair
1439827200;28.0;21.0;0.66;SSE;6.666666666666666;0.0;1014.67;0.0;Partly Cloudy
1439830800;28.0;19.0;0.58;SSE;7.222222222222222;0.0;1013.68;0.0;Fair
1439834400;28.0;19.0;0.58;SSE;7.222222222222222;0.0;1013.68;0.0;Fair
1439838000;27.0;20.0;0.65;SSE;6.666666666666666;0.0;1013.68;0.0;Fair
1439841600;26.0;20.0;0.69;SSE;6.666666666666666;0.0;1013.68;0.0;Fair
1439845200;26.0;20.0;0.69;SE;6.111111111111111;0.0;1013.68;0.0;Partly Cloudy
1439848800;25.0;21.0;0.78;SSE;5.555555555555555;0.0;1014.67;0.0;Partly Cloudy
1439852400;25.0;21.0;0.78;SSE;5.277777777777778;0.0;1014.67;0.0;Partly Cloudy
1439856000;25.0;20.0;0.74;SE;5.277777777777778;0.0;1015.67;0.0;Partly Cloudy
1439859600;24.0;21.0;0.83;SE;3.0555555555555554;0.0;1015.67;0.0;Showers in the Vicinity
1439863200;25.0;21.0;0.78;SE;5.555555555555555;0.0;1015.67;0.0;Fair
1439953200;23.0;21.0;0.88;SSE;4.722222222222222;0.0;1014.67;0.0;Light Rain
1439956800;24.0;21.0;0.83;SSE;4.722222222222222;0.0;1013.68;0.0;Showers in the Vicinity
1439960400;25.0;20.0;0.74;SE;4.722222222222222;0.0;1013.68;0.0;Partly Cloudy
1439964000;25.0;20.0;0.74;SE;4.722222222222222;0.0;1012.68;0.0;Partly Cloudy
1439967600;24.0;21.0;0.83;SE;5.555555555555555;0.0;1012.68;0.0;Partly Cloudy
1439971200;24.0;21.0;0.83;ESE;2.5;0.0;1012.68;0.0;Mostly Cloudy
1439974800;24.0;21.0;0.83;SSE;1.1111111111111112;0.0;1013.68;0.0;Mostly Cloudy
1439978400;26.0;21.0;0.74;ESE;4.166666666666667;0.0;1013.68;0.0;Partly Cloudy
1439982000;27.0;21.0;0.7;ESE;5.277777777777778;0.0;1014.67;0.0;Partly Cloudy
1439985600;27.0;21.0;0.7;E;5.277777777777778;0.0;1014.67;0.0;Partly Cloudy
1439989200;28.0;21.0;0.66;ESE;7.222222222222222;0.0;1015.67;0.0;Partly Cloudy
1439992800;28.0;21.0;0.66;SE;6.111111111111111;0.0;1014.67;0.0;Partly Cloudy
1439996400;28.0;21.0;0.66;ESE;5.277777777777778;0.0;1013.68;0.0;Partly Cloudy
1440000000;28.0;22.0;0.7;ESE;4.722222222222222;0.0;1012.68;0.0;Partly Cloudy
1440003600;28.0;22.0;0.7;SE;5.277777777777778;0.0;1012.68;0.0;Partly Cloudy
1440007200;28.0;20.0;0.62;ESE;4.166666666666667;0.0;1012.68;0.0;Partly Cloudy
1440010800;27.0;20.0;0.65;SE;4.722222222222222;0.0;1012.68;0.0;Mostly Cloudy
1440014400;26.0;20.0;0.69;SSE;5.277777777777778;0.0;1012.68;0.0;Mostly Cloudy
1440018000;26.0;21.0;0.74;SSE;5.277777777777778;0.0;1012.68;0.0;Mostly Cloudy
1440021600;25.0;20.0;0.74;SSE;4.722222222222222;0.0;1012.68;0.0;Partly Cloudy
1440025200;25.0;20.0;0.74;S;4.166666666666667;0.0;1013.68;0.0;Mostly Cloudy
1440028800;25.0;20.0;0.74;SSE;3.611111111111111;0.0;1013.68;0.0;Partly Cloudy
1440032400;25.0;21.0;0.78;SSE;3.611111111111111;0.0;1013.68;0.0;Partly Cloudy
1440036000;25.0;21.0;0.78;ESE;3.611111111111111;0.0;1013.68;0.0;Partly Cloudy
1440039600;25.0;21.0;0.78;SSE;2.5;0.0;1013.68;0.0;Partly Cloudy
1440043200;24.0;21.0;0.83;WSW;1.6666666666666665;0.0;1012.68;0.0;Partly Cloudy
1440046800;24.0;21.0;0.83;SSW;1.1111111111111112;0.0;1012.68;0.0;Partly Cloudy
1440050400;24.0;21.0;0.83;SSW;1.9444444444444444;0.0;1012.68;0.0;Mostly Cloudy
1440054000;23.0;22.0;0.94;S;1.9444444444444444;0.0;1012.68;0.0;Partly Cloudy
1440057600;23.0;22.0;0.94;CALM;0.0;0.0;1012.68;0.0;Partly Cloudy
1440061200;23.0;22.0;0.94;SSW;1.1111111111111112;0.0;1012.68;0.0;Mostly Cloudy
1440064800;24.0;22.0;0.89;SSW;2.5;0.0;1013.68;0.0;Partly Cloudy
1440068400;26.0;22.0;0.78;SW;3.0555555555555554;0.0;1013.68;0.0;Partly Cloudy
1440072000;26.0;21.0;0.74;SSW;3.0555555555555554;0.0;1014.67;0.0;Partly Cloudy
1440075600;27.0;22.0;0.74;SE;3.611111111111111;0.0;1013.68;0.0;Partly Cloudy
1440079200;28.0;22.0;0.7;SE;3.611111111111111;0.0;1013.68;0.0;Partly Cloudy
1440082800;28.0;22.0;0.7;E;3.0555555555555554;0.0;1012.68;0.0;Partly Cloudy
1440086400;28.0;21.0;0.66;ESE;4.166666666666667;0.0;1012.68;0.0;Partly Cloudy
1440090000;28.0;22.0;0.7;SE;3.611111111111111;0.0;1011.68;0.0;Partly Cloudy
1440093600;28.0;22.0;0.7;SE;3.611111111111111;0.0;1011.68;0.0;Mostly Cloudy
1440097200;27.0;22.0;0.74;SE;4.722222222222222;0.0;1011.68;0.0;Mostly Cloudy
1440100800;26.0;23.0;0.83;SE;4.166666666666667;0.0;1011.68;0.0;Mostly Cloudy
1440104400;26.0;22.0;0.78;SE;2.5;0.0;1012.68;0.0;Mostly Cloudy
1440108000;25.0;22.0;0.83;SE;2.5;0.0;1012.68;0.0;Partly Cloudy
1440111600;25.0;23.0;0.89;SSE;3.0555555555555554;0.0;1013.68;0.0;Partly Cloudy
1440115200;25.0;23.0;0.89;ESE;3.611111111111111;0.0;1014.67;0.0;Mostly Cloudy
1440118800;25.0;23.0;0.89;E;1.6666666666666665;0.0;1014.67;0.0;Partly Cloudy
1440122400;25.0;23.0;0.89;SSE;2.5;0.0;1014.67;0.0;Showers in the Vicinity
1440212400;25.0;22.0;0.83;SSE;3.0555555555555554;0.0;1013.68;0.0;Showers in the Vicinity
1440216000;25.0;22.0;0.83;SSE;3.0555555555555554;0.0;1013.68;0.0;Mostly Cloudy
1440219600;25.0;21.0;0.78;SSE;4.166666666666667;0.0;1012.68;0.0;Partly Cloudy
1440223200;25.0;21.0;0.78;SE;2.5;0.0;1012.68;0.0;Mostly Cloudy
1440226800;25.0;21.0;0.78;SE;4.166666666666667;0.0;1012.68;0.0;Partly Cloudy
1440230400;24.0;21.0;0.83;S;2.5;0.0;1012.68;0.0;Partly Cloudy
1440234000;24.0;22.0;0.89;SSW;3.611111111111111;0.0;1013.68;0.0;Showers in the Vicinity
1440237600;26.0;22.0;0.78;SE;4.166666666666667;0.0;1013.68;0.0;Mostly Cloudy
1440241200;26.0;21.0;0.74;SE;5.277777777777778;0.0;1014.67;0.0;Partly Cloudy
1440244800;27.0;22.0;0.74;ESE;5.555555555555555;0.0;1014.67;0.0;Partly Cloudy
1440248400;27.0;21.0;0.7;SE;6.666666666666666;0.0;1014.67;0.0;Partly Cloudy
1440252000;28.0;22.0;0.7;SE;6.666666666666666;0.0;1013.68;0.0;Partly Cloudy
1440255600;28.0;21.0;0.66;SE;7.222222222222222;0.0;1012.68;0.0;Partly Cloudy
1440259200;27.0;21.0;0.7;SE;6.666666666666666;0.0;1011.68;0.0;Partly Cloudy
1440262800;28.0;21.0;0.66;SE;6.111111111111111;0.0;1011.68;0.0;Fair
1440266400;28.0;21.0;0.66;SSE;6.666666666666666;0.0;1010.68;0.0;Fair
1440270000;26.0;21.0;0.74;SSE;6.666666666666666;0.0;1010.68;0.0;Partly Cloudy
1440273600;26.0;20.0;0.69;SSE;6.666666666666666;0.0;1011.68;0.0;Partly Cloudy
1440277200;26.0;20.0;0.69;SSE;6.666666666666666;0.0;1011.68;0.0;Partly Cloudy
1440280800;25.0;20.0;0.74;SSE;6.111111111111111;0.0;1012.68;0.0;Partly Cloudy
1440284400;25.0;20.0;0.74;SSE;6.111111111111111;0.0;1012.68;0.0;Fair
1440288000;25.0;20.0;0.74;SSE;7.222222222222222;0.0;1013.68;0.0;Fair
1440291600;25.0;20.0;0.74;SSE;6.111111111111111;0.0;1013.68;0.0;Fair
1440295200;25.0;21.0;0.78;SSE;6.666666666666666;0.0;1013.68;0.0;Partly Cloudy
1440298800;25.0;20.0;0.74;SSE;5.555555555555555;0.0;1012.68;0.0;Partly Cloudy
1440302400;25.0;20.0;0.74;S;4.166666666666667;0.0;1012.68;0.0;Partly Cloudy
1440306000;24.0;20.0;0.78;SW;2.5;0.0;1011.68;0.0;Partly Cloudy
1440309600;23.0;20.0;0.83;SSW;1.9444444444444444;0.0;1011.68;0.0;Partly Cloudy
1440313200;23.0;21.0;0.88;SW;3.0555555555555554;0.0;1011.68;0.0;Mostly Cloudy
1440316800;23.0;20.0;0.83;SSW;2.5;0.0;1012.68;0.0;Mostly Cloudy
1440320400;25.0;20.0;0.74;SE;5.555555555555555;0.0;1012.68;0.0;Mostly Cloudy
1440324000;26.0;20.0;0.69;SSE;6.111111111111111;0.0;1013.68;0.0;Partly Cloudy
1440327600;27.0;20.0;0.65;ESE;5.277777777777778;0.0;1013.68;0.0;Partly Cloudy
1440331200;27.0;20.0;0.65;ESE;6.666666666666666;0.0;1014.67;0.0;Partly Cloudy
1440334800;28.0;20.0;0.62;SE;6.666666666666666;0.0;1014.67;0.0;Fair
1440338400;27.0;20.0;0.65;SE;6.666666666666666;0.0;1013.68;0.0;Partly Cloudy
1440342000;27.0;20.0;0.65;SE;7.222222222222222;0.0;1012.68;0.0;Partly Cloudy
1440345600;28.0;21.0;0.66;SE;6.666666666666666;0.0;1011.68;0.0;Fair
1440349200;27.0;20.0;0.65;SE;6.111111111111111;0.0;1011.68;0.0;Fair
1440352800;27.0;20.0;0.65;SE;6.111111111111111;0.0;1010.68;0.0;Fair
1440356400;27.0;19.0;0.61;SE;6.666666666666666;0.0;1010.68;0.0;Fair
1440360000;26.0;19.0;0.65;SSE;6.666666666666666;0.0;1011.68;0.0;Fair
1440363600;25.0;18.0;0.65;SSE;5.555555555555555;0.0;1011.68;0.0;Fair
1440367200;25.0;18.0;0.65;SSE;6.111111111111111;0.0;1012.68;0.0;Fair
1440370800;25.0;19.0;0.69;SSE;6.111111111111111;0.0;1012.68;0.0;Fair
1440374400;25.0;19.0;0.69;SE;5.277777777777778;0.0;1013.68;0.0;Fair
1440378000;25.0;19.0;0.69;SE;5.555555555555555;0.0;1013.68;0.0;Fair
1440381600;24.0;19.0;0.73;S;3.611111111111111;0.0;1012.68;0.0;Fair
1440385200;23.0;19.0;0.78;SSW;2.5;0.0;1012.68;0.0;Fair
1440388800;23.0;19.0;0.78;SW;2.5;0.0;1011.68;0.0;Partly Cloudy
1440392400;23.0;19.0;0.78;SW;1.9444444444444444;0.0;1011.68;0.0;Partly Cloudy
1440396000;22.0;19.0;0.83;SSW;1.6666666666666665;0.0;1011.68;0.0;Fair
1440399600;21.0;19.0;0.88;SSW;1.1111111111111112;0.0;1011.68;0.0;Fair
1440403200;22.0;19.0;0.83;WNW;1.1111111111111112;0.0;1012.68;0.0;Partly Cloudy
1440406800;22.0;19.0;0.83;CALM;0.0;0.0;1013.68;0.0;Partly Cloudy
1440410400;23.0;19.0;0.78;SW;1.6666666666666665;0.0;1013.68;0.0;Partly Cloudy
1440414000;24.0;21.0;0.83;SSW;1.9444444444444444;0.0;1014.67;0.0;Mostly Cloudy
1440417600;27.0;22.0;0.74;SSE;3.611111111111111;0.0;1014.67;0.0;Partly Cloudy
1440421200;28.0;22.0;0.7;SE;3.611111111111111;0.0;1014.67;0.0;Partly Cloudy
1440424800;28.0;23.0;0.74;SSE;3.611111111111111;0.0;1013.68;0.0;Mostly Cloudy
1440428400;27.0;22.0;0.74;SE;4.722222222222222;0.0;1013.68;0.0;Mostly Cloudy
1440432000;27.0;22.0;0.74;SE;3.611111111111111;0.0;1012.68;0.0;Partly Cloudy
1440435600;28.0;21.0;0.66;E;4.722222222222222;0.0;1011.68;0.0;Mostly Cloudy
1440439200;27.0;21.0;0.7;ESE;4.722222222222222;0.0;1011.68;0.0;Partly Cloudy
1440442800;27.0;21.0;0.7;E;3.0555555555555554;0.0;1011.68;0.0;Partly Cloudy
1440446400;27.0;21.0;0.7;E;3.611111111111111;0.0;1011.68;0.0;Partly Cloudy
1440450000;26.0;21.0;0.74;E;3.0555555555555554;0.0;1012.68;0.0;Partly Cloudy
1440453600;26.0;22.0;0.78;E;3.611111111111111;0.0;1012.68;0.0;Partly Cloudy
1440457200;26.0;21.0;0.74;E;2.5;0.0;1013.68;0.0;Partly Cloudy
1440460800;26.0;21.0;0.74;NE;1.6666666666666665;0.0;1013.68;0.0;Partly Cloudy
1440464400;26.0;21.0;0.74;ENE;1.9444444444444444;0.0;1014.67;0.0;Fair
1440468000;26.0;21.0;0.74;ENE;1.9444444444444444;0.0;1014.67;0.0;Fair
1440471600;26.0;21.0;0.74;ENE;2.5;0.0;1013.68;0.0;Fair
1440475200;26.0;21.0;0.74;ENE;1.9444444444444444;0.0;1013.68;0.0;Fair
1440478800;25.0;21.0;0.78;ENE;1.6666666666666665;0.0;1012.68;0.0;Fair
1440482400;25.0;21.0;0.78;ENE;1.9444444444444444;0.0;1012.68;0.0;Fair
1440486000;23.0;21.0;0.88;W;1.1111111111111112;0.0;1013.68;0.0;Partly Cloudy
1440489600;23.0;21.0;0.88;W;1.1111111111111112;0.0;1013.68;0.0;Partly Cloudy
1440493200;22.0;21.0;0.94;NW;1.6666666666666665;0.0;1014.67;0.0;Fair
1440496800;25.0;22.0;0.83;WNW;1.1111111111111112;0.0;1014.67;0.0;Fair
1440500400;27.0;22.0;0.74;ENE;2.5;0.0;1015.67;0.0;Partly Cloudy
1440504000;28.0;22.0;0.7;E;3.0555555555555554;0.0;1015.67;0.0;Partly Cloudy
1440507600;28.0;22.0;0.7;ESE;4.166666666666667;0.0;1015.67;0.0;Partly Cloudy
1440511200;29.0;23.0;0.7;ESE;4.166666666666667;0.0;1015.67;0.0;Partly Cloudy
1440514800;28.0;22.0;0.7;E;4.722222222222222;0.0;1014.67;0.0;Mostly Cloudy
1440518400;28.0;22.0;0.7;E;3.611111111111111;0.0;1013.68;0.0;Mostly Cloudy
1440522000;29.0;22.0;0.66;ENE;3.611111111111111;0.0;1012.68;0.0;Mostly Cloudy
1440525600;28.0;22.0;0.7;E;3.611111111111111;0.0;1012.68;0.0;Partly Cloudy
1440529200;28.0;22.0;0.7;ENE;3.611111111111111;0.0;1012.68;0.0;Partly Cloudy
1440532800;27.0;22.0;0.74;ENE;3.611111111111111;0.0;1013.68;0.0;Partly Cloudy
1440536400;27.0;22.0;0.74;ENE;2.5;0.0;1013.68;0.0;Partly Cloudy
1440540000;27.0;22.0;0.74;ENE;1.9444444444444444;0.0;1013.68;0.0;Partly Cloudy
1440543600;27.0;22.0;0.74;E;2.5;0.0;1014.67;0.0;Mostly Cloudy
1440547200;26.0;22.0;0.78;E;1.6666666666666665;0.0;1014.67;0.0;Partly Cloudy
1440550800;26.0;22.0;0.78;E;3.0555555555555554;0.0;1014.67;0.0;Partly Cloudy
1440554400;26.0;22.0;0.78;E;3.0555555555555554;0.0;1014.67;0.0;Partly Cloudy
1440903600;22.0;21.0;0.94;SW;3.611111111111111;0.0;1016.67;0.0;Light Rain
1440907200;22.0;21.0;0.94;WSW;1.9444444444444444;0.0;1015.67;0.0;Cloudy
1440910800;22.0;21.0;0.94;NW;1.1111111111111112;0.0;1015.67;0.0;Cloudy
1440912600;22.0;21.0;0.94;W;2.5;0.0;1015.67;0.0;Rain
1440914400;22.0;21.0;0.94;NW;1.6666666666666665;0.0;1015.67;0.0;Light Rain
1440918000;22.0;21.0;0.94;NNE;1.9444444444444444;0.0;1014.67;0.0;Cloudy
1440921600;24.0;22.0;0.89;SE;3.0555555555555554;0.0;1014.67;0.0;Cloudy
1440925200;23.0;22.0;0.94;SW;2.5;0.0;1015.67;0.0;Cloudy
1440928800;25.0;22.0;0.83;SSW;1.6666666666666665;0.0;1016.67;0.0;Mostly Cloudy
1440932400;26.0;21.0;0.74;SE;4.722222222222222;0.0;1017.67;0.0;Partly Cloudy
1440936000;27.0;22.0;0.74;ESE;5.277777777777778;0.0;1017.67;0.0;Partly Cloudy
1440939600;28.0;22.0;0.7;SE;5.277777777777778;0.0;1017.67;0.0;Partly Cloudy
1440943200;28.0;22.0;0.7;ESE;5.277777777777778;0.0;1017.67;0.0;Mostly Cloudy
1440946800;28.0;22.0;0.7;SE;6.111111111111111;0.0;1016.67;0.0;Partly Cloudy
1440950400;28.0;22.0;0.7;SE;6.111111111111111;0.0;1015.67;0.0;Partly Cloudy
1440954000;27.0;22.0;0.74;SE;6.666666666666666;0.0;1015.67;0.0;Partly Cloudy
1440957600;28.0;21.0;0.66;SE;7.222222222222222;0.0;1014.67;0.0;Partly Cloudy
1440961200;27.0;21.0;0.7;SSE;6.666666666666666;0.0;1014.67;0.0;Fair
1440964800;26.0;22.0;0.78;SSE;7.222222222222222;0.0;1015.67;0.0;Partly Cloudy
1440968400;26.0;20.0;0.69;SSE;6.111111111111111;0.0;1015.67;0.0;Fair
1440972000;25.0;20.0;0.74;SE;4.166666666666667;0.0;1016.67;0.0;Partly Cloudy
1440975600;25.0;19.0;0.69;S;6.666666666666666;0.0;1016.67;0.0;Partly Cloudy
1440979200;26.0;20.0;0.69;SE;5.277777777777778;0.0;1017.67;0.0;Mostly Cloudy
1440982800;26.0;20.0;0.69;SE;6.666666666666666;0.0;1017.67;0.0;Partly Cloudy
1440986400;26.0;20.0;0.69;SE;6.111111111111111;0.0;1017.67;0.0;Partly Cloudy
1441162800;23.0;21.0;0.88;SSW;1.6666666666666665;0.0;1014.67;0.0;Mostly Cloudy
1441166400;22.0;20.0;0.88;SW;0.5555555555555556;0.0;1013.68;0.0;Fair
1441170000;22.0;20.0;0.88;NW;0.5555555555555556;0.0;1013.68;0.0;Mostly Cloudy
1441173600;22.0;20.0;0.88;WNW;0.5555555555555556;0.0;1013.68;0.0;Partly Cloudy
1441177200;22.0;20.0;0.88;W;1.1111111111111112;0.0;1013.68;0.0;Fair
1441180800;21.0;20.0;0.94;CALM;0.0;0.0;1013.68;0.0;Fair
1441184400;22.0;20.0;0.88;CALM;0.0;0.0;1014.67;0.0;Fair
1441188000;24.0;21.0;0.83;WSW;1.1111111111111112;0.0;1014.67;0.0;Fair
1441191600;26.0;22.0;0.78;S;2.5;0.0;1015.67;0.0;Fair
1441195200;27.0;21.0;0.7;SE;3.0555555555555554;0.0;1015.67;0.0;Partly Cloudy
1441198800;27.0;21.0;0.7;E;3.0555555555555554;0.0;1015.67;0.0;Partly Cloudy
1441202400;27.0;20.0;0.65;E;3.0555555555555554;0.0;1015.67;0.0;Partly Cloudy
1441206000;27.0;21.0;0.7;ESE;3.0555555555555554;0.0;1014.67;0.0;Partly Cloudy
1441209600;28.0;20.0;0.62;ESE;3.611111111111111;0.0;1013.68;0.0;Fair
1441213200;27.0;20.0;0.65;E;4.166666666666667;0.0;1012.68;0.0;Fair
1441216800;27.0;20.0;0.65;SE;4.166666666666667;0.0;1012.68;0.0;Fair
1441220400;27.0;20.0;0.65;ESE;3.611111111111111;0.0;1012.68;0.0;Fair
1441224000;26.0;20.0;0.69;SE;4.166666666666667;0.0;1013.68;0.0;Fair
1441227600;26.0;21.0;0.74;SE;3.611111111111111;0.0;1013.68;0.0;Fair
1441231200;26.0;21.0;0.74;ESE;3.611111111111111;0.0;1013.68;0.0;Fair
1441234800;26.0;21.0;0.74;SE;3.611111111111111;0.0;1014.67;0.0;Fair
1441238400;26.0;20.0;0.69;SE;4.166666666666667;0.0;1014.67;0.0;Partly Cloudy
1441242000;26.0;20.0;0.69;ESE;1.9444444444444444;0.0;1015.67;0.0;Partly Cloudy
1441245600;25.0;21.0;0.78;SE;3.0555555555555554;0.0;1015.67;0.0;Partly Cloudy
1441422000;26.0;23.0;0.83;ESE;3.611111111111111;0.0;1014.67;0.0;Mostly Cloudy
1441425600;26.0;22.0;0.78;E;3.0555555555555554;0.0;1014.67;0.0;Mostly Cloudy
1441429200;25.0;22.0;0.83;E;2.5;0.0;1013.68;0.0;Mostly Cloudy
1441432800;25.0;22.0;0.83;ESE;2.5;0.0;1013.68;0.0;Partly Cloudy
1441436400;25.0;22.0;0.83;ENE;1.9444444444444444;0.0;1013.68;0.0;Mostly Cloudy
1441440000;25.0;22.0;0.83;ENE;2.5;0.0;1013.68;0.0;Partly Cloudy
1441443600;26.0;22.0;0.78;NE;2.5;0.0;1013.68;0.0;Partly Cloudy
1441447200;26.0;22.0;0.78;ENE;2.5;0.0;1014.67;0.0;Mostly Cloudy
1441450800;27.0;22.0;0.74;ENE;4.166666666666667;0.0;1014.67;0.0;Partly Cloudy
1441454400;28.0;22.0;0.7;E;4.166666666666667;0.0;1015.67;0.0;Mostly Cloudy
1441458000;29.0;22.0;0.66;E;3.0555555555555554;0.0;1015.67;0.0;Partly Cloudy
1441461600;29.0;23.0;0.7;ENE;3.611111111111111;0.0;1014.67;0.0;Partly Cloudy
1441465200;29.0;21.0;0.62;ENE;4.722222222222222;0.0;1013.68;0.0;Partly Cloudy
1441468800;28.0;22.0;0.7;E;4.722222222222222;0.0;1013.68;0.0;Partly Cloudy
1441472400;29.0;22.0;0.66;E;4.166666666666667;0.0;1012.68;0.0;Partly Cloudy
1441476000;28.0;22.0;0.7;E;4.166666666666667;0.0;1012.68;0.0;Partly Cloudy
1441479600;27.0;22.0;0.74;E;4.722222222222222;0.0;1012.68;0.0;Partly Cloudy
1441483200;27.0;22.0;0.74;ENE;3.0555555555555554;0.0;1012.68;0.0;Partly Cloudy
1441486800;27.0;22.0;0.74;ENE;2.5;0.0;1013.68;0.0;Partly Cloudy
1441490400;26.0;22.0;0.78;E;2.5;0.0;1013.68;0.0;Mostly Cloudy
1441494000;26.0;22.0;0.78;ENE;2.5;0.0;1013.68;0.0;Mostly Cloudy
1441497600;26.0;22.0;0.78;ENE;2.5;0.0;1014.67;0.0;Partly Cloudy
1441501200;26.0;22.0;0.78;ENE;3.0555555555555554;0.0;1014.67;0.0;Mostly Cloudy
1441504800;26.0;22.0;0.78;ENE;2.5;0.0;1014.67;0.0;Mostly Cloudy
1441681200;25.0;20.0;0.74;ESE;3.0555555555555554;0.0;1013.68;0.0;Partly Cloudy
1441684800;25.0;20.0;0.74;ESE;2.5;0.0;1012.68;0.0;Partly Cloudy
1441688400;25.0;20.0;0.74;ESE;3.611111111111111;0.0;1012.68;0.0;Partly Cloudy
1441692000;25.0;21.0;0.78;ESE;2.5;0.0;1012.68;0.0;Partly Cloudy
1441695600;25.0;19.0;0.69;ESE;3.611111111111111;0.0;1012.68;0.0;Partly Cloudy
1441699200;25.0;20.0;0.74;ESE;4.166666666666667;0.0;1012.68;0.0;Partly Cloudy
1441702800;25.0;20.0;0.74;ESE;2.5;0.0;1013.68;0.0;Partly Cloudy
1441706400;26.0;20.0;0.69;E;3.611111111111111;0.0;1014.67;0.0;Partly Cloudy
1441710000;28.0;20.0;0.62;E;5.277777777777778;0.0;1014.67;0.0;Partly Cloudy
1441713600;29.0;19.0;0.55;E;4.166666666666667;0.0;1015.67;0.0;Fair
1441717200;29.0;19.0;0.55;E;4.166666666666667;0.0;1015.67;0.0;Fair
1441720800;29.0;18.0;0.51;E;3.611111111111111;0.0;1014.67;0.0;Fair
1441724400;28.0;20.0;0.62;SE;4.722222222222222;0.0;1013.68;0.0;Fair
1441728000;28.0;20.0;0.62;ESE;4.722222222222222;0.0;1012.68;0.0;Partly Cloudy
1441731600;28.0;20.0;0.62;SE;4.166666666666667;0.0;1011.68;0.0;Fair
1441735200;28.0;21.0;0.66;ESE;3.611111111111111;0.0;1011.68;0.0;Fair
1441738800;27.0;20.0;0.65;SE;4.166666666666667;0.0;1011.68;0.0;Fair
1441742400;27.0;20.0;0.65;SE;4.166666666666667;0.0;1011.68;0.0;Partly Cloudy
1441746000;27.0;20.0;0.65;SE;3.611111111111111;0.0;1012.68;0.0;Mostly Cloudy
1441749600;27.0;20.0;0.65;ESE;3.0555555555555554;0.0;1012.68;0.0;Fair
1441753200;26.0;21.0;0.74;SE;3.0555555555555554;0.0;1013.68;0.0;Fair
1441756800;26.0;20.0;0.69;SE;4.166666666666667;0.0;1013.68;0.0;Partly Cloudy
1441760400;26.0;21.0;0.74;SE;3.611111111111111;0.0;1013.68;0.0;Partly Cloudy
1441764000;27.0;21.0;0.7;E;3.0555555555555554;0.0;1013.68;0.0;Partly Cloudy
1441767600;26.0;21.0;0.74;ESE;3.611111111111111;0.0;1012.68;0.0;Fair
1441771200;24.0;22.0;0.89;E;6.111111111111111;0.0;1011.68;0.0;Showers in the Vicinity
1441774800;25.0;21.0;0.78;E;2.5;0.0;1011.68;0.0;Showers in the Vicinity
1441778400;25.0;22.0;0.83;ENE;3.0555555555555554;0.0;1011.68;0.0;Partly Cloudy
1441782000;26.0;22.0;0.78;ENE;1.9444444444444444;0.0;1011.68;0.0;Partly Cloudy
1441785600;26.0;21.0;0.74;E;3.0555555555555554;0.0;1011.68;0.0;Partly Cloudy
1441789200;26.0;22.0;0.78;E;2.5;0.0;1012.68;0.0;Mostly Cloudy
1441792800;26.0;22.0;0.78;E;3.0555555555555554;0.0;1013.68;0.0;Mostly Cloudy
1441796400;26.0;22.0;0.78;ESE;4.722222222222222;0.0;1013.68;0.0;Showers in the Vicinity
1441800000;27.0;22.0;0.74;E;4.166666666666667;0.0;1014.67;0.0;Mostly Cloudy
1441803600;28.0;22.0;0.7;E;4.722222222222222;0.0;1014.67;0.0;Mostly Cloudy
1441807200;28.0;21.0;0.66;E;4.166666666666667;0.0;1014.67;0.0;Mostly Cloudy
1441810800;28.0;22.0;0.7;ESE;5.277777777777778;0.0;1013.68;0.0;Mostly Cloudy
1441814400;28.0;22.0;0.7;SE;6.111111111111111;0.0;1013.68;0.0;Mostly Cloudy
1441818000;28.0;21.0;0.66;SE;5.555555555555555;0.0;1012.68;0.0;Mostly Cloudy
1441821600;28.0;21.0;0.66;ESE;5.277777777777778;0.0;1012.68;0.0;Mostly Cloudy
1441825200;28.0;21.0;0.66;SE;4.722222222222222;0.0;1012.68;0.0;Partly Cloudy
1441828800;27.0;21.0;0.7;SE;4.722222222222222;0.0;1012.68;0.0;Fair
1441832400;26.0;21.0;0.74;SE;4.722222222222222;0.0;1012.68;0.0;Fair
1441836000;26.0;20.0;0.69;SE;5.277777777777778;0.0;1013.68;0.0;Fair
1441839600;26.0;20.0;0.69;SE;5.277777777777778;0.0;1013.68;0.0;Partly Cloudy
1441843200;26.0;21.0;0.74;SE;4.722222222222222;0.0;1013.68;0.0;Fair
1441846800;26.0;21.0;0.74;SE;4.722222222222222;0.0;1014.67;0.0;Fair
1441850400;27.0;22.0;0.74;SE;3.611111111111111;0.0;1013.68;0.0;Partly Cloudy
1441854000;26.0;21.0;0.74;SE;3.611111111111111;0.0;1013.68;0.0;Mostly Cloudy
1441857600;25.0;22.0;0.83;ESE;4.722222222222222;0.0;1012.68;0.0;Mostly Cloudy
1441861200;26.0;21.0;0.74;ESE;4.722222222222222;0.0;1012.68;0.0;Mostly Cloudy
1441864800;25.0;21.0;0.78;ESE;4.166666666666667;0.0;1012.68;0.0;Partly Cloudy
1441868400;26.0;21.0;0.74;ESE;3.611111111111111;0.0;1012.68;0.0;Fair
1441872000;26.0;21.0;0.74;ESE;4.722222222222222;0.0;1012.68;0.0;Fair
1441875600;26.0;21.0;0.74;ESE;2.5;0.0;1013.68;0.0;Fair
1441879200;27.0;21.0;0.7;ESE;3.611111111111111;0.0;1014.67;0.0;Mostly Cloudy
1441882800;27.0;21.0;0.7;ESE;5.277777777777778;0.0;1014.67;0.0;Mostly Cloudy
1441886400;28.0;22.0;0.7;SE;5.277777777777778;0.0;1014.67;0.0;Partly Cloudy
1441890000;27.0;22.0;0.74;ESE;6.111111111111111;0.0;0.0;0.0;Showers in the Vicinity
1441893600;28.0;22.0;0.7;SE;6.111111111111111;0.0;1014.67;0.0;Partly Cloudy
1441897200;29.0;22.0;0.66;SE;7.777777777777778;0.0;1013.68;0.0;Partly Cloudy
1441900800;29.0;22.0;0.66;ESE;6.111111111111111;0.0;1012.68;0.0;Partly Cloudy
1441904400;28.0;22.0;0.7;SSE;7.222222222222222;0.0;1012.68;0.0;Mostly Cloudy
1441908000;27.0;22.0;0.74;SE;5.277777777777778;0.0;1011.68;0.0;Mostly Cloudy
1441911600;27.0;21.0;0.7;SE;6.666666666666666;0.0;1011.68;0.0;Mostly Cloudy
1441915200;27.0;20.0;0.65;SE;6.111111111111111;0.0;1012.68;0.0;Partly Cloudy
1441918800;27.0;20.0;0.65;SE;5.555555555555555;0.0;1012.68;0.0;Fair
1441922400;26.0;20.0;0.69;SE;5.277777777777778;0.0;1012.68;0.0;Fair
1441926000;26.0;20.0;0.69;ESE;4.722222222222222;0.0;1013.68;0.0;Fair
1441929600;26.0;20.0;0.69;SE;3.611111111111111;0.0;1013.68;0.0;Partly Cloudy
1441933200;26.0;21.0;0.74;SE;4.166666666666667;0.0;1013.68;0.0;Mostly Cloudy
1441936800;26.0;21.0;0.74;SE;3.611111111111111;0.0;1013.68;0.0;Mostly Cloudy
1442199600;26.0;21.0;0.74;E;4.166666666666667;0.0;1014.67;0.0;Fair
1442203200;26.0;21.0;0.74;ENE;2.5;0.0;1013.68;0.0;Partly Cloudy
1442206800;26.0;20.0;0.69;E;3.611111111111111;0.0;1013.68;0.0;Fair
1442210400;26.0;21.0;0.74;E;1.9444444444444444;0.0;1013.68;0.0;Fair
1442214000;26.0;21.0;0.74;E;1.6666666666666665;0.0;1013.68;0.0;Fair
1442217600;26.0;21.0;0.74;E;1.6666666666666665;0.0;1014.67;0.0;Fair
1442221200;26.0;21.0;0.74;E;1.1111111111111112;0.0;1014.67;0.0;Partly Cloudy
1442224800;27.0;21.0;0.7;E;1.6666666666666665;0.0;1015.67;0.0;Partly Cloudy
1442228400;27.0;21.0;0.7;ESE;2.5;0.0;1016.67;0.0;Partly Cloudy
1442232000;28.0;21.0;0.66;SE;2.5;0.0;1016.67;0.0;Partly Cloudy
1442235600;29.0;21.0;0.62;E;3.611111111111111;0.0;1016.67;0.0;Partly Cloudy
1442239200;28.0;20.0;0.62;ESE;3.611111111111111;0.0;1015.67;0.0;Partly Cloudy
1442242800;29.0;21.0;0.62;ESE;4.166666666666667;0.0;1015.67;0.0;Partly Cloudy
1442246400;28.0;22.0;0.7;E;5.277777777777778;0.0;1014.67;0.0;Partly Cloudy
1442250000;27.0;21.0;0.7;ESE;5.277777777777778;0.0;0.0;0.0;Showers in the Vicinity
1442253600;27.0;22.0;0.74;VAR;2.5;0.0;1013.68;0.0;Mostly Cloudy
1442257200;27.0;22.0;0.74;SE;5.277777777777778;0.0;1014.67;0.0;Partly Cloudy
1442260800;26.0;21.0;0.74;SE;3.611111111111111;0.0;1014.67;0.0;Mostly Cloudy
1442264400;26.0;21.0;0.74;SE;3.0555555555555554;0.0;1014.67;0.0;Mostly Cloudy
1442268000;26.0;21.0;0.74;ESE;2.5;0.0;1015.67;0.0;Mostly Cloudy
1442271600;26.0;22.0;0.78;SE;4.722222222222222;0.0;1015.67;0.0;Mostly Cloudy
1442275200;25.0;22.0;0.83;SE;6.111111111111111;0.0;1016.67;0.0;Mostly Cloudy
1442278800;25.0;22.0;0.83;SE;5.555555555555555;0.0;1016.67;0.0;Mostly Cloudy
1442282400;25.0;22.0;0.83;SE;4.166666666666667;0.0;1016.67;0.0;Mostly Cloudy
1442286000;24.0;21.0;0.83;SE;6.111111111111111;0.0;1016.67;0.0;Mostly Cloudy
1442289600;23.0;22.0;0.94;WSW;1.1111111111111112;0.0;1015.67;0.0;Light Rain
1442293200;25.0;21.0;0.78;ESE;4.166666666666667;0.0;1014.67;0.0;Mostly Cloudy
1442296800;25.0;21.0;0.78;ESE;4.722222222222222;0.0;1014.67;0.0;Mostly Cloudy
1442300400;25.0;21.0;0.78;ESE;3.611111111111111;0.0;1014.67;0.0;Mostly Cloudy
1442304000;25.0;21.0;0.78;ESE;4.722222222222222;0.0;1015.67;0.0;Mostly Cloudy
1442307600;25.0;21.0;0.78;ESE;3.611111111111111;0.0;1015.67;0.0;Mostly Cloudy
1442311200;26.0;21.0;0.74;ESE;4.722222222222222;0.0;1016.67;0.0;Partly Cloudy
1442314800;27.0;21.0;0.7;E;3.0555555555555554;0.0;1016.67;0.0;Mostly Cloudy
1442318400;28.0;21.0;0.66;ESE;5.555555555555555;0.0;1017.67;0.0;Partly Cloudy
1442322000;28.0;21.0;0.66;SE;6.111111111111111;0.0;1017.67;0.0;Partly Cloudy
1442325600;28.0;21.0;0.66;SE;5.555555555555555;0.0;1016.67;0.0;Fair
1442329200;28.0;21.0;0.66;SE;6.666666666666666;0.0;1015.67;0.0;Fair
1442332800;29.0;21.0;0.62;SSE;6.666666666666666;0.0;1014.67;0.0;Partly Cloudy
1442336400;28.0;21.0;0.66;SE;6.111111111111111;0.0;1014.67;0.0;Partly Cloudy
1442340000;28.0;20.0;0.62;SSE;7.222222222222222;0.0;1013.68;0.0;Partly Cloudy
1442343600;27.0;20.0;0.65;SSE;6.111111111111111;0.0;1014.67;0.0;Partly Cloudy
1442347200;26.0;20.0;0.69;SSE;6.111111111111111;0.0;1014.67;0.0;Partly Cloudy
1442350800;26.0;21.0;0.74;SSE;5.277777777777778;0.0;1014.67;0.0;Partly Cloudy
1442354400;26.0;21.0;0.74;SSE;6.666666666666666;0.0;1014.67;0.0;Mostly Cloudy
1442358000;26.0;20.0;0.69;SSE;6.666666666666666;0.0;1015.67;0.0;Partly Cloudy
1442361600;26.0;20.0;0.69;SSE;6.111111111111111;0.0;1015.67;0.0;Partly Cloudy
1442365200;26.0;20.0;0.69;SE;7.222222222222222;0.0;1015.67;0.0;Partly Cloudy
1442368800;26.0;20.0;0.69;SE;5.277777777777778;0.0;1015.67;0.0;Partly Cloudy
1442372400;26.0;20.0;0.69;ESE;5.277777777777778;0.0;1014.67;0.0;Partly Cloudy
1442376000;25.0;20.0;0.74;SE;4.722222222222222;0.0;1014.67;0.0;Partly Cloudy
1442379600;23.0;21.0;0.88;SE;2.5;0.0;1013.68;0.0;Mostly Cloudy
1442383200;25.0;21.0;0.78;SE;4.722222222222222;0.0;1013.68;0.0;Partly Cloudy
1442386800;25.0;21.0;0.78;SE;5.277777777777778;0.0;1013.68;0.0;Mostly Cloudy
1442390400;25.0;21.0;0.78;SE;6.111111111111111;0.0;1013.68;0.0;Partly Cloudy
1442394000;25.0;21.0;0.78;SE;6.111111111111111;0.0;0.0;0.0;Showers in the Vicinity
1442397600;24.0;21.0;0.83;SE;6.666666666666666;0.0;1015.67;0.0;Showers in the Vicinity
1442401200;26.0;20.0;0.69;SE;3.611111111111111;0.0;1015.67;0.0;Mostly Cloudy
1442404800;27.0;21.0;0.7;SE;5.277777777777778;0.0;1016.67;0.0;Partly Cloudy
1442408400;27.0;21.0;0.7;SE;6.666666666666666;0.0;1015.67;0.0;Partly Cloudy
1442412000;28.0;21.0;0.66;SE;6.111111111111111;0.0;1015.67;0.0;Partly Cloudy
1442415600;28.0;21.0;0.66;SE;7.222222222222222;0.0;1014.67;0.0;Partly Cloudy
1442419200;28.0;21.0;0.66;SE;6.111111111111111;0.0;1013.68;0.0;Partly Cloudy
1442422800;28.0;22.0;0.7;SE;6.666666666666666;0.0;1013.68;0.0;Mostly Cloudy
1442426400;27.0;20.0;0.65;SE;4.722222222222222;0.0;1012.68;0.0;Partly Cloudy
1442430000;27.0;20.0;0.65;ESE;4.722222222222222;0.0;1013.68;0.0;Fair
1442433600;26.0;21.0;0.74;SE;5.555555555555555;0.0;1013.68;0.0;Partly Cloudy
1442437200;26.0;21.0;0.74;SE;5.277777777777778;0.0;1013.68;0.0;Partly Cloudy
1442440800;26.0;20.0;0.69;SE;5.277777777777778;0.0;1013.68;0.0;Partly Cloudy
1442444400;26.0;21.0;0.74;SE;5.277777777777778;0.0;1014.67;0.0;Partly Cloudy
1442448000;26.0;20.0;0.69;SE;6.111111111111111;0.0;1014.67;0.0;Mostly Cloudy
1442451600;26.0;22.0;0.78;SSE;6.666666666666666;0.0;1014.67;0.0;Mostly Cloudy
1442455200;25.0;21.0;0.78;SE;5.277777777777778;0.0;1014.67;0.0;Partly Cloudy
1442631600;26.0;21.0;0.74;E;3.611111111111111;0.0;1014.67;0.0;Partly Cloudy
1442635200;26.0;21.0;0.74;E;3.0555555555555554;0.0;1014.67;0.0;Partly Cloudy
1442638800;26.0;22.0;0.78;E;1.9444444444444444;0.0;1014.67;0.0;Fair
1442642400;26.0;21.0;0.74;E;3.0555555555555554;0.0;1013.68;0.0;Partly Cloudy
1442646000;26.0;22.0;0.78;ESE;3.611111111111111;0.0;1013.68;0.0;Fair
1442649600;24.0;22.0;0.89;SSW;1.6666666666666665;0.0;1014.67;0.0;Mostly Cloudy
1442653200;26.0;22.0;0.78;E;3.611111111111111;0.0;1014.67;0.0;Partly Cloudy
1442656800;27.0;22.0;0.74;E;5.277777777777778;0.0;1015.67;0.0;Partly Cloudy
1442660400;28.0;22.0;0.7;ESE;5.277777777777778;0.0;1016.67;0.0;Partly Cloudy
1442664000;28.0;22.0;0.7;E;5.277777777777778;0.0;1016.67;0.0;Partly Cloudy
1442667600;28.0;22.0;0.7;E;6.111111111111111;0.0;1016.67;0.0;Mostly Cloudy
1442671200;28.0;21.0;0.66;E;6.111111111111111;0.0;1015.67;0.0;Mostly Cloudy
1442674800;29.0;22.0;0.66;E;4.722222222222222;0.0;1015.67;0.0;Partly Cloudy
1442678400;28.0;22.0;0.7;ESE;5.277777777777778;0.0;1014.67;0.0;Partly Cloudy
1442682000;28.0;22.0;0.7;ESE;6.111111111111111;0.0;1013.68;0.0;Partly Cloudy
1442685600;27.0;22.0;0.74;ESE;4.722222222222222;0.0;1013.68;0.0;Mostly Cloudy
1442689200;27.0;22.0;0.74;ESE;4.722222222222222;0.0;1013.68;0.0;Partly Cloudy
1442692800;27.0;21.0;0.7;ESE;4.722222222222222;0.0;1013.68;0.0;Fair
1442696400;26.0;21.0;0.74;ESE;4.166666666666667;0.0;1013.68;0.0;Partly Cloudy
1442700000;26.0;21.0;0.74;E;4.722222222222222;0.0;1014.67;0.0;Partly Cloudy
1442703600;26.0;21.0;0.74;E;3.611111111111111;0.0;1014.67;0.0;Mostly Cloudy
1442707200;26.0;21.0;0.74;E;3.611111111111111;0.0;1015.67;0.0;Mostly Cloudy
1442710800;26.0;21.0;0.74;E;3.0555555555555554;0.0;1015.67;0.0;Partly Cloudy
1442714400;26.0;21.0;0.74;ESE;4.722222222222222;0.0;1015.67;0.0;Mostly Cloudy
1442718000;26.0;21.0;0.74;E;2.5;0.0;1014.67;0.0;Mostly Cloudy
1442721600;26.0;21.0;0.74;ESE;3.0555555555555554;0.0;1013.68;0.0;Partly Cloudy
1442725200;26.0;21.0;0.74;ESE;3.0555555555555554;0.0;1013.68;0.0;Mostly Cloudy
1442728800;26.0;20.0;0.69;ESE;3.611111111111111;0.0;1013.68;0.0;Partly Cloudy
1442732400;26.0;20.0;0.69;ESE;3.611111111111111;0.0;1013.68;0.0;Partly Cloudy
1442736000;26.0;21.0;0.74;ESE;3.0555555555555554;0.0;1013.68;0.0;Mostly Cloudy
1442739600;26.0;20.0;0.69;E;3.611111111111111;0.0;1014.67;0.0;Partly Cloudy
1442743200;27.0;21.0;0.7;ESE;4.166666666666667;0.0;1015.67;0.0;Partly Cloudy
1442746800;27.0;21.0;0.7;ESE;4.722222222222222;0.0;1015.67;0.0;Partly Cloudy
1442750400;28.0;20.0;0.62;ESE;5.277777777777778;0.0;1016.67;0.0;Partly Cloudy
1442754000;29.0;21.0;0.62;E;4.722222222222222;0.0;1015.67;0.0;Partly Cloudy
1442757600;28.0;21.0;0.66;E;4.722222222222222;0.0;1015.67;0.0;Partly Cloudy
1442761200;28.0;21.0;0.66;E;5.277777777777778;0.0;1014.67;0.0;Partly Cloudy
1442764800;28.0;19.0;0.58;SE;5.555555555555555;0.0;1013.68;0.0;Partly Cloudy
1442768400;29.0;20.0;0.58;SE;5.277777777777778;0.0;1013.68;0.0;Fair
1442772000;28.0;21.0;0.66;SE;4.722222222222222;0.0;1013.68;0.0;Fair
1442775600;27.0;20.0;0.65;ESE;4.722222222222222;0.0;1013.68;0.0;Fair
1442779200;27.0;20.0;0.65;ESE;4.722222222222222;0.0;1013.68;0.0;Fair
1442782800;27.0;21.0;0.7;ESE;4.722222222222222;0.0;1014.67;0.0;Partly Cloudy
1442786400;27.0;21.0;0.7;SE;4.722222222222222;0.0;1014.67;0.0;Partly Cloudy
1442790000;27.0;20.0;0.65;ESE;4.166666666666667;0.0;1015.67;0.0;Fair
1442793600;26.0;21.0;0.74;SE;4.166666666666667;0.0;1015.67;0.0;Partly Cloudy
1442797200;26.0;21.0;0.74;SE;4.166666666666667;0.0;1015.67;0.0;Partly Cloudy
1442800800;26.0;21.0;0.74;ESE;3.611111111111111;0.0;1015.67;0.0;Partly Cloudy
1442804400;26.0;21.0;0.74;SE;4.722222222222222;0.0;1014.67;0.0;Partly Cloudy
1442808000;25.0;21.0;0.78;SE;5.277777777777778;0.0;1013.68;0.0;Partly Cloudy
1442811600;25.0;21.0;0.78;ESE;4.166666666666667;0.0;1013.68;0.0;Partly Cloudy
1442815200;25.0;21.0;0.78;ESE;4.166666666666667;0.0;1013.68;0.0;Mostly Cloudy
1442818800;25.0;21.0;0.78;SE;3.611111111111111;0.0;1013.68;0.0;Partly Cloudy
1442822400;25.0;20.0;0.74;ESE;4.722222222222222;0.0;1014.67;0.0;Partly Cloudy
1442826000;26.0;21.0;0.74;SE;3.611111111111111;0.0;1014.67;0.0;Partly Cloudy
1442829600;27.0;21.0;0.7;E;4.722222222222222;0.0;1015.67;0.0;Mostly Cloudy
1442833200;27.0;20.0;0.65;SE;5.555555555555555;0.0;1016.67;0.0;Fair
1442836800;28.0;21.0;0.66;SE;5.555555555555555;0.0;1016.67;0.0;Partly Cloudy
1442840400;28.0;21.0;0.66;SE;6.111111111111111;0.0;1015.67;0.0;Partly Cloudy
1442844000;29.0;21.0;0.62;SE;5.555555555555555;0.0;1015.67;0.0;Mostly Cloudy
1442847600;28.0;22.0;0.7;SE;5.555555555555555;0.0;1014.67;0.0;Partly Cloudy
1442851200;28.0;21.0;0.66;ESE;6.111111111111111;0.0;1012.68;0.0;Partly Cloudy
1442854800;28.0;22.0;0.7;ESE;5.277777777777778;0.0;1013.68;0.0;Partly Cloudy
1442858400;28.0;21.0;0.66;ESE;4.722222222222222;0.0;1012.68;0.0;Partly Cloudy
1442862000;28.0;21.0;0.66;SE;5.277777777777778;0.0;1012.68;0.0;Partly Cloudy
1442865600;27.0;21.0;0.7;SE;4.722222222222222;0.0;1013.68;0.0;Partly Cloudy
1442869200;26.0;21.0;0.74;ESE;4.166666666666667;0.0;1013.68;0.0;Partly Cloudy
1442872800;26.0;21.0;0.74;ESE;3.611111111111111;0.0;1013.68;0.0;Partly Cloudy
1442876400;26.0;21.0;0.74;ESE;3.611111111111111;0.0;1014.67;0.0;Fair
1442880000;26.0;21.0;0.74;ESE;3.0555555555555554;0.0;1014.67;0.0;Fair
1442883600;26.0;21.0;0.74;ESE;4.166666666666667;0.0;1014.67;0.0;Partly Cloudy
1442887200;26.0;21.0;0.74;ESE;4.166666666666667;0.0;1014.67;0.0;Fair
1442890800;26.0;20.0;0.69;ESE;3.611111111111111;0.0;1013.68;0.0;Partly Cloudy
1442894400;26.0;20.0;0.69;SE;3.611111111111111;0.0;1013.68;0.0;Fair
1442898000;26.0;20.0;0.69;ESE;3.611111111111111;0.0;1013.68;0.0;Fair
1442901600;26.0;20.0;0.69;ESE;3.0555555555555554;0.0;1013.68;0.0;Mostly Cloudy
1442905200;25.0;20.0;0.74;ESE;1.9444444444444444;0.0;1013.68;0.0;Fair
1442908800;26.0;20.0;0.69;ESE;3.611111111111111;0.0;1013.68;0.0;Mostly Cloudy
1442912400;26.0;21.0;0.74;ESE;4.722222222222222;0.0;1014.67;0.0;Mostly Cloudy
1442916000;27.0;21.0;0.7;ESE;4.166666666666667;0.0;1014.67;0.0;Fair
1442919600;28.0;20.0;0.62;E;5.555555555555555;0.0;1015.67;0.0;Fair
1442923200;28.0;21.0;0.66;E;5.555555555555555;0.0;1015.67;0.0;Partly Cloudy
1442926800;28.0;21.0;0.66;E;6.111111111111111;0.0;1015.67;0.0;Partly Cloudy
1442930400;28.0;21.0;0.66;ESE;6.111111111111111;0.0;1014.67;0.0;Partly Cloudy
1442934000;29.0;20.0;0.58;SE;5.555555555555555;0.0;1013.68;0.0;Fair
1442937600;29.0;20.0;0.58;ESE;5.555555555555555;0.0;1013.68;0.0;Fair
1442941200;28.0;21.0;0.66;ESE;5.555555555555555;0.0;1012.68;0.0;Fair
1442944800;28.0;20.0;0.62;SE;5.555555555555555;0.0;1012.68;0.0;Fair
1442948400;27.0;20.0;0.65;SE;6.666666666666666;0.0;1012.68;0.0;Partly Cloudy
1442952000;27.0;21.0;0.7;SSE;6.111111111111111;0.0;1012.68;0.0;Partly Cloudy
1442955600;26.0;20.0;0.69;SSE;5.555555555555555;0.0;1012.68;0.0;Partly Cloudy
1442959200;27.0;21.0;0.7;SSE;4.722222222222222;0.0;1013.68;0.0;Partly Cloudy
1442962800;27.0;20.0;0.65;SE;5.277777777777778;0.0;1014.67;0.0;Partly Cloudy
1442966400;27.0;21.0;0.7;SE;4.166666666666667;0.0;1014.67;0.0;Partly Cloudy
1442970000;27.0;21.0;0.7;SE;5.277777777777778;0.0;1014.67;0.0;Partly Cloudy
1442973600;27.0;21.0;0.7;ESE;4.722222222222222;0.0;1014.67;0.0;Mostly Cloudy
1442977200;26.0;21.0;0.74;ESE;4.166666666666667;0.0;1013.68;0.0;Mostly Cloudy
1442980800;26.0;21.0;0.74;ESE;3.611111111111111;0.0;1013.68;0.0;Mostly Cloudy
1442984400;26.0;21.0;0.74;SE;3.611111111111111;0.0;1012.68;0.0;Mostly Cloudy
1442988000;26.0;21.0;0.74;ESE;3.611111111111111;0.0;1012.68;0.0;Mostly Cloudy
1442991600;26.0;21.0;0.74;ESE;3.0555555555555554;0.0;1012.68;0.0;Mostly Cloudy
1442995200;27.0;19.0;0.61;ESE;3.611111111111111;0.0;1013.68;0.0;Mostly Cloudy
1442998800;27.0;19.0;0.61;SE;4.722222222222222;0.0;1013.68;0.0;Mostly Cloudy
1443002400;27.0;21.0;0.7;ESE;5.277777777777778;0.0;1014.67;0.0;Mostly Cloudy
1443006000;28.0;21.0;0.66;E;5.277777777777778;0.0;1015.67;0.0;Partly Cloudy
1443009600;29.0;21.0;0.62;ESE;4.722222222222222;0.0;1015.67;0.0;Fair
1443013200;29.0;22.0;0.66;SE;6.111111111111111;0.0;1015.67;0.0;Partly Cloudy
1443016800;29.0;21.0;0.62;ESE;5.277777777777778;0.0;1014.67;0.0;Partly Cloudy
1443020400;29.0;23.0;0.7;ESE;4.722222222222222;0.0;1013.68;0.0;Partly Cloudy
1443024000;28.0;22.0;0.7;ESE;5.277777777777778;0.0;1012.68;0.0;Partly Cloudy
1443027600;29.0;22.0;0.66;SE;5.277777777777778;0.0;1012.68;0.0;Fair
1443031200;28.0;22.0;0.7;ESE;4.722222222222222;0.0;1011.68;0.0;Partly Cloudy
1443034800;28.0;22.0;0.7;SE;5.277777777777778;0.0;1012.68;0.0;Partly Cloudy
1443038400;27.0;22.0;0.74;SE;4.722222222222222;0.0;1012.68;0.0;Fair
1443042000;27.0;22.0;0.74;SE;4.166666666666667;0.0;1012.68;0.0;Fair
1443045600;27.0;21.0;0.7;ESE;4.166666666666667;0.0;1012.68;0.0;Fair
1443049200;26.0;22.0;0.78;ESE;3.611111111111111;0.0;1013.68;0.0;Partly Cloudy
1443052800;27.0;21.0;0.7;ESE;3.0555555555555554;0.0;1014.67;0.0;Partly Cloudy
1443056400;27.0;21.0;0.7;E;4.166666666666667;0.0;1014.67;0.0;Partly Cloudy
1443060000;26.0;21.0;0.74;E;4.722222222222222;0.0;1013.68;0.0;Partly Cloudy
1443063600;26.0;21.0;0.74;E;3.611111111111111;0.0;1013.68;0.0;Partly Cloudy
1443067200;26.0;21.0;0.74;E;5.277777777777778;0.0;1012.68;0.0;Partly Cloudy
1443070800;26.0;21.0;0.74;ENE;3.611111111111111;0.0;1012.68;0.0;Partly Cloudy
1443074400;26.0;21.0;0.74;E;3.0555555555555554;0.0;1012.68;0.0;Partly Cloudy
1443078000;26.0;21.0;0.74;E;3.611111111111111;0.0;1012.68;0.0;Partly Cloudy
1443081600;26.0;21.0;0.74;E;3.611111111111111;0.0;1013.68;0.0;Partly Cloudy
1443085200;26.0;21.0;0.74;E;2.5;0.0;1013.68;0.0;Partly Cloudy
1443088800;27.0;22.0;0.74;E;4.166666666666667;0.0;1014.67;0.0;Partly Cloudy
1443092400;28.0;22.0;0.7;ESE;4.722222222222222;0.0;1015.67;0.0;Partly Cloudy
1443096000;28.0;22.0;0.7;ESE;4.722222222222222;0.0;1015.67;0.0;Partly Cloudy
1443099600;29.0;22.0;0.66;ESE;6.111111111111111;0.0;1015.67;0.0;Mostly Cloudy
1443103200;29.0;22.0;0.66;SE;6.111111111111111;0.0;1014.67;0.0;Mostly Cloudy
1443106800;29.0;22.0;0.66;ESE;6.111111111111111;0.0;1014.67;0.0;Mostly Cloudy
1443110400;28.0;22.0;0.7;E;5.277777777777778;0.0;1013.68;0.0;Partly Cloudy
1443114000;29.0;23.0;0.7;ESE;5.277777777777778;0.0;1012.68;0.0;Partly Cloudy
1443117600;28.0;21.0;0.66;ESE;5.277777777777778;0.0;1012.68;0.0;Partly Cloudy
1443121200;27.0;22.0;0.74;E;4.722222222222222;0.0;1012.68;0.0;Partly Cloudy
1443124800;27.0;21.0;0.7;E;3.611111111111111;0.0;1013.68;0.0;Fair
1443128400;27.0;21.0;0.7;E;3.611111111111111;0.0;1013.68;0.0;Fair
1443132000;27.0;21.0;0.7;ESE;4.166666666666667;0.0;1013.68;0.0;Partly Cloudy
1443135600;27.0;22.0;0.74;E;3.611111111111111;0.0;1014.67;0.0;Mostly Cloudy
1443139200;27.0;22.0;0.74;E;3.611111111111111;0.0;1015.67;0.0;Mostly Cloudy
1443142800;26.0;21.0;0.74;E;3.0555555555555554;0.0;1015.67;0.0;Partly Cloudy
1443146400;26.0;21.0;0.74;E;4.166666666666667;0.0;1015.67;0.0;Partly Cloudy
1443409200;26.0;20.0;0.69;SE;3.611111111111111;0.0;1013.68;0.0;Partly Cloudy
1443412800;25.0;21.0;0.78;SE;4.166666666666667;0.0;1012.68;0.0;Mostly Cloudy
1443416400;25.0;21.0;0.78;SSE;4.166666666666667;0.0;1012.68;0.0;Mostly Cloudy
1443420000;25.0;20.0;0.74;SE;5.277777777777778;0.0;1012.68;0.0;Mostly Cloudy
1443423600;25.0;20.0;0.74;ESE;3.611111111111111;0.0;1012.68;0.0;Partly Cloudy
1443427200;25.0;20.0;0.74;E;4.722222222222222;0.0;1012.68;0.0;Fair
1443430800;26.0;20.0;0.69;E;3.0555555555555554;0.0;1013.68;0.0;Fair
1443434400;27.0;20.0;0.65;ESE;3.611111111111111;0.0;1013.68;0.0;Fair
1443438000;28.0;20.0;0.62;E;4.722222222222222;0.0;1014.67;0.0;Fair
1443441600;28.0;21.0;0.66;E;4.722222222222222;0.0;1015.67;0.0;Partly Cloudy
1443445200;28.0;21.0;0.66;E;4.166666666666667;0.0;1014.67;0.0;Mostly Cloudy
1443448800;28.0;21.0;0.66;ESE;5.555555555555555;0.0;1013.68;0.0;Mostly Cloudy
1443452400;28.0;20.0;0.62;ESE;6.666666666666666;0.0;1013.68;0.0;Partly Cloudy
1443456000;29.0;21.0;0.62;ESE;6.111111111111111;0.0;1012.68;0.0;Partly Cloudy
1443459600;28.0;20.0;0.62;ESE;6.111111111111111;0.0;1011.68;0.0;Fair
1443463200;29.0;21.0;0.62;SE;4.722222222222222;0.0;1011.68;0.0;Fair
1443466800;28.0;20.0;0.62;ESE;4.166666666666667;0.0;1011.68;0.0;Fair
1443470400;27.0;20.0;0.65;ESE;4.722222222222222;0.0;1011.68;0.0;Fair
1443474000;26.0;21.0;0.74;SE;5.277777777777778;0.0;1012.68;0.0;Fair
1443477600;27.0;20.0;0.65;SE;4.166666666666667;0.0;1012.68;0.0;Fair
1443481200;26.0;21.0;0.74;SE;4.166666666666667;0.0;1013.68;0.0;Fair
1443484800;26.0;20.0;0.69;ESE;4.722222222222222;0.0;1013.68;0.0;Fair
1443488400;26.0;21.0;0.74;ESE;4.166666666666667;0.0;1013.68;0.0;Partly Cloudy
1443492000;26.0;20.0;0.69;E;4.166666666666667;0.0;1013.68;0.0;Fair
1443754800;26.0;20.0;0.69;SE;3.611111111111111;0.0;1012.68;0.0;Partly Cloudy
1443758400;26.0;21.0;0.74;SE;4.722222222222222;0.0;1012.68;0.0;Mostly Cloudy
1443762000;26.0;21.0;0.74;SE;4.166666666666667;0.0;1011.68;0.0;Mostly Cloudy
1443765600;26.0;20.0;0.69;ESE;3.611111111111111;0.0;1011.68;0.0;Partly Cloudy
1443769200;26.0;21.0;0.74;ESE;3.0555555555555554;0.0;1011.68;0.0;Mostly Cloudy
1443772800;25.0;21.0;0.78;E;1.9444444444444444;0.0;1012.68;0.0;Partly Cloudy
1443776400;25.0;22.0;0.83;SE;2.5;0.0;1012.68;0.0;Mostly Cloudy
1443780000;26.0;21.0;0.74;ESE;4.722222222222222;0.0;1013.68;0.0;Mostly Cloudy
1443783600;27.0;20.0;0.65;ESE;5.277777777777778;0.0;1013.68;0.0;Mostly Cloudy
1443787200;29.0;20.0;0.58;ESE;4.722222222222222;0.0;1014.67;0.0;Partly Cloudy
1443790800;29.0;21.0;0.62;ESE;5.277777777777778;0.0;1013.68;0.0;Fair
1443794400;28.0;21.0;0.66;SE;6.111111111111111;0.0;1013.68;0.0;Fair
1443798000;28.0;21.0;0.66;SSE;5.555555555555555;0.0;1012.68;0.0;Fair
1443801600;29.0;21.0;0.62;SE;5.555555555555555;0.0;1011.68;0.0;Fair
1443805200;29.0;20.0;0.58;SSE;6.666666666666666;0.0;1010.68;0.0;Fair
1443808800;28.0;20.0;0.62;SE;6.666666666666666;0.0;1010.68;0.0;Fair
1443812400;28.0;20.0;0.62;SE;6.111111111111111;0.0;1010.68;0.0;Fair
1443816000;27.0;21.0;0.7;SE;5.277777777777778;0.0;1011.68;0.0;Fair
1443819600;27.0;20.0;0.65;SE;3.611111111111111;0.0;1012.68;0.0;Partly Cloudy
1443823200;27.0;21.0;0.7;ESE;5.277777777777778;0.0;1012.68;0.0;Partly Cloudy
1443826800;26.0;20.0;0.69;SE;4.722222222222222;0.0;1013.68;0.0;Partly Cloudy
1443830400;26.0;21.0;0.74;SE;4.722222222222222;0.0;1013.68;0.0;Partly Cloudy
1443834000;26.0;21.0;0.74;ESE;3.611111111111111;0.0;1014.67;0.0;Partly Cloudy
1443837600;26.0;21.0;0.74;ESE;3.611111111111111;0.0;1013.68;0.0;Partly Cloudy
1443841200;26.0;20.0;0.69;ESE;3.611111111111111;0.0;1013.68;0.0;Fair
1443844800;26.0;21.0;0.74;ESE;3.611111111111111;0.0;1012.68;0.0;Fair
1443848400;26.0;21.0;0.74;ESE;2.5;0.0;1012.68;0.0;Partly Cloudy
1443852000;26.0;21.0;0.74;SE;4.166666666666667;0.0;1012.68;0.0;Partly Cloudy
1443855600;26.0;21.0;0.74;ESE;3.0555555555555554;0.0;1012.68;0.0;Partly Cloudy
1443859200;26.0;21.0;0.74;ESE;3.611111111111111;0.0;1012.68;0.0;Partly Cloudy
1443862800;26.0;21.0;0.74;SE;4.166666666666667;0.0;1013.68;0.0;Partly Cloudy
1443866400;27.0;21.0;0.7;ESE;5.277777777777778;0.0;1013.68;0.0;Fair
1443870000;27.0;21.0;0.7;ESE;4.166666666666667;0.0;1013.68;0.0;Mostly Cloudy
1443873600;28.0;21.0;0.66;SE;5.277777777777778;0.0;1014.67;0.0;Partly Cloudy
1443877200;29.0;22.0;0.66;SE;5.555555555555555;0.0;1014.67;0.0;Mostly Cloudy
1443880800;28.0;20.0;0.62;ESE;6.111111111111111;0.0;1013.68;0.0;Mostly Cloudy
1443884400;29.0;21.0;0.62;ESE;6.111111111111111;0.0;1013.68;0.0;Partly Cloudy
1443888000;29.0;20.0;0.58;SE;6.111111111111111;0.0;1012.68;0.0;Partly Cloudy
1443891600;28.0;20.0;0.62;SE;5.555555555555555;0.0;1011.68;0.0;Partly Cloudy
1443895200;28.0;20.0;0.62;SE;5.277777777777778;0.0;1011.68;0.0;Partly Cloudy
1443898800;27.0;20.0;0.65;SE;4.722222222222222;0.0;1011.68;0.0;Partly Cloudy
1443902400;27.0;21.0;0.7;ESE;5.277777777777778;0.0;1011.68;0.0;Partly Cloudy
1443906000;26.0;20.0;0.69;SE;4.166666666666667;0.0;1012.68;0.0;Fair
1443909600;26.0;21.0;0.74;SE;4.166666666666667;0.0;1012.68;0.0;Partly Cloudy
1443913200;26.0;21.0;0.74;ESE;3.611111111111111;0.0;1013.68;0.0;Partly Cloudy
1443916800;26.0;20.0;0.69;ESE;3.0555555555555554;0.0;1013.68;0.0;Partly Cloudy
1443920400;26.0;21.0;0.74;E;2.5;0.0;1014.67;0.0;Mostly Cloudy
1443924000;26.0;21.0;0.74;ESE;3.611111111111111;0.0;1013.68;0.0;Partly Cloudy
1444014000;26.0;21.0;0.74;E;1.9444444444444444;0.0;1013.68;0.0;Fair
1444017600;26.0;21.0;0.74;ENE;2.5;0.0;1012.68;0.0;Fair
1444021200;26.0;21.0;0.74;ENE;2.5;0.0;1012.68;0.0;Fair
1444024800;26.0;21.0;0.74;ENE;2.5;0.0;1011.68;0.0;Fair
1444028400;26.0;21.0;0.74;NE;1.9444444444444444;0.0;1012.68;0.0;Fair
1444032000;26.0;21.0;0.74;NE;1.9444444444444444;0.0;1012.68;0.0;Fair
1444035600;24.0;21.0;0.83;NW;1.9444444444444444;0.0;1012.68;0.0;Fair
1444039200;26.0;21.0;0.74;N;3.0555555555555554;0.0;1013.68;0.0;Partly Cloudy
1444042800;28.0;21.0;0.66;NE;4.722222222222222;0.0;1013.68;0.0;Mostly Cloudy
1444046400;28.0;21.0;0.66;NE;5.277777777777778;0.0;1013.68;0.0;Mostly Cloudy
1444050000;29.0;20.0;0.58;NNE;4.166666666666667;0.0;1013.68;0.0;Partly Cloudy
1444053600;30.0;21.0;0.58;ENE;4.722222222222222;0.0;1013.68;0.0;Partly Cloudy
1444057200;28.0;21.0;0.66;ENE;5.277777777777778;0.0;1012.68;0.0;Mostly Cloudy
1444060800;29.0;21.0;0.62;NE;5.277777777777778;0.0;1011.68;0.0;Mostly Cloudy
1444064400;28.0;21.0;0.66;ENE;4.722222222222222;0.0;1011.68;0.0;Partly Cloudy
1444068000;28.0;21.0;0.66;ENE;5.277777777777778;0.0;1011.68;0.0;Partly Cloudy
1444071600;27.0;21.0;0.7;ENE;4.722222222222222;0.0;1011.68;0.0;Fair
1444075200;27.0;21.0;0.7;NE;3.611111111111111;0.0;1012.68;0.0;Partly Cloudy
1444078800;27.0;21.0;0.7;NE;4.166666666666667;0.0;1012.68;0.0;Partly Cloudy
1444082400;27.0;21.0;0.7;ENE;3.611111111111111;0.0;1013.68;0.0;Partly Cloudy
1444086000;27.0;22.0;0.74;ENE;4.166666666666667;0.0;1014.67;0.0;Partly Cloudy
1444089600;27.0;21.0;0.7;ENE;3.611111111111111;0.0;1015.67;0.0;Partly Cloudy
1444093200;27.0;21.0;0.7;NE;3.0555555555555554;0.0;1015.67;0.0;Partly Cloudy
1444096800;27.0;22.0;0.74;NNE;3.0555555555555554;0.0;1015.67;0.0;Partly Cloudy
1444186800;26.0;22.0;0.78;ESE;3.0555555555555554;0.0;1013.68;0.0;Mostly Cloudy
1444190400;26.0;22.0;0.78;ESE;3.0555555555555554;0.0;1013.68;0.0;Mostly Cloudy
1444194000;26.0;21.0;0.74;SE;3.0555555555555554;0.0;1012.68;0.0;Mostly Cloudy
1444197600;26.0;22.0;0.78;ESE;3.611111111111111;0.0;1012.68;0.0;Partly Cloudy
1444201200;25.0;22.0;0.83;ESE;3.611111111111111;0.0;1012.68;0.0;Partly Cloudy
1444204800;25.0;22.0;0.83;ESE;3.611111111111111;0.0;1012.68;0.0;Partly Cloudy
1444208400;26.0;21.0;0.74;E;3.611111111111111;0.0;1013.68;0.0;Partly Cloudy
1444212000;27.0;22.0;0.74;ESE;3.611111111111111;0.0;1013.68;0.0;Partly Cloudy
1444215600;27.0;21.0;0.7;ESE;3.611111111111111;0.0;1014.67;0.0;Mostly Cloudy
1444219200;28.0;21.0;0.66;SE;5.555555555555555;0.0;1014.67;0.0;Partly Cloudy
1444222800;28.0;21.0;0.66;ESE;6.111111111111111;0.0;1014.67;0.0;Partly Cloudy
1444226400;29.0;21.0;0.62;ESE;5.555555555555555;0.0;1013.68;0.0;Partly Cloudy
1444230000;28.0;21.0;0.66;ESE;6.111111111111111;0.0;1012.68;0.0;Partly Cloudy
1444233600;28.0;21.0;0.66;ESE;5.277777777777778;0.0;1011.68;0.0;Partly Cloudy
1444237200;28.0;20.0;0.62;ESE;5.277777777777778;0.0;1010.68;0.0;Partly Cloudy
1444240800;28.0;21.0;0.66;SE;5.277777777777778;0.0;1010.68;0.0;Partly Cloudy
1444244400;28.0;21.0;0.66;ESE;3.611111111111111;0.0;1011.68;0.0;Partly Cloudy
1444248000;27.0;21.0;0.7;SE;4.722222222222222;0.0;1011.68;0.0;Partly Cloudy
1444251600;26.0;21.0;0.74;SE;4.722222222222222;0.0;1012.68;0.0;Partly Cloudy
1444255200;26.0;21.0;0.74;SE;4.166666666666667;0.0;1013.68;0.0;Partly Cloudy
1444258800;26.0;20.0;0.69;SE;4.166666666666667;0.0;1013.68;0.0;Partly Cloudy
1444262400;26.0;21.0;0.74;SE;4.166666666666667;0.0;1014.67;0.0;Partly Cloudy
1444266000;26.0;21.0;0.74;SE;4.722222222222222;0.0;1014.67;0.0;Partly Cloudy
1444269600;26.0;21.0;0.74;SE;3.0555555555555554;0.0;1013.68;0.0;Fair
1444359600;26.0;20.0;0.69;E;2.5;0.0;1012.68;0.0;Mostly Cloudy
1444363200;26.0;20.0;0.69;E;1.9444444444444444;0.0;1011.68;0.0;Mostly Cloudy
1444366800;26.0;20.0;0.69;E;2.5;0.0;1011.68;0.0;Mostly Cloudy
1444370400;26.0;20.0;0.69;E;3.0555555555555554;0.0;1011.68;0.0;Mostly Cloudy
1444374000;26.0;21.0;0.74;E;3.0555555555555554;0.0;1011.68;0.0;Mostly Cloudy
1444377600;26.0;20.0;0.69;ESE;2.5;0.0;1012.68;0.0;Mostly Cloudy
1444381200;26.0;20.0;0.69;E;4.166666666666667;0.0;1013.68;0.0;Partly Cloudy
1444384800;26.0;17.0;0.57;E;4.722222222222222;0.0;1014.67;0.0;Mostly Cloudy
1444388400;28.0;20.0;0.62;E;5.277777777777778;0.0;1014.67;0.0;Partly Cloudy
1444392000;28.0;20.0;0.62;E;5.277777777777778;0.0;1015.67;0.0;Fair
1444395600;30.0;21.0;0.58;ESE;5.277777777777778;0.0;1015.67;0.0;Fair
1444399200;29.0;20.0;0.58;ESE;5.555555555555555;0.0;1014.67;0.0;Fair
1444402800;29.0;20.0;0.58;ESE;5.555555555555555;0.0;1013.68;0.0;Fair
1444406400;29.0;20.0;0.58;E;5.277777777777778;0.0;1013.68;0.0;Fair
1444410000;28.0;22.0;0.7;E;4.166666666666667;0.0;1013.68;0.0;Partly Cloudy
1444413600;27.0;22.0;0.74;E;5.277777777777778;0.0;1012.68;0.0;Mostly Cloudy
1444416120;25.0;22.0;0.83;E;5.555555555555555;0.0;1013.68;0.0;Rain Shower
1444417200;24.0;22.0;0.89;E;5.555555555555555;0.0;1013.68;0.0;Mostly Cloudy
1444420800;26.0;21.0;0.74;ESE;1.9444444444444444;0.0;1013.68;0.0;Mostly Cloudy
1444424400;26.0;21.0;0.74;ESE;3.0555555555555554;0.0;0.0;0.0;Mostly Cloudy
1444428000;26.0;21.0;0.74;ESE;4.166666666666667;0.0;1014.67;0.0;Partly Cloudy
1444431600;26.0;21.0;0.74;E;3.611111111111111;0.0;1015.67;0.0;Mostly Cloudy
1444435200;25.0;20.0;0.74;ESE;5.555555555555555;0.0;1016.67;0.0;Mostly Cloudy
1444438800;26.0;21.0;0.74;E;1.9444444444444444;0.0;1016.67;0.0;Mostly Cloudy
1444442400;26.0;20.0;0.69;E;4.166666666666667;0.0;1015.67;0.0;Mostly Cloudy
1444532400;26.0;20.0;0.69;ESE;5.277777777777778;0.0;1014.67;0.0;Fair
1444536000;26.0;20.0;0.69;ESE;6.111111111111111;0.0;1013.68;0.0;Fair
1444539600;26.0;20.0;0.69;ESE;5.277777777777778;0.0;1013.68;0.0;Fair
1444543200;26.0;20.0;0.69;ESE;6.111111111111111;0.0;1012.68;0.0;Fair
1444546800;26.0;20.0;0.69;ESE;5.555555555555555;0.0;1013.68;0.0;Fair
1444550400;25.0;20.0;0.74;ESE;4.722222222222222;0.0;1013.68;0.0;Fair
1444554000;26.0;20.0;0.69;ESE;4.722222222222222;0.0;1013.68;0.0;Fair
1444557600;27.0;20.0;0.65;SE;5.555555555555555;0.0;1014.67;0.0;Fair
1444561200;26.0;21.0;0.74;ESE;7.222222222222222;0.0;1014.67;0.0;Mostly Cloudy
1444564800;26.0;19.0;0.65;ESE;4.722222222222222;0.0;1015.67;0.0;Mostly Cloudy
1444568400;28.0;20.0;0.62;SE;4.166666666666667;0.0;1015.67;0.0;Mostly Cloudy
1444572000;28.0;20.0;0.62;ENE;4.166666666666667;0.0;1014.67;0.0;Mostly Cloudy
1444575600;29.0;20.0;0.58;E;5.555555555555555;0.0;1013.68;0.0;Mostly Cloudy
1444579200;28.0;20.0;0.62;ESE;5.555555555555555;0.0;1012.68;0.0;Mostly Cloudy
1444582800;28.0;21.0;0.66;SE;7.222222222222222;0.0;1011.68;0.0;Mostly Cloudy
1444586400;28.0;21.0;0.66;SE;6.111111111111111;0.0;1011.68;0.0;Mostly Cloudy
1444590000;27.0;21.0;0.7;SE;6.111111111111111;0.0;1011.68;0.0;Fair
1444593600;27.0;21.0;0.7;SE;5.277777777777778;0.0;1012.68;0.0;Mostly Cloudy
1444597200;26.0;21.0;0.74;SE;5.277777777777778;0.0;1012.68;0.0;Mostly Cloudy
1444600800;26.0;21.0;0.74;SE;5.277777777777778;0.0;1013.68;0.0;Partly Cloudy
1444604400;26.0;21.0;0.74;SE;6.111111111111111;0.0;1014.67;0.0;Fair
1444608000;26.0;20.0;0.69;SE;5.555555555555555;0.0;1014.67;0.0;Partly Cloudy
1444611600;26.0;20.0;0.69;SE;6.111111111111111;0.0;1015.67;0.0;Fair
1444615200;26.0;20.0;0.69;SE;4.166666666666667;0.0;1014.67;0.0;Partly Cloudy
1444791600;24.0;21.0;0.83;SE;4.166666666666667;0.0;1014.67;0.0;Mostly Cloudy
1444793640;25.0;23.0;0.89;SSE;2.5;0.0;1014.67;0.0;Rain
1444795200;25.0;23.0;0.89;SSE;5.277777777777778;0.0;1013.68;0.0;Mostly Cloudy
1444798800;26.0;23.0;0.83;ESE;6.111111111111111;0.0;1013.68;0.0;Mostly Cloudy
1444802400;26.0;22.0;0.78;ESE;5.555555555555555;0.0;1013.68;0.0;Mostly Cloudy
1444806000;26.0;23.0;0.83;SE;5.555555555555555;0.0;1013.68;0.0;Mostly Cloudy
1444809600;26.0;22.0;0.78;ESE;4.166666666666667;0.0;1013.68;0.0;Mostly Cloudy
1444813200;26.0;22.0;0.78;ESE;5.555555555555555;0.0;1014.67;0.0;Mostly Cloudy
1444816800;27.0;23.0;0.79;ESE;4.722222222222222;0.0;1014.67;0.0;Mostly Cloudy
1444820400;27.0;22.0;0.74;ESE;5.277777777777778;0.0;1015.67;0.0;Showers in the Vicinity
1444824000;26.0;23.0;0.83;E;6.666666666666666;0.0;1015.67;0.0;Showers in the Vicinity
1444827600;25.0;23.0;0.89;E;4.722222222222222;0.0;1015.67;0.0;Showers in the Vicinity
1444831200;25.0;23.0;0.89;ESE;6.111111111111111;0.0;1015.67;0.0;Light Rain
1444834800;26.0;23.0;0.83;ENE;3.0555555555555554;0.0;1013.68;0.0;Light Rain
1444838400;27.0;22.0;0.74;E;5.277777777777778;0.0;1013.68;0.0;Showers in the Vicinity
1444842000;28.0;22.0;0.7;ESE;6.666666666666666;0.0;1012.68;0.0;Mostly Cloudy
1444845600;27.0;22.0;0.74;ESE;5.555555555555555;0.0;1012.68;0.0;Cloudy
1444849200;27.0;22.0;0.74;SE;5.555555555555555;0.0;1012.68;0.0;Mostly Cloudy
1444852800;27.0;20.0;0.65;SE;5.277777777777778;0.0;1012.68;0.0;Partly Cloudy
1444856400;26.0;21.0;0.74;SE;4.722222222222222;0.0;1013.68;0.0;Partly Cloudy
1444860000;26.0;21.0;0.74;ESE;5.277777777777778;0.0;1013.68;0.0;Partly Cloudy
1444863600;26.0;21.0;0.74;SE;4.722222222222222;0.0;1014.67;0.0;Mostly Cloudy
1444867200;26.0;21.0;0.74;SE;5.277777777777778;0.0;1015.67;0.0;Mostly Cloudy
1444870800;26.0;21.0;0.74;ESE;5.277777777777778;0.0;1015.67;0.0;Mostly Cloudy
1444874400;26.0;20.0;0.69;SE;5.277777777777778;0.0;1015.67;0.0;Mostly Cloudy
1444878000;26.0;21.0;0.74;SE;4.722222222222222;0.0;1014.67;0.0;Mostly Cloudy
1444881600;26.0;21.0;0.74;SE;4.722222222222222;0.0;1013.68;0.0;Mostly Cloudy
1444885200;26.0;21.0;0.74;SE;4.166666666666667;0.0;1013.68;0.0;Partly Cloudy
1444888800;26.0;21.0;0.74;SE;4.722222222222222;0.0;1013.68;0.0;Mostly Cloudy
1444892400;26.0;21.0;0.74;SE;5.555555555555555;0.0;1013.68;0.0;Mostly Cloudy
1444896000;26.0;21.0;0.74;SE;5.277777777777778;0.0;1013.68;0.0;Mostly Cloudy
1444899600;26.0;21.0;0.74;SE;5.277777777777778;0.0;1014.67;0.0;Partly Cloudy
1444903200;27.0;21.0;0.7;SE;6.111111111111111;0.0;1014.67;0.0;Mostly Cloudy
1444906800;27.0;21.0;0.7;SE;7.222222222222222;0.0;1014.67;0.0;Mostly Cloudy
1444910400;28.0;21.0;0.66;SE;6.111111111111111;0.0;1015.67;0.0;Mostly Cloudy
1444914000;28.0;22.0;0.7;SE;6.111111111111111;0.0;1015.67;0.0;Mostly Cloudy
1444917600;26.0;24.0;0.89;SE;4.166666666666667;0.0;1014.67;0.0;Partly Cloudy
1444921200;29.0;22.0;0.66;SE;6.111111111111111;0.0;1013.68;0.0;Fair
1444924800;29.0;20.0;0.58;SE;7.777777777777778;0.0;1012.68;0.0;Fair
1444928400;27.0;21.0;0.7;SE;7.222222222222222;0.0;1012.68;0.0;Mostly Cloudy
1444932000;28.0;21.0;0.66;ESE;5.277777777777778;0.0;1011.68;0.0;Mostly Cloudy
1444935600;27.0;21.0;0.7;E;6.111111111111111;0.0;1012.68;0.0;Mostly Cloudy
1444939200;27.0;21.0;0.7;E;5.277777777777778;0.0;1012.68;0.0;Mostly Cloudy
1444942800;27.0;20.0;0.65;ESE;5.555555555555555;0.0;1013.68;0.0;Mostly Cloudy
1444946400;26.0;21.0;0.74;ESE;5.277777777777778;0.0;1013.68;0.0;Partly Cloudy
1444950000;26.0;21.0;0.74;ESE;6.111111111111111;0.0;1014.67;0.0;Partly Cloudy
1444953600;26.0;22.0;0.78;ESE;4.722222222222222;0.0;1014.67;0.0;Partly Cloudy
1444957200;26.0;22.0;0.78;SE;5.555555555555555;0.0;1014.67;0.0;Partly Cloudy
1444960800;26.0;21.0;0.74;SE;5.555555555555555;0.0;1014.67;0.0;Partly Cloudy
1445392800;26.0;21.0;0.74;E;3.611111111111111;0.0;1014.67;0.0;Partly Cloudy
1445396400;26.0;21.0;0.74;E;3.0555555555555554;0.0;1013.68;0.0;Partly Cloudy
1445400000;26.0;21.0;0.74;E;1.9444444444444444;0.0;1012.68;0.0;Partly Cloudy
1445403600;26.0;20.0;0.69;ENE;2.5;0.0;1012.68;0.0;Fair
1445407200;26.0;20.0;0.69;ENE;2.5;0.0;1012.68;0.0;Fair
1445410800;25.0;20.0;0.74;ENE;1.6666666666666665;0.0;1012.68;0.0;Partly Cloudy
1445414400;26.0;20.0;0.69;ENE;1.9444444444444444;0.0;1013.68;0.0;Fair
1445418000;27.0;21.0;0.7;ENE;3.0555555555555554;0.0;1013.68;0.0;Partly Cloudy
1445421600;28.0;21.0;0.66;E;3.0555555555555554;0.0;1014.67;0.0;Partly Cloudy
1445425200;28.0;21.0;0.66;ESE;4.722222222222222;0.0;1013.68;0.0;Partly Cloudy
1445428800;28.0;21.0;0.66;ESE;4.722222222222222;0.0;1013.68;0.0;Partly Cloudy
1445432400;29.0;21.0;0.62;E;4.722222222222222;0.0;1013.68;0.0;Partly Cloudy
1445436000;29.0;21.0;0.62;ESE;3.611111111111111;0.0;1012.68;0.0;Mostly Cloudy
1445439600;29.0;22.0;0.66;E;5.277777777777778;0.0;1011.68;0.0;Mostly Cloudy
1445443200;29.0;21.0;0.62;ESE;5.277777777777778;0.0;1011.68;0.0;Partly Cloudy
1445446800;28.0;21.0;0.66;E;4.722222222222222;0.0;1010.68;0.0;Partly Cloudy
1445450400;27.0;21.0;0.7;E;4.166666666666667;0.0;1011.68;0.0;Partly Cloudy
1445454000;27.0;21.0;0.7;E;3.0555555555555554;0.0;1011.68;0.0;Mostly Cloudy
1445457600;27.0;21.0;0.7;E;4.166666666666667;0.0;1011.68;0.0;Partly Cloudy
1445461200;27.0;21.0;0.7;ESE;3.0555555555555554;0.0;1012.68;0.0;Fair
1445464800;26.0;21.0;0.74;ESE;3.611111111111111;0.0;1013.68;0.0;Partly Cloudy
1445468400;26.0;21.0;0.74;E;4.166666666666667;0.0;1013.68;0.0;Partly Cloudy
1445472000;26.0;21.0;0.74;E;2.5;0.0;1013.68;0.0;Fair
1445475600;26.0;21.0;0.74;E;3.0555555555555554;0.0;1012.68;0.0;Partly Cloudy
1445479200;26.0;21.0;0.74;E;3.0555555555555554;0.0;1012.68;0.0;Mostly Cloudy
1445482800;26.0;22.0;0.78;ENE;2.5;0.0;1011.68;0.0;Partly Cloudy
1445486400;26.0;21.0;0.74;ENE;1.9444444444444444;0.0;1011.68;0.0;Fair
1445490000;26.0;21.0;0.74;NE;1.9444444444444444;0.0;1010.68;0.0;Fair
1445493600;26.0;21.0;0.74;ENE;1.6666666666666665;0.0;1011.68;0.0;Mostly Cloudy
1445497200;25.0;21.0;0.78;ENE;3.0555555555555554;0.0;1012.68;0.0;Mostly Cloudy
1445500800;26.0;21.0;0.74;N;1.1111111111111112;0.0;1012.68;0.0;Mostly Cloudy
1445504400;27.0;21.0;0.7;ENE;2.5;0.0;1013.68;0.0;Mostly Cloudy
1445508000;26.0;22.0;0.78;ENE;3.0555555555555554;0.0;1014.67;0.0;Mostly Cloudy
1445511600;28.0;21.0;0.66;ENE;4.722222222222222;0.0;1014.67;0.0;Mostly Cloudy
1445515200;29.0;20.0;0.58;NE;4.722222222222222;0.0;1013.68;0.0;Partly Cloudy
1445518800;29.0;21.0;0.62;E;5.555555555555555;0.0;1012.68;0.0;Fair
1445522400;29.0;21.0;0.62;E;5.277777777777778;0.0;1011.68;0.0;Fair
1445526000;29.0;20.0;0.58;E;5.277777777777778;0.0;1010.68;0.0;Fair
1445529600;29.0;21.0;0.62;NE;5.277777777777778;0.0;1010.68;0.0;Partly Cloudy
1445533200;28.0;22.0;0.7;ENE;4.166666666666667;0.0;1010.68;0.0;Partly Cloudy
1445536800;27.0;22.0;0.74;E;3.611111111111111;0.0;0.0;0.0;Showers in the Vicinity
1445540400;27.0;21.0;0.7;ENE;4.166666666666667;0.0;1011.68;0.0;Partly Cloudy
1445544000;27.0;21.0;0.7;ENE;3.0555555555555554;0.0;1012.68;0.0;Partly Cloudy
1445547600;27.0;21.0;0.7;ENE;3.611111111111111;0.0;1013.68;0.0;Partly Cloudy
1445551200;27.0;21.0;0.7;ENE;3.0555555555555554;0.0;1013.68;0.0;Partly Cloudy
1445554800;26.0;21.0;0.74;NE;2.5;0.0;1014.67;0.0;Fair
1445558400;26.0;21.0;0.74;ENE;3.611111111111111;0.0;1013.68;0.0;Fair
1445562000;26.0;21.0;0.74;ENE;4.166666666666667;0.0;1012.68;0.0;Fair
1445738400;26.0;21.0;0.74;ESE;3.611111111111111;0.0;1013.68;0.0;Partly Cloudy
1445742000;26.0;22.0;0.78;ESE;3.0555555555555554;0.0;1012.68;0.0;Partly Cloudy
1445745600;26.0;21.0;0.74;SE;4.166666666666667;0.0;1012.68;0.0;Partly Cloudy
1445749200;26.0;21.0;0.74;ESE;3.0555555555555554;0.0;1012.68;0.0;Partly Cloudy
1445752800;26.0;21.0;0.74;ESE;2.5;0.0;1012.68;0.0;Partly Cloudy
1445756400;26.0;21.0;0.74;ESE;3.0555555555555554;0.0;1012.68;0.0;Partly Cloudy
1445760000;26.0;21.0;0.74;ESE;3.611111111111111;0.0;1013.68;0.0;Partly Cloudy
1445763600;27.0;21.0;0.7;ESE;3.611111111111111;0.0;1013.68;0.0;Partly Cloudy
1445767200;28.0;20.0;0.62;ESE;4.166666666666667;0.0;1014.67;0.0;Partly Cloudy
1445770800;29.0;22.0;0.66;SE;5.555555555555555;0.0;1014.67;0.0;Partly Cloudy
1445774400;29.0;21.0;0.62;ESE;4.722222222222222;0.0;1014.67;0.0;Partly Cloudy
1445778000;29.0;22.0;0.66;SE;4.722222222222222;0.0;1013.68;0.0;Partly Cloudy
1445781600;29.0;22.0;0.66;ESE;4.722222222222222;0.0;1012.68;0.0;Partly Cloudy
1445785200;29.0;21.0;0.62;SE;5.277777777777778;0.0;1012.68;0.0;Mostly Cloudy
1445788800;29.0;21.0;0.62;SE;5.555555555555555;0.0;1011.68;0.0;Fair
1445792400;28.0;22.0;0.7;SE;6.666666666666666;0.0;1011.68;0.0;Mostly Cloudy
1445796000;28.0;22.0;0.7;SE;6.111111111111111;0.0;1011.68;0.0;Mostly Cloudy
1445799600;27.0;22.0;0.74;ESE;4.722222222222222;0.0;1012.68;0.0;Partly Cloudy
1445803200;27.0;22.0;0.74;ESE;4.722222222222222;0.0;1013.68;0.0;Partly Cloudy
1445806800;27.0;22.0;0.74;SE;6.666666666666666;0.0;1014.67;0.0;Partly Cloudy
1445810400;27.0;22.0;0.74;SE;5.555555555555555;0.0;1014.67;0.0;Partly Cloudy
1445814000;27.0;22.0;0.74;SE;6.111111111111111;0.0;1015.67;0.0;Partly Cloudy
1445817600;27.0;22.0;0.74;ESE;5.555555555555555;0.0;1015.67;0.0;Partly Cloudy
1445821200;26.0;22.0;0.78;ESE;4.722222222222222;0.0;1014.67;0.0;Mostly Cloudy
1445824800;26.0;22.0;0.78;ESE;5.277777777777778;0.0;1013.68;0.0;Mostly Cloudy
1445828400;26.0;22.0;0.78;ESE;4.166666666666667;0.0;1013.68;0.0;Partly Cloudy
1445832000;26.0;23.0;0.83;ESE;5.277777777777778;0.0;1012.68;0.0;Partly Cloudy
1445835600;26.0;22.0;0.78;ESE;5.555555555555555;0.0;1012.68;0.0;Partly Cloudy
1445839200;26.0;22.0;0.78;ESE;4.722222222222222;0.0;1013.68;0.0;Mostly Cloudy
1445842800;26.0;22.0;0.78;ESE;5.277777777777778;0.0;1013.68;0.0;Mostly Cloudy
1445846400;27.0;22.0;0.74;ESE;5.277777777777778;0.0;1014.67;0.0;Partly Cloudy
1445850000;28.0;21.0;0.66;ESE;5.277777777777778;0.0;1015.67;0.0;Partly Cloudy
1445853600;29.0;20.0;0.58;SE;5.277777777777778;0.0;1015.67;0.0;Partly Cloudy
1445857200;29.0;20.0;0.58;SE;6.111111111111111;0.0;1015.67;0.0;Fair
1445860800;29.0;22.0;0.66;SE;6.666666666666666;0.0;1015.67;0.0;Fair
1445864400;30.0;22.0;0.62;SE;7.222222222222222;0.0;1015.67;0.0;Partly Cloudy
1445868000;29.0;22.0;0.66;SE;7.222222222222222;0.0;1014.67;0.0;Partly Cloudy
1445871600;29.0;20.0;0.58;SE;7.222222222222222;0.0;1013.68;0.0;Partly Cloudy
1445875200;29.0;20.0;0.58;SSE;7.222222222222222;0.0;1012.68;0.0;Fair
1445878800;29.0;20.0;0.58;SE;5.555555555555555;0.0;1012.68;0.0;Fair
1445882400;28.0;20.0;0.62;SE;6.111111111111111;0.0;1012.68;0.0;Fair
1445886000;27.0;21.0;0.7;SE;5.277777777777778;0.0;1012.68;0.0;Fair
1445889600;27.0;20.0;0.65;SE;5.277777777777778;0.0;1013.68;0.0;Fair
1445893200;26.0;20.0;0.69;SE;5.277777777777778;0.0;1013.68;0.0;Fair
1445896800;26.0;21.0;0.74;SE;4.722222222222222;0.0;1014.67;0.0;Partly Cloudy
1445900400;26.0;20.0;0.69;SE;4.166666666666667;0.0;1014.67;0.0;Partly Cloudy
1445904000;26.0;21.0;0.74;SE;4.166666666666667;0.0;1015.67;0.0;Partly Cloudy
1445907600;26.0;20.0;0.69;SE;4.722222222222222;0.0;1014.67;0.0;Partly Cloudy
1445911200;26.0;20.0;0.69;SE;4.166666666666667;0.0;1014.67;0.0;Partly Cloudy
1445914800;26.0;20.0;0.69;SE;4.722222222222222;0.0;1013.68;0.0;Fair
1445918400;26.0;19.0;0.65;SE;4.722222222222222;0.0;1012.68;0.0;Fair
1445922000;25.0;20.0;0.74;SE;3.0555555555555554;0.0;1012.68;0.0;Fair
1445925600;26.0;20.0;0.69;SE;4.166666666666667;0.0;1012.68;0.0;Partly Cloudy
1445929200;26.0;20.0;0.69;SE;3.611111111111111;0.0;1013.68;0.0;Mostly Cloudy
1445932800;27.0;20.0;0.65;ESE;4.722222222222222;0.0;1014.67;0.0;Fair
1445936400;27.0;20.0;0.65;ESE;5.555555555555555;0.0;1015.67;0.0;Fair
1445940000;28.0;20.0;0.62;ESE;5.277777777777778;0.0;1015.67;0.0;Partly Cloudy
1445943600;28.0;20.0;0.62;ESE;5.555555555555555;0.0;1015.67;0.0;Partly Cloudy
1445947200;28.0;20.0;0.62;SE;6.111111111111111;0.0;1015.67;0.0;Fair
1445950800;29.0;20.0;0.58;ESE;5.555555555555555;0.0;1015.67;0.0;Fair
1445954400;29.0;20.0;0.58;ESE;5.277777777777778;0.0;1014.67;0.0;Fair
1445958000;29.0;20.0;0.58;ESE;5.277777777777778;0.0;1012.68;0.0;Partly Cloudy
1445961600;29.0;20.0;0.58;SE;4.722222222222222;0.0;1012.68;0.0;Partly Cloudy
1445965200;28.0;21.0;0.66;SE;5.277777777777778;0.0;1012.68;0.0;Partly Cloudy
1445968800;28.0;21.0;0.66;ESE;5.277777777777778;0.0;1011.68;0.0;Partly Cloudy
1445972400;27.0;21.0;0.7;SE;4.166666666666667;0.0;1011.68;0.0;Partly Cloudy
1445976000;27.0;20.0;0.65;ESE;3.0555555555555554;0.0;1012.68;0.0;Partly Cloudy
1445979600;27.0;20.0;0.65;ESE;3.611111111111111;0.0;1013.68;0.0;Fair
1445983200;27.0;21.0;0.7;ESE;3.611111111111111;0.0;1013.68;0.0;Partly Cloudy
1445986800;27.0;21.0;0.7;ESE;3.611111111111111;0.0;1014.67;0.0;Partly Cloudy
1445990400;26.0;21.0;0.74;E;3.0555555555555554;0.0;1014.67;0.0;Partly Cloudy
1445994000;26.0;21.0;0.74;E;3.611111111111111;0.0;1013.68;0.0;Partly Cloudy
1446256800;26.0;21.0;0.74;ENE;2.5;0.0;1011.68;0.0;Partly Cloudy
1446260400;26.0;21.0;0.74;ENE;3.0555555555555554;0.0;1011.68;0.0;Partly Cloudy
1446264000;26.0;21.0;0.74;ENE;3.611111111111111;0.0;1011.68;0.0;Partly Cloudy
1446267600;26.0;21.0;0.74;E;4.166666666666667;0.0;1011.68;0.0;Partly Cloudy
1446271200;26.0;21.0;0.74;ENE;3.611111111111111;0.0;1011.68;0.0;Partly Cloudy
1446274800;26.0;21.0;0.74;ENE;3.0555555555555554;0.0;1012.68;0.0;Partly Cloudy
1446278400;27.0;22.0;0.74;NE;3.0555555555555554;0.0;1013.68;0.0;Partly Cloudy
1446282000;28.0;21.0;0.66;ENE;3.0555555555555554;0.0;1013.68;0.0;Partly Cloudy
1446285600;28.0;21.0;0.66;E;4.166666666666667;0.0;1013.68;0.0;Partly Cloudy
1446289200;28.0;21.0;0.66;E;4.722222222222222;0.0;1014.67;0.0;Fair
1446292800;28.0;21.0;0.66;E;5.277777777777778;0.0;1014.67;0.0;Partly Cloudy
1446296400;29.0;21.0;0.62;E;4.722222222222222;0.0;1013.68;0.0;Partly Cloudy
1446300000;29.0;21.0;0.62;E;4.722222222222222;0.0;1013.68;0.0;Fair
1446303600;29.0;20.0;0.58;E;4.166666666666667;0.0;1012.68;0.0;Fair
1446307200;29.0;21.0;0.62;ESE;4.166666666666667;0.0;1011.68;0.0;Fair
1446310800;29.0;21.0;0.62;E;4.166666666666667;0.0;1011.68;0.0;Fair
1446314400;28.0;21.0;0.66;ESE;4.166666666666667;0.0;1011.68;0.0;Fair
1446318000;27.0;21.0;0.7;ESE;4.722222222222222;0.0;1011.68;0.0;Fair
1446321600;27.0;21.0;0.7;SE;4.722222222222222;0.0;1012.68;0.0;Fair
1446325200;27.0;21.0;0.7;SE;3.611111111111111;0.0;1012.68;0.0;Fair
1446328800;27.0;21.0;0.7;E;3.0555555555555554;0.0;1013.68;0.0;Partly Cloudy
1446332400;27.0;21.0;0.7;E;3.611111111111111;0.0;1013.68;0.0;Partly Cloudy
1446336000;26.0;21.0;0.74;E;3.611111111111111;0.0;1013.68;0.0;Fair
1446339600;26.0;21.0;0.74;E;3.0555555555555554;0.0;1012.68;0.0;Fair
1446516000;27.0;21.0;0.7;ESE;4.722222222222222;0.0;1011.68;0.0;Mostly Cloudy
1446519600;27.0;22.0;0.74;ESE;3.611111111111111;0.0;1010.68;0.0;Mostly Cloudy
1446523200;25.0;23.0;0.89;E;3.611111111111111;0.0;1010.68;0.0;Mostly Cloudy
1446526800;26.0;22.0;0.78;ESE;4.166666666666667;0.0;1010.68;0.0;Mostly Cloudy
1446530400;26.0;21.0;0.74;E;4.722222222222222;0.0;1010.68;0.0;Partly Cloudy
1446534000;26.0;21.0;0.74;ESE;5.277777777777778;0.0;1011.68;0.0;Mostly Cloudy
1446537600;26.0;21.0;0.74;ESE;4.722222222222222;0.0;1012.68;0.0;Mostly Cloudy
1446541200;27.0;21.0;0.7;E;5.277777777777778;0.0;1013.68;0.0;Partly Cloudy
1446544800;28.0;21.0;0.66;ESE;4.166666666666667;0.0;1013.68;0.0;Partly Cloudy
1446548400;28.0;20.0;0.62;SE;6.111111111111111;0.0;1013.68;0.0;Mostly Cloudy
1446552000;30.0;21.0;0.58;SSE;6.111111111111111;0.0;1013.68;0.0;Partly Cloudy
1446555600;30.0;20.0;0.55;ESE;4.166666666666667;0.0;1013.68;0.0;Partly Cloudy
1446562800;30.0;20.0;0.55;E;5.277777777777778;0.0;1011.68;0.0;Partly Cloudy
1446566400;29.0;21.0;0.62;ESE;6.111111111111111;0.0;1011.68;0.0;Partly Cloudy
1446570000;29.0;22.0;0.66;ESE;4.166666666666667;0.0;1011.68;0.0;Partly Cloudy
1446573600;28.0;21.0;0.66;ESE;4.722222222222222;0.0;1011.68;0.0;Fair
1446577200;27.0;21.0;0.7;SE;3.611111111111111;0.0;1011.68;0.0;Partly Cloudy
1446580800;27.0;21.0;0.7;SE;3.611111111111111;0.0;1012.68;0.0;Mostly Cloudy
1446584400;27.0;21.0;0.7;SE;4.166666666666667;0.0;1013.68;0.0;Partly Cloudy
1446588000;27.0;20.0;0.65;SE;4.166666666666667;0.0;1013.68;0.0;Partly Cloudy
1446591600;27.0;21.0;0.7;ESE;4.166666666666667;0.0;1013.68;0.0;Partly Cloudy
1446595200;27.0;21.0;0.7;ESE;3.611111111111111;0.0;1013.68;0.0;Partly Cloudy
1446598800;27.0;21.0;0.7;ESE;4.166666666666667;0.0;1013.68;0.0;Fair
1446865200;26.0;21.0;0.74;ENE;1.9444444444444444;0.0;1010.68;0.0;Mostly Cloudy
1446868800;26.0;21.0;0.74;ENE;2.5;0.0;1010.68;0.0;Partly Cloudy
1446872400;26.0;21.0;0.74;E;2.5;0.0;1010.68;0.0;Partly Cloudy
1446876000;26.0;20.0;0.69;E;3.611111111111111;0.0;1011.68;0.0;Fair
1446879600;26.0;21.0;0.74;NE;1.9444444444444444;0.0;1011.68;0.0;Fair
1446883200;27.0;21.0;0.7;NE;2.5;0.0;1012.68;0.0;Partly Cloudy
1446886800;28.0;20.0;0.62;ENE;2.5;0.0;1012.68;0.0;Partly Cloudy
1446890400;28.0;21.0;0.66;E;4.166666666666667;0.0;1013.68;0.0;Partly Cloudy
1446894000;29.0;21.0;0.62;E;4.166666666666667;0.0;1013.68;0.0;Partly Cloudy
1446897600;30.0;21.0;0.58;ESE;4.722222222222222;0.0;1013.68;0.0;Partly Cloudy
1446901200;29.0;21.0;0.62;ESE;5.277777777777778;0.0;1013.68;0.0;Fair
1446904800;29.0;21.0;0.62;E;4.722222222222222;0.0;1012.68;0.0;Fair
1446908400;29.0;21.0;0.62;ESE;4.722222222222222;0.0;1011.68;0.0;Fair
1446912000;29.0;21.0;0.62;E;4.166666666666667;0.0;1011.68;0.0;Partly Cloudy
1446915600;28.0;21.0;0.66;E;3.611111111111111;0.0;1011.68;0.0;Partly Cloudy
1446919200;28.0;21.0;0.66;E;3.611111111111111;0.0;1011.68;0.0;Partly Cloudy
1446922800;27.0;20.0;0.65;ESE;4.166666666666667;0.0;1011.68;0.0;Partly Cloudy
1446926400;27.0;21.0;0.7;E;3.611111111111111;0.0;1012.68;0.0;Partly Cloudy
1446930000;27.0;21.0;0.7;ESE;4.166666666666667;0.0;1012.68;0.0;Fair
1446933600;27.0;21.0;0.7;E;3.0555555555555554;0.0;1013.68;0.0;Fair
1446937200;27.0;21.0;0.7;E;4.166666666666667;0.0;1013.68;0.0;Fair
1446940800;27.0;21.0;0.7;E;3.0555555555555554;0.0;1013.68;0.0;Fair
1446944400;26.0;21.0;0.74;ESE;2.5;0.0;1013.68;0.0;Fair
1446948000;26.0;21.0;0.74;ESE;3.611111111111111;0.0;1012.68;0.0;Mostly Cloudy
1446951600;26.0;21.0;0.74;ESE;3.0555555555555554;0.0;1011.68;0.0;Partly Cloudy
1446955200;26.0;21.0;0.74;E;3.611111111111111;0.0;1011.68;0.0;Partly Cloudy
1446958800;26.0;21.0;0.74;E;2.5;0.0;1011.68;0.0;Mostly Cloudy
1446962400;26.0;21.0;0.74;E;2.5;0.0;1011.68;0.0;Partly Cloudy
1446966000;26.0;21.0;0.74;E;3.0555555555555554;0.0;1012.68;0.0;Partly Cloudy
1446969600;27.0;20.0;0.65;E;3.0555555555555554;0.0;1012.68;0.0;Partly Cloudy
1446973200;27.0;21.0;0.7;E;3.611111111111111;0.0;1013.68;0.0;Partly Cloudy
1446976800;28.0;22.0;0.7;E;3.0555555555555554;0.0;1013.68;0.0;Partly Cloudy
1446980400;29.0;21.0;0.62;ESE;3.611111111111111;0.0;1013.68;0.0;Partly Cloudy
1446984000;28.0;21.0;0.66;E;5.277777777777778;0.0;1013.68;0.0;Mostly Cloudy
1446987600;29.0;22.0;0.66;E;4.722222222222222;0.0;1013.68;0.0;Mostly Cloudy
1446991200;30.0;21.0;0.58;E;5.277777777777778;0.0;1012.68;0.0;Partly Cloudy
1446994800;29.0;21.0;0.62;ESE;4.722222222222222;0.0;1011.68;0.0;Partly Cloudy
1446998400;30.0;21.0;0.58;ESE;4.722222222222222;0.0;1011.68;0.0;Partly Cloudy
1447002000;29.0;22.0;0.66;SE;4.722222222222222;0.0;1010.68;0.0;Fair
1447005600;28.0;21.0;0.66;ESE;4.722222222222222;0.0;1011.68;0.0;Partly Cloudy
1447009200;27.0;21.0;0.7;ESE;3.611111111111111;0.0;1011.68;0.0;Partly Cloudy
1447012800;27.0;21.0;0.7;ESE;3.611111111111111;0.0;1012.68;0.0;Partly Cloudy
1447016400;27.0;21.0;0.7;ESE;3.0555555555555554;0.0;1012.68;0.0;Fair
1447020000;27.0;21.0;0.7;ESE;4.166666666666667;0.0;1013.68;0.0;Partly Cloudy
1447023600;27.0;21.0;0.7;ESE;3.611111111111111;0.0;1014.67;0.0;Partly Cloudy
1447027200;27.0;21.0;0.7;E;3.0555555555555554;0.0;1014.67;0.0;Partly Cloudy
1447030800;27.0;21.0;0.7;E;3.0555555555555554;0.0;1013.68;0.0;Partly Cloudy
1447380000;26.0;21.0;0.74;ENE;2.5;0.0;1010.68;0.0;Partly Cloudy
1447383600;26.0;21.0;0.74;ENE;3.0555555555555554;0.0;1010.68;0.0;Partly Cloudy
1447387200;25.0;21.0;0.78;ENE;1.9444444444444444;0.0;1010.68;0.0;Partly Cloudy
1447390800;25.0;21.0;0.78;ENE;1.6666666666666665;0.0;1010.68;0.0;Partly Cloudy
1447394400;25.0;21.0;0.78;ENE;2.5;0.0;1010.68;0.0;Partly Cloudy
1447398000;24.0;20.0;0.78;NW;3.0555555555555554;0.0;1010.68;0.0;Mostly Cloudy
1447401600;25.0;21.0;0.78;NW;2.5;0.0;1011.68;0.0;Partly Cloudy
1447405200;26.0;21.0;0.74;NW;2.5;0.0;1012.68;0.0;Mostly Cloudy
1447408800;28.0;21.0;0.66;NE;4.166666666666667;0.0;1012.68;0.0;Partly Cloudy
1447412400;29.0;21.0;0.62;ENE;5.277777777777778;0.0;1013.68;0.0;Partly Cloudy
1447416000;29.0;22.0;0.66;NNE;3.611111111111111;0.0;1013.68;0.0;Partly Cloudy
1447419600;29.0;21.0;0.62;ENE;5.277777777777778;0.0;1013.68;0.0;Partly Cloudy
1447423200;30.0;22.0;0.62;NE;4.166666666666667;0.0;1012.68;0.0;Partly Cloudy
1447426800;29.0;22.0;0.66;E;4.166666666666667;0.0;1011.68;0.0;Partly Cloudy
1447430400;29.0;22.0;0.66;ENE;5.277777777777778;0.0;1010.68;0.0;Partly Cloudy
1447434000;28.0;22.0;0.7;ENE;5.555555555555555;0.0;1010.68;0.0;Mostly Cloudy
1447437600;28.0;22.0;0.7;ENE;4.722222222222222;0.0;1010.68;0.0;Partly Cloudy
1447441200;27.0;22.0;0.74;ENE;5.277777777777778;0.0;1011.68;0.0;Partly Cloudy
1447444800;27.0;22.0;0.74;ENE;3.611111111111111;0.0;1011.68;0.0;Mostly Cloudy
1447448400;27.0;22.0;0.74;ENE;4.166666666666667;0.0;1012.68;0.0;Mostly Cloudy
1447452000;27.0;21.0;0.7;NE;4.722222222222222;0.0;1013.68;0.0;Mostly Cloudy
1447455600;27.0;22.0;0.74;NE;4.166666666666667;0.0;1013.68;0.0;Mostly Cloudy
1447459200;27.0;21.0;0.7;NE;4.722222222222222;0.0;1013.68;0.0;Mostly Cloudy
1447462800;27.0;21.0;0.7;NE;3.0555555555555554;0.0;1013.68;0.0;Mostly Cloudy
1447466400;26.0;21.0;0.74;NE;3.0555555555555554;0.0;1012.68;0.0;Mostly Cloudy
1447470000;26.0;21.0;0.74;NE;3.611111111111111;0.0;1012.68;0.0;Partly Cloudy
1447473600;26.0;21.0;0.74;NE;3.611111111111111;0.0;1011.68;0.0;Partly Cloudy
1447477200;26.0;21.0;0.74;NE;3.0555555555555554;0.0;1012.68;0.0;Partly Cloudy
1447480800;26.0;20.0;0.69;NE;3.0555555555555554;0.0;1012.68;0.0;Partly Cloudy
1447484400;26.0;21.0;0.74;NE;2.5;0.0;1012.68;0.0;Partly Cloudy
1447488000;27.0;20.0;0.65;NE;3.611111111111111;0.0;1013.68;0.0;Fair
1447491600;28.0;21.0;0.66;NE;3.611111111111111;0.0;1014.67;0.0;Partly Cloudy
1447495200;28.0;21.0;0.66;NE;4.722222222222222;0.0;1014.67;0.0;Partly Cloudy
1447498800;29.0;21.0;0.62;NE;4.166666666666667;0.0;1014.67;0.0;Partly Cloudy
1447502400;29.0;20.0;0.58;NE;4.722222222222222;0.0;1014.67;0.0;Partly Cloudy
1447506000;30.0;21.0;0.58;NNE;4.722222222222222;0.0;1013.68;0.0;Fair
1447509600;30.0;21.0;0.58;ENE;5.277777777777778;0.0;1013.68;0.0;Fair
1447513200;30.0;21.0;0.58;NE;5.277777777777778;0.0;1012.68;0.0;Fair
1447516800;30.0;21.0;0.58;NE;4.722222222222222;0.0;1011.68;0.0;Fair
1447520400;28.0;22.0;0.7;ENE;4.166666666666667;0.0;1011.68;0.0;Partly Cloudy
1447524000;28.0;22.0;0.7;NE;5.277777777777778;0.0;1010.68;0.0;Fair
1447527600;28.0;22.0;0.7;NE;4.166666666666667;0.0;1010.68;0.0;Partly Cloudy
1447531200;27.0;23.0;0.79;NE;4.166666666666667;0.0;1011.68;0.0;Partly Cloudy
1447534800;27.0;22.0;0.74;NE;3.0555555555555554;0.0;1011.68;0.0;Partly Cloudy
1447538400;26.0;22.0;0.78;NE;3.0555555555555554;0.0;1012.68;0.0;Partly Cloudy
1447542000;26.0;22.0;0.78;NE;3.0555555555555554;0.0;1012.68;0.0;Partly Cloudy
1447545600;26.0;23.0;0.83;ENE;3.0555555555555554;0.0;1013.68;0.0;Mostly Cloudy
1447549200;26.0;23.0;0.83;NE;2.5;0.0;1012.68;0.0;Partly Cloudy
1447725600;27.0;21.0;0.7;ENE;2.5;0.0;1009.68;0.0;Partly Cloudy
1447729200;27.0;21.0;0.7;ENE;1.9444444444444444;0.0;1009.68;0.0;Mostly Cloudy
1447732800;26.0;22.0;0.78;ESE;1.9444444444444444;0.0;1008.68;0.0;Partly Cloudy
1447736400;26.0;22.0;0.78;ENE;1.1111111111111112;0.0;1008.68;0.0;Fair
1447740000;26.0;22.0;0.78;ENE;1.6666666666666665;0.0;1009.68;0.0;Partly Cloudy
1447743600;26.0;23.0;0.83;ESE;1.9444444444444444;0.0;1009.68;0.0;Partly Cloudy
1447747200;27.0;23.0;0.79;E;3.611111111111111;0.0;1010.68;0.0;Partly Cloudy
1447750800;27.0;23.0;0.79;E;3.0555555555555554;0.0;1010.68;0.0;Mostly Cloudy
1447754400;28.0;22.0;0.7;E;4.722222222222222;0.0;1011.68;0.0;Mostly Cloudy
1447758000;29.0;21.0;0.62;E;5.277777777777778;0.0;1011.68;0.0;Partly Cloudy
1447761600;29.0;22.0;0.66;ENE;5.277777777777778;0.0;1011.68;0.0;Partly Cloudy
1447765200;29.0;21.0;0.62;E;5.277777777777778;0.0;1011.68;0.0;Fair
1447768800;29.0;21.0;0.62;ESE;5.277777777777778;0.0;1010.68;0.0;Fair
1447772400;29.0;21.0;0.62;ENE;4.166666666666667;0.0;1009.68;0.0;Fair
1447776000;29.0;21.0;0.62;E;4.722222222222222;0.0;1008.68;0.0;Fair
1447779600;29.0;20.0;0.58;ENE;4.722222222222222;0.0;1008.68;0.0;Fair
1447783200;28.0;21.0;0.66;E;4.722222222222222;0.0;1007.68;0.0;Fair
1447786800;27.0;21.0;0.7;E;3.611111111111111;0.0;1008.68;0.0;Fair
1447790400;27.0;21.0;0.7;E;1.9444444444444444;0.0;1008.68;0.0;Fair
1447794000;27.0;21.0;0.7;E;3.0555555555555554;0.0;1009.68;0.0;Fair
1447797600;27.0;21.0;0.7;ENE;3.0555555555555554;0.0;1009.68;0.0;Fair
1447804800;26.0;21.0;0.74;ESE;3.0555555555555554;0.0;1010.68;0.0;Partly Cloudy
1447808400;26.0;21.0;0.74;E;2.5;0.0;1010.68;0.0;Fair
1447898400;27.0;22.0;0.74;NE;1.9444444444444444;0.0;1007.68;0.0;Partly Cloudy
1447902000;27.0;22.0;0.74;NE;3.0555555555555554;0.0;1007.68;0.0;Partly Cloudy
1447905600;26.0;22.0;0.78;NE;2.5;0.0;1006.69;0.0;Partly Cloudy
1447909200;26.0;21.0;0.74;ENE;1.9444444444444444;0.0;1007.68;0.0;Partly Cloudy
1447912800;26.0;21.0;0.74;NE;1.6666666666666665;0.0;1007.68;0.0;Fair
1447916400;26.0;22.0;0.78;ENE;2.5;0.0;1008.68;0.0;Fair
1447920000;27.0;22.0;0.74;ENE;3.0555555555555554;0.0;1008.68;0.0;Fair
1447923600;28.0;21.0;0.66;ENE;4.166666666666667;0.0;1009.68;0.0;Fair
1447927200;28.0;21.0;0.66;E;4.722222222222222;0.0;1009.68;0.0;Partly Cloudy
1447930800;28.0;21.0;0.66;ENE;4.166666666666667;0.0;1010.68;0.0;Partly Cloudy
1447934400;29.0;20.0;0.58;ENE;4.166666666666667;0.0;1009.68;0.0;Partly Cloudy
1447938000;29.0;21.0;0.62;ENE;4.166666666666667;0.0;1009.68;0.0;Partly Cloudy
1447941600;29.0;21.0;0.62;ENE;4.722222222222222;0.0;1009.68;0.0;Partly Cloudy
1447945200;31.0;22.0;0.58;E;4.166666666666667;0.0;1008.68;0.0;Partly Cloudy
1447948800;29.0;21.0;0.62;NE;4.166666666666667;0.0;1007.68;0.0;Partly Cloudy
1447952400;28.0;21.0;0.66;ENE;4.166666666666667;0.0;1007.68;0.0;Partly Cloudy
1447956000;28.0;21.0;0.66;ENE;4.166666666666667;0.0;1007.68;0.0;Partly Cloudy
1447959600;27.0;21.0;0.7;ENE;3.0555555555555554;0.0;1007.68;0.0;Partly Cloudy
1447963200;27.0;21.0;0.7;ENE;3.0555555555555554;0.0;1008.68;0.0;Partly Cloudy
1447966800;27.0;21.0;0.7;ENE;3.0555555555555554;0.0;1008.68;0.0;Fair
1447970400;27.0;21.0;0.7;E;2.5;0.0;1009.68;0.0;Partly Cloudy
1447974000;27.0;21.0;0.7;E;3.0555555555555554;0.0;1009.68;0.0;Fair
1447977600;27.0;21.0;0.7;E;2.5;0.0;1009.68;0.0;Partly Cloudy
1447981200;26.0;21.0;0.74;E;2.5;0.0;1009.68;0.0;Partly Cloudy
1447984800;26.0;20.0;0.69;ENE;2.5;0.0;1008.68;0.0;Mostly Cloudy
1447988400;26.0;20.0;0.69;ENE;2.5;0.0;1008.68;0.0;Mostly Cloudy
1447992000;25.0;20.0;0.74;ENE;3.0555555555555554;0.0;1007.68;0.0;Partly Cloudy
1447995600;25.0;20.0;0.74;NE;1.9444444444444444;0.0;1007.68;0.0;Partly Cloudy
1447999200;25.0;21.0;0.78;ENE;1.9444444444444444;0.0;1008.68;0.0;Partly Cloudy
1448002800;25.0;20.0;0.74;ENE;2.5;0.0;1009.68;0.0;Fair
1448006400;25.0;21.0;0.78;NNW;2.5;0.0;1009.68;0.0;Partly Cloudy
1448010000;27.0;21.0;0.7;NE;2.5;0.0;1010.68;0.0;Partly Cloudy
1448013600;28.0;21.0;0.66;ENE;4.166666666666667;0.0;1011.68;0.0;Fair
1448017200;29.0;21.0;0.62;ENE;3.611111111111111;0.0;1011.68;0.0;Fair
1448020800;29.0;21.0;0.62;ENE;4.722222222222222;0.0;1011.68;0.0;Fair
1448024400;29.0;21.0;0.62;ENE;5.277777777777778;0.0;1010.68;0.0;Fair
1448028000;29.0;20.0;0.58;E;4.722222222222222;0.0;1009.68;0.0;Fair
1448031600;30.0;20.0;0.55;ENE;4.722222222222222;0.0;1008.68;0.0;Fair
1448035200;30.0;22.0;0.62;ENE;5.277777777777778;0.0;1008.68;0.0;Fair
1448038800;29.0;21.0;0.62;ENE;3.611111111111111;0.0;1008.68;0.0;Fair
1448042400;28.0;21.0;0.66;NE;4.166666666666667;0.0;1008.68;0.0;Fair
1448046000;28.0;21.0;0.66;ENE;3.611111111111111;0.0;1009.68;0.0;Partly Cloudy
1448049600;27.0;21.0;0.7;ENE;3.0555555555555554;0.0;1009.68;0.0;Partly Cloudy
1448053200;27.0;22.0;0.74;ENE;3.0555555555555554;0.0;1009.68;0.0;Mostly Cloudy
1448056800;27.0;21.0;0.7;ENE;3.611111111111111;0.0;1010.68;0.0;Mostly Cloudy
1448060400;27.0;21.0;0.7;ENE;3.0555555555555554;0.0;1010.68;0.0;Partly Cloudy
1448064000;27.0;21.0;0.7;ENE;3.0555555555555554;0.0;1010.68;0.0;Mostly Cloudy
1448067600;27.0;22.0;0.74;ENE;3.0555555555555554;0.0;1010.68;0.0;Partly Cloudy
1448157600;27.0;22.0;0.74;ENE;3.0555555555555554;0.0;1010.68;0.0;Partly Cloudy
1448161200;27.0;22.0;0.74;ENE;2.5;0.0;1009.68;0.0;Partly Cloudy
1448164800;27.0;23.0;0.79;ENE;1.9444444444444444;0.0;1009.68;0.0;Partly Cloudy
1448168400;26.0;23.0;0.83;ENE;1.9444444444444444;0.0;1009.68;0.0;Partly Cloudy
1448172000;26.0;23.0;0.83;ENE;2.5;0.0;1009.68;0.0;Partly Cloudy
1448175600;27.0;22.0;0.74;ENE;2.5;0.0;1010.68;0.0;Partly Cloudy
1448179200;27.0;22.0;0.74;E;1.9444444444444444;0.0;1011.68;0.0;Partly Cloudy
1448182800;28.0;23.0;0.74;E;3.611111111111111;0.0;1011.68;0.0;Partly Cloudy
1448186400;28.0;22.0;0.7;ENE;5.277777777777778;0.0;1012.68;0.0;Partly Cloudy
1448190000;29.0;23.0;0.7;ENE;4.722222222222222;0.0;1012.68;0.0;Partly Cloudy
1448193600;30.0;23.0;0.66;E;5.277777777777778;0.0;1011.68;0.0;Partly Cloudy
1448197200;29.0;22.0;0.66;ENE;5.277777777777778;0.0;1011.68;0.0;Partly Cloudy
1448200800;30.0;23.0;0.66;E;4.722222222222222;0.0;1010.68;0.0;Partly Cloudy
1448204400;30.0;23.0;0.66;E;4.722222222222222;0.0;1009.68;0.0;Partly Cloudy
1448208000;29.0;21.0;0.62;E;5.277777777777778;0.0;1008.68;0.0;Fair
1448211600;30.0;21.0;0.58;E;3.611111111111111;0.0;1008.68;0.0;Fair
1448215200;28.0;22.0;0.7;ENE;3.611111111111111;0.0;1008.68;0.0;Fair
1448218800;28.0;22.0;0.7;E;4.166666666666667;0.0;1008.68;0.0;Fair
1448222400;27.0;22.0;0.74;NE;3.0555555555555554;0.0;1009.68;0.0;Fair
1448226000;27.0;22.0;0.74;ENE;2.5;0.0;1009.68;0.0;Fair
1448229600;27.0;22.0;0.74;NE;3.0555555555555554;0.0;1010.68;0.0;Fair
1448233200;27.0;22.0;0.74;NE;2.5;0.0;1010.68;0.0;Partly Cloudy
1448236800;27.0;22.0;0.74;E;2.5;0.0;1010.68;0.0;Mostly Cloudy
1448240400;27.0;22.0;0.74;E;3.0555555555555554;0.0;1010.68;0.0;Mostly Cloudy
1448330400;26.0;23.0;0.83;NE;3.0555555555555554;0.0;1007.68;0.0;Partly Cloudy
1448334000;27.0;22.0;0.74;NE;3.611111111111111;0.0;1006.69;0.0;Mostly Cloudy
1448337600;27.0;21.0;0.7;ENE;1.9444444444444444;0.0;1006.69;0.0;Partly Cloudy
1448341200;26.0;22.0;0.78;NE;3.0555555555555554;0.0;1006.69;0.0;Partly Cloudy
1448344800;27.0;22.0;0.74;NE;2.5;0.0;1006.69;0.0;Partly Cloudy
1448348400;26.0;22.0;0.78;ENE;1.9444444444444444;0.0;1007.68;0.0;Partly Cloudy
1448352000;27.0;22.0;0.74;NE;3.0555555555555554;0.0;1008.68;0.0;Partly Cloudy
1448355600;28.0;22.0;0.7;NE;4.722222222222222;0.0;1009.68;0.0;Partly Cloudy
1448359200;28.0;22.0;0.7;NE;4.166666666666667;0.0;1009.68;0.0;Mostly Cloudy
1448362800;29.0;22.0;0.66;ENE;4.722222222222222;0.0;1010.68;0.0;Partly Cloudy
1448366400;30.0;22.0;0.62;ENE;4.722222222222222;0.0;1010.68;0.0;Partly Cloudy
1448370000;30.0;23.0;0.66;ENE;6.111111111111111;0.0;1009.68;0.0;Partly Cloudy
1448373600;31.0;22.0;0.58;ENE;4.722222222222222;0.0;1009.68;0.0;Partly Cloudy
1448377200;31.0;21.0;0.55;ENE;5.277777777777778;0.0;1008.68;0.0;Fair
1448380800;30.0;22.0;0.62;ENE;5.277777777777778;0.0;1007.68;0.0;Fair
1448384400;29.0;22.0;0.66;NE;5.277777777777778;0.0;1006.69;0.0;Fair
1448388000;29.0;22.0;0.66;NE;4.722222222222222;0.0;1007.68;0.0;Fair
1448391600;28.0;23.0;0.74;NNE;3.611111111111111;0.0;1007.68;0.0;Fair
1448395200;28.0;22.0;0.7;NE;3.611111111111111;0.0;1008.68;0.0;Fair
1448398800;27.0;22.0;0.74;NE;3.611111111111111;0.0;1009.68;0.0;Fair
1448402400;27.0;22.0;0.74;NE;4.166666666666667;0.0;1009.68;0.0;Partly Cloudy
1448406000;27.0;23.0;0.79;NE;3.611111111111111;0.0;1010.68;0.0;Partly Cloudy
1448409600;27.0;23.0;0.79;NNE;3.611111111111111;0.0;1010.68;0.0;Mostly Cloudy
1448413200;27.0;23.0;0.79;NNE;4.166666666666667;0.0;1009.68;0.0;Partly Cloudy
1448589600;27.0;23.0;0.79;NNE;2.5;0.0;1010.68;0.0;Partly Cloudy
1448593200;27.0;23.0;0.79;NNE;3.611111111111111;0.0;1009.68;0.0;Partly Cloudy
1448596800;27.0;22.0;0.74;NNE;3.0555555555555554;0.0;1009.68;0.0;Partly Cloudy
1448600400;27.0;22.0;0.74;NNE;3.0555555555555554;0.0;1009.68;0.0;Partly Cloudy
1448604000;27.0;23.0;0.79;NNE;2.5;0.0;1009.68;0.0;Partly Cloudy
1448607600;25.0;22.0;0.83;NNW;2.5;0.0;1009.68;0.0;Partly Cloudy
1448611200;25.0;22.0;0.83;NW;3.0555555555555554;0.0;1010.68;0.0;Partly Cloudy
1448614800;28.0;23.0;0.74;NNW;3.611111111111111;0.0;1010.68;0.0;Partly Cloudy
1448618400;28.0;22.0;0.7;NNE;5.277777777777778;0.0;1010.68;0.0;Partly Cloudy
1448622000;29.0;23.0;0.7;ENE;5.277777777777778;0.0;1010.68;0.0;Mostly Cloudy
1448625600;30.0;22.0;0.62;NE;5.277777777777778;0.0;1011.68;0.0;Partly Cloudy
1448629200;31.0;22.0;0.58;ENE;6.111111111111111;0.0;1010.68;0.0;Partly Cloudy
1448632800;31.0;22.0;0.58;ENE;5.277777777777778;0.0;1009.68;0.0;Partly Cloudy
1448636400;30.0;23.0;0.66;NE;5.277777777777778;0.0;1009.68;0.0;Partly Cloudy
1448640000;31.0;22.0;0.58;ENE;6.111111111111111;0.0;1008.68;0.0;Partly Cloudy
1448643600;29.0;22.0;0.66;ENE;5.555555555555555;0.0;1008.68;0.0;Partly Cloudy
1448647200;29.0;22.0;0.66;ENE;4.722222222222222;0.0;1008.68;0.0;Partly Cloudy
1448650800;28.0;22.0;0.7;ENE;4.166666666666667;0.0;1008.68;0.0;Partly Cloudy
1448654400;28.0;22.0;0.7;NNE;3.611111111111111;0.0;1009.68;0.0;Partly Cloudy
1448658000;28.0;22.0;0.7;NNE;3.611111111111111;0.0;1009.68;0.0;Fair
1448661600;27.0;22.0;0.74;NNE;4.166666666666667;0.0;1009.68;0.0;Fair
1448665200;27.0;22.0;0.74;NNE;3.0555555555555554;0.0;1010.68;0.0;Partly Cloudy
1448668800;27.0;22.0;0.74;NNE;2.5;0.0;1010.68;0.0;Partly Cloudy
1448672400;26.0;22.0;0.78;NNE;2.5;0.0;1010.68;0.0;Partly Cloudy
1448676000;26.0;22.0;0.78;NE;3.0555555555555554;0.0;1009.68;0.0;Partly Cloudy
1448679600;26.0;22.0;0.78;NE;3.611111111111111;0.0;1009.68;0.0;Partly Cloudy
1448683200;26.0;21.0;0.74;NE;2.5;0.0;1008.68;0.0;Partly Cloudy
1448686800;26.0;21.0;0.74;NE;2.5;0.0;1009.68;0.0;Fair
1448690400;26.0;22.0;0.78;NE;1.9444444444444444;0.0;1009.68;0.0;Partly Cloudy
1448694000;26.0;21.0;0.74;NE;3.0555555555555554;0.0;1009.68;0.0;Partly Cloudy
1448697600;26.0;22.0;0.78;E;3.611111111111111;0.0;1010.68;0.0;Partly Cloudy
1448701200;28.0;21.0;0.66;E;3.611111111111111;0.0;1011.68;0.0;Partly Cloudy
1448704800;28.0;21.0;0.66;E;3.611111111111111;0.0;1012.68;0.0;Partly Cloudy
1448708400;29.0;21.0;0.62;ESE;3.611111111111111;0.0;1012.68;0.0;Mostly Cloudy
1448712000;29.0;22.0;0.66;E;5.277777777777778;0.0;1012.68;0.0;Partly Cloudy
1448715600;30.0;21.0;0.58;ENE;4.166666666666667;0.0;1012.68;0.0;Fair
1448719200;31.0;21.0;0.55;ENE;3.611111111111111;0.0;1011.68;0.0;Fair
1448722800;30.0;21.0;0.58;E;4.722222222222222;0.0;1010.68;0.0;Partly Cloudy
1448726400;30.0;21.0;0.58;E;3.611111111111111;0.0;1009.68;0.0;Fair
1448730000;29.0;22.0;0.66;E;3.611111111111111;0.0;1009.68;0.0;Fair
1448733600;29.0;21.0;0.62;ENE;3.0555555555555554;0.0;1009.68;0.0;Fair
1448737200;28.0;22.0;0.7;ENE;3.0555555555555554;0.0;1010.68;0.0;Partly Cloudy
1448740800;27.0;22.0;0.74;ENE;3.0555555555555554;0.0;1010.68;0.0;Partly Cloudy
1448744400;27.0;22.0;0.74;ENE;3.0555555555555554;0.0;1010.68;0.0;Partly Cloudy
1448748000;27.0;22.0;0.74;ENE;3.0555555555555554;0.0;1011.68;0.0;Fair
1448751600;27.0;22.0;0.74;ENE;2.5;0.0;1012.68;0.0;Partly Cloudy
1448755200;27.0;21.0;0.7;ENE;2.5;0.0;1012.68;0.0;Partly Cloudy
1448758800;27.0;22.0;0.74;ENE;2.5;0.0;1012.68;0.0;Fair
1448848800;26.0;21.0;0.74;ESE;3.0555555555555554;0.0;1012.68;0.0;Partly Cloudy
1448852400;26.0;21.0;0.74;E;3.0555555555555554;0.0;1012.68;0.0;Partly Cloudy
1448856000;26.0;21.0;0.74;E;4.166666666666667;0.0;1012.68;0.0;Partly Cloudy
1448859600;26.0;21.0;0.74;E;2.5;0.0;1012.68;0.0;Mostly Cloudy
1448863200;25.0;21.0;0.78;E;2.5;0.0;1012.68;0.0;Partly Cloudy
1448866800;25.0;22.0;0.83;E;2.5;0.0;1012.68;0.0;Partly Cloudy
1448870400;27.0;21.0;0.7;E;2.5;0.0;1013.68;0.0;Partly Cloudy
1448874000;27.0;21.0;0.7;E;2.5;0.0;1014.67;0.0;Partly Cloudy
1448877600;28.0;21.0;0.66;E;3.611111111111111;0.0;1014.67;0.0;Partly Cloudy
1448881200;30.0;22.0;0.62;E;3.611111111111111;0.0;1014.67;0.0;Partly Cloudy
1448884800;29.0;22.0;0.66;SE;4.722222222222222;0.0;1014.67;0.0;Partly Cloudy
1448888400;30.0;22.0;0.62;ESE;4.722222222222222;0.0;1013.68;0.0;Partly Cloudy
1448892000;30.0;22.0;0.62;ESE;4.722222222222222;0.0;1013.68;0.0;Fair
1448895600;30.0;21.0;0.58;ESE;4.722222222222222;0.0;1012.68;0.0;Fair
1448899200;29.0;21.0;0.62;SE;5.277777777777778;0.0;1012.68;0.0;Fair
1448902800;29.0;22.0;0.66;SE;5.555555555555555;0.0;1011.68;0.0;Partly Cloudy
1448906400;28.0;22.0;0.7;ESE;4.166666666666667;0.0;1011.68;0.0;Partly Cloudy
1448910000;28.0;22.0;0.7;ESE;3.611111111111111;0.0;1012.68;0.0;Partly Cloudy
1448913600;27.0;22.0;0.74;ESE;2.5;0.0;1012.68;0.0;Partly Cloudy
1448917200;27.0;22.0;0.74;E;3.0555555555555554;0.0;1013.68;0.0;Partly Cloudy
1448920800;27.0;22.0;0.74;ESE;3.611111111111111;0.0;1013.68;0.0;Fair
1448924400;27.0;22.0;0.74;ESE;3.0555555555555554;0.0;1014.67;0.0;Partly Cloudy
1448928000;27.0;22.0;0.74;ESE;3.0555555555555554;0.0;1014.67;0.0;Partly Cloudy
1448931600;27.0;22.0;0.74;ESE;3.0555555555555554;0.0;1013.68;0.0;Partly Cloudy
1448935200;27.0;22.0;0.74;ESE;3.0555555555555554;0.0;1012.68;0.0;Fair
1448938800;27.0;22.0;0.74;ESE;3.611111111111111;0.0;1012.68;0.0;Partly Cloudy
1448942400;27.0;22.0;0.74;ESE;1.9444444444444444;0.0;1012.68;0.0;Mostly Cloudy
1448946000;27.0;22.0;0.74;ESE;3.611111111111111;0.0;1012.68;0.0;Mostly Cloudy
1448949600;27.0;22.0;0.74;ESE;3.611111111111111;0.0;1011.68;0.0;Mostly Cloudy
1448953200;27.0;23.0;0.79;ESE;3.0555555555555554;0.0;1012.68;0.0;Mostly Cloudy
1448956800;27.0;23.0;0.79;SE;2.5;0.0;1012.68;0.0;Mostly Cloudy
1448960400;27.0;23.0;0.79;SE;4.722222222222222;0.0;1013.68;0.0;Mostly Cloudy
1448964000;26.0;23.0;0.83;E;3.611111111111111;0.0;1014.67;0.0;Showers in the Vicinity
1448967600;28.0;23.0;0.74;E;4.722222222222222;0.0;1014.67;0.0;Mostly Cloudy
1448971200;29.0;23.0;0.7;E;4.722222222222222;0.0;1014.67;0.0;Partly Cloudy
1448974800;30.0;23.0;0.66;ESE;5.555555555555555;0.0;1013.68;0.0;Partly Cloudy
1448978400;30.0;23.0;0.66;E;5.555555555555555;0.0;1012.68;0.0;Partly Cloudy
1448982000;30.0;22.0;0.62;E;4.722222222222222;0.0;1012.68;0.0;Fair
1448985600;30.0;22.0;0.62;ESE;6.111111111111111;0.0;1011.68;0.0;Fair
1448989200;29.0;22.0;0.66;SE;5.555555555555555;0.0;1011.68;0.0;Fair
1448992800;29.0;22.0;0.66;SE;6.666666666666666;0.0;1011.68;0.0;Fair
1448996400;28.0;22.0;0.7;ESE;4.166666666666667;0.0;1011.68;0.0;Mostly Cloudy
1449000000;28.0;22.0;0.7;SSE;5.555555555555555;0.0;1012.68;0.0;Mostly Cloudy
1449003600;28.0;22.0;0.7;SE;4.166666666666667;0.0;1012.68;0.0;Mostly Cloudy
1449007200;28.0;22.0;0.7;SE;4.722222222222222;0.0;1013.68;0.0;Mostly Cloudy
1449010800;27.0;22.0;0.74;SE;4.166666666666667;0.0;1013.68;0.0;Partly Cloudy
1449014400;27.0;22.0;0.74;SSE;4.166666666666667;0.0;1013.68;0.0;Partly Cloudy
1449018000;27.0;22.0;0.74;SE;4.722222222222222;0.0;1012.68;0.0;Partly Cloudy
1449021600;27.0;22.0;0.74;ESE;4.166666666666667;0.0;1012.68;0.0;Partly Cloudy
1449025200;27.0;22.0;0.74;SE;4.166666666666667;0.0;1011.68;0.0;Partly Cloudy
1449028800;27.0;22.0;0.74;SE;5.277777777777778;0.0;1011.68;0.0;Partly Cloudy
1449032400;27.0;22.0;0.74;ESE;4.722222222222222;0.0;1011.68;0.0;Partly Cloudy
1449036000;27.0;22.0;0.74;SE;4.722222222222222;0.0;1011.68;0.0;Partly Cloudy
1449039600;27.0;22.0;0.74;ESE;3.611111111111111;0.0;1011.68;0.0;Partly Cloudy
1449043200;27.0;22.0;0.74;E;4.166666666666667;0.0;1012.68;0.0;Partly Cloudy
1449046800;27.0;22.0;0.74;E;3.611111111111111;0.0;1012.68;0.0;Mostly Cloudy
1449050400;28.0;23.0;0.74;E;3.0555555555555554;0.0;1013.68;0.0;Partly Cloudy
1449054000;29.0;22.0;0.66;ESE;4.722222222222222;0.0;1013.68;0.0;Fair
1449057600;30.0;20.0;0.55;E;3.611111111111111;0.0;1012.68;0.0;Fair
1449061200;29.0;23.0;0.7;ESE;4.722222222222222;0.0;1012.68;0.0;Fair
1449064800;30.0;22.0;0.62;ESE;4.722222222222222;0.0;1011.68;0.0;Fair
1449068400;30.0;20.0;0.55;SE;4.722222222222222;0.0;1011.68;0.0;Fair
1449072000;29.0;22.0;0.66;SE;5.555555555555555;0.0;1010.68;0.0;Fair
1449075600;29.0;22.0;0.66;ESE;5.555555555555555;0.0;1010.68;0.0;Partly Cloudy
1449079200;29.0;22.0;0.66;E;4.166666666666667;0.0;1010.68;0.0;Fair
1449082800;28.0;22.0;0.7;E;3.611111111111111;0.0;1010.68;0.0;Fair
1449086400;27.0;22.0;0.74;E;2.5;0.0;1011.68;0.0;Fair
1449090000;27.0;22.0;0.74;E;2.5;0.0;1011.68;0.0;Fair
1449093600;27.0;22.0;0.74;E;3.611111111111111;0.0;1011.68;0.0;Partly Cloudy
1449097200;27.0;22.0;0.74;E;1.9444444444444444;0.0;1012.68;0.0;Fair
1449100800;27.0;22.0;0.74;E;1.9444444444444444;0.0;1011.68;0.0;Partly Cloudy
1449104400;27.0;21.0;0.7;E;1.9444444444444444;0.0;1011.68;0.0;Fair
1449108000;27.0;22.0;0.74;E;1.9444444444444444;0.0;1010.68;0.0;Fair
1449111600;27.0;21.0;0.7;E;1.6666666666666665;0.0;1010.68;0.0;Fair
1449115200;27.0;21.0;0.7;ENE;1.6666666666666665;0.0;1009.68;0.0;Fair
1449118800;25.0;22.0;0.83;SW;1.6666666666666665;0.0;1009.68;0.0;Fair
1449122400;25.0;22.0;0.83;W;0.5555555555555556;0.0;1010.68;0.0;Fair
1449126000;24.0;22.0;0.89;SSW;1.1111111111111112;0.0;1010.68;0.0;Mostly Cloudy
1449129600;25.0;22.0;0.83;WNW;1.1111111111111112;0.0;1011.68;0.0;Partly Cloudy
1449133200;27.0;22.0;0.74;W;1.1111111111111112;0.0;1012.68;0.0;Partly Cloudy
1449136800;27.0;22.0;0.74;E;3.0555555555555554;0.0;1013.68;0.0;Partly Cloudy
1449140400;29.0;22.0;0.66;E;3.0555555555555554;0.0;1013.68;0.0;Partly Cloudy
1449144000;29.0;22.0;0.66;E;4.166666666666667;0.0;1013.68;0.0;Partly Cloudy
1449147600;30.0;22.0;0.62;ESE;4.722222222222222;0.0;1013.68;0.0;Partly Cloudy
1449151200;31.0;22.0;0.58;E;5.277777777777778;0.0;1012.68;0.0;Fair
1449154800;32.0;22.0;0.55;ENE;4.722222222222222;0.0;1011.68;0.0;Partly Cloudy
1449158400;31.0;22.0;0.58;ESE;4.722222222222222;0.0;1011.68;0.0;Partly Cloudy
1449162000;29.0;22.0;0.66;E;4.166666666666667;0.0;1010.68;0.0;Fair
1449165600;29.0;21.0;0.62;ENE;3.611111111111111;0.0;1010.68;0.0;Fair
1449169200;28.0;22.0;0.7;ENE;3.611111111111111;0.0;1010.68;0.0;Fair
1449172800;27.0;22.0;0.74;ENE;3.0555555555555554;0.0;1011.68;0.0;Fair
1449176400;27.0;22.0;0.74;NE;2.5;0.0;1011.68;0.0;Fair
1449180000;27.0;22.0;0.74;NE;2.5;0.0;1012.68;0.0;Fair
1449183600;27.0;22.0;0.74;NE;3.0555555555555554;0.0;1012.68;0.0;Fair
1449187200;27.0;22.0;0.74;NE;2.5;0.0;1011.68;0.0;Fair
1449190800;27.0;22.0;0.74;NNE;3.0555555555555554;0.0;1011.68;0.0;Fair
1449194400;26.0;22.0;0.78;N;2.5;0.0;1010.68;0.0;Fair
1449198000;24.0;22.0;0.89;NW;2.5;0.0;1010.68;0.0;Partly Cloudy
1449201600;24.0;21.0;0.83;NW;2.5;0.0;1009.68;0.0;Partly Cloudy
1449205200;24.0;22.0;0.89;NW;1.6666666666666665;0.0;1009.68;0.0;Partly Cloudy
1449208800;23.0;22.0;0.94;NW;1.9444444444444444;0.0;1010.68;0.0;Fair
1449212400;23.0;21.0;0.88;NNW;1.6666666666666665;0.0;1010.68;0.0;Partly Cloudy
1449216000;23.0;21.0;0.88;NW;1.6666666666666665;0.0;1011.68;0.0;Partly Cloudy
1449219600;26.0;22.0;0.78;NNW;2.5;0.0;1011.68;0.0;Partly Cloudy
1449223200;29.0;22.0;0.66;NNE;3.611111111111111;0.0;1012.68;0.0;Partly Cloudy
1449226800;29.0;22.0;0.66;ENE;5.277777777777778;0.0;1012.68;0.0;Partly Cloudy
1449230400;30.0;20.0;0.55;ENE;5.555555555555555;0.0;1012.68;0.0;Partly Cloudy
1449234000;30.0;21.0;0.58;NE;6.666666666666666;0.0;1011.68;0.0;Fair
1449237600;31.0;21.0;0.55;ENE;6.111111111111111;0.0;1010.68;0.0;Fair
1449241200;30.0;22.0;0.62;NE;5.555555555555555;0.0;1010.68;0.0;Fair
1449244800;30.0;22.0;0.62;NE;5.277777777777778;0.0;1009.68;0.0;Fair
1449248400;29.0;22.0;0.66;NE;6.111111111111111;0.0;1009.68;0.0;Partly Cloudy
1449252000;29.0;21.0;0.62;NE;5.277777777777778;0.0;1010.68;0.0;Partly Cloudy
1449255600;28.0;21.0;0.66;NNE;5.277777777777778;0.0;1010.68;0.0;Partly Cloudy
1449259200;27.0;22.0;0.74;NE;4.166666666666667;0.0;1010.68;0.0;Partly Cloudy
1449262800;27.0;21.0;0.7;NE;4.166666666666667;0.0;1011.68;0.0;Partly Cloudy
1449266400;27.0;21.0;0.7;NE;4.166666666666667;0.0;1011.68;0.0;Partly Cloudy
1449270000;26.0;21.0;0.74;NE;3.611111111111111;0.0;1010.68;0.0;Fair
1449273600;26.0;21.0;0.74;NNE;5.277777777777778;0.0;1012.68;0.0;Partly Cloudy
1449277200;26.0;21.0;0.74;NNE;3.611111111111111;0.0;1012.68;0.0;Partly Cloudy
1449280800;26.0;21.0;0.74;NNE;3.611111111111111;0.0;1011.68;0.0;Partly Cloudy
1449284400;26.0;21.0;0.74;E;3.0555555555555554;0.0;1010.68;0.0;Partly Cloudy
1449288000;25.0;21.0;0.78;NW;2.5;0.0;1010.68;0.0;Partly Cloudy
1449291600;24.0;21.0;0.83;NW;2.5;0.0;1010.68;0.0;Partly Cloudy
1449295200;24.0;21.0;0.83;NW;3.0555555555555554;0.0;1010.68;0.0;Partly Cloudy
1449298800;24.0;21.0;0.83;NW;2.5;0.0;1011.68;0.0;Fair
1449302400;24.0;21.0;0.83;WNW;3.0555555555555554;0.0;1012.68;0.0;Partly Cloudy
1449306000;26.0;22.0;0.78;NW;3.611111111111111;0.0;1012.68;0.0;Partly Cloudy
1449309600;28.0;21.0;0.66;N;3.0555555555555554;0.0;1013.68;0.0;Partly Cloudy
1449313200;30.0;20.0;0.55;NNE;4.166666666666667;0.0;1012.68;0.0;Partly Cloudy
1449316800;30.0;21.0;0.58;ENE;5.555555555555555;0.0;1012.68;0.0;Partly Cloudy
1449320400;30.0;21.0;0.58;NE;6.666666666666666;0.0;1012.68;0.0;Fair
1449324000;30.0;21.0;0.58;ENE;6.666666666666666;0.0;1011.68;0.0;Fair
1449327600;31.0;21.0;0.55;ENE;6.666666666666666;0.0;1010.68;0.0;Fair
1449331200;29.0;22.0;0.66;ENE;6.666666666666666;0.0;1010.68;0.0;Fair
1449334800;29.0;22.0;0.66;NNE;5.555555555555555;0.0;1009.68;0.0;Fair
1449338400;29.0;22.0;0.66;NNE;5.277777777777778;0.0;1010.68;0.0;Fair
1449342000;28.0;21.0;0.66;NNE;5.277777777777778;0.0;1010.68;0.0;Fair
1449345600;28.0;22.0;0.7;NNE;4.722222222222222;0.0;1011.68;0.0;Fair
1449349200;27.0;22.0;0.74;NNE;5.277777777777778;0.0;1011.68;0.0;Fair
1449352800;28.0;22.0;0.7;NNE;4.166666666666667;0.0;1012.68;0.0;Fair
1449356400;27.0;22.0;0.74;NNE;4.166666666666667;0.0;1012.68;0.0;Fair
1449360000;27.0;22.0;0.74;NE;4.166666666666667;0.0;1012.68;0.0;Partly Cloudy
1449363600;27.0;22.0;0.74;NNE;4.166666666666667;0.0;1012.68;0.0;Mostly Cloudy
1449367200;27.0;22.0;0.74;NNE;4.166666666666667;0.0;1011.68;0.0;Fair
1449370800;27.0;22.0;0.74;N;3.0555555555555554;0.0;1011.68;0.0;Partly Cloudy
1449374400;27.0;22.0;0.74;N;2.5;0.0;1011.68;0.0;Mostly Cloudy
1449378000;25.0;22.0;0.83;NW;2.5;0.0;1011.68;0.0;Partly Cloudy
1449381600;24.0;22.0;0.89;NW;1.9444444444444444;0.0;1011.68;0.0;Fair
1449385200;24.0;22.0;0.89;NW;2.5;0.0;1011.68;0.0;Fair
1449388800;25.0;22.0;0.83;NW;1.9444444444444444;0.0;1012.68;0.0;Fair
1449392400;27.0;22.0;0.74;N;1.9444444444444444;0.0;1013.68;0.0;Fair
1449396000;28.0;22.0;0.7;N;3.0555555555555554;0.0;1013.68;0.0;Mostly Cloudy
1449399600;29.0;21.0;0.62;NNE;5.277777777777778;0.0;1013.68;0.0;Partly Cloudy
1449403200;30.0;21.0;0.58;NE;4.722222222222222;0.0;1013.68;0.0;Partly Cloudy
1449406800;30.0;21.0;0.58;NNE;5.555555555555555;0.0;1012.68;0.0;Partly Cloudy
1449410400;30.0;22.0;0.62;ENE;6.111111111111111;0.0;1012.68;0.0;Partly Cloudy
1449414000;30.0;21.0;0.58;NE;6.111111111111111;0.0;1011.68;0.0;Fair
1449417600;29.0;22.0;0.66;NE;5.555555555555555;0.0;1011.68;0.0;Fair
1449421200;29.0;22.0;0.66;ENE;5.277777777777778;0.0;1010.68;0.0;Fair
1449424800;28.0;22.0;0.7;ENE;5.277777777777778;0.0;1010.68;0.0;Fair
1449428400;28.0;22.0;0.7;NE;4.722222222222222;0.0;1010.68;0.0;Partly Cloudy
1449432000;27.0;22.0;0.74;ENE;3.0555555555555554;0.0;1011.68;0.0;Partly Cloudy
1449435600;27.0;22.0;0.74;ENE;3.0555555555555554;0.0;1011.68;0.0;Partly Cloudy
1449439200;27.0;22.0;0.74;NE;1.9444444444444444;0.0;1012.68;0.0;Partly Cloudy
1449442800;26.0;22.0;0.78;NE;1.9444444444444444;0.0;1013.68;0.0;Partly Cloudy
1449446400;27.0;22.0;0.74;NE;3.0555555555555554;0.0;1013.68;0.0;Partly Cloudy
1449450000;27.0;22.0;0.74;ENE;2.5;0.0;1012.68;0.0;Partly Cloudy
1449453600;27.0;22.0;0.74;NE;2.5;0.0;1012.68;0.0;Partly Cloudy
1449457200;27.0;22.0;0.74;ENE;2.5;0.0;1011.68;0.0;Fair
1449460800;26.0;22.0;0.78;ENE;2.5;0.0;1011.68;0.0;Fair
1449464400;26.0;22.0;0.78;ENE;1.9444444444444444;0.0;1011.68;0.0;Fair
1449468000;26.0;21.0;0.74;ENE;1.9444444444444444;0.0;1011.68;0.0;Partly Cloudy
1449471600;24.0;21.0;0.83;NW;1.9444444444444444;0.0;1011.68;0.0;Mostly Cloudy
1449475200;25.0;22.0;0.83;NW;1.6666666666666665;0.0;1012.68;0.0;Fair
1449478800;27.0;22.0;0.74;NW;1.6666666666666665;0.0;1012.68;0.0;Mostly Cloudy
1449482400;28.0;22.0;0.7;NE;4.166666666666667;0.0;1013.68;0.0;Mostly Cloudy
1449486000;29.0;23.0;0.7;ENE;4.166666666666667;0.0;1014.67;0.0;Mostly Cloudy
1449489600;30.0;23.0;0.66;E;4.722222222222222;0.0;1013.68;0.0;Partly Cloudy
1449493200;30.0;22.0;0.62;ENE;5.277777777777778;0.0;1013.68;0.0;Partly Cloudy
1449496800;30.0;22.0;0.62;ENE;5.277777777777778;0.0;1012.68;0.0;Partly Cloudy
1449500400;31.0;22.0;0.58;E;5.555555555555555;0.0;1011.68;0.0;Partly Cloudy
1449504000;29.0;22.0;0.66;E;5.277777777777778;0.0;1011.68;0.0;Partly Cloudy
1449507600;29.0;22.0;0.66;E;4.722222222222222;0.0;1010.68;0.0;Partly Cloudy
1449511200;29.0;22.0;0.66;ESE;4.722222222222222;0.0;1010.68;0.0;Fair
1449514800;28.0;22.0;0.7;E;3.611111111111111;0.0;1011.68;0.0;Fair
1449518400;27.0;21.0;0.7;E;3.611111111111111;0.0;1011.68;0.0;Fair
1449522000;27.0;22.0;0.74;E;3.0555555555555554;0.0;1012.68;0.0;Fair
1449525600;27.0;22.0;0.74;E;3.0555555555555554;0.0;1012.68;0.0;Fair
1449529200;27.0;22.0;0.74;E;3.0555555555555554;0.0;1013.68;0.0;Partly Cloudy
1449532800;27.0;22.0;0.74;NE;3.611111111111111;0.0;1013.68;0.0;Partly Cloudy
1449536400;27.0;21.0;0.7;NE;3.0555555555555554;0.0;1012.68;0.0;Partly Cloudy
1449540000;27.0;21.0;0.7;NE;3.0555555555555554;0.0;1012.68;0.0;Fair
1449543600;27.0;21.0;0.7;NE;3.611111111111111;0.0;1011.68;0.0;Fair
1449547200;27.0;21.0;0.7;NE;3.611111111111111;0.0;1011.68;0.0;Fair
1449550800;27.0;19.0;0.61;ENE;1.9444444444444444;0.0;1011.68;0.0;Fair
1449554400;27.0;21.0;0.7;ENE;2.5;0.0;1011.68;0.0;Mostly Cloudy
1449558000;27.0;21.0;0.7;ENE;1.9444444444444444;0.0;1012.68;0.0;Partly Cloudy
1449561600;28.0;21.0;0.66;ENE;3.0555555555555554;0.0;1012.68;0.0;Fair
1449565200;28.0;21.0;0.66;ENE;2.5;0.0;1012.68;0.0;Fair
1449568800;28.0;22.0;0.7;ESE;3.611111111111111;0.0;1013.68;0.0;Partly Cloudy
1449572400;29.0;20.0;0.58;ESE;3.611111111111111;0.0;1013.68;0.0;Fair
1449576000;30.0;22.0;0.62;ESE;4.166666666666667;0.0;1013.68;0.0;Partly Cloudy
1449579600;30.0;22.0;0.62;E;4.166666666666667;0.0;1013.68;0.0;Mostly Cloudy
1449583200;31.0;23.0;0.62;SE;4.722222222222222;0.0;1012.68;0.0;Partly Cloudy
1449586800;31.0;22.0;0.58;ESE;4.166666666666667;0.0;1011.68;0.0;Partly Cloudy
1449590400;30.0;22.0;0.62;ESE;3.611111111111111;0.0;1011.68;0.0;Partly Cloudy
1449594000;29.0;22.0;0.66;SSE;5.277777777777778;0.0;1010.68;0.0;Fair
1449597600;28.0;22.0;0.7;SE;4.722222222222222;0.0;1010.68;0.0;Partly Cloudy
1449601200;28.0;22.0;0.7;SE;4.722222222222222;0.0;1011.68;0.0;Partly Cloudy
1449604800;28.0;22.0;0.7;SE;4.166666666666667;0.0;1012.68;0.0;Mostly Cloudy
1449608400;28.0;22.0;0.7;SE;3.611111111111111;0.0;1012.68;0.0;Mostly Cloudy
1449612000;28.0;23.0;0.74;SE;4.166666666666667;0.0;1013.68;0.0;Mostly Cloudy
1449615600;28.0;23.0;0.74;ESE;4.166666666666667;0.0;1013.68;0.0;Mostly Cloudy
1449619200;28.0;23.0;0.74;ESE;2.5;0.0;1013.68;0.0;Partly Cloudy
1449622800;28.0;23.0;0.74;ESE;3.611111111111111;0.0;1013.68;0.0;Mostly Cloudy
1449626400;27.0;23.0;0.79;ESE;4.166666666666667;0.0;1012.68;0.0;Mostly Cloudy
1449630000;27.0;23.0;0.79;ESE;4.166666666666667;0.0;1011.68;0.0;Partly Cloudy
1449633600;27.0;23.0;0.79;ESE;2.5;0.0;1011.68;0.0;Mostly Cloudy
1449637200;27.0;23.0;0.79;ESE;3.0555555555555554;0.0;1011.68;0.0;Mostly Cloudy
1449640800;27.0;23.0;0.79;SE;4.722222222222222;0.0;1011.68;0.0;Mostly Cloudy
1449644400;27.0;23.0;0.79;SE;5.277777777777778;0.0;1012.68;0.0;Mostly Cloudy
1449648000;28.0;23.0;0.74;SE;4.722222222222222;0.0;1012.68;0.0;Mostly Cloudy
1449651600;28.0;23.0;0.74;ESE;4.722222222222222;0.0;1013.68;0.0;Partly Cloudy
1449655200;28.0;23.0;0.74;E;5.277777777777778;0.0;1014.67;0.0;Partly Cloudy
1449658800;29.0;23.0;0.7;SE;6.111111111111111;0.0;1014.67;0.0;Partly Cloudy
1449662400;29.0;23.0;0.7;SE;6.111111111111111;0.0;1014.67;0.0;Partly Cloudy
1449666000;30.0;23.0;0.66;ESE;5.277777777777778;0.0;1014.67;0.0;Mostly Cloudy
1449669600;31.0;23.0;0.62;SE;6.111111111111111;0.0;1013.68;0.0;Mostly Cloudy
1449673200;31.0;23.0;0.62;ESE;5.277777777777778;0.0;1012.68;0.0;Mostly Cloudy
1449676800;31.0;23.0;0.62;SE;6.111111111111111;0.0;1012.68;0.0;Partly Cloudy
1449680400;30.0;23.0;0.66;ESE;4.722222222222222;0.0;1011.68;0.0;Fair
1449684000;29.0;23.0;0.7;SE;5.555555555555555;0.0;1011.68;0.0;Mostly Cloudy
1449687600;28.0;23.0;0.74;SE;5.277777777777778;0.0;1011.68;0.0;Partly Cloudy
1449691200;28.0;23.0;0.74;SE;4.722222222222222;0.0;1011.68;0.0;Partly Cloudy
1449694800;28.0;23.0;0.74;SE;4.166666666666667;0.0;1012.68;0.0;Partly Cloudy
1449698400;28.0;22.0;0.7;SE;5.277777777777778;0.0;1012.68;0.0;Partly Cloudy
1449702000;27.0;22.0;0.74;ESE;3.611111111111111;0.0;1013.68;0.0;Partly Cloudy
1449705600;27.0;23.0;0.79;SE;5.277777777777778;0.0;1013.68;0.0;Mostly Cloudy
1449709200;27.0;22.0;0.74;ESE;4.166666666666667;0.0;1012.68;0.0;Mostly Cloudy
1449712800;26.0;22.0;0.78;SE;4.722222222222222;0.0;1012.68;0.0;Partly Cloudy
1449716400;26.0;22.0;0.78;ESE;4.166666666666667;0.0;1011.68;0.0;Partly Cloudy
1449720000;26.0;22.0;0.78;E;3.611111111111111;0.0;1011.68;0.0;Partly Cloudy
1449723600;26.0;22.0;0.78;E;4.166666666666667;0.0;1011.68;0.0;Mostly Cloudy
1449727200;26.0;22.0;0.78;E;3.611111111111111;0.0;1011.68;0.0;Mostly Cloudy
1449730800;25.0;22.0;0.83;E;4.166666666666667;0.0;1011.68;0.0;Mostly Cloudy
1449734400;26.0;22.0;0.78;E;4.166666666666667;0.0;1012.68;0.0;Mostly Cloudy
1449738000;27.0;22.0;0.74;E;4.166666666666667;0.0;1013.68;0.0;Mostly Cloudy
1449741600;28.0;22.0;0.7;ESE;4.722222222222222;0.0;1014.67;0.0;Mostly Cloudy
1449745200;29.0;21.0;0.62;E;5.555555555555555;0.0;1014.67;0.0;Partly Cloudy
1449748800;30.0;21.0;0.58;SE;5.555555555555555;0.0;1014.67;0.0;Fair
1449752400;30.0;20.0;0.55;E;5.277777777777778;0.0;1013.68;0.0;Fair
1449756000;30.0;21.0;0.58;E;4.722222222222222;0.0;1013.68;0.0;Fair
1449759600;30.0;21.0;0.58;SE;5.277777777777778;0.0;1012.68;0.0;Fair
1449763200;29.0;21.0;0.62;SE;5.277777777777778;0.0;1011.68;0.0;Fair
1449766800;29.0;22.0;0.66;SE;4.722222222222222;0.0;1011.68;0.0;Fair
1449770400;29.0;21.0;0.62;SE;3.611111111111111;0.0;1011.68;0.0;Fair
1449774000;29.0;21.0;0.62;ESE;3.611111111111111;0.0;1011.68;0.0;Fair
1449777600;27.0;21.0;0.7;ESE;4.166666666666667;0.0;1011.68;0.0;Fair
1449781200;28.0;21.0;0.66;ESE;3.611111111111111;0.0;1012.68;0.0;Fair
1449784800;27.0;21.0;0.7;SE;3.611111111111111;0.0;1013.68;0.0;Fair
1449788400;27.0;22.0;0.74;ESE;2.5;0.0;1014.67;0.0;Fair
1449792000;27.0;22.0;0.74;ESE;2.5;0.0;1014.67;0.0;Partly Cloudy
1449795600;27.0;22.0;0.74;ESE;3.611111111111111;0.0;1014.67;0.0;Partly Cloudy
1449885600;27.0;22.0;0.74;NE;2.5;0.0;1012.68;0.0;Partly Cloudy
1449889200;27.0;22.0;0.74;ENE;2.5;0.0;1012.68;0.0;Partly Cloudy
1449892800;27.0;23.0;0.79;E;2.5;0.0;1011.68;0.0;Mostly Cloudy
1449896400;26.0;24.0;0.89;E;1.6666666666666665;0.0;1011.68;0.0;Mostly Cloudy
1449900000;26.0;23.0;0.83;E;2.5;0.0;1011.68;0.0;Partly Cloudy
1449903600;26.0;22.0;0.78;E;1.9444444444444444;0.0;1012.68;0.0;Partly Cloudy
1449907200;27.0;22.0;0.74;E;1.9444444444444444;0.0;1013.68;0.0;Partly Cloudy
1449910800;27.0;22.0;0.74;E;3.611111111111111;0.0;1013.68;0.0;Mostly Cloudy
1449914400;29.0;22.0;0.66;E;4.166666666666667;0.0;1014.67;0.0;Mostly Cloudy
1449918000;29.0;22.0;0.66;E;4.166666666666667;0.0;1014.67;0.0;Mostly Cloudy
1449921600;30.0;22.0;0.62;ESE;5.277777777777778;0.0;1014.67;0.0;Partly Cloudy
1449925200;29.0;22.0;0.66;E;4.722222222222222;0.0;1014.67;0.0;Fair
1449928800;31.0;22.0;0.58;E;4.166666666666667;0.0;1013.68;0.0;Fair
1449932400;30.0;22.0;0.62;E;4.166666666666667;0.0;1013.68;0.0;Fair
1449936000;29.0;23.0;0.7;E;4.722222222222222;0.0;1012.68;0.0;Fair
1449939600;29.0;23.0;0.7;ENE;4.166666666666667;0.0;1011.68;0.0;Partly Cloudy
1449943200;29.0;23.0;0.7;ENE;3.611111111111111;0.0;1011.68;0.0;Partly Cloudy
1449946800;28.0;23.0;0.74;ENE;3.0555555555555554;0.0;1011.68;0.0;Partly Cloudy
1449950400;28.0;23.0;0.74;E;3.0555555555555554;0.0;1012.68;0.0;Partly Cloudy
1449954000;28.0;23.0;0.74;E;3.0555555555555554;0.0;1012.68;0.0;Partly Cloudy
1449957600;28.0;23.0;0.74;E;3.611111111111111;0.0;1013.68;0.0;Partly Cloudy
1449961200;28.0;23.0;0.74;ENE;3.611111111111111;0.0;1013.68;0.0;Partly Cloudy
1449964800;27.0;23.0;0.79;E;3.611111111111111;0.0;1013.68;0.0;Partly Cloudy
1449968400;27.0;23.0;0.79;ENE;3.0555555555555554;0.0;1013.68;0.0;Partly Cloudy
1450058400;26.0;22.0;0.78;SE;4.722222222222222;0.0;1011.68;0.0;Partly Cloudy
1450062000;26.0;22.0;0.78;SE;4.722222222222222;0.0;1010.68;0.0;Partly Cloudy
1450065600;26.0;22.0;0.78;ESE;3.611111111111111;0.0;1010.68;0.0;Partly Cloudy
1450069200;26.0;21.0;0.74;SSE;3.611111111111111;0.0;1010.68;0.0;Partly Cloudy
1450072800;25.0;21.0;0.78;SE;5.277777777777778;0.0;1010.68;0.0;Partly Cloudy
1450076400;26.0;21.0;0.74;SE;4.166666666666667;0.0;1010.68;0.0;Partly Cloudy
1450080000;26.0;22.0;0.78;SE;4.166666666666667;0.0;1011.68;0.0;Showers in the Vicinity
1450083600;27.0;23.0;0.79;ESE;3.611111111111111;0.0;1011.68;0.0;Partly Cloudy
1450087200;29.0;22.0;0.66;E;5.277777777777778;0.0;1012.68;0.0;Fair
1450090800;29.0;21.0;0.62;ESE;5.277777777777778;0.0;1012.68;0.0;Partly Cloudy
1450094400;30.0;20.0;0.55;SE;6.111111111111111;0.0;1012.68;0.0;Fair
1450098000;31.0;21.0;0.55;SE;6.111111111111111;0.0;1012.68;0.0;Fair
1450101600;30.0;21.0;0.58;ESE;5.555555555555555;0.0;1011.68;0.0;Fair
1450105200;29.0;23.0;0.7;SE;6.666666666666666;0.0;1011.68;0.0;Partly Cloudy
1450108800;29.0;22.0;0.66;SE;5.277777777777778;0.0;1010.68;0.0;Mostly Cloudy
1450112400;30.0;22.0;0.62;SE;5.277777777777778;0.0;1010.68;0.0;Mostly Cloudy
1450116000;29.0;21.0;0.62;SE;5.555555555555555;0.0;1009.68;0.0;Partly Cloudy
1450119600;28.0;21.0;0.66;SE;5.555555555555555;0.0;1010.68;0.0;Fair
1450123200;28.0;21.0;0.66;SE;4.166666666666667;0.0;1010.68;0.0;Partly Cloudy
1450126800;27.0;22.0;0.74;SE;4.722222222222222;0.0;1011.68;0.0;Fair
1450130400;27.0;22.0;0.74;SE;4.166666666666667;0.0;1011.68;0.0;Partly Cloudy
1450134000;27.0;22.0;0.74;SE;3.611111111111111;0.0;1012.68;0.0;Mostly Cloudy
1450137600;26.0;22.0;0.78;SE;3.611111111111111;0.0;1012.68;0.0;Partly Cloudy
1450141200;26.0;22.0;0.78;ESE;3.0555555555555554;0.0;1011.68;0.0;Mostly Cloudy
1450144800;26.0;21.0;0.74;E;3.611111111111111;0.0;1011.68;0.0;Partly Cloudy
1450148400;26.0;21.0;0.74;E;2.5;0.0;1010.68;0.0;Partly Cloudy
1450152000;26.0;22.0;0.78;E;3.0555555555555554;0.0;1010.68;0.0;Partly Cloudy
1450155600;26.0;22.0;0.78;E;3.0555555555555554;0.0;1010.68;0.0;Partly Cloudy
1450159200;26.0;22.0;0.78;ESE;3.611111111111111;0.0;1010.68;0.0;Partly Cloudy
1450162800;26.0;22.0;0.78;E;2.5;0.0;1010.68;0.0;Mostly Cloudy
1450166400;27.0;22.0;0.74;E;2.5;0.0;1011.68;0.0;Partly Cloudy
1450170000;26.0;22.0;0.78;E;2.5;0.0;1012.68;0.0;Partly Cloudy
1450173600;28.0;21.0;0.66;ESE;4.166666666666667;0.0;1012.68;0.0;Partly Cloudy
1450177200;30.0;22.0;0.62;ESE;4.722222222222222;0.0;1012.68;0.0;Partly Cloudy
1450180800;30.0;22.0;0.62;ESE;5.277777777777778;0.0;1012.68;0.0;Partly Cloudy
1450184400;30.0;21.0;0.58;SE;5.277777777777778;0.0;1012.68;0.0;Fair
1450188000;30.0;22.0;0.62;ESE;5.555555555555555;0.0;1011.68;0.0;Fair
1450191600;30.0;21.0;0.58;SE;5.555555555555555;0.0;1011.68;0.0;Fair
1450195200;30.0;21.0;0.58;SE;6.666666666666666;0.0;1010.68;0.0;Fair
1450198800;30.0;21.0;0.58;SE;5.277777777777778;0.0;1010.68;0.0;Fair
1450202400;29.0;22.0;0.66;SE;5.555555555555555;0.0;1010.68;0.0;Fair
1450206000;28.0;21.0;0.66;SE;5.277777777777778;0.0;1011.68;0.0;Fair
1450209600;28.0;21.0;0.66;SE;5.277777777777778;0.0;1011.68;0.0;Fair
1450213200;28.0;22.0;0.7;SE;5.277777777777778;0.0;1012.68;0.0;Partly Cloudy
1450216800;28.0;22.0;0.7;ESE;4.166666666666667;0.0;1012.68;0.0;Partly Cloudy
1450220400;28.0;22.0;0.7;SE;4.166666666666667;0.0;1012.68;0.0;Mostly Cloudy
1450224000;28.0;23.0;0.74;SE;5.277777777777778;0.0;1012.68;0.0;Mostly Cloudy
1450227600;27.0;23.0;0.79;ESE;5.555555555555555;0.0;1012.68;0.0;Mostly Cloudy
1450317600;27.0;22.0;0.74;E;3.611111111111111;0.0;1012.68;0.0;Partly Cloudy
1450321200;27.0;23.0;0.79;ESE;3.0555555555555554;0.0;1011.68;0.0;Partly Cloudy
1450324800;27.0;22.0;0.74;E;2.5;0.0;1011.68;0.0;Partly Cloudy
1450328400;27.0;22.0;0.74;E;3.0555555555555554;0.0;1011.68;0.0;Partly Cloudy
1450332000;27.0;22.0;0.74;E;4.166666666666667;0.0;1011.68;0.0;Partly Cloudy
1450335600;27.0;22.0;0.74;ESE;3.611111111111111;0.0;1012.68;0.0;Partly Cloudy
1450339200;27.0;22.0;0.74;ESE;3.0555555555555554;0.0;1012.68;0.0;Partly Cloudy
1450342800;28.0;22.0;0.7;ESE;3.611111111111111;0.0;1012.68;0.0;Partly Cloudy
1450346400;28.0;22.0;0.7;E;4.166666666666667;0.0;1013.68;0.0;Partly Cloudy
1450350000;29.0;23.0;0.7;ESE;4.166666666666667;0.0;1013.68;0.0;Partly Cloudy
1450353600;30.0;23.0;0.66;SE;4.166666666666667;0.0;1013.68;0.0;Partly Cloudy
1450357200;30.0;23.0;0.66;ESE;4.166666666666667;0.0;1013.68;0.0;Partly Cloudy
1450360800;31.0;23.0;0.62;SE;5.277777777777778;0.0;1012.68;0.0;Partly Cloudy
1450364400;30.0;23.0;0.66;SE;6.111111111111111;0.0;1012.68;0.0;Partly Cloudy
1450368000;30.0;23.0;0.66;ESE;5.277777777777778;0.0;1011.68;0.0;Partly Cloudy
1450371600;30.0;23.0;0.66;E;5.555555555555555;0.0;1011.68;0.0;Partly Cloudy
1450375200;28.0;24.0;0.79;ESE;5.277777777777778;0.0;1011.68;0.0;Partly Cloudy
1450378800;27.0;24.0;0.84;E;6.666666666666666;0.0;1011.68;0.0;Partly Cloudy
1450382400;26.0;23.0;0.83;ESE;4.722222222222222;0.0;1011.68;0.0;Partly Cloudy
1450386000;26.0;23.0;0.83;ESE;4.722222222222222;0.0;1012.68;0.0;Mostly Cloudy
1450389600;27.0;23.0;0.79;E;3.0555555555555554;0.0;1012.68;0.0;Partly Cloudy
1450393200;27.0;23.0;0.79;E;2.5;0.0;1012.68;0.0;Mostly Cloudy
1450396800;27.0;23.0;0.79;E;1.9444444444444444;0.0;1013.68;0.0;Partly Cloudy
1450400400;27.0;23.0;0.79;E;1.9444444444444444;0.0;1012.68;0.0;Partly Cloudy
1450404000;27.0;23.0;0.79;E;1.9444444444444444;0.0;1011.68;0.0;Partly Cloudy
1450407600;27.0;23.0;0.79;ESE;3.0555555555555554;0.0;1011.68;0.0;Partly Cloudy
1450411200;26.0;23.0;0.83;E;4.722222222222222;0.0;1011.68;0.0;Mostly Cloudy
1450414800;25.0;22.0;0.83;E;4.166666666666667;0.0;1011.68;0.0;Partly Cloudy
1450418400;25.0;22.0;0.83;SE;1.1111111111111112;0.0;1011.68;0.0;Partly Cloudy
1450422000;25.0;22.0;0.83;W;1.1111111111111112;0.0;1012.68;0.0;Mostly Cloudy
1450425600;25.0;23.0;0.89;SW;1.6666666666666665;0.0;1012.68;0.0;Mostly Cloudy
1450429200;25.0;23.0;0.89;SSW;1.6666666666666665;0.0;1012.68;0.0;Mostly Cloudy
1450432800;26.0;23.0;0.83;S;2.5;0.0;1013.68;0.0;Showers in the Vicinity
1450434360;25.0;24.0;0.94;ENE;2.5;0.0;1013.68;0.0;Light Rain
1450436400;24.0;22.0;0.89;NE;2.5;0.0;1013.68;0.0;Light Rain
1450440000;27.0;23.0;0.79;SSW;2.5;0.0;1013.68;0.0;Showers in the Vicinity
1450443600;28.0;24.0;0.79;SSE;2.5;0.0;1013.68;0.0;Mostly Cloudy
1450447200;27.0;24.0;0.84;SE;3.611111111111111;0.0;1012.68;0.0;Showers in the Vicinity
1450450800;28.0;24.0;0.79;ESE;2.5;0.0;1011.68;0.0;Mostly Cloudy
1450454400;29.0;24.0;0.74;E;4.166666666666667;0.0;1011.68;0.0;Showers in the Vicinity
1450458000;29.0;23.0;0.7;E;4.722222222222222;0.0;1010.68;0.0;Partly Cloudy
1450461600;29.0;23.0;0.7;E;4.166666666666667;0.0;1010.68;0.0;Partly Cloudy
1450465200;27.0;24.0;0.84;E;3.611111111111111;0.0;1011.68;0.0;Partly Cloudy
1450468800;28.0;23.0;0.74;E;3.611111111111111;0.0;1011.68;0.0;Mostly Cloudy
1450472400;27.0;23.0;0.79;ESE;4.166666666666667;0.0;1012.68;0.0;Mostly Cloudy
1450476000;27.0;24.0;0.84;ESE;3.0555555555555554;0.0;1012.68;0.0;Partly Cloudy
1450479600;27.0;23.0;0.79;ESE;5.277777777777778;0.0;1013.68;0.0;Partly Cloudy
1450483200;27.0;23.0;0.79;E;4.166666666666667;0.0;1012.68;0.0;Mostly Cloudy
1450486800;27.0;24.0;0.84;E;4.166666666666667;0.0;1012.68;0.0;Showers in the Vicinity
1450490400;27.0;23.0;0.79;ESE;4.166666666666667;0.0;1011.68;0.0;Mostly Cloudy
1450494000;27.0;23.0;0.79;ESE;4.166666666666667;0.0;1011.68;0.0;Mostly Cloudy
1450497600;27.0;23.0;0.79;E;4.166666666666667;0.0;1010.68;0.0;Partly Cloudy
1450501200;27.0;23.0;0.79;E;3.611111111111111;0.0;1010.68;0.0;Mostly Cloudy
1450504800;27.0;23.0;0.79;ESE;3.611111111111111;0.0;1011.68;0.0;Mostly Cloudy
1450508400;27.0;23.0;0.79;ESE;3.611111111111111;0.0;1011.68;0.0;Mostly Cloudy
1450512000;27.0;23.0;0.79;E;2.5;0.0;1012.68;0.0;Mostly Cloudy
1450515600;28.0;23.0;0.74;E;3.0555555555555554;0.0;1012.68;0.0;Mostly Cloudy
1450519200;28.0;23.0;0.74;ENE;4.722222222222222;0.0;1013.68;0.0;Partly Cloudy
1450522800;29.0;23.0;0.7;E;5.277777777777778;0.0;1013.68;0.0;Partly Cloudy
1450526400;28.0;24.0;0.79;E;4.166666666666667;0.0;1013.68;0.0;Partly Cloudy
1450530000;29.0;23.0;0.7;E;4.722222222222222;0.0;1013.68;0.0;Partly Cloudy
1450533600;30.0;23.0;0.66;E;4.722222222222222;0.0;1012.68;0.0;Partly Cloudy
1450537200;29.0;23.0;0.7;E;5.277777777777778;0.0;1012.68;0.0;Partly Cloudy
1450540800;29.0;23.0;0.7;SE;6.111111111111111;0.0;1011.68;0.0;Mostly Cloudy
1450544400;30.0;23.0;0.66;E;4.166666666666667;0.0;1011.68;0.0;Partly Cloudy
1450548000;29.0;23.0;0.7;ESE;5.277777777777778;0.0;1011.68;0.0;Partly Cloudy
1450551600;28.0;23.0;0.74;ESE;6.111111111111111;0.0;1011.68;0.0;Mostly Cloudy
1450555200;28.0;23.0;0.74;ESE;4.166666666666667;0.0;1011.68;0.0;Mostly Cloudy
1450558800;27.0;23.0;0.79;E;3.611111111111111;0.0;1012.68;0.0;Partly Cloudy
1450562400;27.0;23.0;0.79;SE;4.166666666666667;0.0;1013.68;0.0;Partly Cloudy
1450566000;27.0;23.0;0.79;ESE;5.277777777777778;0.0;1013.68;0.0;Partly Cloudy
1450569600;26.0;23.0;0.83;E;3.0555555555555554;0.0;1013.68;0.0;Partly Cloudy
1450573200;26.0;23.0;0.83;E;3.611111111111111;0.0;1012.68;0.0;Mostly Cloudy
1450749600;27.0;22.0;0.74;ESE;4.166666666666667;0.0;1011.68;0.0;Partly Cloudy
1450753200;27.0;22.0;0.74;E;2.5;0.0;1010.68;0.0;Partly Cloudy
1450756800;27.0;23.0;0.79;ESE;4.722222222222222;0.0;1010.68;0.0;Partly Cloudy
1450760400;27.0;22.0;0.74;ESE;3.0555555555555554;0.0;1010.68;0.0;Mostly Cloudy
1450764000;27.0;22.0;0.74;ESE;4.166666666666667;0.0;1010.68;0.0;Mostly Cloudy
1450767600;27.0;22.0;0.74;E;3.0555555555555554;0.0;1011.68;0.0;Mostly Cloudy
1450771200;27.0;23.0;0.79;E;4.166666666666667;0.0;1011.68;0.0;Mostly Cloudy
1450772700;24.0;23.0;0.94;E;5.277777777777778;0.0;0.0;0.0;Light Rain
1450774800;26.0;23.0;0.83;ESE;2.5;0.0;1012.68;0.0;Light Rain
1450778400;26.0;23.0;0.83;NE;5.555555555555555;0.0;1013.68;0.0;Partly Cloudy
1450782000;26.0;23.0;0.83;NE;3.611111111111111;0.0;1013.68;0.0;Light Rain
1450785600;26.0;23.0;0.83;NNE;2.5;0.0;1013.68;0.0;Showers in the Vicinity
1450789200;26.0;21.0;0.74;ENE;4.722222222222222;0.0;1013.68;0.0;Showers in the Vicinity
1450792800;28.0;22.0;0.7;ENE;4.166666666666667;0.0;1011.68;0.0;Showers in the Vicinity
1450793880;25.0;24.0;0.94;SE;7.777777777777778;0.0;1012.68;0.0;Light Rain
1450796400;24.0;23.0;0.94;ESE;3.0555555555555554;0.0;1011.68;0.0;Light Rain
1450800000;24.0;22.0;0.89;E;5.555555555555555;0.0;1011.68;0.0;Showers in the Vicinity
1450803600;28.0;23.0;0.74;E;3.611111111111111;0.0;1010.68;0.0;Showers in the Vicinity
1450807200;27.0;22.0;0.74;ESE;4.166666666666667;0.0;1011.68;0.0;Mostly Cloudy
1450810800;27.0;22.0;0.74;ESE;4.166666666666667;0.0;1011.68;0.0;Mostly Cloudy
1450814400;27.0;22.0;0.74;SE;4.166666666666667;0.0;1011.68;0.0;Partly Cloudy
1450818000;27.0;22.0;0.74;ESE;4.166666666666667;0.0;1012.68;0.0;Partly Cloudy
1450821600;27.0;21.0;0.7;ESE;4.166666666666667;0.0;1013.68;0.0;Partly Cloudy
1450825200;27.0;21.0;0.7;ESE;4.166666666666667;0.0;1013.68;0.0;Partly Cloudy
1450828800;27.0;21.0;0.7;ESE;1.9444444444444444;0.0;1013.68;0.0;Partly Cloudy
1450832400;27.0;22.0;0.74;ESE;3.611111111111111;0.0;1012.68;0.0;Partly Cloudy
1450836000;27.0;22.0;0.74;E;3.611111111111111;0.0;1011.68;0.0;Partly Cloudy
1450839600;27.0;22.0;0.74;ESE;3.611111111111111;0.0;1011.68;0.0;Fair
1450843200;27.0;20.0;0.65;ESE;4.166666666666667;0.0;1010.68;0.0;Fair
1450846800;27.0;22.0;0.74;E;3.0555555555555554;0.0;1010.68;0.0;Partly Cloudy
1450850400;27.0;22.0;0.74;E;4.166666666666667;0.0;1010.68;0.0;Partly Cloudy
1450854000;26.0;22.0;0.78;E;3.0555555555555554;0.0;1011.68;0.0;Showers in the Vicinity
1450857600;27.0;22.0;0.74;E;4.166666666666667;0.0;1012.68;0.0;Partly Cloudy
1450861200;28.0;22.0;0.7;E;4.722222222222222;0.0;1012.68;0.0;Partly Cloudy
1450864800;28.0;22.0;0.7;SE;5.277777777777778;0.0;1013.68;0.0;Partly Cloudy
1450868400;29.0;22.0;0.66;SE;5.277777777777778;0.0;1013.68;0.0;Partly Cloudy
1450872000;30.0;22.0;0.62;SE;5.277777777777778;0.0;1013.68;0.0;Partly Cloudy
1450875600;29.0;23.0;0.7;SE;6.111111111111111;0.0;1013.68;0.0;Partly Cloudy
1450879200;29.0;21.0;0.62;SSE;6.111111111111111;0.0;1012.68;0.0;Partly Cloudy
1450882800;29.0;21.0;0.62;SSE;5.277777777777778;0.0;1012.68;0.0;Mostly Cloudy
1450886400;29.0;22.0;0.66;SSE;6.666666666666666;0.0;1011.68;0.0;Mostly Cloudy
1450890000;28.0;22.0;0.7;SE;5.277777777777778;0.0;1010.68;0.0;Showers in the Vicinity
1450893600;28.0;22.0;0.7;SSE;5.555555555555555;0.0;1010.68;0.0;Mostly Cloudy
1450897200;27.0;23.0;0.79;SSE;6.666666666666666;0.0;1011.68;0.0;Showers in the Vicinity
1450900800;27.0;22.0;0.74;SSE;7.222222222222222;0.0;1011.68;0.0;Mostly Cloudy
1450904400;27.0;22.0;0.74;SSE;5.555555555555555;0.0;1012.68;0.0;Mostly Cloudy
1450908000;27.0;22.0;0.74;SSE;5.555555555555555;0.0;1013.68;0.0;Mostly Cloudy
1450911600;26.0;23.0;0.83;SSE;4.166666666666667;0.0;1013.68;0.0;Showers in the Vicinity
1450915200;26.0;24.0;0.89;S;3.611111111111111;0.0;1013.68;0.0;Partly Cloudy
1450918800;26.0;23.0;0.83;SE;6.666666666666666;0.0;1012.68;0.0;Partly Cloudy
1451008800;23.0;22.0;0.94;W;1.9444444444444444;0.0;1012.68;0.0;Light Rain
1451012400;23.0;22.0;0.94;CALM;0.0;0.0;1011.68;0.0;Mostly Cloudy
1451016000;23.0;22.0;0.94;SSW;2.5;0.0;1011.68;0.0;Showers in the Vicinity
1451019600;23.0;22.0;0.94;SSW;2.5;0.0;1011.68;0.0;Mostly Cloudy
1451023200;23.0;22.0;0.94;S;2.5;0.0;1011.68;0.0;Mostly Cloudy
1451026800;23.0;22.0;0.94;SSW;2.5;0.0;1011.68;0.0;Showers in the Vicinity
1451030400;24.0;23.0;0.94;SSW;3.0555555555555554;0.0;1012.68;0.0;Mostly Cloudy
1451034000;24.0;23.0;0.94;SW;2.5;0.0;1013.68;0.0;Mostly Cloudy
1451036400;26.0;24.0;0.89;SSE;1.9444444444444444;0.0;1013.68;0.0;Light Rain
1451037600;26.0;24.0;0.89;SSE;2.5;0.0;1013.68;0.0;Mostly Cloudy
1451038800;27.0;24.0;0.84;S;3.611111111111111;0.0;1014.67;0.0;Mostly Cloudy
1451041200;29.0;24.0;0.74;SE;4.166666666666667;0.0;1014.67;0.0;Partly Cloudy
1451044800;30.0;24.0;0.7;SE;5.555555555555555;0.0;1014.67;0.0;Mostly Cloudy
1451048400;27.0;25.0;0.89;SE;6.111111111111111;0.0;1014.67;0.0;Light Rain
1451052000;27.0;24.0;0.84;SE;4.722222222222222;0.0;1013.68;0.0;Mostly Cloudy
1451055600;29.0;24.0;0.74;SSE;5.277777777777778;0.0;0.0;0.0;Mostly Cloudy
1451059200;29.0;22.0;0.66;SE;6.666666666666666;0.0;1012.68;0.0;Mostly Cloudy
1451062800;28.0;23.0;0.74;SE;4.722222222222222;0.0;1011.68;0.0;Mostly Cloudy
1451066400;28.0;23.0;0.74;SE;5.555555555555555;0.0;1011.68;0.0;Partly Cloudy
1451070000;28.0;23.0;0.74;SE;5.555555555555555;0.0;1011.68;0.0;Partly Cloudy
1451073600;27.0;23.0;0.79;SE;4.166666666666667;0.0;1012.68;0.0;Mostly Cloudy
1451077200;27.0;22.0;0.74;SE;5.277777777777778;0.0;1013.68;0.0;Mostly Cloudy
1451080800;27.0;23.0;0.79;SE;4.722222222222222;0.0;1013.68;0.0;Mostly Cloudy
1451084400;27.0;23.0;0.79;ESE;4.722222222222222;0.0;1014.67;0.0;Mostly Cloudy
1451088000;27.0;22.0;0.74;SE;4.722222222222222;0.0;1014.67;0.0;Mostly Cloudy
1451091600;27.0;22.0;0.74;SE;4.722222222222222;0.0;1013.68;0.0;Mostly Cloudy
1451095200;27.0;22.0;0.74;ESE;3.611111111111111;0.0;1012.68;0.0;Partly Cloudy
1451098800;27.0;22.0;0.74;ESE;3.0555555555555554;0.0;1011.68;0.0;Mostly Cloudy
1451102400;27.0;22.0;0.74;ESE;4.166666666666667;0.0;1011.68;0.0;Partly Cloudy
1451106000;26.0;22.0;0.78;SE;4.166666666666667;0.0;1010.68;0.0;Fair
1451109600;26.0;22.0;0.78;SE;1.9444444444444444;0.0;1011.68;0.0;Mostly Cloudy
1451113200;26.0;22.0;0.78;SE;3.611111111111111;0.0;1011.68;0.0;Mostly Cloudy
1451116800;27.0;22.0;0.74;ESE;3.611111111111111;0.0;1012.68;0.0;Mostly Cloudy
1451120400;27.0;22.0;0.74;ESE;4.166666666666667;0.0;1012.68;0.0;Mostly Cloudy
1451124000;28.0;23.0;0.74;ESE;4.166666666666667;0.0;1013.68;0.0;Partly Cloudy
1451127600;29.0;22.0;0.66;ESE;4.722222222222222;0.0;1013.68;0.0;Partly Cloudy
1451131200;29.0;23.0;0.7;ESE;4.722222222222222;0.0;1013.68;0.0;Partly Cloudy
1451134800;29.0;23.0;0.7;ESE;5.277777777777778;0.0;1013.68;0.0;Partly Cloudy
1451138400;29.0;22.0;0.66;E;5.555555555555555;0.0;1012.68;0.0;Partly Cloudy
1451142000;29.0;23.0;0.7;E;4.722222222222222;0.0;1012.68;0.0;Mostly Cloudy
1451145600;29.0;23.0;0.7;E;5.555555555555555;0.0;1011.68;0.0;Mostly Cloudy
1451149200;29.0;22.0;0.66;SE;6.666666666666666;0.0;1010.68;0.0;Partly Cloudy
1451152800;28.0;22.0;0.7;ESE;4.722222222222222;0.0;1011.68;0.0;Fair
1451156400;28.0;22.0;0.7;SE;5.277777777777778;0.0;1011.68;0.0;Fair
1451160000;28.0;22.0;0.7;SE;4.166666666666667;0.0;1011.68;0.0;Partly Cloudy
1451163600;27.0;22.0;0.74;SE;3.611111111111111;0.0;1012.68;0.0;Partly Cloudy
1451167200;27.0;22.0;0.74;SE;4.722222222222222;0.0;1012.68;0.0;Partly Cloudy
1451170800;27.0;23.0;0.79;SE;4.722222222222222;0.0;1012.68;0.0;Partly Cloudy
1451174400;27.0;22.0;0.74;SE;4.722222222222222;0.0;1012.68;0.0;Mostly Cloudy
1451178000;27.0;23.0;0.79;SE;3.611111111111111;0.0;1011.68;0.0;Mostly Cloudy
1451354400;27.0;23.0;0.79;SE;4.722222222222222;0.0;1013.68;0.0;Cloudy
1451358000;27.0;24.0;0.84;SE;4.722222222222222;0.0;1012.68;0.0;Mostly Cloudy
1451361600;27.0;24.0;0.84;ESE;2.5;0.0;1012.68;0.0;Mostly Cloudy
1451365200;26.0;24.0;0.89;ESE;3.611111111111111;0.0;1012.68;0.0;Rain
1451366100;0.0;0.0;0.0;E;4.166666666666667;0.0;1012.68;0.0;Light Rain with Thunder
1451368800;25.0;24.0;0.94;NE;3.611111111111111;0.0;1012.68;0.0;Cloudy
1451370000;25.0;24.0;0.94;NNE;2.5;0.0;1012.68;0.0;Light Rain
1451372400;25.0;23.0;0.89;NNE;2.5;0.0;1012.68;0.0;Mostly Cloudy
1451374800;24.0;23.0;0.94;NNW;2.5;0.0;1013.68;0.0;Light Rain
1451376000;24.0;23.0;0.94;NNW;1.9444444444444444;0.0;1013.68;0.0;Cloudy
1451379600;24.0;23.0;0.94;NW;4.166666666666667;0.0;1014.67;0.0;Cloudy
1451383200;25.0;23.0;0.89;WNW;2.5;0.0;1015.67;0.0;Mostly Cloudy
1451386800;26.0;22.0;0.78;NW;3.611111111111111;0.0;1015.67;0.0;Mostly Cloudy
1451390400;28.0;23.0;0.74;NW;1.6666666666666665;0.0;1015.67;0.0;Mostly Cloudy
1451394000;29.0;23.0;0.7;W;1.6666666666666665;0.0;1014.67;0.0;Mostly Cloudy
1451397600;29.0;22.0;0.66;SSE;3.611111111111111;0.0;1014.67;0.0;Mostly Cloudy
1451401200;29.0;23.0;0.7;SE;3.611111111111111;0.0;1014.67;0.0;Mostly Cloudy
1451404800;29.0;22.0;0.66;ESE;3.611111111111111;0.0;1013.68;0.0;Fair
1451408400;28.0;23.0;0.74;ESE;3.611111111111111;0.0;1012.68;0.0;Partly Cloudy
1451412000;28.0;23.0;0.74;SE;4.166666666666667;0.0;1013.68;0.0;Partly Cloudy
1451415600;27.0;24.0;0.84;SSE;4.166666666666667;0.0;1013.68;0.0;Partly Cloudy
1451419200;27.0;24.0;0.84;SSE;5.277777777777778;0.0;1013.68;0.0;Partly Cloudy
1451422800;27.0;24.0;0.84;SSE;4.166666666666667;0.0;1014.67;0.0;Partly Cloudy
1451426400;27.0;23.0;0.79;SE;5.277777777777778;0.0;1014.67;0.0;Partly Cloudy
1451430000;27.0;23.0;0.79;SSE;5.277777777777778;0.0;1014.67;0.0;Partly Cloudy
1451433600;27.0;23.0;0.79;ESE;4.166666666666667;0.0;1014.67;0.0;Partly Cloudy
1451437200;26.0;23.0;0.83;SSE;4.722222222222222;0.0;1014.67;0.0;Mostly Cloudy
1451440800;26.0;23.0;0.83;SSE;6.111111111111111;0.0;1013.68;0.0;Partly Cloudy
1451444400;26.0;23.0;0.83;SE;4.722222222222222;0.0;1013.68;0.0;Mostly Cloudy
1451448000;26.0;23.0;0.83;SE;4.166666666666667;0.0;1012.68;0.0;Partly Cloudy
1451451600;26.0;23.0;0.83;SE;4.166666666666667;0.0;1012.68;0.0;Mostly Cloudy
1451455200;26.0;23.0;0.83;SE;3.0555555555555554;0.0;1012.68;0.0;Partly Cloudy
1451458800;26.0;23.0;0.83;SE;4.166666666666667;0.0;1012.68;0.0;Partly Cloudy
1451462400;26.0;23.0;0.83;SSE;4.166666666666667;0.0;1013.68;0.0;Partly Cloudy
1451466000;27.0;23.0;0.79;SE;4.722222222222222;0.0;1013.68;0.0;Partly Cloudy
1451469600;29.0;23.0;0.7;SE;4.722222222222222;0.0;1014.67;0.0;Partly Cloudy
1451473200;29.0;23.0;0.7;ESE;5.555555555555555;0.0;1014.67;0.0;Partly Cloudy
1451476800;29.0;23.0;0.7;SE;5.555555555555555;0.0;1014.67;0.0;Partly Cloudy
1451480400;29.0;23.0;0.7;SE;5.277777777777778;0.0;1014.67;0.0;Mostly Cloudy
1451484000;30.0;22.0;0.62;ESE;4.722222222222222;0.0;1014.67;0.0;Partly Cloudy
1451487600;29.0;23.0;0.7;SE;5.277777777777778;0.0;1013.68;0.0;Mostly Cloudy
1451491200;30.0;23.0;0.66;SE;4.166666666666667;0.0;1012.68;0.0;Partly Cloudy
1451494800;29.0;23.0;0.7;SE;4.722222222222222;0.0;1012.68;0.0;Partly Cloudy
1451498400;28.0;22.0;0.7;SE;4.166666666666667;0.0;1012.68;0.0;Mostly Cloudy
1451502000;28.0;23.0;0.74;SE;4.722222222222222;0.0;1012.68;0.0;Partly Cloudy
1451505600;27.0;23.0;0.79;SSE;4.722222222222222;0.0;1012.68;0.0;Fair
1451509200;27.0;23.0;0.79;SE;4.166666666666667;0.0;1013.68;0.0;Fair
1451512800;27.0;23.0;0.79;SE;4.722222222222222;0.0;1013.68;0.0;Mostly Cloudy
1451516400;27.0;23.0;0.79;SE;4.166666666666667;0.0;1014.67;0.0;Partly Cloudy
1451520000;27.0;23.0;0.79;SE;4.166666666666667;0.0;1013.68;0.0;Mostly Cloudy
1451523600;27.0;23.0;0.79;SE;3.611111111111111;0.0;1013.68;0.0;Mostly Cloudy
1451700000;27.0;22.0;0.74;E;1.6666666666666665;0.0;1010.68;0.0;Mostly Cloudy
1451703600;27.0;22.0;0.74;E;1.9444444444444444;0.0;1010.68;0.0;Mostly Cloudy
1451707200;27.0;22.0;0.74;ENE;2.5;0.0;1009.68;0.0;Mostly Cloudy
1451710800;27.0;22.0;0.74;ENE;3.0555555555555554;0.0;1009.68;0.0;Mostly Cloudy
1451714400;27.0;22.0;0.74;E;1.6666666666666665;0.0;1009.68;0.0;Mostly Cloudy
1451718000;27.0;23.0;0.79;ENE;2.5;0.0;1010.68;0.0;Mostly Cloudy
1451721600;27.0;22.0;0.74;NE;1.6666666666666665;0.0;1011.68;0.0;Partly Cloudy
1451725200;28.0;22.0;0.7;ENE;2.5;0.0;1012.68;0.0;Fair
1451728800;29.0;23.0;0.7;E;3.0555555555555554;0.0;1012.68;0.0;Partly Cloudy
1451732400;30.0;22.0;0.62;E;3.0555555555555554;0.0;1012.68;0.0;Partly Cloudy
1451736000;30.0;23.0;0.66;E;3.611111111111111;0.0;1012.68;0.0;Partly Cloudy
1451739600;29.0;23.0;0.7;E;4.722222222222222;0.0;1011.68;0.0;Fair
1451743200;30.0;23.0;0.66;E;4.166666666666667;0.0;1010.68;0.0;Fair
1451746800;30.0;22.0;0.62;ENE;4.166666666666667;0.0;1010.68;0.0;Fair
1451750400;31.0;23.0;0.62;ENE;4.722222222222222;0.0;1009.68;0.0;Fair
1451754000;30.0;23.0;0.66;ENE;4.722222222222222;0.0;1009.68;0.0;Fair
1451757600;29.0;23.0;0.7;ENE;4.722222222222222;0.0;1009.68;0.0;Fair
1451761200;28.0;24.0;0.79;ENE;4.166666666666667;0.0;1009.68;0.0;Partly Cloudy
1451764800;28.0;24.0;0.79;ENE;3.611111111111111;0.0;1010.68;0.0;Mostly Cloudy
1451768400;28.0;24.0;0.79;NE;3.0555555555555554;0.0;1010.68;0.0;Mostly Cloudy
1451772000;28.0;24.0;0.79;NE;3.611111111111111;0.0;1011.68;0.0;Mostly Cloudy
1451775600;28.0;24.0;0.79;ENE;3.611111111111111;0.0;1011.68;0.0;Partly Cloudy
1451779200;28.0;24.0;0.79;NE;3.0555555555555554;0.0;1011.68;0.0;Mostly Cloudy
1451782800;27.0;24.0;0.84;NE;3.611111111111111;0.0;1010.68;0.0;Partly Cloudy
1451872800;27.0;24.0;0.84;NNE;2.5;0.0;1010.68;0.0;Partly Cloudy
1451876400;26.0;24.0;0.89;NW;2.5;0.0;1009.68;0.0;Partly Cloudy
1451880000;25.0;24.0;0.94;NNW;3.0555555555555554;0.0;1009.68;0.0;Partly Cloudy
1451883600;25.0;24.0;0.94;WNW;1.9444444444444444;0.0;1009.68;0.0;Partly Cloudy
1451887200;25.0;24.0;0.94;NW;3.0555555555555554;0.0;1009.68;0.0;Partly Cloudy
1451890800;25.0;24.0;0.94;NW;1.9444444444444444;0.0;1009.68;0.0;Partly Cloudy
1451894400;25.0;24.0;0.94;NNW;3.0555555555555554;0.0;1010.68;0.0;Partly Cloudy
1451898000;26.0;24.0;0.89;NNW;3.611111111111111;0.0;1011.68;0.0;Partly Cloudy
1451901600;28.0;24.0;0.79;NNW;4.166666666666667;0.0;1011.68;0.0;Mostly Cloudy
1451905200;30.0;23.0;0.66;NNE;3.611111111111111;0.0;1011.68;0.0;Mostly Cloudy
1451908800;30.0;24.0;0.7;ENE;5.277777777777778;0.0;1011.68;0.0;Mostly Cloudy
1451912400;31.0;24.0;0.66;ENE;5.555555555555555;0.0;1010.68;0.0;Partly Cloudy
1451916000;31.0;22.0;0.58;ENE;6.111111111111111;0.0;1010.68;0.0;Fair
1451919600;31.0;23.0;0.62;ENE;6.111111111111111;0.0;1009.68;0.0;Fair
1451923200;31.0;24.0;0.66;ENE;6.111111111111111;0.0;1008.68;0.0;Fair
1451926800;30.0;24.0;0.7;ENE;5.555555555555555;0.0;1007.68;0.0;Fair
1451930400;30.0;24.0;0.7;NE;5.277777777777778;0.0;1007.68;0.0;Fair
1451934000;29.0;24.0;0.74;NE;4.166666666666667;0.0;1008.68;0.0;Fair
1451937600;28.0;24.0;0.79;NE;3.611111111111111;0.0;1008.68;0.0;Fair
1451941200;28.0;24.0;0.79;NE;3.611111111111111;0.0;1009.68;0.0;Fair
1451944800;28.0;24.0;0.79;NE;3.611111111111111;0.0;1010.68;0.0;Partly Cloudy
1451948400;28.0;24.0;0.79;NE;3.0555555555555554;0.0;1011.68;0.0;Partly Cloudy
1451952000;28.0;24.0;0.79;NE;3.0555555555555554;0.0;1011.68;0.0;Partly Cloudy
1451955600;28.0;24.0;0.79;NE;4.166666666666667;0.0;1011.68;0.0;Partly Cloudy
1451959200;28.0;24.0;0.79;NE;3.0555555555555554;0.0;1010.68;0.0;Mostly Cloudy
1451962800;28.0;24.0;0.79;NNE;2.5;0.0;1010.68;0.0;Mostly Cloudy
1451966400;28.0;24.0;0.79;NNE;3.0555555555555554;0.0;1010.68;0.0;Fair
1451970000;27.0;24.0;0.84;NNE;1.9444444444444444;0.0;1010.68;0.0;Fair
1451973600;27.0;24.0;0.84;NNE;1.6666666666666665;0.0;1010.68;0.0;Fair
1451977200;26.0;24.0;0.89;NW;1.9444444444444444;0.0;1010.68;0.0;Mostly Cloudy
1451980800;26.0;24.0;0.89;NW;1.9444444444444444;0.0;1011.68;0.0;Partly Cloudy
1451984400;27.0;24.0;0.84;WNW;1.9444444444444444;0.0;1012.68;0.0;Mostly Cloudy
1451988000;28.0;24.0;0.79;N;1.1111111111111112;0.0;1012.68;0.0;Mostly Cloudy
1451991600;30.0;23.0;0.66;NE;4.166666666666667;0.0;1012.68;0.0;Partly Cloudy
1451995200;30.0;23.0;0.66;E;3.611111111111111;0.0;1012.68;0.0;Partly Cloudy
1451998800;31.0;23.0;0.62;E;3.611111111111111;0.0;1011.68;0.0;Mostly Cloudy
1452002400;31.0;23.0;0.62;ENE;4.166666666666667;0.0;1011.68;0.0;Fair
1452006000;31.0;23.0;0.62;ENE;4.722222222222222;0.0;1010.68;0.0;Fair
1452009600;30.0;24.0;0.7;ENE;4.166666666666667;0.0;1009.68;0.0;Fair
1452013200;29.0;24.0;0.74;ENE;4.722222222222222;0.0;1009.68;0.0;Fair
1452016800;29.0;24.0;0.74;ENE;3.611111111111111;0.0;1009.68;0.0;Fair
1452020400;28.0;24.0;0.79;E;3.611111111111111;0.0;1010.68;0.0;Fair
1452024000;28.0;24.0;0.79;ENE;3.0555555555555554;0.0;1010.68;0.0;Fair
1452027600;28.0;24.0;0.79;ENE;3.0555555555555554;0.0;1010.68;0.0;Partly Cloudy
1452031200;28.0;24.0;0.79;ENE;3.0555555555555554;0.0;1011.68;0.0;Partly Cloudy
1452034800;28.0;24.0;0.79;NE;3.0555555555555554;0.0;1011.68;0.0;Partly Cloudy
1452038400;28.0;24.0;0.79;ENE;3.0555555555555554;0.0;1011.68;0.0;Partly Cloudy
1452042000;28.0;24.0;0.79;E;1.9444444444444444;0.0;1011.68;0.0;Partly Cloudy
1452045600;28.0;24.0;0.79;ENE;1.9444444444444444;0.0;1010.68;0.0;Partly Cloudy
1452049200;27.0;24.0;0.84;NE;1.9444444444444444;0.0;1009.68;0.0;Partly Cloudy
1452052800;27.0;24.0;0.84;ENE;2.5;0.0;1009.68;0.0;Partly Cloudy
1452056400;27.0;23.0;0.79;NE;1.6666666666666665;0.0;1009.68;0.0;Partly Cloudy
1452060000;27.0;23.0;0.79;NE;1.6666666666666665;0.0;1009.68;0.0;Partly Cloudy
1452063600;27.0;23.0;0.79;NE;1.6666666666666665;0.0;1010.68;0.0;Partly Cloudy
1452067200;28.0;23.0;0.74;NE;1.9444444444444444;0.0;1010.68;0.0;Mostly Cloudy
1452070800;28.0;24.0;0.79;ENE;2.5;0.0;1011.68;0.0;Mostly Cloudy
1452074400;29.0;24.0;0.74;ENE;2.5;0.0;1011.68;0.0;Mostly Cloudy
1452078000;29.0;24.0;0.74;E;3.0555555555555554;0.0;1011.68;0.0;Mostly Cloudy
1452081600;30.0;23.0;0.66;ENE;3.611111111111111;0.0;1011.68;0.0;Cloudy
1452085200;30.0;24.0;0.7;ENE;3.611111111111111;0.0;1011.68;0.0;Mostly Cloudy
1452088800;30.0;24.0;0.7;E;4.722222222222222;0.0;1010.68;0.0;Partly Cloudy
1452092400;30.0;24.0;0.7;E;5.277777777777778;0.0;1010.68;0.0;Partly Cloudy
1452096000;30.0;24.0;0.7;E;3.611111111111111;0.0;1009.68;0.0;Partly Cloudy
1452099600;29.0;24.0;0.74;ENE;4.722222222222222;0.0;1009.68;0.0;Fair
1452103200;29.0;24.0;0.74;E;4.722222222222222;0.0;1009.68;0.0;Mostly Cloudy
1452106800;29.0;24.0;0.74;E;3.611111111111111;0.0;1009.68;0.0;Mostly Cloudy
1452110400;28.0;24.0;0.79;E;3.611111111111111;0.0;1010.68;0.0;Partly Cloudy
1452114000;28.0;24.0;0.79;E;3.611111111111111;0.0;1011.68;0.0;Partly Cloudy
1452117600;28.0;24.0;0.79;ENE;2.5;0.0;1011.68;0.0;Partly Cloudy
1452121200;28.0;24.0;0.79;NE;1.9444444444444444;0.0;1012.68;0.0;Mostly Cloudy
1452124800;28.0;24.0;0.79;ENE;1.9444444444444444;0.0;1012.68;0.0;Partly Cloudy
1452128400;28.0;24.0;0.79;ENE;1.9444444444444444;0.0;1012.68;0.0;Partly Cloudy
1452132000;28.0;24.0;0.79;NE;1.9444444444444444;0.0;1011.68;0.0;Fair
1452135600;27.0;24.0;0.84;NE;1.9444444444444444;0.0;1010.68;0.0;Fair
1452139200;28.0;24.0;0.79;NE;1.1111111111111112;0.0;1010.68;0.0;Fair
1452142800;27.0;24.0;0.84;NE;1.1111111111111112;0.0;1010.68;0.0;Fair
1452146400;27.0;24.0;0.84;NE;1.9444444444444444;0.0;1010.68;0.0;Fair
1452150000;27.0;24.0;0.84;NE;1.6666666666666665;0.0;1010.68;0.0;Fair
1452153600;27.0;25.0;0.89;ENE;2.5;0.0;1010.68;0.0;Light Rain
1452155400;27.0;25.0;0.89;ENE;2.5;0.0;1010.68;0.0;Light Rain
1452157200;27.0;25.0;0.89;E;1.9444444444444444;0.0;1011.68;0.0;Light Rain
1452160800;27.0;25.0;0.89;ENE;2.5;0.0;1011.68;0.0;Showers in the Vicinity
1452164400;28.0;25.0;0.84;E;2.5;0.0;0.0;0.0;Showers in the Vicinity
1452168000;29.0;25.0;0.79;E;3.611111111111111;0.0;1011.68;0.0;Mostly Cloudy
1452171600;29.0;24.0;0.74;E;3.0555555555555554;0.0;1011.68;0.0;Mostly Cloudy
1452175200;30.0;24.0;0.7;E;5.277777777777778;0.0;1011.68;0.0;Mostly Cloudy
1452178800;30.0;24.0;0.7;ENE;3.611111111111111;0.0;1010.68;0.0;Mostly Cloudy
1452182400;29.0;24.0;0.74;E;3.611111111111111;0.0;1009.68;0.0;Mostly Cloudy
1452186000;29.0;24.0;0.74;E;3.611111111111111;0.0;1009.68;0.0;Mostly Cloudy
1452189600;29.0;24.0;0.74;E;4.166666666666667;0.0;1009.68;0.0;Mostly Cloudy
1452193200;28.0;24.0;0.79;E;3.611111111111111;0.0;1009.68;0.0;Mostly Cloudy
1452196800;28.0;24.0;0.79;E;3.0555555555555554;0.0;1009.68;0.0;Mostly Cloudy
1452200400;28.0;24.0;0.79;ENE;3.0555555555555554;0.0;1010.68;0.0;Mostly Cloudy
1452204000;28.0;24.0;0.79;E;2.5;0.0;1010.68;0.0;Mostly Cloudy
1452207600;28.0;24.0;0.79;E;2.5;0.0;1011.68;0.0;Mostly Cloudy
1452211200;28.0;24.0;0.79;E;2.5;0.0;1012.68;0.0;Mostly Cloudy
1452214800;28.0;24.0;0.79;ESE;2.5;0.0;1011.68;0.0;Mostly Cloudy
1452218400;28.0;24.0;0.79;E;2.5;0.0;1011.68;0.0;Mostly Cloudy
1452222000;28.0;24.0;0.79;E;1.9444444444444444;0.0;1010.68;0.0;Mostly Cloudy
1452225600;27.0;24.0;0.84;ESE;3.0555555555555554;0.0;1009.68;0.0;Mostly Cloudy
1452229200;27.0;24.0;0.84;ENE;1.9444444444444444;0.0;1009.68;0.0;Mostly Cloudy
1452232800;27.0;24.0;0.84;E;1.9444444444444444;0.0;1009.68;0.0;Mostly Cloudy
1452236400;27.0;23.0;0.79;ESE;2.5;0.0;1009.68;0.0;Mostly Cloudy
1452240000;28.0;23.0;0.74;E;2.5;0.0;1010.68;0.0;Showers in the Vicinity
1452243600;27.0;24.0;0.84;ESE;4.166666666666667;0.0;1010.68;0.0;Partly Cloudy
1452247200;28.0;24.0;0.79;ESE;4.722222222222222;0.0;1011.68;0.0;Mostly Cloudy
1452250800;29.0;24.0;0.74;ESE;3.611111111111111;0.0;1012.68;0.0;Mostly Cloudy
1452254400;29.0;24.0;0.74;SE;4.166666666666667;0.0;1011.68;0.0;Mostly Cloudy
1452258000;30.0;24.0;0.7;SE;5.555555555555555;0.0;1011.68;0.0;Mostly Cloudy
1452261600;29.0;23.0;0.7;ESE;4.166666666666667;0.0;1011.68;0.0;Mostly Cloudy
1452265200;29.0;24.0;0.74;ESE;3.611111111111111;0.0;1010.68;0.0;Cloudy
1452268800;29.0;24.0;0.74;ESE;4.722222222222222;0.0;1010.68;0.0;Cloudy
1452272400;29.0;23.0;0.7;SE;5.277777777777778;0.0;1009.68;0.0;Mostly Cloudy
1452276000;28.0;24.0;0.79;SE;4.166666666666667;0.0;1010.68;0.0;Mostly Cloudy
1452279600;28.0;23.0;0.74;SE;4.722222222222222;0.0;1010.68;0.0;Mostly Cloudy
1452283200;28.0;23.0;0.74;ESE;3.0555555555555554;0.0;1010.68;0.0;Mostly Cloudy
1452286800;28.0;22.0;0.7;SE;3.0555555555555554;0.0;1011.68;0.0;Partly Cloudy
1452290400;28.0;23.0;0.74;ESE;3.0555555555555554;0.0;1011.68;0.0;Fair
1452294000;28.0;24.0;0.79;ESE;3.0555555555555554;0.0;1012.68;0.0;Fair
1452297600;28.0;24.0;0.79;ESE;2.5;0.0;1012.68;0.0;Mostly Cloudy
1452301200;28.0;24.0;0.79;ESE;2.5;0.0;1012.68;0.0;Partly Cloudy
1452304800;28.0;24.0;0.79;ESE;2.5;0.0;1011.68;0.0;Partly Cloudy
1452308400;27.0;24.0;0.84;ESE;2.5;0.0;1010.68;0.0;Partly Cloudy
1452312000;27.0;24.0;0.84;ESE;1.9444444444444444;0.0;1010.68;0.0;Partly Cloudy
1452315600;27.0;24.0;0.84;ESE;1.9444444444444444;0.0;1009.68;0.0;Mostly Cloudy
1452319200;27.0;24.0;0.84;ESE;3.0555555555555554;0.0;1009.68;0.0;Mostly Cloudy
1452322800;26.0;24.0;0.89;SSE;3.0555555555555554;0.0;1010.68;0.0;Mostly Cloudy
1452326400;26.0;25.0;0.94;S;1.1111111111111112;0.0;1010.68;0.0;Mostly Cloudy
1452330000;27.0;25.0;0.89;ENE;1.6666666666666665;0.0;1011.68;0.0;Light Rain
1452333600;28.0;25.0;0.84;E;3.0555555555555554;0.0;1011.68;0.0;Mostly Cloudy
1452337200;28.0;25.0;0.84;E;2.5;0.0;1012.68;0.0;Mostly Cloudy
1452340800;28.0;25.0;0.84;E;1.9444444444444444;0.0;1012.68;0.0;Cloudy
1452344400;27.0;25.0;0.89;E;1.9444444444444444;0.0;1011.68;0.0;Showers in the Vicinity
1452346200;26.0;25.0;0.94;NE;1.9444444444444444;0.0;1012.68;0.0;Rain
1452347100;0.0;0.0;0.0;E;1.9444444444444444;0.0;1012.68;0.0;Light Rain
1452348000;26.0;0.0;0.0;E;1.6666666666666665;0.0;1011.68;0.0;Showers in the Vicinity
1452348300;26.0;25.0;0.94;NE;1.6666666666666665;0.0;1012.68;0.0;Rain
1452349500;0.0;0.0;0.0;E;3.0555555555555554;0.0;1011.68;0.0;Light Rain
1452351600;26.0;24.0;0.89;E;2.5;0.0;1011.68;0.0;Cloudy
1452355200;25.0;24.0;0.94;ENE;2.5;0.0;1011.68;0.0;Light Rain
1452358800;25.0;23.0;0.89;NW;1.6666666666666665;0.0;1011.68;0.0;Light Rain
1452362400;0.0;0.0;0.0;NNE;3.0555555555555554;0.0;1011.68;0.0;Light Rain
1452362460;24.0;23.0;0.94;NE;4.166666666666667;0.0;1011.68;0.0;Rain
1452364200;24.0;23.0;0.94;NNE;4.166666666666667;0.0;1011.68;0.0;Light Rain
1452366000;24.0;23.0;0.94;NNE;4.166666666666667;0.0;1012.68;0.0;Light Rain
1452367500;24.0;23.0;0.94;N;3.0555555555555554;0.0;1012.68;0.0;Light Rain
1452369600;24.0;22.0;0.89;N;3.0555555555555554;0.0;1012.68;0.0;Light Rain
1452373200;23.0;22.0;0.94;WNW;1.6666666666666665;0.0;1013.68;0.0;Light Rain
1452376800;23.0;22.0;0.94;WNW;1.9444444444444444;0.0;1012.68;0.0;Fair
1452380400;23.0;22.0;0.94;ESE;3.0555555555555554;0.0;1013.68;0.0;Fair
1452384000;23.0;21.0;0.88;WNW;1.1111111111111112;0.0;1012.68;0.0;Mostly Cloudy
1452387600;23.0;22.0;0.94;W;0.5555555555555556;0.0;1012.68;0.0;Mostly Cloudy
1452477600;27.0;24.0;0.84;ESE;5.277777777777778;0.0;1011.68;0.0;Partly Cloudy
1452481200;27.0;24.0;0.84;ESE;4.166666666666667;0.0;1010.68;0.0;Fair
1452484800;27.0;24.0;0.84;ESE;3.611111111111111;0.0;1010.68;0.0;Partly Cloudy
1452488400;27.0;24.0;0.84;ESE;3.0555555555555554;0.0;1010.68;0.0;Partly Cloudy
1452492000;27.0;23.0;0.79;ESE;3.0555555555555554;0.0;1010.68;0.0;Partly Cloudy
1452495600;27.0;24.0;0.84;SE;1.9444444444444444;0.0;1010.68;0.0;Partly Cloudy
1452499200;28.0;24.0;0.79;SE;3.611111111111111;0.0;1011.68;0.0;Showers in the Vicinity
1452502800;28.0;24.0;0.79;ESE;4.166666666666667;0.0;1011.68;0.0;Partly Cloudy
1452506400;29.0;24.0;0.74;ESE;4.166666666666667;0.0;1012.68;0.0;Mostly Cloudy
1452510000;30.0;24.0;0.7;SE;4.722222222222222;0.0;1012.68;0.0;Mostly Cloudy
1452513600;29.0;24.0;0.74;SE;5.277777777777778;0.0;1012.68;0.0;Partly Cloudy
1452517200;29.0;24.0;0.74;SE;5.555555555555555;0.0;1011.68;0.0;Partly Cloudy
1452520800;30.0;24.0;0.7;ESE;5.277777777777778;0.0;1011.68;0.0;Partly Cloudy
1452524400;30.0;24.0;0.7;SE;5.555555555555555;0.0;1010.68;0.0;Partly Cloudy
1452528000;29.0;24.0;0.74;SE;4.722222222222222;0.0;1009.68;0.0;Partly Cloudy
1452531600;29.0;24.0;0.74;SE;4.722222222222222;0.0;1009.68;0.0;Partly Cloudy
1452535200;27.0;24.0;0.84;ESE;5.555555555555555;0.0;1009.68;0.0;Rain
1452535500;26.0;24.0;0.89;SE;6.111111111111111;0.0;1009.68;0.0;Rain
1452537300;26.0;24.0;0.89;ESE;2.5;0.0;1009.68;0.0;Light Rain
1452538800;25.0;23.0;0.89;SE;5.277777777777778;0.0;1009.68;0.0;Mostly Cloudy
1452542400;26.0;24.0;0.89;SSW;1.6666666666666665;0.0;1010.68;0.0;Mostly Cloudy
1452546000;26.0;24.0;0.89;VAR;1.1111111111111112;0.0;1010.68;0.0;Fair
1452549600;26.0;24.0;0.89;SSE;1.9444444444444444;0.0;1011.68;0.0;Fair
1452553200;27.0;24.0;0.84;SE;3.0555555555555554;0.0;1011.68;0.0;Partly Cloudy
1452556800;27.0;24.0;0.84;SE;2.5;0.0;1011.68;0.0;Partly Cloudy
1452560400;27.0;24.0;0.84;SE;3.0555555555555554;0.0;1011.68;0.0;Mostly Cloudy
1452564000;28.0;24.0;0.79;SE;2.5;0.0;1010.68;0.0;Mostly Cloudy
1452567600;27.0;24.0;0.84;E;3.611111111111111;0.0;1010.68;0.0;Mostly Cloudy
1452569700;26.0;23.0;0.83;E;5.277777777777778;0.0;1010.68;0.0;Light Rain
1452571200;25.0;23.0;0.89;ESE;1.6666666666666665;0.0;1010.68;0.0;Mostly Cloudy
1452574800;26.0;23.0;0.83;SSE;1.6666666666666665;0.0;1009.68;0.0;Mostly Cloudy
1452576000;26.0;24.0;0.89;S;1.9444444444444444;0.0;0.0;0.0;Light Rain
1452578400;25.0;24.0;0.94;SSE;1.1111111111111112;0.0;1010.68;0.0;Mostly Cloudy
1452582000;25.0;24.0;0.94;SW;1.9444444444444444;0.0;1010.68;0.0;Mostly Cloudy
1452585600;25.0;24.0;0.94;SSW;1.9444444444444444;0.0;1010.68;0.0;Partly Cloudy
1452589200;26.0;24.0;0.89;SW;1.6666666666666665;0.0;1011.68;0.0;Mostly Cloudy
1452592800;27.0;24.0;0.84;SSE;2.5;0.0;1011.68;0.0;Showers in the Vicinity
1452596400;27.0;24.0;0.84;SE;3.611111111111111;0.0;0.0;0.0;Showers in the Vicinity
1452600000;29.0;24.0;0.74;ESE;4.166666666666667;0.0;1011.68;0.0;Mostly Cloudy
1452603600;29.0;24.0;0.74;ESE;4.722222222222222;0.0;1011.68;0.0;Mostly Cloudy
1452607200;29.0;23.0;0.7;SE;4.722222222222222;0.0;1010.68;0.0;Mostly Cloudy
1452610800;30.0;25.0;0.74;SE;4.722222222222222;0.0;1009.68;0.0;Partly Cloudy
1452614400;30.0;24.0;0.7;SE;4.722222222222222;0.0;1009.68;0.0;Partly Cloudy
1452618000;30.0;24.0;0.7;SE;4.166666666666667;0.0;1008.68;0.0;Fair
1452621600;29.0;24.0;0.74;ESE;3.611111111111111;0.0;1008.68;0.0;Fair
1452625200;28.0;23.0;0.74;ESE;3.0555555555555554;0.0;1008.68;0.0;Fair
1452628800;28.0;23.0;0.74;SE;3.611111111111111;0.0;1009.68;0.0;Partly Cloudy
1452632400;28.0;23.0;0.74;SE;4.166666666666667;0.0;1009.68;0.0;Partly Cloudy
1452636000;28.0;23.0;0.74;ESE;3.0555555555555554;0.0;1010.68;0.0;Partly Cloudy
1452639600;28.0;23.0;0.74;SE;4.166666666666667;0.0;1010.68;0.0;Partly Cloudy
1452643200;28.0;24.0;0.79;SE;4.166666666666667;0.0;1011.68;0.0;Partly Cloudy
1452646800;28.0;24.0;0.79;SE;3.0555555555555554;0.0;1010.68;0.0;Partly Cloudy
1452650400;27.0;24.0;0.84;SE;3.611111111111111;0.0;1010.68;0.0;Partly Cloudy
1452654000;27.0;24.0;0.84;E;2.5;0.0;1009.68;0.0;Partly Cloudy
1452657600;27.0;24.0;0.84;E;2.5;0.0;1009.68;0.0;Partly Cloudy
1452661200;27.0;24.0;0.84;ESE;3.611111111111111;0.0;1009.68;0.0;Partly Cloudy
1452664800;27.0;23.0;0.79;SE;3.0555555555555554;0.0;1009.68;0.0;Fair
1452668400;27.0;24.0;0.84;SE;3.0555555555555554;0.0;1009.68;0.0;Fair
1452672000;27.0;24.0;0.84;SE;3.0555555555555554;0.0;1009.68;0.0;Mostly Cloudy
1452675600;28.0;24.0;0.79;ESE;3.611111111111111;0.0;1010.68;0.0;Partly Cloudy
1452679200;29.0;24.0;0.74;SE;3.0555555555555554;0.0;1010.68;0.0;Partly Cloudy
1452682800;29.0;24.0;0.74;ESE;3.611111111111111;0.0;1010.68;0.0;Partly Cloudy
1452686400;30.0;24.0;0.7;SE;5.277777777777778;0.0;1011.68;0.0;Partly Cloudy
1452690000;29.0;24.0;0.74;ESE;4.166666666666667;0.0;1010.68;0.0;Partly Cloudy
1452693600;30.0;23.0;0.66;ESE;4.166666666666667;0.0;1010.68;0.0;Partly Cloudy
1452697200;30.0;24.0;0.7;ESE;3.611111111111111;0.0;1009.68;0.0;Mostly Cloudy
1452700800;29.0;23.0;0.7;ESE;4.166666666666667;0.0;1009.68;0.0;Mostly Cloudy
1452704400;29.0;24.0;0.74;ESE;3.611111111111111;0.0;1009.68;0.0;Partly Cloudy
1452708000;28.0;23.0;0.74;ESE;5.277777777777778;0.0;1008.68;0.0;Partly Cloudy
1452711600;28.0;24.0;0.79;SE;4.166666666666667;0.0;1008.68;0.0;Partly Cloudy
1452715200;27.0;23.0;0.79;SE;2.5;0.0;1009.68;0.0;Partly Cloudy
1452718800;27.0;24.0;0.84;SE;3.0555555555555554;0.0;1009.68;0.0;Partly Cloudy
1452722400;27.0;23.0;0.79;ESE;3.0555555555555554;0.0;1010.68;0.0;Partly Cloudy
1452726000;27.0;24.0;0.84;ESE;2.5;0.0;1010.68;0.0;Partly Cloudy
1452729600;27.0;24.0;0.84;ESE;2.5;0.0;1010.68;0.0;Partly Cloudy
1452733200;27.0;24.0;0.84;ESE;2.5;0.0;1010.68;0.0;Partly Cloudy
1452909600;28.0;24.0;0.79;E;2.5;0.0;1010.68;0.0;Partly Cloudy
1452913200;28.0;24.0;0.79;ENE;1.9444444444444444;0.0;1009.68;0.0;Partly Cloudy
1452916800;27.0;24.0;0.84;NE;1.9444444444444444;0.0;1009.68;0.0;Mostly Cloudy
1452920400;26.0;24.0;0.89;E;1.6666666666666665;0.0;0.0;0.0;Light Rain
1452924000;26.0;24.0;0.89;WSW;1.9444444444444444;0.0;0.0;0.0;Showers in the Vicinity
1452927600;26.0;24.0;0.89;WNW;1.9444444444444444;0.0;1009.68;0.0;Showers in the Vicinity
1452931200;26.0;25.0;0.94;WNW;1.6666666666666665;0.0;1009.68;0.0;Showers in the Vicinity
1452934800;26.0;25.0;0.94;NW;2.5;0.0;1009.68;0.0;Showers in the Vicinity
1452938400;30.0;25.0;0.74;ENE;1.6666666666666665;0.0;1010.68;0.0;Mostly Cloudy
1452942000;29.0;24.0;0.74;E;3.0555555555555554;0.0;1010.68;0.0;Partly Cloudy
1452945600;30.0;25.0;0.74;E;4.166666666666667;0.0;1010.68;0.0;Partly Cloudy
1452949200;30.0;24.0;0.7;E;4.722222222222222;0.0;1010.68;0.0;Partly Cloudy
1452952800;30.0;25.0;0.74;ENE;4.722222222222222;0.0;1009.68;0.0;Partly Cloudy
1452956400;30.0;25.0;0.74;E;4.722222222222222;0.0;1008.68;0.0;Partly Cloudy
1452960000;30.0;24.0;0.7;E;5.277777777777778;0.0;1008.68;0.0;Partly Cloudy
1452963600;30.0;24.0;0.7;NE;4.166666666666667;0.0;1007.68;0.0;Partly Cloudy
1452967200;29.0;24.0;0.74;ENE;3.611111111111111;0.0;1007.68;0.0;Partly Cloudy
1452970800;29.0;24.0;0.74;ENE;4.166666666666667;0.0;1007.68;0.0;Mostly Cloudy
1452974400;29.0;24.0;0.74;ENE;3.0555555555555554;0.0;1008.68;0.0;Mostly Cloudy
1452978000;28.0;24.0;0.79;ENE;3.611111111111111;0.0;1008.68;0.0;Partly Cloudy
1452981600;28.0;24.0;0.79;ENE;2.5;0.0;1009.68;0.0;Mostly Cloudy
1452985200;28.0;24.0;0.79;ENE;1.9444444444444444;0.0;1010.68;0.0;Partly Cloudy
1452988800;28.0;24.0;0.79;NE;3.0555555555555554;0.0;1009.68;0.0;Partly Cloudy
1452992400;27.0;25.0;0.89;CALM;0.0;0.0;1009.68;0.0;Mostly Cloudy
1453082400;28.0;25.0;0.84;E;3.611111111111111;0.0;1009.68;0.0;Mostly Cloudy
1453086000;28.0;24.0;0.79;E;3.0555555555555554;0.0;1009.68;0.0;Mostly Cloudy
1453089600;28.0;24.0;0.79;ENE;1.9444444444444444;0.0;1009.68;0.0;Mostly Cloudy
1453093200;27.0;23.0;0.79;NE;2.5;0.0;1008.68;0.0;Partly Cloudy
1453096800;27.0;25.0;0.89;ENE;1.6666666666666665;0.0;1008.68;0.0;Light Rain
1453100400;27.0;24.0;0.84;ENE;1.9444444444444444;0.0;1008.68;0.0;Showers in the Vicinity
1453104000;27.0;25.0;0.89;ENE;2.5;0.0;1009.68;0.0;Showers in the Vicinity
1453107600;28.0;25.0;0.84;ENE;3.611111111111111;0.0;1009.68;0.0;Cloudy
1453111200;28.0;25.0;0.84;E;4.722222222222222;0.0;1009.68;0.0;Showers in the Vicinity
1453114800;28.0;24.0;0.79;E;4.722222222222222;0.0;0.0;0.0;Showers in the Vicinity
1453118400;28.0;24.0;0.79;E;5.277777777777778;0.0;0.0;0.0;Showers in the Vicinity
1453122000;28.0;26.0;0.89;ESE;5.277777777777778;0.0;0.0;0.0;Light Rain
1453125600;29.0;25.0;0.79;E;4.722222222222222;0.0;0.0;0.0;Showers in the Vicinity
1453129200;29.0;25.0;0.79;E;3.611111111111111;0.0;0.0;0.0;Showers in the Vicinity
1453132800;28.0;24.0;0.79;ENE;2.5;0.0;1008.68;0.0;Showers in the Vicinity
1453136400;26.0;24.0;0.89;WNW;4.166666666666667;0.0;1008.68;0.0;Showers in the Vicinity
1453138740;25.0;24.0;0.94;NW;3.611111111111111;0.0;1008.68;0.0;Light Rain
1453140000;25.0;24.0;0.94;WNW;3.0555555555555554;0.0;1008.68;0.0;Light Rain
1453143600;26.0;24.0;0.89;WNW;2.5;0.0;1008.68;0.0;Mostly Cloudy
1453147200;25.0;24.0;0.94;WNW;2.5;0.0;1009.68;0.0;Showers in the Vicinity
1453150800;25.0;23.0;0.89;WSW;2.5;0.0;1009.68;0.0;Mostly Cloudy
1453154400;25.0;24.0;0.94;NW;2.5;0.0;1010.68;0.0;Mostly Cloudy
1453158000;25.0;23.0;0.89;NW;1.9444444444444444;0.0;1010.68;0.0;Mostly Cloudy
1453161600;25.0;23.0;0.89;NNW;2.5;0.0;1010.68;0.0;Mostly Cloudy
1453165200;25.0;23.0;0.89;NNW;1.9444444444444444;0.0;1010.68;0.0;Mostly Cloudy
1453255200;26.0;24.0;0.89;ENE;2.5;0.0;1009.68;0.0;Showers in the Vicinity
1453258800;27.0;23.0;0.79;ENE;3.0555555555555554;0.0;1008.68;0.0;Partly Cloudy
1453262400;27.0;24.0;0.84;E;3.0555555555555554;0.0;1008.68;0.0;Partly Cloudy
1453266000;27.0;23.0;0.79;E;2.5;0.0;1008.68;0.0;Partly Cloudy
1453269600;26.0;23.0;0.83;NE;2.5;0.0;1008.68;0.0;Partly Cloudy
1453273200;25.0;23.0;0.89;NW;2.5;0.0;1008.68;0.0;Partly Cloudy
1453276800;25.0;23.0;0.89;WNW;3.0555555555555554;0.0;1009.68;0.0;Mostly Cloudy
1453280400;26.0;24.0;0.89;WNW;3.0555555555555554;0.0;1009.68;0.0;Showers in the Vicinity
1453282320;26.0;24.0;0.89;W;1.9444444444444444;0.0;1010.68;0.0;Rain Shower
1453284000;25.0;24.0;0.94;ENE;2.5;0.0;0.0;0.0;Light Rain
1453287600;27.0;23.0;0.79;ENE;2.5;0.0;1010.68;0.0;Mostly Cloudy
1453291200;29.0;24.0;0.74;E;4.166666666666667;0.0;1010.68;0.0;Partly Cloudy
1453293720;25.0;22.0;0.83;ENE;6.666666666666666;0.0;1010.68;0.0;Rain Shower
1453294800;26.0;24.0;0.89;E;4.166666666666667;9.166666666666666;0.0;0.0;Rain
1453296000;28.0;23.0;0.74;E;3.0555555555555554;0.0;1009.68;0.0;Partly Cloudy
1453298400;29.0;24.0;0.74;ENE;3.611111111111111;0.0;1009.68;0.0;Partly Cloudy
1453302000;30.0;24.0;0.7;NE;5.555555555555555;0.0;1008.68;0.0;Showers in the Vicinity
1453305600;29.0;24.0;0.74;ENE;3.611111111111111;0.0;0.0;0.0;Showers in the Vicinity
1453309200;29.0;24.0;0.74;ESE;1.6666666666666665;0.0;1007.68;0.0;Mostly Cloudy
1453312800;29.0;24.0;0.74;ENE;2.5;0.0;1007.68;0.0;Mostly Cloudy
1453316400;28.0;24.0;0.79;ENE;3.0555555555555554;0.0;1007.68;0.0;Mostly Cloudy
1453320000;28.0;23.0;0.74;ENE;2.5;0.0;1008.68;0.0;Mostly Cloudy
1453323600;28.0;24.0;0.79;ENE;1.9444444444444444;0.0;1009.68;0.0;Mostly Cloudy
1453327200;28.0;23.0;0.74;ENE;3.0555555555555554;0.0;1009.68;0.0;Mostly Cloudy
1453330800;28.0;23.0;0.74;ENE;1.9444444444444444;0.0;1010.68;0.0;Partly Cloudy
1453334400;28.0;24.0;0.79;ENE;1.9444444444444444;0.0;1010.68;0.0;Partly Cloudy
1453338000;28.0;23.0;0.74;ENE;3.0555555555555554;0.0;1010.68;0.0;Partly Cloudy
1453341600;27.0;24.0;0.84;NE;1.9444444444444444;0.0;1009.68;0.0;Partly Cloudy
1453345200;27.0;24.0;0.84;NE;1.9444444444444444;0.0;1008.68;0.0;Partly Cloudy
1453348800;27.0;24.0;0.84;ENE;1.6666666666666665;0.0;1008.68;0.0;Partly Cloudy
1453352400;26.0;24.0;0.89;NW;1.6666666666666665;0.0;1008.68;0.0;Partly Cloudy
1453356000;27.0;23.0;0.79;E;3.0555555555555554;0.0;1007.68;0.0;Partly Cloudy
1453359600;26.0;24.0;0.89;ENE;3.0555555555555554;0.0;0.0;0.0;Light Rain
1453363200;26.0;24.0;0.89;ENE;1.9444444444444444;0.0;0.0;0.0;Showers in the Vicinity
1453366800;25.0;24.0;0.94;NW;1.1111111111111112;0.0;1010.68;0.0;Mostly Cloudy
1453370400;29.0;24.0;0.74;N;1.9444444444444444;0.0;1010.68;0.0;Partly Cloudy
1453374000;28.0;24.0;0.79;NE;4.166666666666667;0.0;1010.68;0.0;Partly Cloudy
1453377600;30.0;23.0;0.66;NE;5.277777777777778;0.0;1010.68;0.0;Partly Cloudy
1453381200;30.0;23.0;0.66;NE;5.277777777777778;0.0;1010.68;0.0;Partly Cloudy
1453384800;30.0;23.0;0.66;NE;4.722222222222222;0.0;1009.68;0.0;Partly Cloudy
1453388400;30.0;24.0;0.7;NE;4.722222222222222;0.0;1009.68;0.0;Mostly Cloudy
1453392000;28.0;24.0;0.79;NNE;4.722222222222222;0.0;1008.68;0.0;Light Rain
1453395600;27.0;24.0;0.84;N;3.0555555555555554;0.0;1008.68;0.0;Showers in the Vicinity
1453399200;27.0;23.0;0.79;ENE;4.166666666666667;0.0;1008.68;0.0;Mostly Cloudy
1453402800;27.0;24.0;0.84;NE;2.5;0.0;1008.68;0.0;Mostly Cloudy
1453406400;27.0;24.0;0.84;ENE;2.5;0.0;1009.68;0.0;Mostly Cloudy
1453410000;27.0;24.0;0.84;NE;3.0555555555555554;0.0;1010.68;0.0;Partly Cloudy
1453413600;27.0;24.0;0.84;NE;3.611111111111111;0.0;1010.68;0.0;Partly Cloudy
1453417200;27.0;24.0;0.84;ENE;2.5;0.0;1011.68;0.0;Partly Cloudy
1453420800;27.0;25.0;0.89;NE;2.5;0.0;1011.68;0.0;Mostly Cloudy
1453424400;28.0;24.0;0.79;NE;2.5;0.0;1011.68;0.0;Mostly Cloudy
1453425120;26.0;24.0;0.89;ENE;4.166666666666667;10.833333333333334;1010.68;0.0;Rain Shower
1453426200;26.0;24.0;0.89;ENE;1.9444444444444444;0.0;1010.68;0.0;Partly Cloudy
1453428000;27.0;24.0;0.84;ENE;1.9444444444444444;0.0;1010.68;0.0;Mostly Cloudy
1453431600;27.0;25.0;0.89;NE;1.6666666666666665;0.0;1009.68;0.0;Mostly Cloudy
1453435200;26.0;24.0;0.89;N;1.9444444444444444;0.0;1008.68;0.0;Mostly Cloudy
1453438800;26.0;24.0;0.89;N;1.9444444444444444;0.0;1008.68;0.0;Partly Cloudy
1453442400;27.0;24.0;0.84;NE;2.5;0.0;1008.68;0.0;Partly Cloudy
1453446000;27.0;24.0;0.84;NNE;2.5;0.0;1009.68;0.0;Partly Cloudy
1453449600;27.0;25.0;0.89;NNE;1.9444444444444444;0.0;1010.68;0.0;Mostly Cloudy
1453453200;27.0;24.0;0.84;NNE;1.6666666666666665;0.0;1010.68;0.0;Partly Cloudy
1453455120;26.0;24.0;0.89;ENE;4.166666666666667;0.0;1011.68;0.0;Light Rain
1453456800;26.0;24.0;0.89;NE;1.9444444444444444;0.0;1011.68;0.0;Showers in the Vicinity
1453460400;27.0;24.0;0.84;NE;3.611111111111111;0.0;1012.68;0.0;Showers in the Vicinity
1453464000;29.0;25.0;0.79;ENE;5.277777777777778;0.0;1011.68;0.0;Mostly Cloudy
1453467600;30.0;25.0;0.74;ENE;3.611111111111111;0.0;1011.68;0.0;Mostly Cloudy
1453471200;29.0;25.0;0.79;E;4.722222222222222;0.0;1011.68;0.0;Showers in the Vicinity
1453474800;29.0;25.0;0.79;ENE;3.611111111111111;0.0;1010.68;0.0;Mostly Cloudy
1453478400;29.0;24.0;0.74;ENE;4.722222222222222;0.0;1009.68;0.0;Showers in the Vicinity
1453482000;29.0;25.0;0.79;ENE;2.5;0.0;1009.68;0.0;Mostly Cloudy
1453485600;29.0;24.0;0.74;ENE;3.611111111111111;0.0;1009.68;0.0;Mostly Cloudy
1453489200;27.0;24.0;0.84;ENE;5.277777777777778;0.0;1009.68;0.0;Mostly Cloudy
1453492800;27.0;24.0;0.84;ENE;3.611111111111111;0.0;1010.68;0.0;Mostly Cloudy
1453496400;27.0;24.0;0.84;NE;3.611111111111111;0.0;1011.68;0.0;Mostly Cloudy
1453500000;27.0;23.0;0.79;N;1.9444444444444444;0.0;1012.68;0.0;Fair
1453503600;26.0;24.0;0.89;NW;1.6666666666666665;0.0;1012.68;0.0;Mostly Cloudy
1453507200;26.0;24.0;0.89;W;1.1111111111111112;0.0;1013.68;0.0;Mostly Cloudy
1453510800;28.0;24.0;0.79;NE;1.9444444444444444;0.0;1012.68;0.0;Mostly Cloudy
1453514400;28.0;24.0;0.79;ENE;1.9444444444444444;0.0;1012.68;0.0;Mostly Cloudy
1453518000;27.0;24.0;0.84;ENE;1.6666666666666665;0.0;1011.68;0.0;Mostly Cloudy
1453521600;25.0;24.0;0.94;NE;4.722222222222222;0.0;1011.68;0.0;Rain
1453525200;25.0;23.0;0.89;NNW;1.1111111111111112;0.0;1010.68;0.0;Mostly Cloudy
1453528800;25.0;23.0;0.89;NW;0.5555555555555556;0.0;1010.68;0.0;Mostly Cloudy
1453532400;25.0;24.0;0.94;NNW;1.6666666666666665;0.0;1011.68;0.0;Mostly Cloudy
1453536000;27.0;24.0;0.84;E;1.9444444444444444;0.0;1011.68;0.0;Mostly Cloudy
1453539600;28.0;24.0;0.79;E;4.166666666666667;0.0;1012.68;0.0;Mostly Cloudy
1453543200;29.0;23.0;0.7;E;4.166666666666667;0.0;1013.68;0.0;Mostly Cloudy
1453546800;29.0;23.0;0.7;E;5.555555555555555;0.0;1013.68;0.0;Mostly Cloudy
1453550400;30.0;24.0;0.7;E;5.277777777777778;0.0;1013.68;0.0;Partly Cloudy
1453554000;30.0;24.0;0.7;E;4.166666666666667;0.0;1013.68;0.0;Partly Cloudy
1453557600;30.0;24.0;0.7;E;5.277777777777778;0.0;1012.68;0.0;Partly Cloudy
1453561200;30.0;23.0;0.66;ESE;4.722222222222222;0.0;1012.68;0.0;Partly Cloudy
1453564800;30.0;24.0;0.7;ESE;4.722222222222222;0.0;1011.68;0.0;Mostly Cloudy
1453568400;29.0;24.0;0.74;E;4.166666666666667;0.0;1010.68;0.0;Mostly Cloudy
1453572000;29.0;23.0;0.7;E;3.611111111111111;0.0;1010.68;0.0;Mostly Cloudy
1453575600;28.0;24.0;0.79;E;3.0555555555555554;0.0;1011.68;0.0;Partly Cloudy
1453579200;27.0;24.0;0.84;E;2.5;0.0;1011.68;0.0;Showers in the Vicinity
1453582800;27.0;23.0;0.79;E;3.0555555555555554;0.0;1012.68;0.0;Mostly Cloudy
1453586400;27.0;23.0;0.79;E;2.5;0.0;1012.68;0.0;Partly Cloudy
1453590000;27.0;23.0;0.79;ENE;2.5;0.0;1013.68;0.0;Partly Cloudy
1453593600;28.0;23.0;0.74;E;2.5;0.0;1013.68;0.0;Partly Cloudy
1453597200;27.0;24.0;0.84;E;2.5;0.0;1013.68;0.0;Mostly Cloudy
1453600800;27.0;24.0;0.84;ENE;2.5;0.0;1012.68;0.0;Partly Cloudy
1453604400;27.0;23.0;0.79;E;2.5;0.0;1011.68;0.0;Partly Cloudy
1453608000;27.0;24.0;0.84;E;4.722222222222222;0.0;1011.68;0.0;Mostly Cloudy
1453611600;27.0;23.0;0.79;ENE;3.611111111111111;0.0;1010.68;0.0;Partly Cloudy
1453615200;27.0;23.0;0.79;ENE;3.0555555555555554;0.0;1011.68;0.0;Partly Cloudy
1453618800;27.0;23.0;0.79;ENE;2.5;0.0;1011.68;0.0;Partly Cloudy
1453622400;27.0;23.0;0.79;ENE;3.0555555555555554;0.0;1012.68;0.0;Partly Cloudy
1453626000;27.0;23.0;0.79;NE;2.5;0.0;1013.68;0.0;Partly Cloudy
1453629600;29.0;23.0;0.7;ENE;3.611111111111111;0.0;1013.68;0.0;Partly Cloudy
1453633200;29.0;23.0;0.7;ENE;3.0555555555555554;0.0;1013.68;0.0;Partly Cloudy
1453636800;30.0;23.0;0.66;E;4.722222222222222;0.0;1013.68;0.0;Partly Cloudy
1453640400;30.0;23.0;0.66;ENE;4.722222222222222;0.0;1013.68;0.0;Partly Cloudy
1453644000;31.0;23.0;0.62;ENE;3.611111111111111;0.0;1012.68;0.0;Fair
1453647600;30.0;24.0;0.7;E;4.166666666666667;0.0;1012.68;0.0;Fair
1453651200;30.0;24.0;0.7;E;5.277777777777778;0.0;1011.68;0.0;Partly Cloudy
1453654800;30.0;23.0;0.66;ENE;4.722222222222222;0.0;1010.68;0.0;Fair
1453658400;29.0;24.0;0.74;E;4.722222222222222;0.0;1010.68;0.0;Partly Cloudy
1453662000;29.0;24.0;0.74;E;3.611111111111111;0.0;1011.68;0.0;Mostly Cloudy
1453665600;29.0;23.0;0.7;ENE;3.0555555555555554;0.0;1011.68;0.0;Partly Cloudy
1453669200;28.0;23.0;0.74;ENE;3.611111111111111;0.0;1012.68;0.0;Partly Cloudy
1453672800;28.0;23.0;0.74;ENE;2.5;0.0;1013.68;0.0;Mostly Cloudy
1453676400;28.0;23.0;0.74;ENE;3.0555555555555554;0.0;1013.68;0.0;Partly Cloudy
1453680000;27.0;24.0;0.84;ENE;3.0555555555555554;0.0;1014.67;0.0;Partly Cloudy
1453683600;27.0;23.0;0.79;ENE;3.0555555555555554;0.0;1013.68;0.0;Partly Cloudy
1453773600;28.0;24.0;0.79;E;1.9444444444444444;0.0;1012.68;0.0;Partly Cloudy
1453777200;28.0;23.0;0.74;ENE;1.9444444444444444;0.0;1012.68;0.0;Partly Cloudy
1453780800;27.0;23.0;0.79;E;3.0555555555555554;0.0;1011.68;0.0;Showers in the Vicinity
1453784400;27.0;23.0;0.79;E;2.5;0.0;1011.68;0.0;Partly Cloudy
1453788000;27.0;23.0;0.79;E;3.0555555555555554;0.0;1011.68;0.0;Partly Cloudy
1453791600;25.0;23.0;0.89;NW;1.9444444444444444;0.0;1011.68;0.0;Partly Cloudy
1453795200;25.0;23.0;0.89;NW;1.1111111111111112;0.0;1012.68;0.0;Partly Cloudy
1453798800;27.0;24.0;0.84;W;1.6666666666666665;0.0;1012.68;0.0;Partly Cloudy
1453802400;29.0;22.0;0.66;ENE;3.611111111111111;0.0;1012.68;0.0;Partly Cloudy
1453806000;29.0;22.0;0.66;ENE;4.166666666666667;0.0;1013.68;0.0;Fair
1453809600;30.0;24.0;0.7;ENE;4.166666666666667;0.0;1012.68;0.0;Partly Cloudy
1453813200;30.0;22.0;0.62;ENE;4.722222222222222;0.0;1012.68;0.0;Partly Cloudy
1453816800;30.0;22.0;0.62;ENE;3.611111111111111;0.0;1010.68;0.0;Fair
1453820400;30.0;33.0;0.0;ENE;4.166666666666667;0.0;1011.68;0.0;Fair
1453824000;31.0;23.0;0.62;ENE;4.722222222222222;0.0;1010.68;0.0;Fair
1453827600;30.0;22.0;0.62;ENE;4.166666666666667;0.0;1010.68;0.0;Fair
1453831200;30.0;23.0;0.66;ENE;4.166666666666667;0.0;1010.68;0.0;Fair
1453834800;29.0;22.0;0.66;ENE;3.0555555555555554;0.0;1010.68;0.0;Fair
1453838400;29.0;23.0;0.7;ENE;3.611111111111111;0.0;1010.68;0.0;Fair
1453842000;28.0;23.0;0.74;ENE;3.0555555555555554;0.0;1010.68;0.0;Fair
1453845600;28.0;23.0;0.74;ENE;3.611111111111111;0.0;1011.68;0.0;Partly Cloudy
1453849200;28.0;23.0;0.74;ENE;4.166666666666667;0.0;1011.68;0.0;Partly Cloudy
1453852800;27.0;23.0;0.79;ENE;3.0555555555555554;0.0;1012.68;0.0;Partly Cloudy
1453856400;27.0;23.0;0.79;NE;3.0555555555555554;0.0;1011.68;0.0;Partly Cloudy
1453860000;27.0;23.0;0.79;NE;3.0555555555555554;0.0;1011.68;0.0;Partly Cloudy
1453863600;27.0;22.0;0.74;NE;3.0555555555555554;0.0;1011.68;0.0;Partly Cloudy
1453867200;27.0;23.0;0.79;NE;2.5;0.0;1011.68;0.0;Partly Cloudy
1453870800;27.0;23.0;0.79;NE;3.0555555555555554;0.0;1010.68;0.0;Partly Cloudy
1453874400;27.0;23.0;0.79;NE;2.5;0.0;1010.68;0.0;Partly Cloudy
1453878000;27.0;23.0;0.79;NE;2.5;0.0;1010.68;0.0;Partly Cloudy
1453881600;26.0;23.0;0.83;NW;2.5;0.0;1011.68;0.0;Partly Cloudy
1453885200;26.0;23.0;0.83;NW;2.5;0.0;1012.68;0.0;Partly Cloudy
1453888800;29.0;23.0;0.7;ENE;4.166666666666667;0.0;1012.68;0.0;Mostly Cloudy
1453892400;29.0;23.0;0.7;NE;4.166666666666667;0.0;1012.68;0.0;Mostly Cloudy
1453896000;31.0;23.0;0.62;ENE;4.722222222222222;0.0;1012.68;0.0;Partly Cloudy
1453899600;30.0;23.0;0.66;ENE;5.277777777777778;0.0;1012.68;0.0;Partly Cloudy
1453903200;31.0;23.0;0.62;E;5.277777777777778;0.0;1011.68;0.0;Partly Cloudy
1453906800;31.0;23.0;0.62;NE;5.277777777777778;0.0;1011.68;0.0;Mostly Cloudy
1453910400;30.0;23.0;0.66;ENE;6.111111111111111;0.0;1010.68;0.0;Partly Cloudy
1453914000;30.0;23.0;0.66;ENE;4.722222222222222;0.0;1010.68;0.0;Fair
1453917600;30.0;24.0;0.7;ENE;4.722222222222222;0.0;1010.68;0.0;Fair
1453921200;29.0;23.0;0.7;E;4.166666666666667;0.0;1010.68;0.0;Fair
1453924800;29.0;23.0;0.7;ENE;3.611111111111111;0.0;1010.68;0.0;Fair
1453928400;29.0;24.0;0.74;ENE;3.0555555555555554;0.0;1011.68;0.0;Partly Cloudy
1453932000;29.0;24.0;0.74;E;2.5;0.0;1011.68;0.0;Partly Cloudy
1453935600;28.0;23.0;0.74;ENE;3.611111111111111;0.0;1012.68;0.0;Partly Cloudy
1453939200;28.0;23.0;0.74;ENE;3.0555555555555554;0.0;1012.68;0.0;Partly Cloudy
1453942800;28.0;24.0;0.79;E;3.611111111111111;0.0;1012.68;0.0;Partly Cloudy
1453946400;28.0;24.0;0.79;E;3.611111111111111;0.0;1012.68;0.0;Partly Cloudy
1453950000;28.0;23.0;0.74;E;3.611111111111111;0.0;1011.68;0.0;Partly Cloudy
1453953600;28.0;23.0;0.74;E;3.611111111111111;0.0;1011.68;0.0;Partly Cloudy
1453957200;28.0;23.0;0.74;E;4.166666666666667;0.0;1010.68;0.0;Partly Cloudy
1453960800;28.0;23.0;0.74;E;3.611111111111111;0.0;1011.68;0.0;Partly Cloudy
1453964400;28.0;23.0;0.74;ESE;3.0555555555555554;0.0;1011.68;0.0;Partly Cloudy
1453968000;28.0;23.0;0.74;E;3.611111111111111;0.0;1012.68;0.0;Partly Cloudy
1453971600;29.0;23.0;0.7;ESE;4.722222222222222;0.0;1012.68;0.0;Partly Cloudy
1453975200;29.0;24.0;0.74;ESE;4.722222222222222;0.0;1013.68;0.0;Partly Cloudy
1453978800;29.0;23.0;0.7;ESE;5.555555555555555;0.0;1013.68;0.0;Partly Cloudy
1453982400;31.0;23.0;0.62;SE;5.555555555555555;0.0;1013.68;0.0;Mostly Cloudy
1453986000;30.0;23.0;0.66;SE;5.555555555555555;0.0;1013.68;0.0;Partly Cloudy
1453989600;30.0;23.0;0.66;SE;7.222222222222222;0.0;1012.68;0.0;Partly Cloudy
1453993200;30.0;23.0;0.66;SE;6.111111111111111;0.0;1012.68;0.0;Partly Cloudy
1453996800;31.0;23.0;0.62;ESE;4.722222222222222;0.0;1011.68;0.0;Fair
1454000400;30.0;23.0;0.66;SE;5.277777777777778;0.0;1010.68;0.0;Partly Cloudy
1454004000;29.0;23.0;0.7;E;5.277777777777778;0.0;1010.68;0.0;Partly Cloudy
1454007600;28.0;23.0;0.74;SE;4.722222222222222;0.0;1010.68;0.0;Partly Cloudy
1454011200;28.0;23.0;0.74;ESE;5.277777777777778;0.0;1011.68;0.0;Mostly Cloudy
1454014800;27.0;23.0;0.79;SE;5.277777777777778;0.0;1011.68;0.0;Partly Cloudy
1454018400;28.0;22.0;0.7;SE;4.166666666666667;0.0;1012.68;0.0;Partly Cloudy
1454022000;27.0;22.0;0.74;SE;5.277777777777778;0.0;1012.68;0.0;Partly Cloudy
1454025600;27.0;22.0;0.74;ESE;4.722222222222222;0.0;1013.68;0.0;Fair
1454029200;27.0;23.0;0.79;SE;3.611111111111111;0.0;1012.68;0.0;Partly Cloudy
1454032800;27.0;22.0;0.74;SE;4.166666666666667;0.0;1011.68;0.0;Fair
1454036400;27.0;22.0;0.74;SE;4.166666666666667;0.0;1011.68;0.0;Partly Cloudy
1454040000;27.0;22.0;0.74;ESE;3.611111111111111;0.0;1010.68;0.0;Partly Cloudy
1454043600;27.0;22.0;0.74;SE;5.277777777777778;0.0;1010.68;0.0;Partly Cloudy
1454047200;26.0;22.0;0.78;SE;3.611111111111111;0.0;1010.68;0.0;Partly Cloudy
1454050800;26.0;22.0;0.78;SE;4.166666666666667;0.0;1011.68;0.0;Partly Cloudy
1454054400;27.0;22.0;0.74;SE;5.277777777777778;0.0;1011.68;0.0;Mostly Cloudy
1454058000;27.0;22.0;0.74;SE;5.277777777777778;0.0;1011.68;0.0;Partly Cloudy
1454061600;29.0;22.0;0.66;SSE;6.111111111111111;0.0;1012.68;0.0;Fair
1454065200;29.0;22.0;0.66;SSE;5.277777777777778;0.0;1012.68;0.0;Partly Cloudy
1454068800;30.0;22.0;0.62;SSE;5.555555555555555;0.0;1012.68;0.0;Mostly Cloudy
1454072400;29.0;21.0;0.62;SSE;7.222222222222222;0.0;1011.68;0.0;Showers in the Vicinity
1454076000;30.0;23.0;0.66;SSE;5.555555555555555;0.0;1011.68;0.0;Partly Cloudy
1454079600;28.0;23.0;0.74;SE;5.555555555555555;0.0;1010.68;0.0;Fair
1454083200;29.0;24.0;0.74;SSE;6.111111111111111;0.0;1010.68;0.0;Showers in the Vicinity
1454086800;28.0;22.0;0.7;SSE;7.222222222222222;0.0;1009.68;0.0;Thunder
1454090400;27.0;23.0;0.79;S;6.666666666666666;0.0;1010.68;0.0;Showers in the Vicinity
1454092020;23.0;21.0;0.88;ENE;8.333333333333334;18.055555555555554;1011.68;0.0;Heavy Rain
1454092740;21.0;20.0;0.94;E;6.666666666666666;0.0;1011.68;0.0;Light Rain
1454094000;22.0;19.0;0.83;NE;3.0555555555555554;0.0;1011.68;0.0;Light Rain with Thunder
1454097600;22.0;19.0;0.83;SSW;7.222222222222222;0.0;0.0;0.0;Light Rain with Thunder
1454099520;22.0;18.0;0.78;SSW;5.555555555555555;11.944444444444445;1013.68;0.0;Light Rain with Thunder
1454101200;21.0;19.0;0.88;WSW;1.6666666666666665;0.0;1013.68;0.0;Light Rain with Thunder
1454102640;22.0;19.0;0.83;WNW;2.5;0.0;1013.68;0.0;Light Rain with Thunder
1454104800;22.0;0.0;0.0;SW;5.555555555555555;0.0;1011.68;0.0;Light Rain with Thunder
1454108400;25.0;20.0;0.74;E;5.277777777777778;0.0;0.0;0.0;Thunder in the Vicinity
1454112000;24.0;21.0;0.83;SSE;3.611111111111111;0.0;0.0;0.0;Thunder in the Vicinity
1454115600;23.0;20.0;0.83;SSW;1.6666666666666665;0.0;1012.68;0.0;Mostly Cloudy
1454119200;23.0;20.0;0.83;S;1.1111111111111112;0.0;1012.68;0.0;Partly Cloudy
1454122800;23.0;20.0;0.83;NE;1.6666666666666665;0.0;1011.68;0.0;Mostly Cloudy
1454126400;23.0;20.0;0.83;S;1.9444444444444444;0.0;1010.68;0.0;Mostly Cloudy
1454130000;22.0;20.0;0.88;NW;2.5;0.0;1010.68;0.0;Mostly Cloudy
1454133600;22.0;20.0;0.88;S;2.5;0.0;1010.68;0.0;Mostly Cloudy
1454137200;23.0;20.0;0.83;S;3.611111111111111;0.0;1009.68;0.0;Mostly Cloudy
1454140800;23.0;20.0;0.83;W;1.1111111111111112;0.0;1010.68;0.0;Mostly Cloudy
1454144400;24.0;21.0;0.83;CALM;0.0;0.0;1011.68;0.0;Mostly Cloudy
1454148000;25.0;21.0;0.78;SW;1.6666666666666665;0.0;1011.68;0.0;Mostly Cloudy
1454151600;26.0;22.0;0.78;SSW;3.611111111111111;0.0;1012.68;0.0;Mostly Cloudy
1454155200;27.0;23.0;0.79;SSW;2.5;0.0;1012.68;0.0;Partly Cloudy
1454158800;28.0;23.0;0.74;S;4.166666666666667;0.0;1012.68;0.0;Partly Cloudy
1454162400;29.0;23.0;0.7;S;5.277777777777778;0.0;1011.68;0.0;Partly Cloudy
1454166000;29.0;23.0;0.7;SSE;5.555555555555555;0.0;1011.68;0.0;Partly Cloudy
1454169600;30.0;22.0;0.62;SE;6.111111111111111;0.0;1011.68;0.0;Mostly Cloudy
1454173200;30.0;22.0;0.62;SE;5.555555555555555;0.0;1010.68;0.0;Mostly Cloudy
1454176800;28.0;22.0;0.7;SE;6.111111111111111;0.0;1010.68;0.0;Fair
1454180400;28.0;22.0;0.7;SSE;5.555555555555555;0.0;1010.68;0.0;Fair
1454184000;28.0;21.0;0.66;SE;4.722222222222222;0.0;1011.68;0.0;Fair
1454187600;27.0;22.0;0.74;SE;3.611111111111111;0.0;1012.68;0.0;Fair
1454191200;27.0;22.0;0.74;SE;3.0555555555555554;0.0;1012.68;0.0;Partly Cloudy
1454194800;27.0;22.0;0.74;SE;2.5;0.0;1013.68;0.0;Partly Cloudy
1454198400;25.0;22.0;0.83;SW;1.6666666666666665;0.0;1013.68;0.0;Fair
1454202000;25.0;22.0;0.83;SSW;1.1111111111111112;0.0;1012.68;0.0;Fair
1454205600;25.0;22.0;0.83;S;1.1111111111111112;0.0;1011.68;0.0;Partly Cloudy
1454209200;24.0;22.0;0.89;CALM;0.0;0.0;1011.68;0.0;Fair
1454212800;24.0;22.0;0.89;W;1.1111111111111112;0.0;1011.68;0.0;Fair
1454216400;24.0;22.0;0.89;SW;1.1111111111111112;0.0;1011.68;0.0;Fair
1454220000;24.0;22.0;0.89;SW;1.6666666666666665;0.0;1011.68;0.0;Fair
1454223600;24.0;22.0;0.89;CALM;0.0;0.0;1011.68;0.0;Partly Cloudy
1454227200;24.0;22.0;0.89;SW;1.9444444444444444;0.0;1011.68;0.0;Mostly Cloudy
1454230800;26.0;23.0;0.83;SSW;2.5;0.0;1012.68;0.0;Mostly Cloudy
1454234400;27.0;23.0;0.79;S;3.0555555555555554;0.0;1012.68;0.0;Mostly Cloudy
1454238000;27.0;24.0;0.84;SSW;1.9444444444444444;0.0;1013.68;0.0;Mostly Cloudy
1454241600;28.0;24.0;0.79;SSE;4.166666666666667;0.0;1013.68;0.0;Mostly Cloudy
1454245200;29.0;24.0;0.74;SE;5.555555555555555;0.0;1012.68;0.0;Partly Cloudy
1454248800;29.0;23.0;0.7;SE;5.277777777777778;0.0;1012.68;0.0;Partly Cloudy
1454252400;30.0;23.0;0.66;ESE;4.166666666666667;0.0;1011.68;0.0;Fair
1454256000;29.0;24.0;0.74;SE;4.166666666666667;0.0;1011.68;0.0;Partly Cloudy
1454259600;29.0;23.0;0.7;SSE;5.555555555555555;0.0;1010.68;0.0;Partly Cloudy
1454263200;29.0;24.0;0.74;SE;4.722222222222222;0.0;1010.68;0.0;Partly Cloudy
1454266800;29.0;23.0;0.7;SSE;3.611111111111111;0.0;1010.68;0.0;Fair
1454270400;28.0;23.0;0.74;ESE;2.5;0.0;1011.68;0.0;Fair
1454274000;28.0;23.0;0.74;ESE;1.9444444444444444;0.0;1012.68;0.0;Fair
1454277600;28.0;23.0;0.74;SE;3.0555555555555554;0.0;1012.68;0.0;Fair
1454281200;28.0;24.0;0.79;SE;3.0555555555555554;0.0;1012.68;0.0;Fair
1454284800;28.0;24.0;0.79;ESE;1.9444444444444444;0.0;1012.68;0.0;Mostly Cloudy
1454288400;28.0;24.0;0.79;ESE;2.5;0.0;1012.68;0.0;Mostly Cloudy
1454378400;28.0;24.0;0.79;ESE;4.166666666666667;0.0;1011.68;0.0;Mostly Cloudy
1454382000;27.0;24.0;0.84;SE;4.722222222222222;0.0;1010.68;0.0;Mostly Cloudy
1454385600;27.0;23.0;0.79;SE;5.277777777777778;0.0;1009.68;0.0;Mostly Cloudy
1454389200;27.0;24.0;0.84;SE;4.166666666666667;0.0;1009.68;0.0;Partly Cloudy
1454392800;27.0;23.0;0.79;SE;4.166666666666667;0.0;1009.68;0.0;Mostly Cloudy
1454396400;27.0;24.0;0.84;ESE;2.5;0.0;1010.68;0.0;Partly Cloudy
1454400000;27.0;23.0;0.79;ESE;3.611111111111111;0.0;1010.68;0.0;Partly Cloudy
1454403600;28.0;24.0;0.79;ESE;3.0555555555555554;0.0;1011.68;0.0;Partly Cloudy
1454407200;28.0;23.0;0.74;SE;5.277777777777778;0.0;1011.68;0.0;Partly Cloudy
1454410800;29.0;24.0;0.74;ESE;6.111111111111111;0.0;1011.68;0.0;Partly Cloudy
1454414400;30.0;23.0;0.66;ESE;5.277777777777778;0.0;1011.68;0.0;Partly Cloudy
1454418000;31.0;24.0;0.66;ESE;5.277777777777778;0.0;1011.68;0.0;Partly Cloudy
1454421600;30.0;24.0;0.7;E;6.111111111111111;0.0;1010.68;0.0;Partly Cloudy
1454425200;30.0;24.0;0.7;SE;7.222222222222222;0.0;1010.68;0.0;Mostly Cloudy
1454428800;30.0;23.0;0.66;SE;6.666666666666666;0.0;1009.68;0.0;Partly Cloudy
1454432400;30.0;23.0;0.66;SE;5.555555555555555;0.0;1008.68;0.0;Partly Cloudy
1454436000;29.0;23.0;0.7;SE;5.277777777777778;0.0;1008.68;0.0;Fair
1454439600;29.0;22.0;0.66;SE;5.277777777777778;0.0;1009.68;0.0;Fair
1454443200;28.0;22.0;0.7;ESE;3.611111111111111;0.0;1009.68;0.0;Fair
1454446800;28.0;23.0;0.74;SE;4.166666666666667;0.0;1010.68;0.0;Partly Cloudy
1454450400;28.0;23.0;0.74;SE;3.0555555555555554;0.0;1010.68;0.0;Mostly Cloudy
1454454000;28.0;23.0;0.74;ESE;4.722222222222222;0.0;1011.68;0.0;Partly Cloudy
1454457600;27.0;23.0;0.79;ESE;4.166666666666667;0.0;1011.68;0.0;Partly Cloudy
1454461200;27.0;22.0;0.74;ESE;4.166666666666667;0.0;1011.68;0.0;Partly Cloudy
1454644800;26.0;22.0;0.78;SSW;1.9444444444444444;0.0;1010.68;0.0;Fair
1454648400;25.0;22.0;0.83;SSW;1.9444444444444444;0.0;1010.68;0.0;Fair
1454652000;25.0;22.0;0.83;SSW;1.9444444444444444;0.0;1010.68;0.0;Partly Cloudy
1454655600;25.0;22.0;0.83;SSW;1.9444444444444444;0.0;1011.68;0.0;Partly Cloudy
1454659200;25.0;22.0;0.83;SSW;2.5;0.0;1011.68;0.0;Partly Cloudy
1454662800;27.0;23.0;0.79;S;2.5;0.0;1012.68;0.0;Fair
1454666400;29.0;22.0;0.66;SE;5.277777777777778;0.0;1012.68;0.0;Fair
1454670000;29.0;22.0;0.66;SE;5.277777777777778;0.0;1013.68;0.0;Partly Cloudy
1454673600;29.0;22.0;0.66;SE;5.277777777777778;0.0;1013.68;0.0;Fair
1454677200;30.0;23.0;0.66;SSE;5.277777777777778;0.0;1013.68;0.0;Partly Cloudy
1454680800;30.0;24.0;0.7;SSE;5.555555555555555;0.0;1012.68;0.0;Partly Cloudy
1454684400;30.0;23.0;0.66;SE;6.111111111111111;0.0;1012.68;0.0;Partly Cloudy
1454688000;30.0;24.0;0.7;SSE;6.111111111111111;0.0;1011.68;0.0;Fair
1454691600;30.0;23.0;0.66;SSE;7.222222222222222;0.0;1011.68;0.0;Partly Cloudy
1454695200;29.0;23.0;0.7;SSE;6.666666666666666;0.0;1011.68;0.0;Showers in the Vicinity
1454698800;29.0;23.0;0.7;SSE;5.555555555555555;0.0;1011.68;0.0;Partly Cloudy
1454702400;28.0;23.0;0.74;SE;5.277777777777778;0.0;1011.68;0.0;Partly Cloudy
1454706000;28.0;23.0;0.74;SE;5.555555555555555;0.0;1012.68;0.0;Fair
1454709600;28.0;23.0;0.74;SSE;6.111111111111111;0.0;1012.68;0.0;Fair
1454713200;28.0;22.0;0.7;SSE;4.722222222222222;0.0;1013.68;0.0;Fair
1454716800;28.0;22.0;0.7;SE;4.166666666666667;0.0;1013.68;0.0;Fair
1454720400;28.0;23.0;0.74;SE;3.611111111111111;0.0;1012.68;0.0;Fair
1454724000;27.0;23.0;0.79;SSE;4.722222222222222;0.0;1012.68;0.0;Fair
1454727600;27.0;22.0;0.74;SSE;5.277777777777778;0.0;1011.68;0.0;Fair
1454731200;27.0;23.0;0.79;SE;4.166666666666667;0.0;1011.68;0.0;Partly Cloudy
1454734800;27.0;23.0;0.79;SE;6.111111111111111;0.0;1010.68;0.0;Partly Cloudy
1454738400;27.0;22.0;0.74;SE;5.277777777777778;0.0;1011.68;0.0;Partly Cloudy
1454742000;27.0;22.0;0.74;SSE;6.111111111111111;0.0;1011.68;0.0;Partly Cloudy
1454745600;27.0;22.0;0.74;SE;5.277777777777778;0.0;1012.68;0.0;Partly Cloudy
1454749200;28.0;22.0;0.7;SE;5.555555555555555;0.0;1012.68;0.0;Fair
1454752800;29.0;22.0;0.66;SE;5.555555555555555;0.0;1013.68;0.0;Fair
1454756400;30.0;23.0;0.66;ESE;5.555555555555555;0.0;1013.68;0.0;Partly Cloudy
1454760000;29.0;23.0;0.7;SE;5.555555555555555;0.0;1013.68;0.0;Partly Cloudy
1454763600;30.0;22.0;0.62;SE;5.555555555555555;0.0;1013.68;0.0;Partly Cloudy
1454767200;30.0;23.0;0.66;SE;6.111111111111111;0.0;1013.68;0.0;Partly Cloudy
1454770800;30.0;22.0;0.62;ESE;6.666666666666666;0.0;1012.68;0.0;Partly Cloudy
1454774400;31.0;22.0;0.58;SE;6.666666666666666;0.0;1012.68;0.0;Partly Cloudy
1454778000;30.0;21.0;0.58;SE;6.666666666666666;0.0;1011.68;0.0;Fair
1454781600;29.0;21.0;0.62;SE;6.666666666666666;0.0;1011.68;0.0;Fair
1454785200;29.0;21.0;0.62;SE;6.666666666666666;0.0;1012.68;0.0;Fair
1454788800;28.0;22.0;0.7;ESE;5.555555555555555;0.0;1012.68;0.0;Fair
1454792400;28.0;23.0;0.74;E;4.166666666666667;0.0;1013.68;0.0;Fair
1454796000;28.0;22.0;0.7;SE;4.722222222222222;0.0;1013.68;0.0;Fair
1454799600;28.0;22.0;0.7;ESE;4.722222222222222;0.0;1014.67;0.0;Fair
1454803200;27.0;22.0;0.74;ESE;4.722222222222222;0.0;1014.67;0.0;Fair
1454806800;28.0;22.0;0.7;ESE;4.166666666666667;0.0;1014.67;0.0;Fair
1454896800;25.0;21.0;0.78;SW;1.9444444444444444;0.0;1012.68;0.0;Partly Cloudy
1454900400;25.0;21.0;0.78;WSW;2.5;0.0;1012.68;0.0;Partly Cloudy
1454904000;25.0;21.0;0.78;WSW;1.6666666666666665;0.0;1011.68;0.0;Partly Cloudy
1454907600;24.0;22.0;0.89;S;2.5;0.0;1012.68;0.0;Light Rain Shower
1454911200;24.0;22.0;0.89;WSW;2.5;0.0;1011.68;0.0;Mostly Cloudy
1454914800;23.0;22.0;0.94;WSW;2.5;0.0;1012.68;0.0;Light Rain Shower
1454918400;24.0;22.0;0.89;SW;2.5;0.0;1012.68;0.0;Partly Cloudy
1454922000;25.0;23.0;0.89;WSW;2.5;0.0;1013.68;0.0;Partly Cloudy
1454925600;26.0;24.0;0.89;SW;1.9444444444444444;0.0;1014.67;0.0;Partly Cloudy
1454929200;28.0;24.0;0.79;S;3.611111111111111;0.0;1014.67;0.0;Partly Cloudy
1454932800;29.0;25.0;0.79;SE;3.611111111111111;0.0;1014.67;0.0;Partly Cloudy
1454936400;30.0;23.0;0.66;ESE;5.277777777777778;0.0;1014.67;0.0;Partly Cloudy
1454940000;30.0;23.0;0.66;SE;5.277777777777778;0.0;1014.67;0.0;Partly Cloudy
1454943600;30.0;23.0;0.66;ESE;5.277777777777778;0.0;1013.68;0.0;Fair
1454947200;30.0;22.0;0.62;SE;5.277777777777778;0.0;1013.68;0.0;Fair
1454950800;30.0;23.0;0.66;SE;4.722222222222222;0.0;1012.68;0.0;Fair
1454954400;29.0;24.0;0.74;SE;4.722222222222222;0.0;1012.68;0.0;Partly Cloudy
1454958000;28.0;24.0;0.79;SE;4.722222222222222;0.0;1013.68;0.0;Partly Cloudy
1454961600;28.0;24.0;0.79;SE;3.611111111111111;0.0;1013.68;0.0;Partly Cloudy
1454965200;28.0;24.0;0.79;ESE;3.611111111111111;0.0;1013.68;0.0;Fair
1454968800;28.0;24.0;0.79;SE;3.0555555555555554;0.0;1014.67;0.0;Partly Cloudy
1454972400;28.0;23.0;0.74;ESE;2.5;0.0;1014.67;0.0;Partly Cloudy
1454976000;28.0;23.0;0.74;ESE;2.5;0.0;1014.67;0.0;Partly Cloudy
1454979600;28.0;23.0;0.74;ESE;3.611111111111111;0.0;1014.67;0.0;Partly Cloudy
1455069600;28.0;24.0;0.79;ESE;3.0555555555555554;0.0;1013.68;0.0;Partly Cloudy
1455073200;28.0;23.0;0.74;ESE;4.166666666666667;0.0;1012.68;0.0;Partly Cloudy
1455076800;28.0;23.0;0.74;ESE;4.166666666666667;0.0;1012.68;0.0;Fair
1455080400;28.0;23.0;0.74;ESE;3.611111111111111;0.0;1012.68;0.0;Fair
1455084000;27.0;24.0;0.84;SE;4.722222222222222;0.0;1012.68;0.0;Light Rain
1455087600;27.0;24.0;0.84;ESE;4.166666666666667;0.0;1012.68;0.0;Mostly Cloudy
1455091200;27.0;24.0;0.84;ESE;3.611111111111111;0.0;1013.68;0.0;Mostly Cloudy
1455094800;28.0;24.0;0.79;ESE;4.722222222222222;0.0;0.0;0.0;Showers in the Vicinity
1455098400;28.0;24.0;0.79;E;4.722222222222222;0.0;1014.67;0.0;Showers in the Vicinity
1455102000;29.0;23.0;0.7;E;5.277777777777778;0.0;1014.67;0.0;Mostly Cloudy
1455105600;30.0;23.0;0.66;E;5.277777777777778;0.0;1014.67;0.0;Partly Cloudy
1455109200;30.0;23.0;0.66;ESE;6.111111111111111;0.0;1013.68;0.0;Partly Cloudy
1455112800;30.0;24.0;0.7;E;5.277777777777778;0.0;1013.68;0.0;Mostly Cloudy
1455116400;30.0;23.0;0.66;ESE;5.277777777777778;0.0;1012.68;0.0;Partly Cloudy
1455120000;30.0;23.0;0.66;SE;5.277777777777778;0.0;1011.68;0.0;Partly Cloudy
1455123600;30.0;23.0;0.66;ESE;4.722222222222222;0.0;1011.68;0.0;Partly Cloudy
1455127200;29.0;23.0;0.7;SE;4.722222222222222;0.0;1011.68;0.0;Partly Cloudy
1455130800;28.0;23.0;0.74;SE;3.611111111111111;0.0;1011.68;0.0;Partly Cloudy
1455134400;28.0;22.0;0.7;SE;3.611111111111111;0.0;1011.68;0.0;Fair
1455138000;28.0;22.0;0.7;SE;3.611111111111111;0.0;1012.68;0.0;Fair
1455141600;28.0;22.0;0.7;ESE;3.611111111111111;0.0;1012.68;0.0;Fair
1455145200;28.0;22.0;0.7;ESE;2.5;0.0;1013.68;0.0;Fair
1455148800;28.0;22.0;0.7;ESE;3.611111111111111;0.0;1013.68;0.0;Partly Cloudy
1455152400;28.0;22.0;0.7;ESE;2.5;0.0;1013.68;0.0;Partly Cloudy
1455242400;26.0;22.0;0.78;SE;2.5;0.0;1010.68;0.0;Partly Cloudy
1455246000;26.0;22.0;0.78;SE;2.5;0.0;1009.68;0.0;Partly Cloudy
1455249600;25.0;21.0;0.78;CALM;0.0;0.0;1009.68;0.0;Fair
1455253200;24.0;21.0;0.83;NW;1.9444444444444444;0.0;1009.68;0.0;Partly Cloudy
1455256800;23.0;21.0;0.88;NW;2.5;0.0;1009.68;0.0;Partly Cloudy
1455260400;23.0;21.0;0.88;NNW;2.5;0.0;1010.68;0.0;Partly Cloudy
1455264000;23.0;21.0;0.88;NNW;1.9444444444444444;0.0;1010.68;0.0;Partly Cloudy
1455267600;25.0;22.0;0.83;NW;1.6666666666666665;0.0;1011.68;0.0;Partly Cloudy
1455271200;28.0;22.0;0.7;NW;1.9444444444444444;0.0;1012.68;0.0;Fair
1455274800;29.0;20.0;0.58;NE;2.5;0.0;1011.68;0.0;Fair
1455278400;30.0;21.0;0.58;NE;3.611111111111111;0.0;1011.68;0.0;Fair
1455282000;30.0;22.0;0.62;E;3.0555555555555554;0.0;1011.68;0.0;Fair
1455285600;31.0;21.0;0.55;E;4.166666666666667;0.0;1010.68;0.0;Fair
1455289200;30.0;21.0;0.58;E;4.722222222222222;0.0;1009.68;0.0;Fair
1455292800;30.0;22.0;0.62;E;4.722222222222222;0.0;1009.68;0.0;Fair
1455296400;30.0;22.0;0.62;E;4.166666666666667;0.0;1008.68;0.0;Fair
1455300000;29.0;22.0;0.66;E;3.611111111111111;0.0;1008.68;0.0;Fair
1455303600;29.0;22.0;0.66;ESE;3.611111111111111;0.0;1009.68;0.0;Fair
1455307200;28.0;23.0;0.74;E;3.0555555555555554;0.0;1009.68;0.0;Fair
1455310800;28.0;23.0;0.74;ENE;2.5;0.0;1010.68;0.0;Fair
1455314400;28.0;23.0;0.74;ENE;3.0555555555555554;0.0;1010.68;0.0;Partly Cloudy
1455318000;28.0;23.0;0.74;ENE;3.0555555555555554;0.0;1011.68;0.0;Partly Cloudy
1455321600;27.0;23.0;0.79;ENE;2.5;0.0;1011.68;0.0;Partly Cloudy
1455325200;27.0;23.0;0.79;ENE;2.5;0.0;1011.68;0.0;Partly Cloudy
1455328800;27.0;24.0;0.84;NE;2.5;0.0;1010.68;0.0;Partly Cloudy
1455332400;27.0;23.0;0.79;NE;3.0555555555555554;0.0;1010.68;0.0;Mostly Cloudy
1455336000;26.0;23.0;0.83;NNW;2.5;0.0;1009.68;0.0;Mostly Cloudy
1455339600;25.0;23.0;0.89;NW;2.5;0.0;1009.68;0.0;Mostly Cloudy
1455343200;25.0;23.0;0.89;NW;2.5;0.0;1010.68;0.0;Partly Cloudy
1455346800;25.0;23.0;0.89;NNW;1.9444444444444444;0.0;1010.68;0.0;Partly Cloudy
1455350400;25.0;23.0;0.89;NW;2.5;0.0;1010.68;0.0;Mostly Cloudy
1455354000;26.0;23.0;0.83;NNW;2.5;0.0;1011.68;0.0;Mostly Cloudy
1455357600;28.0;24.0;0.79;N;1.6666666666666665;0.0;1011.68;0.0;Mostly Cloudy
1455361200;30.0;24.0;0.7;NE;2.5;0.0;1011.68;0.0;Mostly Cloudy
1455364800;30.0;24.0;0.7;ENE;4.166666666666667;0.0;1011.68;0.0;Partly Cloudy
1455368400;31.0;24.0;0.66;NNE;3.611111111111111;0.0;1010.68;0.0;Partly Cloudy
1455372000;30.0;24.0;0.7;NE;5.277777777777778;0.0;1010.68;0.0;Partly Cloudy
1455375600;31.0;25.0;0.7;ENE;4.166666666666667;0.0;1010.68;0.0;Mostly Cloudy
1455379200;31.0;25.0;0.7;NE;5.277777777777778;0.0;1009.68;0.0;Partly Cloudy
1455382800;30.0;25.0;0.74;E;4.722222222222222;0.0;1009.68;0.0;Partly Cloudy
1455386400;30.0;25.0;0.74;NE;4.166666666666667;0.0;1009.68;0.0;Partly Cloudy
1455390000;29.0;24.0;0.74;ENE;3.611111111111111;0.0;1009.68;0.0;Mostly Cloudy
1455393600;29.0;25.0;0.79;E;4.166666666666667;0.0;1010.68;0.0;Partly Cloudy
1455397200;29.0;25.0;0.79;ENE;4.166666666666667;0.0;1010.68;0.0;Partly Cloudy
1455400800;29.0;24.0;0.74;ENE;4.166666666666667;0.0;1011.68;0.0;Partly Cloudy
1455404400;29.0;25.0;0.79;ENE;3.611111111111111;0.0;1012.68;0.0;Partly Cloudy
1455408000;28.0;24.0;0.79;ENE;3.611111111111111;0.0;1012.68;0.0;Partly Cloudy
1455411600;28.0;24.0;0.79;E;3.0555555555555554;0.0;1012.68;0.0;Mostly Cloudy
1455501600;28.0;23.0;0.74;ESE;3.0555555555555554;0.0;1010.68;0.0;Partly Cloudy
1455505200;28.0;23.0;0.74;ESE;2.5;0.0;1010.68;0.0;Partly Cloudy
1455508800;28.0;23.0;0.74;ESE;3.611111111111111;0.0;1010.68;0.0;Partly Cloudy
1455512400;28.0;23.0;0.74;ESE;2.5;0.0;1009.68;0.0;Fair
1455516000;28.0;23.0;0.74;ESE;3.611111111111111;0.0;1010.68;0.0;Fair
1455519600;28.0;23.0;0.74;E;2.5;0.0;1010.68;0.0;Fair
1455523200;28.0;24.0;0.79;ESE;1.9444444444444444;0.0;1010.68;0.0;Partly Cloudy
1455526800;29.0;24.0;0.74;ESE;5.277777777777778;0.0;1011.68;0.0;Partly Cloudy
1455530400;29.0;23.0;0.7;SE;4.166666666666667;0.0;1011.68;0.0;Partly Cloudy
1455534000;30.0;24.0;0.7;SE;4.722222222222222;0.0;1012.68;0.0;Partly Cloudy
1455537600;31.0;25.0;0.7;SE;4.166666666666667;0.0;1012.68;0.0;Mostly Cloudy
1455541200;30.0;24.0;0.7;SSE;5.277777777777778;0.0;1011.68;0.0;Partly Cloudy
1455544800;30.0;25.0;0.74;SE;5.555555555555555;0.0;1010.68;0.0;Fair
1455548400;31.0;24.0;0.66;SSE;5.555555555555555;0.0;1010.68;0.0;Fair
1455552000;30.0;25.0;0.74;SSE;5.555555555555555;0.0;1009.68;0.0;Partly Cloudy
1455555600;30.0;24.0;0.7;ESE;5.555555555555555;0.0;1010.68;0.0;Showers in the Vicinity
1455558180;28.0;24.0;0.79;ESE;7.777777777777778;14.444444444444445;1010.68;0.0;Showers in the Vicinity
1455559200;27.0;23.0;0.79;ESE;8.61111111111111;15.0;1010.68;0.0;Showers in the Vicinity
1455562800;28.0;22.0;0.7;VAR;1.1111111111111112;0.0;0.0;0.0;Showers in the Vicinity
1455566400;28.0;22.0;0.7;SSE;4.166666666666667;0.0;1011.68;0.0;Mostly Cloudy
1455570000;27.0;24.0;0.84;SSW;3.0555555555555554;0.0;1010.68;0.0;Mostly Cloudy
1455573600;27.0;24.0;0.84;SSW;2.5;0.0;1011.68;0.0;Mostly Cloudy
1455577200;26.0;24.0;0.89;SSW;3.0555555555555554;0.0;1011.68;0.0;Thunder
1455580800;26.0;24.0;0.89;SW;3.611111111111111;0.0;1012.68;0.0;Mostly Cloudy
1455584400;25.0;0.0;0.0;SW;3.611111111111111;0.0;1011.68;0.0;Showers in the Vicinity
1455585900;24.0;23.0;0.94;SW;3.0555555555555554;0.0;1011.68;0.0;Thunder
1455588000;24.0;23.0;0.94;SSW;1.9444444444444444;0.0;1011.68;0.0;Light Rain with Thunder
1455591600;24.0;23.0;0.94;VAR;1.1111111111111112;0.0;1010.68;0.0;Partly Cloudy
1455595200;24.0;23.0;0.94;VAR;0.5555555555555556;0.0;1009.68;0.0;Partly Cloudy
1455598800;25.0;23.0;0.89;VAR;1.1111111111111112;0.0;1009.68;0.0;Mostly Cloudy
1455602400;25.0;24.0;0.94;VAR;0.5555555555555556;0.0;1010.68;0.0;Mostly Cloudy
1455606000;28.0;24.0;0.79;SE;4.166666666666667;0.0;1010.68;0.0;Mostly Cloudy
1455609600;28.0;24.0;0.79;SE;5.277777777777778;0.0;1009.68;0.0;Partly Cloudy
1455613200;28.0;24.0;0.79;SE;6.111111111111111;0.0;1010.68;0.0;Mostly Cloudy
1455616800;28.0;24.0;0.79;SE;6.666666666666666;0.0;1011.68;0.0;Showers in the Vicinity
1455620400;29.0;23.0;0.7;SE;5.277777777777778;0.0;1011.68;0.0;Mostly Cloudy
1455624000;30.0;23.0;0.66;SE;6.111111111111111;0.0;1012.68;0.0;Mostly Cloudy
1455627600;29.0;23.0;0.7;SE;6.666666666666666;0.0;1011.68;0.0;Showers in the Vicinity
1455631200;29.0;23.0;0.7;SSE;7.777777777777778;0.0;1011.68;0.0;Mostly Cloudy
1455634800;29.0;24.0;0.74;SSE;8.333333333333334;0.0;1010.68;0.0;Mostly Cloudy
1455638400;30.0;23.0;0.66;SSE;9.166666666666666;0.0;1009.68;0.0;Mostly Cloudy / Windy
1455642000;29.0;23.0;0.7;SSE;7.222222222222222;0.0;1009.68;0.0;Fair
1455645600;29.0;23.0;0.7;SSE;7.222222222222222;0.0;1010.68;0.0;Partly Cloudy
1455649200;29.0;23.0;0.7;SSE;6.111111111111111;0.0;1010.68;0.0;Partly Cloudy
1455652800;28.0;23.0;0.74;SSE;7.222222222222222;0.0;1010.68;0.0;Partly Cloudy
1455656400;28.0;23.0;0.74;SSE;8.333333333333334;0.0;1010.68;0.0;Partly Cloudy
1455660000;28.0;23.0;0.74;SE;5.555555555555555;0.0;1011.68;0.0;Mostly Cloudy
1455663600;28.0;22.0;0.7;SE;6.666666666666666;0.0;1011.68;0.0;Fair
1455667200;28.0;22.0;0.7;SSE;6.666666666666666;0.0;1011.68;0.0;Fair
1455670800;28.0;21.0;0.66;SE;5.555555555555555;0.0;1010.68;0.0;Fair
1455760800;28.0;23.0;0.74;SE;4.166666666666667;0.0;1010.68;0.0;Partly Cloudy
1455764400;27.0;23.0;0.79;SSE;3.0555555555555554;0.0;1010.68;0.0;Partly Cloudy
1455768000;26.0;23.0;0.83;SSW;2.5;0.0;1009.68;0.0;Partly Cloudy
1455770220;25.0;24.0;0.94;E;3.0555555555555554;0.0;1009.68;0.0;Light Rain Shower
1455771600;25.0;23.0;0.89;E;3.0555555555555554;0.0;1009.68;0.0;Light Rain
1455775200;25.0;23.0;0.89;W;1.6666666666666665;0.0;1010.68;0.0;Partly Cloudy
1455778800;24.0;23.0;0.94;S;1.9444444444444444;0.0;1010.68;0.0;Partly Cloudy
1455782400;24.0;23.0;0.94;S;1.6666666666666665;0.0;1010.68;0.0;Showers in the Vicinity
1455786000;25.0;24.0;0.94;WSW;1.9444444444444444;0.0;0.0;0.0;Light Rain
1455787320;24.0;23.0;0.94;NNW;3.0555555555555554;0.0;0.0;0.0;Light Rain with Thunder
1455788340;24.0;23.0;0.94;NW;2.5;0.0;0.0;0.0;Light Rain with Thunder
1455789600;24.0;23.0;0.94;NNW;2.5;0.0;0.0;0.0;Showers in the Vicinity
1455790200;24.0;23.0;0.94;WSW;1.9444444444444444;0.0;1012.68;0.0;Thunder
1455791340;24.0;23.0;0.94;S;1.9444444444444444;0.0;0.0;0.0;Showers in the Vicinity
1455793200;24.0;23.0;0.94;SSW;1.6666666666666665;0.0;0.0;0.0;Light Rain
1455796800;25.0;23.0;0.89;S;1.9444444444444444;0.0;1012.68;0.0;Mostly Cloudy
1455800400;27.0;24.0;0.84;ESE;3.611111111111111;0.0;0.0;0.0;Showers in the Vicinity
1455804000;28.0;25.0;0.84;SSE;3.0555555555555554;0.0;0.0;0.0;Showers in the Vicinity
1455807600;28.0;25.0;0.84;SE;4.722222222222222;0.0;0.0;0.0;Light Rain
1455811200;28.0;24.0;0.79;E;3.611111111111111;0.0;1009.68;0.0;Thunder
1455814800;26.0;25.0;0.94;ESE;3.611111111111111;0.0;0.0;0.0;Light Rain with Thunder
1455817560;0.0;0.0;0.0;E;4.166666666666667;0.0;1009.68;0.0;Light Rain with Thunder
1455818400;0.0;0.0;0.0;E;3.611111111111111;0.0;1009.68;0.0;Light Rain with Thunder
1455822000;27.0;24.0;0.84;E;2.5;0.0;1009.68;0.0;Mostly Cloudy
1455825600;28.0;24.0;0.79;ESE;3.0555555555555554;0.0;1010.68;0.0;Mostly Cloudy
1455829200;28.0;24.0;0.79;E;3.0555555555555554;0.0;1010.68;0.0;Mostly Cloudy
1455832800;28.0;24.0;0.79;E;3.611111111111111;0.0;1011.68;0.0;Mostly Cloudy
1455836400;28.0;24.0;0.79;E;1.9444444444444444;0.0;1012.68;0.0;Mostly Cloudy
1455840000;28.0;24.0;0.79;E;1.9444444444444444;0.0;1012.68;0.0;Partly Cloudy
1455843600;27.0;24.0;0.84;ESE;2.5;0.0;1011.68;0.0;Partly Cloudy
1455847200;27.0;24.0;0.84;ESE;1.9444444444444444;0.0;1010.68;0.0;Partly Cloudy
1455850800;27.0;24.0;0.84;E;3.611111111111111;0.0;1010.68;0.0;Fair
1455854400;27.0;24.0;0.84;E;4.722222222222222;0.0;1009.68;0.0;Mostly Cloudy
1455858000;27.0;24.0;0.84;ESE;3.0555555555555554;0.0;1009.68;0.0;Mostly Cloudy
1455861600;27.0;24.0;0.84;E;3.0555555555555554;0.0;1009.68;0.0;Mostly Cloudy
1455865200;28.0;24.0;0.79;E;3.611111111111111;0.0;1009.68;0.0;Mostly Cloudy
1455868800;28.0;24.0;0.79;E;3.611111111111111;0.0;1010.68;0.0;Mostly Cloudy
1455872400;28.0;24.0;0.79;ESE;3.611111111111111;0.0;1011.68;0.0;Mostly Cloudy
1455876000;29.0;24.0;0.74;ESE;4.722222222222222;0.0;1011.68;0.0;Mostly Cloudy
1455879600;29.0;25.0;0.79;ESE;5.555555555555555;0.0;1012.68;0.0;Mostly Cloudy
1455883200;30.0;25.0;0.74;ESE;5.277777777777778;0.0;0.0;0.0;Showers in the Vicinity
1455886800;30.0;25.0;0.74;SE;5.555555555555555;0.0;1011.68;0.0;Mostly Cloudy
1455888900;28.0;25.0;0.84;SE;5.555555555555555;0.0;1011.68;0.0;Rain
1455890400;30.0;25.0;0.74;ESE;4.722222222222222;0.0;0.0;0.0;Showers in the Vicinity
1455894000;29.0;24.0;0.74;E;5.277777777777778;0.0;0.0;0.0;Rain Shower
1455894900;28.0;25.0;0.84;ESE;4.722222222222222;0.0;1010.68;0.0;Showers in the Vicinity
1455897600;29.0;25.0;0.79;E;4.166666666666667;0.0;1009.68;0.0;Showers in the Vicinity
1455901200;29.0;24.0;0.74;E;6.111111111111111;0.0;1009.68;0.0;Showers in the Vicinity
1455904800;29.0;24.0;0.74;E;4.722222222222222;0.0;1009.68;0.0;Mostly Cloudy
1455908400;29.0;24.0;0.74;E;4.166666666666667;0.0;1009.68;0.0;Mostly Cloudy
1455912000;28.0;23.0;0.74;ESE;4.166666666666667;0.0;1010.68;0.0;Mostly Cloudy
1455915600;28.0;24.0;0.79;E;4.722222222222222;0.0;1010.68;0.0;Partly Cloudy
1455919200;28.0;24.0;0.79;E;5.277777777777778;0.0;1011.68;0.0;Partly Cloudy
1455922800;28.0;23.0;0.74;ESE;5.555555555555555;0.0;1011.68;0.0;Fair
1455926400;28.0;23.0;0.74;ESE;5.277777777777778;0.0;1011.68;0.0;Fair
1455930000;27.0;23.0;0.79;SE;5.277777777777778;0.0;1011.68;0.0;Partly Cloudy
1456023600;27.0;23.0;0.79;SSE;4.722222222222222;0.0;1009.68;0.0;Partly Cloudy
1456027200;26.0;24.0;0.89;SSE;4.722222222222222;10.277777777777777;1009.68;0.0;Rain
1456027800;26.0;24.0;0.89;S;2.5;0.0;1009.68;0.0;Light Rain
1456030800;0.0;0.0;0.0;SE;2.5;0.0;1008.68;0.0;Light Rain
1456034400;25.0;24.0;0.94;VAR;1.1111111111111112;0.0;1008.68;0.0;Mostly Cloudy
1456038000;27.0;24.0;0.84;SE;4.166666666666667;0.0;1008.68;0.0;Light Rain
1456041600;26.0;24.0;0.89;SE;4.166666666666667;0.0;1008.68;0.0;Partly Cloudy
1456045200;28.0;24.0;0.79;SE;6.111111111111111;0.0;1009.68;0.0;Partly Cloudy
1456048800;28.0;24.0;0.79;SE;6.111111111111111;0.0;1009.68;0.0;Mostly Cloudy
1456052400;28.0;24.0;0.79;SE;6.666666666666666;0.0;1010.68;0.0;Mostly Cloudy
1456056000;27.0;24.0;0.84;ESE;6.111111111111111;0.0;1011.68;0.0;Light Rain Shower
1456059600;28.0;25.0;0.84;SE;6.111111111111111;0.0;1011.68;0.0;Mostly Cloudy
1456063200;30.0;24.0;0.7;SE;5.277777777777778;0.0;1010.68;0.0;Partly Cloudy
1456066800;29.0;25.0;0.79;SE;5.277777777777778;0.0;1010.68;0.0;Showers in the Vicinity
1456070400;28.0;23.0;0.74;ESE;6.111111111111111;0.0;1009.68;0.0;Showers in the Vicinity
1456074000;29.0;24.0;0.74;SE;5.277777777777778;0.0;1009.68;0.0;Mostly Cloudy
1456077600;29.0;24.0;0.74;SE;6.666666666666666;0.0;1008.68;0.0;Partly Cloudy
1456081200;29.0;23.0;0.7;SE;6.111111111111111;0.0;1008.68;0.0;Fair
1456084800;28.0;23.0;0.74;SSE;6.111111111111111;0.0;1008.68;0.0;Partly Cloudy
1456088400;28.0;23.0;0.74;SE;4.166666666666667;0.0;1009.68;0.0;Partly Cloudy
1456092000;28.0;23.0;0.74;SE;5.277777777777778;0.0;1009.68;0.0;Partly Cloudy
1456095600;28.0;23.0;0.74;SE;4.722222222222222;0.0;1010.68;0.0;Mostly Cloudy
1456099200;28.0;23.0;0.74;SE;3.611111111111111;0.0;1011.68;0.0;Partly Cloudy
1456102800;27.0;23.0;0.79;SE;3.0555555555555554;0.0;1011.68;0.0;Partly Cloudy
1456106400;27.0;23.0;0.79;SE;3.0555555555555554;0.0;1010.68;0.0;Partly Cloudy
1456110000;27.0;23.0;0.79;ESE;3.0555555555555554;0.0;1009.68;0.0;Partly Cloudy
1456113600;27.0;23.0;0.79;SE;4.166666666666667;0.0;1009.68;0.0;Mostly Cloudy
1456117200;27.0;23.0;0.79;SSE;4.166666666666667;0.0;1008.68;0.0;Partly Cloudy
1456120800;27.0;22.0;0.74;SE;4.166666666666667;0.0;1008.68;0.0;Mostly Cloudy
1456124400;27.0;22.0;0.74;SE;3.611111111111111;0.0;1008.68;0.0;Partly Cloudy
1456128000;27.0;22.0;0.74;SE;4.166666666666667;0.0;1008.68;0.0;Partly Cloudy
1456131600;27.0;23.0;0.79;SSE;4.166666666666667;0.0;1009.68;0.0;Partly Cloudy
1456135200;28.0;23.0;0.74;SE;3.611111111111111;0.0;1009.68;0.0;Mostly Cloudy
1456138800;27.0;24.0;0.84;SSE;5.277777777777778;0.0;1010.68;0.0;Mostly Cloudy
1456142400;30.0;23.0;0.66;SE;5.277777777777778;0.0;1010.68;0.0;Partly Cloudy
1456146000;30.0;23.0;0.66;SE;5.277777777777778;0.0;1011.68;0.0;Partly Cloudy
1456149600;30.0;23.0;0.66;SSE;5.555555555555555;0.0;1010.68;0.0;Partly Cloudy
1456153200;30.0;23.0;0.66;SSE;6.111111111111111;0.0;1010.68;0.0;Partly Cloudy
1456156800;30.0;23.0;0.66;SE;6.111111111111111;0.0;1009.68;0.0;Partly Cloudy
1456160400;30.0;23.0;0.66;SSE;6.666666666666666;0.0;1009.68;0.0;Partly Cloudy
1456164000;30.0;23.0;0.66;ESE;5.277777777777778;0.0;1008.68;0.0;Partly Cloudy
1456167600;29.0;22.0;0.66;SE;6.111111111111111;0.0;1008.68;0.0;Partly Cloudy
1456171200;28.0;23.0;0.74;SSE;5.277777777777778;0.0;1009.68;0.0;Partly Cloudy
1456174800;27.0;22.0;0.74;SSE;5.277777777777778;0.0;1009.68;0.0;Partly Cloudy
1456178400;28.0;23.0;0.74;SSE;6.111111111111111;0.0;1009.68;0.0;Partly Cloudy
1456182000;27.0;23.0;0.79;SE;5.277777777777778;0.0;1010.68;0.0;Partly Cloudy
1456185600;27.0;23.0;0.79;SE;5.277777777777778;0.0;1011.68;0.0;Partly Cloudy
1456189200;27.0;23.0;0.79;SE;5.277777777777778;0.0;1011.68;0.0;Partly Cloudy
1456192800;27.0;23.0;0.79;SSE;4.722222222222222;0.0;1011.68;0.0;Partly Cloudy
1456196400;27.0;23.0;0.79;SSE;5.277777777777778;0.0;1010.68;0.0;Mostly Cloudy
1456200000;27.0;23.0;0.79;S;5.277777777777778;0.0;1009.68;0.0;Partly Cloudy
1456203600;26.0;23.0;0.83;SSW;3.0555555555555554;0.0;1009.68;0.0;Partly Cloudy
1456207200;26.0;23.0;0.83;SW;2.5;0.0;1009.68;0.0;Mostly Cloudy
1456210800;25.0;23.0;0.89;SSW;2.5;0.0;1009.68;0.0;Mostly Cloudy
1456214400;25.0;23.0;0.89;SSW;3.611111111111111;0.0;1009.68;0.0;Showers in the Vicinity
1456218000;26.0;23.0;0.83;SSW;3.611111111111111;0.0;1010.68;0.0;Showers in the Vicinity
1456221600;26.0;24.0;0.89;SSW;3.0555555555555554;0.0;1010.68;0.0;Showers in the Vicinity
1456225200;27.0;24.0;0.84;S;3.0555555555555554;0.0;1011.68;0.0;Showers in the Vicinity
1456228800;28.0;24.0;0.79;ESE;7.777777777777778;0.0;1012.68;0.0;Showers in the Vicinity
1456232400;30.0;24.0;0.7;ESE;6.666666666666666;0.0;1012.68;0.0;Mostly Cloudy
1456236000;29.0;24.0;0.74;ESE;6.666666666666666;0.0;1012.68;0.0;Mostly Cloudy
1456239600;29.0;24.0;0.74;ESE;5.277777777777778;0.0;1011.68;0.0;Showers in the Vicinity
1456243200;29.0;23.0;0.7;ESE;6.666666666666666;0.0;1011.68;0.0;Showers in the Vicinity
1456246800;27.0;25.0;0.89;SSE;5.277777777777778;0.0;1011.68;0.0;Showers in the Vicinity
1456250400;29.0;23.0;0.7;SSE;6.666666666666666;0.0;1010.68;0.0;Mostly Cloudy
1456254000;29.0;24.0;0.74;SSE;6.666666666666666;0.0;1010.68;0.0;Mostly Cloudy
1456257600;28.0;24.0;0.79;SSE;6.666666666666666;0.0;1010.68;0.0;Mostly Cloudy
1456261200;28.0;23.0;0.74;SSE;5.555555555555555;0.0;1010.68;0.0;Mostly Cloudy
1456264800;29.0;23.0;0.7;SSE;6.111111111111111;0.0;1011.68;0.0;Mostly Cloudy
1456268400;28.0;23.0;0.74;SE;4.722222222222222;0.0;1012.68;0.0;Mostly Cloudy
1456272000;27.0;23.0;0.79;ESE;4.166666666666667;0.0;1013.68;0.0;Mostly Cloudy
1456275600;28.0;23.0;0.74;SE;4.722222222222222;0.0;1013.68;0.0;Fair
1456279200;28.0;23.0;0.74;SE;4.722222222222222;0.0;1012.68;0.0;Fair
1456369200;28.0;23.0;0.74;ESE;3.611111111111111;0.0;1010.68;0.0;Partly Cloudy
1456372800;27.0;23.0;0.79;ESE;4.722222222222222;0.0;1010.68;0.0;Partly Cloudy
1456376400;27.0;23.0;0.79;ESE;3.611111111111111;0.0;1009.68;0.0;Partly Cloudy
1456380000;27.0;23.0;0.79;SE;4.166666666666667;0.0;1009.68;0.0;Partly Cloudy
1456383600;27.0;23.0;0.79;SE;3.611111111111111;0.0;1009.68;0.0;Fair
1456387200;27.0;23.0;0.79;ESE;4.166666666666667;0.0;1009.68;0.0;Partly Cloudy
1456390800;27.0;24.0;0.84;ESE;3.0555555555555554;0.0;1009.68;0.0;Partly Cloudy
1456394400;27.0;24.0;0.84;ESE;3.0555555555555554;0.0;1010.68;0.0;Showers in the Vicinity
1456398000;28.0;24.0;0.79;ESE;4.722222222222222;0.0;1011.68;0.0;Mostly Cloudy
1456401600;28.0;23.0;0.74;E;3.0555555555555554;0.0;1011.68;0.0;Mostly Cloudy
1456405200;29.0;23.0;0.7;S;3.0555555555555554;0.0;1011.68;0.0;Mostly Cloudy
1456408800;30.0;23.0;0.66;SE;4.722222222222222;0.0;1011.68;0.0;Mostly Cloudy
1456412400;30.0;24.0;0.7;SE;5.277777777777778;0.0;1010.68;0.0;Partly Cloudy
1456416000;30.0;24.0;0.7;SE;5.277777777777778;0.0;1010.68;0.0;Fair
1456419600;30.0;23.0;0.66;SE;5.277777777777778;0.0;1009.68;0.0;Fair
1456423200;30.0;24.0;0.7;ESE;4.722222222222222;0.0;1009.68;0.0;Partly Cloudy
1456426800;30.0;23.0;0.66;SE;4.722222222222222;0.0;1009.68;0.0;Fair
1456430400;29.0;23.0;0.7;SE;5.277777777777778;0.0;1009.68;0.0;Partly Cloudy
1456434000;28.0;23.0;0.74;SE;3.611111111111111;0.0;1009.68;0.0;Partly Cloudy
1456437600;28.0;23.0;0.74;SE;4.166666666666667;0.0;1010.68;0.0;Partly Cloudy
1456441200;28.0;24.0;0.79;SE;5.277777777777778;0.0;1010.68;0.0;Partly Cloudy
1456444800;28.0;24.0;0.79;ESE;3.611111111111111;0.0;1010.68;0.0;Partly Cloudy
1456448400;28.0;23.0;0.74;ESE;4.166666666666667;0.0;1011.68;0.0;Partly Cloudy
1456452000;28.0;23.0;0.74;SE;3.611111111111111;0.0;1010.68;0.0;Partly Cloudy
1456542000;28.0;23.0;0.74;SE;5.277777777777778;0.0;1010.68;0.0;Partly Cloudy
1456545600;28.0;23.0;0.74;SE;4.166666666666667;0.0;1010.68;0.0;Mostly Cloudy
1456549200;28.0;23.0;0.74;SE;3.611111111111111;0.0;1009.68;0.0;Partly Cloudy
1456552800;27.0;23.0;0.79;SE;4.166666666666667;0.0;1010.68;0.0;Mostly Cloudy
1456556400;27.0;23.0;0.79;SE;2.5;0.0;1010.68;0.0;Partly Cloudy
1456560000;27.0;23.0;0.79;SE;3.0555555555555554;0.0;1010.68;0.0;Mostly Cloudy
1456563600;26.0;23.0;0.83;WSW;1.9444444444444444;0.0;1011.68;0.0;Partly Cloudy
1456567200;27.0;24.0;0.84;SSW;2.5;0.0;1011.68;0.0;Partly Cloudy
1456570800;29.0;24.0;0.74;SSE;5.277777777777778;0.0;1011.68;0.0;Partly Cloudy
1456574400;30.0;23.0;0.66;SE;5.555555555555555;0.0;1012.68;0.0;Partly Cloudy
1456578000;30.0;24.0;0.7;SE;6.666666666666666;0.0;1012.68;0.0;Mostly Cloudy
1456581600;31.0;24.0;0.66;SE;6.666666666666666;0.0;1012.68;0.0;Mostly Cloudy
1456585200;31.0;24.0;0.66;ESE;6.111111111111111;0.0;1012.68;0.0;Partly Cloudy
1456588800;30.0;23.0;0.66;SSE;7.222222222222222;0.0;1011.68;0.0;Partly Cloudy
1456592400;31.0;24.0;0.66;SSE;7.222222222222222;0.0;1010.68;0.0;Partly Cloudy
1456596000;30.0;23.0;0.66;SE;6.111111111111111;0.0;1010.68;0.0;Partly Cloudy
1456599600;29.0;23.0;0.7;SSE;6.666666666666666;0.0;1010.68;0.0;Partly Cloudy
1456603200;29.0;23.0;0.7;SSE;6.666666666666666;0.0;1010.68;0.0;Partly Cloudy
1456606800;28.0;23.0;0.74;SSE;6.111111111111111;0.0;1010.68;0.0;Partly Cloudy
1456610400;28.0;23.0;0.74;SSE;5.555555555555555;0.0;1010.68;0.0;Partly Cloudy
1456614000;28.0;23.0;0.74;SSE;4.722222222222222;0.0;1011.68;0.0;Partly Cloudy
1456617600;28.0;22.0;0.7;SE;5.277777777777778;0.0;1011.68;0.0;Partly Cloudy
1456621200;28.0;23.0;0.74;SSE;5.555555555555555;0.0;1012.68;0.0;Partly Cloudy
1456624800;28.0;22.0;0.7;SSE;4.722222222222222;0.0;1011.68;0.0;Partly Cloudy
1456628400;28.0;22.0;0.7;SE;4.166666666666667;0.0;1011.68;0.0;Partly Cloudy
1456632000;28.0;22.0;0.7;SE;3.611111111111111;0.0;1010.68;0.0;Fair
1456635600;27.0;22.0;0.74;SE;4.166666666666667;0.0;1010.68;0.0;Partly Cloudy
1456639200;27.0;22.0;0.74;SE;3.611111111111111;0.0;1009.68;0.0;Partly Cloudy
1456642800;28.0;22.0;0.7;SE;4.166666666666667;0.0;1009.68;0.0;Fair
1456646400;28.0;22.0;0.7;ESE;4.166666666666667;0.0;1009.68;0.0;Fair
1456650000;28.0;22.0;0.7;SE;3.611111111111111;0.0;1010.68;0.0;Fair
1456653600;28.0;23.0;0.74;SSE;5.277777777777778;0.0;1011.68;0.0;Partly Cloudy
1456657200;29.0;23.0;0.7;ESE;4.722222222222222;0.0;1011.68;0.0;Partly Cloudy
1456660800;30.0;23.0;0.66;ESE;4.166666666666667;0.0;1012.68;0.0;Partly Cloudy
1456664400;30.0;23.0;0.66;ESE;4.166666666666667;0.0;1012.68;0.0;Mostly Cloudy
1456668000;30.0;23.0;0.66;ESE;4.722222222222222;0.0;1012.68;0.0;Partly Cloudy
1456671600;31.0;23.0;0.62;E;5.277777777777778;0.0;1011.68;0.0;Partly Cloudy
1456675200;31.0;24.0;0.66;E;5.277777777777778;0.0;1011.68;0.0;Partly Cloudy
1456678800;30.0;23.0;0.66;E;5.277777777777778;0.0;1010.68;0.0;Partly Cloudy
1456682400;30.0;23.0;0.66;SE;5.277777777777778;0.0;1010.68;0.0;Fair
1456686000;30.0;23.0;0.66;SE;4.166666666666667;0.0;1010.68;0.0;Fair
1456689600;29.0;23.0;0.7;SE;5.277777777777778;0.0;1010.68;0.0;Partly Cloudy
1456693200;28.0;23.0;0.74;SE;3.611111111111111;0.0;1011.68;0.0;Fair
1456696800;28.0;23.0;0.74;SSE;4.166666666666667;0.0;1011.68;0.0;Fair
1456700400;29.0;23.0;0.7;SE;3.611111111111111;0.0;1012.68;0.0;Fair
1456704000;28.0;23.0;0.74;SE;3.0555555555555554;0.0;1012.68;0.0;Partly Cloudy
1456707600;28.0;23.0;0.74;SE;3.0555555555555554;0.0;1012.68;0.0;Fair
1456711200;28.0;23.0;0.74;SE;3.0555555555555554;0.0;1012.68;0.0;Fair
1456714800;28.0;23.0;0.74;SE;3.0555555555555554;0.0;1011.68;0.0;Partly Cloudy
1456718400;28.0;23.0;0.74;SE;2.5;0.0;1010.68;0.0;Mostly Cloudy
1456722000;28.0;23.0;0.74;SE;4.166666666666667;0.0;1009.68;0.0;Mostly Cloudy
1456725600;27.0;23.0;0.79;SSE;5.277777777777778;0.0;1009.68;0.0;Fair
1456729200;27.0;23.0;0.79;SSE;4.166666666666667;0.0;1009.68;0.0;Partly Cloudy
1456732800;27.0;23.0;0.79;SSE;6.111111111111111;0.0;1010.68;0.0;Partly Cloudy
1456736400;28.0;23.0;0.74;SSE;5.555555555555555;0.0;1010.68;0.0;Mostly Cloudy
1456740000;28.0;23.0;0.74;SSE;5.277777777777778;0.0;1011.68;0.0;Mostly Cloudy
1456743600;29.0;23.0;0.7;SSE;6.666666666666666;0.0;1012.68;0.0;Mostly Cloudy
1456747200;30.0;23.0;0.66;SSE;6.666666666666666;0.0;1012.68;0.0;Partly Cloudy
1456750800;30.0;23.0;0.66;SE;6.111111111111111;0.0;1013.68;0.0;Partly Cloudy
1456754400;30.0;23.0;0.66;SE;6.111111111111111;0.0;1012.68;0.0;Partly Cloudy
1456758000;31.0;22.0;0.58;SE;6.666666666666666;0.0;1011.68;0.0;Partly Cloudy
1456761600;31.0;22.0;0.58;SSE;6.666666666666666;0.0;1010.68;0.0;Partly Cloudy
1456765200;31.0;22.0;0.58;SE;6.666666666666666;0.0;1009.68;0.0;Fair
1456768800;29.0;22.0;0.66;ESE;6.666666666666666;0.0;1009.68;0.0;Fair
1456772400;29.0;22.0;0.66;SE;6.111111111111111;0.0;1009.68;0.0;Fair
1456776000;29.0;22.0;0.66;SE;6.111111111111111;0.0;1010.68;0.0;Fair
1456779600;28.0;23.0;0.74;SE;5.277777777777778;0.0;1010.68;0.0;Partly Cloudy
1456783200;28.0;22.0;0.7;ESE;4.722222222222222;0.0;1011.68;0.0;Partly Cloudy
1456786800;28.0;22.0;0.7;ESE;4.722222222222222;0.0;1011.68;0.0;Partly Cloudy
1456790400;28.0;22.0;0.7;ESE;4.722222222222222;0.0;1012.68;0.0;Partly Cloudy
1456794000;28.0;22.0;0.7;ESE;5.277777777777778;0.0;1012.68;0.0;Fair
1456797600;28.0;22.0;0.7;ESE;5.277777777777778;0.0;1012.68;0.0;Fair
1457146800;27.0;24.0;0.84;ESE;3.611111111111111;0.0;1010.68;0.0;Mostly Cloudy
1457150400;26.0;24.0;0.89;E;3.0555555555555554;0.0;1010.68;0.0;Showers in the Vicinity
1457154000;26.0;24.0;0.89;ESE;3.0555555555555554;0.0;1010.68;0.0;Mostly Cloudy
1457157600;26.0;24.0;0.89;SE;3.611111111111111;0.0;1009.68;0.0;Mostly Cloudy
1457161200;26.0;24.0;0.89;ESE;3.611111111111111;0.0;1010.68;0.0;Mostly Cloudy
1457164800;27.0;24.0;0.84;SE;3.611111111111111;0.0;1010.68;0.0;Mostly Cloudy
1457168400;27.0;24.0;0.84;SE;5.277777777777778;0.0;1011.68;0.0;Partly Cloudy
1457172000;27.0;23.0;0.79;SE;5.277777777777778;0.0;1011.68;0.0;Fair
1457175600;29.0;23.0;0.7;SE;5.555555555555555;0.0;1012.68;0.0;Mostly Cloudy
1457179200;30.0;24.0;0.7;SE;5.555555555555555;0.0;1012.68;0.0;Partly Cloudy
1457182800;29.0;23.0;0.7;SE;6.111111111111111;0.0;1012.68;0.0;Partly Cloudy
1457186400;30.0;23.0;0.66;SSE;6.111111111111111;0.0;1012.68;0.0;Mostly Cloudy
1457190000;30.0;23.0;0.66;SE;5.555555555555555;0.0;1010.68;0.0;Partly Cloudy
1457193600;30.0;23.0;0.66;SE;6.111111111111111;0.0;1010.68;0.0;Partly Cloudy
1457197200;31.0;23.0;0.62;SE;5.555555555555555;0.0;1009.68;0.0;Partly Cloudy
1457200800;30.0;22.0;0.62;SE;5.277777777777778;0.0;1009.68;0.0;Partly Cloudy
1457204400;30.0;23.0;0.66;ESE;4.722222222222222;0.0;1009.68;0.0;Partly Cloudy
1457208000;29.0;22.0;0.66;SE;5.277777777777778;0.0;1009.68;0.0;Fair
1457211600;28.0;23.0;0.74;SE;3.611111111111111;0.0;1009.68;0.0;Fair
1457215200;28.0;22.0;0.7;SE;4.166666666666667;0.0;1010.68;0.0;Fair
1457218800;28.0;23.0;0.74;SE;4.166666666666667;0.0;1010.68;0.0;Fair
1457222400;28.0;23.0;0.74;SE;4.722222222222222;0.0;1011.68;0.0;Partly Cloudy
1457226000;28.0;23.0;0.74;SE;4.722222222222222;0.0;1011.68;0.0;Partly Cloudy
1457229600;28.0;23.0;0.74;ESE;2.5;0.0;1011.68;0.0;Partly Cloudy
1457233200;28.0;23.0;0.74;SE;2.5;0.0;1010.68;0.0;Mostly Cloudy
1457236800;26.0;24.0;0.89;SW;1.9444444444444444;0.0;1010.68;0.0;Showers in the Vicinity
1457240400;27.0;23.0;0.79;SSE;5.277777777777778;0.0;1010.68;0.0;Showers in the Vicinity
1457244000;27.0;23.0;0.79;SSE;4.722222222222222;0.0;1010.68;0.0;Showers in the Vicinity
1457247600;27.0;23.0;0.79;SSE;4.166666666666667;0.0;1010.68;0.0;Partly Cloudy
1457251200;26.0;23.0;0.83;SW;1.9444444444444444;0.0;1010.68;0.0;Partly Cloudy
1457254800;27.0;23.0;0.79;S;2.5;0.0;1010.68;0.0;Partly Cloudy
1457258400;28.0;23.0;0.74;SSE;3.611111111111111;0.0;1011.68;0.0;Fair
1457262000;29.0;23.0;0.7;SSE;4.722222222222222;0.0;1011.68;0.0;Fair
1457265600;30.0;23.0;0.66;SE;4.166666666666667;0.0;1012.68;0.0;Partly Cloudy
1457269200;30.0;23.0;0.66;SE;5.555555555555555;0.0;1012.68;0.0;Fair
1457272800;30.0;24.0;0.7;SSE;5.277777777777778;0.0;1012.68;0.0;Fair
1457276400;31.0;24.0;0.66;SE;4.722222222222222;0.0;1011.68;0.0;Fair
1457280000;31.0;23.0;0.62;SE;5.277777777777778;0.0;1010.68;0.0;Fair
1457283600;30.0;23.0;0.66;SE;5.277777777777778;0.0;1010.68;0.0;Fair
1457287200;30.0;24.0;0.7;SE;5.277777777777778;0.0;1009.68;0.0;Fair
1457290800;30.0;23.0;0.66;SE;5.277777777777778;0.0;1009.68;0.0;Fair
1457294400;29.0;23.0;0.7;SE;5.277777777777778;0.0;1010.68;0.0;Fair
1457298000;28.0;23.0;0.74;SE;3.611111111111111;0.0;1010.68;0.0;Fair
1457301600;28.0;23.0;0.74;SE;3.611111111111111;0.0;1010.68;0.0;Fair
1457305200;28.0;24.0;0.79;SSE;4.166666666666667;0.0;1011.68;0.0;Fair
1457308800;28.0;23.0;0.74;SE;4.166666666666667;0.0;1011.68;0.0;Partly Cloudy
1457312400;28.0;24.0;0.79;SE;3.611111111111111;0.0;1012.68;0.0;Partly Cloudy
1457316000;27.0;23.0;0.79;SSE;4.166666666666667;0.0;1011.68;0.0;Partly Cloudy
1457319600;27.0;23.0;0.79;ESE;3.611111111111111;0.0;1011.68;0.0;Partly Cloudy
1457323200;27.0;24.0;0.84;SE;3.0555555555555554;0.0;1010.68;0.0;Partly Cloudy
1457326800;26.0;24.0;0.89;SSW;3.0555555555555554;0.0;1009.68;0.0;Mostly Cloudy
1457330400;26.0;24.0;0.89;SSW;2.5;0.0;1009.68;0.0;Mostly Cloudy
1457334000;25.0;24.0;0.94;WSW;2.5;0.0;1009.68;0.0;Partly Cloudy
1457337600;25.0;23.0;0.89;SW;1.9444444444444444;0.0;1010.68;0.0;Mostly Cloudy
1457341200;25.0;24.0;0.94;SW;2.5;0.0;1010.68;0.0;Mostly Cloudy
1457344800;26.0;24.0;0.89;SW;3.0555555555555554;0.0;1011.68;0.0;Mostly Cloudy
1457348400;28.0;24.0;0.79;SE;5.277777777777778;0.0;1011.68;0.0;Partly Cloudy
1457352000;29.0;24.0;0.74;SE;5.277777777777778;0.0;1011.68;0.0;Partly Cloudy
1457355600;30.0;23.0;0.66;ESE;5.277777777777778;0.0;1012.68;0.0;Partly Cloudy
1457359200;30.0;24.0;0.7;SE;5.277777777777778;0.0;1011.68;0.0;Partly Cloudy
1457366400;31.0;23.0;0.62;ESE;5.277777777777778;0.0;1009.68;0.0;Partly Cloudy
1457370000;31.0;24.0;0.66;E;7.777777777777778;0.0;1009.68;0.0;Partly Cloudy
1457373600;29.0;24.0;0.74;ESE;4.166666666666667;0.0;1008.68;0.0;Fair
1457377200;30.0;24.0;0.7;ESE;5.277777777777778;0.0;1008.68;0.0;Fair
1457380800;29.0;24.0;0.74;SE;5.555555555555555;0.0;1009.68;0.0;Fair
1457384400;28.0;23.0;0.74;SE;4.722222222222222;0.0;1009.68;0.0;Fair
1457388000;28.0;24.0;0.79;SE;3.0555555555555554;0.0;1010.68;0.0;Fair
1457391600;28.0;23.0;0.74;SE;3.611111111111111;0.0;1011.68;0.0;Fair
1457395200;28.0;24.0;0.79;ESE;3.611111111111111;0.0;1011.68;0.0;Partly Cloudy
1457398800;28.0;24.0;0.79;SE;3.611111111111111;0.0;1011.68;0.0;Partly Cloudy
1457402400;28.0;24.0;0.79;SE;4.166666666666667;0.0;1011.68;0.0;Mostly Cloudy
1457406000;28.0;24.0;0.79;SE;3.0555555555555554;0.0;1010.68;0.0;Partly Cloudy
1457409600;28.0;24.0;0.79;SE;3.611111111111111;0.0;1010.68;0.0;Partly Cloudy
1457413200;28.0;24.0;0.79;SSE;4.166666666666667;0.0;1009.68;0.0;Mostly Cloudy
1457416800;27.0;24.0;0.84;SSE;4.166666666666667;0.0;1009.68;0.0;Partly Cloudy
1457420400;27.0;24.0;0.84;SSW;2.5;0.0;1009.68;0.0;Mostly Cloudy
1457424000;28.0;24.0;0.79;SE;4.166666666666667;0.0;1010.68;0.0;Mostly Cloudy
1457427600;28.0;23.0;0.74;SE;3.0555555555555554;0.0;1010.68;0.0;Fair
1457431200;29.0;23.0;0.7;SE;3.611111111111111;0.0;1011.68;0.0;Partly Cloudy
1457434800;30.0;24.0;0.7;SE;4.166666666666667;0.0;1012.68;0.0;Mostly Cloudy
1457438400;30.0;24.0;0.7;SE;4.166666666666667;0.0;1012.68;0.0;Partly Cloudy
1457442000;30.0;23.0;0.66;ESE;4.722222222222222;0.0;1012.68;0.0;Fair
1457445600;30.0;24.0;0.7;SE;5.277777777777778;0.0;1011.68;0.0;Fair
1457449200;31.0;23.0;0.62;SE;5.555555555555555;0.0;1010.68;0.0;Fair
1457452800;31.0;24.0;0.66;ESE;6.111111111111111;0.0;1009.68;0.0;Fair
1457456400;31.0;23.0;0.62;ESE;5.555555555555555;0.0;1009.68;0.0;Partly Cloudy
1457460000;31.0;24.0;0.66;E;5.555555555555555;0.0;1008.68;0.0;Partly Cloudy
1457463600;30.0;24.0;0.7;SE;5.277777777777778;0.0;1008.68;0.0;Partly Cloudy
1457467200;29.0;23.0;0.7;SE;5.277777777777778;0.0;1009.68;0.0;Partly Cloudy
1457470800;28.0;23.0;0.74;SE;6.111111111111111;0.0;1009.68;0.0;Mostly Cloudy
1457474400;28.0;24.0;0.79;SE;3.611111111111111;0.0;1009.68;0.0;Mostly Cloudy
1457478000;28.0;24.0;0.79;SE;4.166666666666667;0.0;1010.68;0.0;Partly Cloudy
1457481600;27.0;24.0;0.84;ESE;4.166666666666667;0.0;1010.68;0.0;Partly Cloudy
1457485200;27.0;23.0;0.79;SE;3.611111111111111;0.0;1011.68;0.0;Partly Cloudy
1457488800;27.0;23.0;0.79;SE;3.611111111111111;0.0;1010.68;0.0;Mostly Cloudy
1457492400;27.0;23.0;0.79;SE;3.611111111111111;0.0;1010.68;0.0;Mostly Cloudy
1457496000;27.0;23.0;0.79;SE;3.0555555555555554;0.0;1009.68;0.0;Partly Cloudy
1457499600;27.0;23.0;0.79;SE;3.0555555555555554;0.0;1009.68;0.0;Partly Cloudy
1457503200;26.0;23.0;0.83;SE;3.611111111111111;0.0;1009.68;0.0;Partly Cloudy
1457506800;26.0;23.0;0.83;SE;4.166666666666667;0.0;1009.68;0.0;Partly Cloudy
1457510400;26.0;23.0;0.83;SE;3.611111111111111;0.0;1009.68;0.0;Partly Cloudy
1457514000;27.0;22.0;0.74;SE;3.611111111111111;0.0;1010.68;0.0;Partly Cloudy
1457517600;27.0;23.0;0.79;SE;4.166666666666667;0.0;1011.68;0.0;Partly Cloudy
1457521200;29.0;23.0;0.7;ESE;4.166666666666667;0.0;1011.68;0.0;Partly Cloudy
1457524800;29.0;24.0;0.74;SE;4.166666666666667;0.0;1011.68;0.0;Mostly Cloudy
1457528400;30.0;24.0;0.7;SE;5.277777777777778;0.0;1011.68;0.0;Partly Cloudy
1457532000;30.0;24.0;0.7;SE;5.555555555555555;0.0;1011.68;0.0;Partly Cloudy
1457535600;30.0;23.0;0.66;SE;5.277777777777778;0.0;1010.68;0.0;Partly Cloudy
1457539200;31.0;23.0;0.62;SE;5.277777777777778;0.0;1009.68;0.0;Fair
1457542800;30.0;23.0;0.66;SE;5.277777777777778;0.0;1008.68;0.0;Fair
1457546400;30.0;23.0;0.66;ESE;5.277777777777778;0.0;1008.68;0.0;Fair
1457550000;30.0;23.0;0.66;E;4.166666666666667;0.0;1008.68;0.0;Fair
1457553600;29.0;23.0;0.7;E;4.166666666666667;0.0;1008.68;0.0;Fair
1457557200;29.0;23.0;0.7;E;3.611111111111111;0.0;1009.68;0.0;Partly Cloudy
1457560800;28.0;23.0;0.74;E;3.611111111111111;0.0;1009.68;0.0;Partly Cloudy
1457564400;28.0;23.0;0.74;E;3.611111111111111;0.0;1010.68;0.0;Partly Cloudy
1457568000;28.0;23.0;0.74;E;3.611111111111111;0.0;1011.68;0.0;Fair
1457571600;28.0;23.0;0.74;E;1.9444444444444444;0.0;1011.68;0.0;Partly Cloudy
1457575200;28.0;23.0;0.74;E;2.5;0.0;1011.68;0.0;Mostly Cloudy
1457578800;28.0;23.0;0.74;E;2.5;0.0;1011.68;0.0;Mostly Cloudy
1457582400;28.0;23.0;0.74;ESE;2.5;0.0;1010.68;0.0;Fair
1457586000;28.0;23.0;0.74;E;1.9444444444444444;0.0;1009.68;0.0;Fair
1457589600;28.0;23.0;0.74;ESE;1.9444444444444444;0.0;1009.68;0.0;Partly Cloudy
1457593200;28.0;23.0;0.74;ESE;2.5;0.0;1009.68;0.0;Partly Cloudy
1457596800;28.0;23.0;0.74;ESE;1.6666666666666665;0.0;1010.68;0.0;Fair
1457600400;28.0;23.0;0.74;SE;1.9444444444444444;0.0;1010.68;0.0;Partly Cloudy
1457604000;28.0;23.0;0.74;SE;3.611111111111111;0.0;1011.68;0.0;Mostly Cloudy
1457607600;29.0;23.0;0.7;ESE;4.166666666666667;0.0;1011.68;0.0;Mostly Cloudy
1457611200;30.0;23.0;0.66;SE;5.277777777777778;0.0;1012.68;0.0;Mostly Cloudy
1457614800;30.0;23.0;0.66;SE;5.277777777777778;0.0;1012.68;0.0;Mostly Cloudy
1457618400;30.0;24.0;0.7;SE;4.166666666666667;0.0;1011.68;0.0;Mostly Cloudy
1457622000;30.0;23.0;0.66;ESE;4.166666666666667;0.0;1011.68;0.0;Partly Cloudy
1457625600;31.0;24.0;0.66;E;4.722222222222222;0.0;1010.68;0.0;Partly Cloudy
1457629200;31.0;24.0;0.66;E;4.166666666666667;0.0;1009.68;0.0;Partly Cloudy
1457632800;30.0;24.0;0.7;ESE;4.166666666666667;0.0;1009.68;0.0;Fair
1457636400;29.0;24.0;0.74;ESE;4.722222222222222;0.0;1008.68;0.0;Partly Cloudy
1457640000;29.0;24.0;0.74;ESE;4.166666666666667;0.0;1009.68;0.0;Partly Cloudy
1457643600;29.0;23.0;0.7;E;3.0555555555555554;0.0;1009.68;0.0;Partly Cloudy
1457647200;29.0;23.0;0.7;E;2.5;0.0;1010.68;0.0;Partly Cloudy
1457650800;29.0;23.0;0.7;E;3.611111111111111;0.0;1011.68;0.0;Partly Cloudy
1457654400;29.0;23.0;0.7;E;4.166666666666667;0.0;1011.68;0.0;Partly Cloudy
1457658000;29.0;22.0;0.66;E;3.611111111111111;0.0;1012.68;0.0;Partly Cloudy
1457661600;29.0;22.0;0.66;E;3.611111111111111;0.0;1011.68;0.0;Fair
1457665200;28.0;23.0;0.74;E;3.0555555555555554;0.0;1010.68;0.0;Fair
1457668800;28.0;23.0;0.74;E;1.9444444444444444;0.0;1010.68;0.0;Partly Cloudy
1457672400;28.0;23.0;0.74;E;1.9444444444444444;0.0;1009.68;0.0;Fair
1457676000;28.0;23.0;0.74;ESE;1.1111111111111112;0.0;1010.68;0.0;Fair
1457679600;27.0;23.0;0.79;NNE;1.1111111111111112;0.0;1010.68;0.0;Partly Cloudy
1457683200;25.0;23.0;0.89;NW;1.9444444444444444;0.0;1010.68;0.0;Partly Cloudy
1457686800;26.0;23.0;0.83;NW;1.1111111111111112;0.0;1011.68;0.0;Fair
1457690400;27.0;24.0;0.84;NW;1.9444444444444444;0.0;1012.68;0.0;Partly Cloudy
1457694000;28.0;24.0;0.79;VAR;1.1111111111111112;0.0;1012.68;0.0;Mostly Cloudy
1457697600;30.0;24.0;0.7;ENE;3.0555555555555554;0.0;1012.68;0.0;Partly Cloudy
1457701200;30.0;24.0;0.7;E;4.166666666666667;0.0;1012.68;0.0;Partly Cloudy
1457704800;31.0;24.0;0.66;E;4.166666666666667;0.0;1012.68;0.0;Partly Cloudy
1457708400;31.0;23.0;0.62;ESE;4.722222222222222;0.0;1011.68;0.0;Partly Cloudy
1457712000;31.0;23.0;0.62;E;3.611111111111111;0.0;1011.68;0.0;Partly Cloudy
1457715600;31.0;24.0;0.66;E;4.166666666666667;0.0;1010.68;0.0;Fair
1457719200;30.0;23.0;0.66;E;4.722222222222222;0.0;1010.68;0.0;Partly Cloudy
1457722800;30.0;22.0;0.62;ENE;3.0555555555555554;0.0;1010.68;0.0;Fair
1457726400;30.0;24.0;0.7;ENE;3.0555555555555554;0.0;1010.68;0.0;Fair
1457730000;29.0;23.0;0.7;ENE;2.5;0.0;1010.68;0.0;Fair
1457733600;29.0;23.0;0.7;E;3.0555555555555554;0.0;1011.68;0.0;Fair
1457737200;29.0;23.0;0.7;E;3.0555555555555554;0.0;1011.68;0.0;Fair
1457740800;29.0;24.0;0.74;E;3.0555555555555554;0.0;1012.68;0.0;Partly Cloudy
1457744400;29.0;23.0;0.7;E;2.5;0.0;1012.68;0.0;Partly Cloudy
1457748000;27.0;23.0;0.79;ENE;2.5;0.0;1012.68;0.0;Partly Cloudy
1457751600;27.0;23.0;0.79;ENE;2.5;0.0;1012.68;0.0;Partly Cloudy
1457755200;27.0;24.0;0.84;E;2.5;0.0;1011.68;0.0;Partly Cloudy
1457758800;27.0;23.0;0.79;E;3.0555555555555554;0.0;1011.68;0.0;Mostly Cloudy
1457762400;26.0;23.0;0.83;WNW;1.9444444444444444;0.0;1011.68;0.0;Partly Cloudy
1457766000;26.0;23.0;0.83;CALM;0.0;0.0;1011.68;0.0;Partly Cloudy
1457769600;26.0;23.0;0.83;NNW;2.5;0.0;1011.68;0.0;Mostly Cloudy
1457773200;26.0;24.0;0.89;NW;1.9444444444444444;0.0;1012.68;0.0;Partly Cloudy
1457776800;26.0;24.0;0.89;WNW;2.5;0.0;1012.68;0.0;Showers in the Vicinity
1457780400;29.0;24.0;0.74;E;3.611111111111111;0.0;1012.68;0.0;Partly Cloudy
1457784000;30.0;24.0;0.7;E;4.722222222222222;0.0;1013.68;0.0;Partly Cloudy
1457787600;30.0;24.0;0.7;E;3.0555555555555554;0.0;1013.68;0.0;Mostly Cloudy
1457791200;31.0;24.0;0.66;E;4.166666666666667;0.0;1012.68;0.0;Partly Cloudy
1457794800;31.0;23.0;0.62;E;4.166666666666667;0.0;1012.68;0.0;Partly Cloudy
1457798400;31.0;23.0;0.62;E;4.166666666666667;0.0;1011.68;0.0;Partly Cloudy
1457802000;31.0;24.0;0.66;E;4.722222222222222;0.0;1010.68;0.0;Partly Cloudy
1457805600;30.0;24.0;0.7;E;4.722222222222222;0.0;1010.68;0.0;Mostly Cloudy
1457809200;30.0;23.0;0.66;E;4.166666666666667;0.0;1010.68;0.0;Partly Cloudy
1457812800;29.0;23.0;0.7;E;4.166666666666667;0.0;1010.68;0.0;Partly Cloudy
1457816400;29.0;24.0;0.74;E;3.611111111111111;0.0;1010.68;0.0;Partly Cloudy
1457820000;29.0;24.0;0.74;ESE;4.722222222222222;0.0;1011.68;0.0;Fair
1457823600;29.0;24.0;0.74;E;3.611111111111111;0.0;1011.68;0.0;Mostly Cloudy
1457827200;29.0;24.0;0.74;E;3.611111111111111;0.0;1012.68;0.0;Mostly Cloudy
1457830800;29.0;23.0;0.7;ESE;4.166666666666667;0.0;1012.68;0.0;Mostly Cloudy
1457834400;28.0;23.0;0.74;SE;4.166666666666667;0.0;1012.68;0.0;Mostly Cloudy
1457838000;28.0;23.0;0.74;ESE;3.611111111111111;0.0;1012.68;0.0;Partly Cloudy
1457841600;28.0;23.0;0.74;E;3.0555555555555554;0.0;1011.68;0.0;Mostly Cloudy
1457845200;28.0;23.0;0.74;ESE;3.611111111111111;0.0;1011.68;0.0;Partly Cloudy
1457848800;28.0;23.0;0.74;SE;4.166666666666667;0.0;1010.68;0.0;Fair
1457852400;28.0;23.0;0.74;ESE;1.9444444444444444;0.0;1010.68;0.0;Fair
1457856000;28.0;23.0;0.74;ESE;1.9444444444444444;0.0;1011.68;0.0;Fair
1457859600;28.0;22.0;0.7;ESE;3.0555555555555554;0.0;1011.68;0.0;Mostly Cloudy
1457863200;28.0;23.0;0.74;SE;4.166666666666667;0.0;1012.68;0.0;Partly Cloudy
1457866800;29.0;23.0;0.7;SE;3.0555555555555554;0.0;1013.68;0.0;Mostly Cloudy
1457870400;29.0;24.0;0.74;SE;5.277777777777778;0.0;1012.68;0.0;Mostly Cloudy
1457874000;30.0;22.0;0.62;ESE;5.277777777777778;0.0;1012.68;0.0;Fair
1457877600;31.0;24.0;0.66;ESE;4.722222222222222;0.0;1012.68;0.0;Partly Cloudy
1457881200;31.0;23.0;0.62;SE;5.277777777777778;0.0;1011.68;0.0;Partly Cloudy
1457884800;30.0;24.0;0.7;SE;5.555555555555555;0.0;1010.68;0.0;Mostly Cloudy
1457888400;31.0;23.0;0.62;SE;5.555555555555555;0.0;1010.68;0.0;Partly Cloudy
1457892000;30.0;23.0;0.66;SE;6.111111111111111;0.0;1010.68;0.0;Partly Cloudy
1457895600;30.0;22.0;0.62;SE;6.111111111111111;0.0;1010.68;0.0;Partly Cloudy
1457899200;29.0;23.0;0.7;SE;5.277777777777778;0.0;1010.68;0.0;Partly Cloudy
1457902800;29.0;23.0;0.7;SSE;6.666666666666666;0.0;1010.68;0.0;Partly Cloudy
1457906400;28.0;22.0;0.7;SSE;5.277777777777778;0.0;1011.68;0.0;Partly Cloudy
1457910000;28.0;23.0;0.74;SE;6.666666666666666;0.0;1011.68;0.0;Partly Cloudy
1457913600;27.0;22.0;0.74;SSE;7.777777777777778;0.0;1012.68;0.0;Fair
1457917200;27.0;23.0;0.79;SSE;6.666666666666666;0.0;1012.68;0.0;Partly Cloudy
1457920800;27.0;22.0;0.74;SE;5.277777777777778;0.0;1012.68;0.0;Partly Cloudy
1457924400;27.0;22.0;0.74;SSE;6.666666666666666;0.0;1011.68;0.0;Partly Cloudy
1457928000;27.0;22.0;0.74;SE;6.666666666666666;0.0;1011.68;0.0;Partly Cloudy
1457931600;27.0;23.0;0.79;SSE;6.111111111111111;0.0;1010.68;0.0;Partly Cloudy
1457935200;27.0;23.0;0.79;SSE;6.666666666666666;0.0;1010.68;0.0;Partly Cloudy
1457938800;26.0;22.0;0.78;SSE;5.277777777777778;0.0;1010.68;0.0;Partly Cloudy
1457942400;26.0;23.0;0.83;SE;4.722222222222222;0.0;1011.68;0.0;Partly Cloudy
1457946000;27.0;23.0;0.79;SE;4.722222222222222;0.0;1011.68;0.0;Mostly Cloudy
1457949600;27.0;23.0;0.79;SE;5.277777777777778;0.0;1011.68;0.0;Mostly Cloudy
1457953200;29.0;23.0;0.7;SE;5.277777777777778;0.0;1012.68;0.0;Partly Cloudy
1457956800;28.0;24.0;0.79;SE;8.61111111111111;0.0;1013.68;0.0;Partly Cloudy
1457960400;29.0;22.0;0.66;SSE;6.666666666666666;0.0;1012.68;0.0;Partly Cloudy
1457964000;29.0;22.0;0.66;SSE;5.555555555555555;0.0;1012.68;0.0;Mostly Cloudy
1457967600;28.0;25.0;0.84;SSE;6.666666666666666;0.0;1011.68;0.0;Light Rain
1457969100;26.0;24.0;0.89;SE;4.722222222222222;0.0;1011.68;0.0;Light Rain
1457971200;27.0;24.0;0.84;SE;5.277777777777778;0.0;1011.68;0.0;Showers in the Vicinity
1457974800;28.0;23.0;0.74;SSE;6.666666666666666;0.0;1010.68;0.0;Mostly Cloudy
1457978400;27.0;24.0;0.84;SE;7.222222222222222;0.0;1010.68;0.0;Showers in the Vicinity
1457982000;27.0;23.0;0.79;SE;6.666666666666666;0.0;1010.68;0.0;Showers in the Vicinity
1457985600;28.0;23.0;0.74;SE;4.722222222222222;0.0;1010.68;0.0;Mostly Cloudy
1457989200;27.0;24.0;0.84;SSE;4.722222222222222;0.0;1011.68;0.0;Mostly Cloudy
1457992800;27.0;22.0;0.74;SSE;7.222222222222222;0.0;1012.68;0.0;Mostly Cloudy
1457996400;28.0;22.0;0.7;ESE;3.0555555555555554;0.0;1012.68;0.0;Mostly Cloudy
1458000000;25.0;23.0;0.89;E;5.277777777777778;0.0;1013.68;0.0;Light Rain
1458002400;25.0;23.0;0.89;E;3.0555555555555554;0.0;1013.68;0.0;Showers in the Vicinity
1458003600;25.0;23.0;0.89;E;1.9444444444444444;0.0;1013.68;0.0;Mostly Cloudy
1458007200;25.0;23.0;0.89;W;1.6666666666666665;0.0;1012.68;0.0;Mostly Cloudy
1458097200;24.0;23.0;0.94;S;5.277777777777778;0.0;1013.68;0.0;Light Rain
1458100800;24.0;23.0;0.94;SSW;3.0555555555555554;0.0;1012.68;0.0;Showers in the Vicinity
1458104400;24.0;23.0;0.94;SSW;3.0555555555555554;0.0;1012.68;0.0;Light Rain
1458108000;24.0;23.0;0.94;SSW;3.0555555555555554;0.0;1012.68;0.0;Light Rain
1458111600;24.0;22.0;0.89;SE;4.722222222222222;0.0;1012.68;0.0;Showers in the Vicinity
1458115200;24.0;23.0;0.94;S;2.5;0.0;1012.68;0.0;Light Rain
1458118800;24.0;23.0;0.94;SSW;1.9444444444444444;0.0;1013.68;0.0;Mostly Cloudy
1458122400;24.0;23.0;0.94;SSE;2.5;0.0;1014.67;0.0;Light Rain
1458126000;24.0;23.0;0.94;SSW;3.0555555555555554;0.0;1014.67;0.0;Light Rain
1458129600;25.0;23.0;0.89;SSW;2.5;0.0;1014.67;0.0;Showers in the Vicinity
1458133200;27.0;23.0;0.79;SSW;4.722222222222222;0.0;1014.67;0.0;Mostly Cloudy
1458136800;28.0;24.0;0.79;SSW;4.166666666666667;0.0;1013.68;0.0;Mostly Cloudy
1458140400;29.0;23.0;0.7;S;5.277777777777778;0.0;1012.68;0.0;Mostly Cloudy
1458144000;30.0;23.0;0.66;S;5.277777777777778;0.0;1011.68;0.0;Partly Cloudy
1458147600;31.0;24.0;0.66;SSE;5.277777777777778;0.0;1010.68;0.0;Partly Cloudy
1458151200;30.0;23.0;0.66;SSE;6.111111111111111;0.0;1011.68;0.0;Mostly Cloudy
1458154800;29.0;23.0;0.7;SSE;6.111111111111111;0.0;1011.68;0.0;Mostly Cloudy
1458158400;28.0;24.0;0.79;SSE;7.222222222222222;0.0;1011.68;0.0;Mostly Cloudy
1458162000;28.0;24.0;0.79;SSE;5.555555555555555;0.0;1011.68;0.0;Mostly Cloudy
1458165600;28.0;24.0;0.79;SSE;5.277777777777778;0.0;1012.68;0.0;Mostly Cloudy
1458169200;28.0;24.0;0.79;SSE;5.555555555555555;0.0;1013.68;0.0;Mostly Cloudy
1458172800;27.0;24.0;0.84;ESE;4.166666666666667;0.0;1013.68;0.0;Light Rain
1458176400;27.0;25.0;0.89;ESE;3.611111111111111;0.0;1013.68;0.0;Mostly Cloudy
1458177900;26.0;24.0;0.89;ESE;5.555555555555555;0.0;1013.68;0.0;Rain
1458180000;27.0;24.0;0.84;ENE;2.5;0.0;1012.68;0.0;Light Rain
1458270000;26.0;24.0;0.89;SE;3.611111111111111;0.0;1012.68;0.0;Light Rain
1458273600;27.0;24.0;0.84;ESE;1.6666666666666665;0.0;1012.68;0.0;Mostly Cloudy
1458277200;28.0;23.0;0.74;SE;3.611111111111111;0.0;1011.68;0.0;Mostly Cloudy
1458280800;27.0;24.0;0.84;SE;2.5;0.0;1011.68;0.0;Mostly Cloudy
1458284400;27.0;24.0;0.84;ESE;1.6666666666666665;0.0;1011.68;0.0;Mostly Cloudy
1458288000;25.0;24.0;0.94;WNW;2.5;0.0;1011.68;0.0;Mostly Cloudy
1458291600;25.0;24.0;0.94;WSW;1.6666666666666665;0.0;1012.68;0.0;Mostly Cloudy
1458295200;27.0;23.0;0.79;S;2.5;0.0;1012.68;0.0;Partly Cloudy
1458298800;28.0;24.0;0.79;ESE;3.0555555555555554;0.0;1013.68;0.0;Mostly Cloudy
1458302400;30.0;24.0;0.7;E;3.611111111111111;0.0;1013.68;0.0;Partly Cloudy
1458306000;30.0;24.0;0.7;ESE;4.166666666666667;0.0;1013.68;0.0;Partly Cloudy
1458309600;30.0;24.0;0.7;ESE;4.166666666666667;0.0;1013.68;0.0;Mostly Cloudy
1458313200;30.0;25.0;0.74;E;4.166666666666667;0.0;1012.68;0.0;Partly Cloudy
1458316800;30.0;24.0;0.7;E;4.166666666666667;0.0;1011.68;0.0;Partly Cloudy
1458320400;30.0;25.0;0.74;E;3.611111111111111;0.0;1010.68;0.0;Partly Cloudy
1458324000;30.0;24.0;0.7;SE;5.277777777777778;0.0;1010.68;0.0;Partly Cloudy
1458327600;29.0;24.0;0.74;ESE;4.722222222222222;0.0;1010.68;0.0;Mostly Cloudy
1458331200;28.0;24.0;0.79;ESE;4.166666666666667;0.0;1010.68;0.0;Partly Cloudy
1458334800;28.0;23.0;0.74;SE;4.166666666666667;0.0;1010.68;0.0;Partly Cloudy
1458338400;28.0;23.0;0.74;SE;3.611111111111111;0.0;1011.68;0.0;Partly Cloudy
1458342000;28.0;23.0;0.74;ESE;5.277777777777778;0.0;1012.68;0.0;Partly Cloudy
1458345600;27.0;24.0;0.84;SE;3.611111111111111;0.0;1012.68;0.0;Partly Cloudy
1458349200;27.0;23.0;0.79;SE;4.166666666666667;0.0;1012.68;0.0;Partly Cloudy
1458352800;27.0;23.0;0.79;SE;2.5;0.0;1012.68;0.0;Partly Cloudy
1458356400;27.0;23.0;0.79;SE;3.0555555555555554;0.0;1011.68;0.0;Partly Cloudy
1458360000;27.0;23.0;0.79;SE;1.9444444444444444;0.0;1011.68;0.0;Partly Cloudy
1458363600;27.0;23.0;0.79;SE;1.9444444444444444;0.0;1010.68;0.0;Partly Cloudy
1458367200;27.0;23.0;0.79;SSE;3.0555555555555554;0.0;1010.68;0.0;Partly Cloudy
1458370800;26.0;23.0;0.83;SW;2.5;0.0;1010.68;0.0;Fair
1458374400;25.0;24.0;0.94;W;3.0555555555555554;0.0;1010.68;0.0;Showers in the Vicinity
1458378000;26.0;24.0;0.89;SW;2.5;0.0;1011.68;0.0;Showers in the Vicinity
1458381600;26.0;24.0;0.89;SW;2.5;0.0;1011.68;0.0;Mostly Cloudy
1458385200;28.0;25.0;0.84;SSW;1.9444444444444444;0.0;1012.68;0.0;Partly Cloudy
1458388800;29.0;24.0;0.74;SE;4.166666666666667;0.0;1012.68;0.0;Partly Cloudy
1458392400;30.0;25.0;0.74;SE;4.722222222222222;0.0;1012.68;0.0;Mostly Cloudy
1458396000;30.0;24.0;0.7;SSE;5.277777777777778;0.0;1012.68;0.0;Mostly Cloudy
1458399600;30.0;24.0;0.7;SSE;5.555555555555555;0.0;1011.68;0.0;Partly Cloudy
1458403200;30.0;23.0;0.66;SE;4.722222222222222;0.0;1010.68;0.0;Fair
1458406800;30.0;24.0;0.7;ESE;4.722222222222222;0.0;1010.68;0.0;Fair
1458410400;30.0;23.0;0.66;SE;5.555555555555555;0.0;1009.68;0.0;Fair
1458414000;30.0;23.0;0.66;SE;4.166666666666667;0.0;1009.68;0.0;Fair
1458417600;29.0;22.0;0.66;ESE;4.722222222222222;0.0;1009.68;0.0;Fair
1458421200;29.0;24.0;0.74;VAR;3.0555555555555554;0.0;1010.68;0.0;Fair
1458424800;28.0;24.0;0.79;SE;4.722222222222222;0.0;1010.68;0.0;Fair
1458428400;28.0;23.0;0.74;ESE;3.611111111111111;0.0;1011.68;0.0;Fair
1458432000;28.0;23.0;0.74;ESE;3.611111111111111;0.0;1011.68;0.0;Fair
1458435600;28.0;23.0;0.74;ESE;1.9444444444444444;0.0;1011.68;0.0;Fair
1458439200;28.0;23.0;0.74;ESE;1.6666666666666665;0.0;1011.68;0.0;Fair
1458615600;27.0;24.0;0.84;E;2.5;0.0;1012.68;0.0;Partly Cloudy
1458619200;27.0;24.0;0.84;CALM;0.0;0.0;1011.68;0.0;Partly Cloudy
1458622800;27.0;24.0;0.84;ENE;1.6666666666666665;0.0;1011.68;0.0;Partly Cloudy
1458626400;27.0;24.0;0.84;ENE;1.6666666666666665;0.0;1011.68;0.0;Partly Cloudy
1458630000;26.0;24.0;0.89;CALM;0.0;0.0;1011.68;0.0;Partly Cloudy
1458631740;26.0;24.0;0.89;CALM;0.0;0.0;1011.68;0.0;Light Rain
1458633600;25.0;24.0;0.94;SSE;2.5;0.0;1011.68;0.0;Light Rain
1458637200;26.0;24.0;0.89;SSW;1.9444444444444444;0.0;1012.68;0.0;Showers in the Vicinity
1458640800;26.0;25.0;0.94;NNW;2.5;0.0;1013.68;0.0;Showers in the Vicinity
1458644400;27.0;25.0;0.89;NE;2.5;0.0;1013.68;0.0;Mostly Cloudy
1458648000;27.0;24.0;0.84;E;3.0555555555555554;0.0;1014.67;0.0;Showers in the Vicinity
1458651600;29.0;24.0;0.74;ESE;4.166666666666667;0.0;1014.67;0.0;Partly Cloudy
1458655200;30.0;22.0;0.62;ESE;4.722222222222222;0.0;1013.68;0.0;Partly Cloudy
1458658800;31.0;24.0;0.66;E;4.722222222222222;0.0;1012.68;0.0;Partly Cloudy
1458662400;31.0;25.0;0.7;E;4.166666666666667;0.0;1011.68;0.0;Mostly Cloudy
1458666000;31.0;25.0;0.7;ESE;4.166666666666667;0.0;1011.68;0.0;Partly Cloudy
1458669600;30.0;24.0;0.7;ESE;3.611111111111111;0.0;1010.68;0.0;Mostly Cloudy
1458673200;30.0;24.0;0.7;ESE;3.611111111111111;0.0;1010.68;0.0;Mostly Cloudy
1458676800;29.0;24.0;0.74;SE;3.0555555555555554;0.0;1011.68;0.0;Partly Cloudy
1458680400;29.0;24.0;0.74;E;3.0555555555555554;0.0;1011.68;0.0;Mostly Cloudy
1458684000;29.0;24.0;0.74;E;2.5;0.0;1011.68;0.0;Mostly Cloudy
1458687600;29.0;24.0;0.74;E;3.611111111111111;0.0;1012.68;0.0;Partly Cloudy
1458691200;29.0;24.0;0.74;E;1.9444444444444444;0.0;1012.68;0.0;Partly Cloudy
1458694800;29.0;24.0;0.74;ENE;1.9444444444444444;0.0;1013.68;0.0;Partly Cloudy
1458698400;29.0;24.0;0.74;NE;1.6666666666666665;0.0;1012.68;0.0;Partly Cloudy
1458699600;28.0;25.0;0.84;ENE;1.6666666666666665;0.0;1012.68;0.0;Rain
1458788400;27.0;24.0;0.84;ESE;3.0555555555555554;0.0;1010.68;0.0;Partly Cloudy
1458792000;27.0;24.0;0.84;ESE;3.0555555555555554;0.0;1010.68;0.0;Partly Cloudy
1458795600;27.0;24.0;0.84;E;3.0555555555555554;0.0;1009.68;0.0;Partly Cloudy
1458799200;27.0;24.0;0.84;E;3.0555555555555554;0.0;1009.68;0.0;Partly Cloudy
1458802800;27.0;24.0;0.84;E;2.5;0.0;1009.68;0.0;Partly Cloudy
1458806400;27.0;24.0;0.84;E;2.5;0.0;1010.68;0.0;Partly Cloudy
1458810000;27.0;24.0;0.84;E;3.0555555555555554;0.0;1010.68;0.0;Partly Cloudy
1458813600;27.0;23.0;0.79;E;3.611111111111111;0.0;1011.68;0.0;Partly Cloudy
1458817200;29.0;24.0;0.74;ESE;3.611111111111111;0.0;1011.68;0.0;Partly Cloudy
1458820800;30.0;23.0;0.66;E;3.611111111111111;0.0;1012.68;0.0;Fair
1458824400;30.0;24.0;0.7;ESE;4.166666666666667;0.0;1012.68;0.0;Partly Cloudy
1458828000;30.0;24.0;0.7;E;4.722222222222222;0.0;1012.68;0.0;Mostly Cloudy
1458831600;30.0;24.0;0.7;ESE;5.277777777777778;0.0;1011.68;0.0;Partly Cloudy
1458835200;31.0;24.0;0.66;ESE;5.277777777777778;0.0;1010.68;0.0;Partly Cloudy
1458838800;30.0;24.0;0.7;ESE;5.555555555555555;0.0;1009.68;0.0;Partly Cloudy
1458842400;30.0;25.0;0.74;E;3.611111111111111;0.0;1009.68;0.0;Partly Cloudy
1458846000;29.0;23.0;0.7;E;4.166666666666667;0.0;1009.68;0.0;Partly Cloudy
1458849600;29.0;25.0;0.79;ESE;4.722222222222222;0.0;1010.68;0.0;Fair
1458853200;28.0;25.0;0.84;ENE;3.0555555555555554;0.0;1010.68;0.0;Fair
1458856800;28.0;24.0;0.79;E;2.5;0.0;1010.68;0.0;Fair
1458860400;28.0;24.0;0.79;E;1.9444444444444444;0.0;1011.68;0.0;Partly Cloudy
1458864000;28.0;24.0;0.79;E;3.0555555555555554;0.0;1011.68;0.0;Mostly Cloudy
1458867600;27.0;25.0;0.89;SE;3.0555555555555554;0.0;1012.68;0.0;Mostly Cloudy
1458869400;27.0;25.0;0.89;SSE;1.9444444444444444;0.0;1012.68;0.0;Light Rain
1458871200;26.0;24.0;0.89;ESE;4.166666666666667;0.0;1012.68;0.0;Light Rain
1459134000;28.0;23.0;0.74;SE;3.0555555555555554;0.0;1011.68;0.0;Mostly Cloudy
1459137600;28.0;23.0;0.74;SE;4.166666666666667;0.0;1010.68;0.0;Partly Cloudy
1459141200;27.0;24.0;0.84;ESE;1.9444444444444444;0.0;1010.68;0.0;Mostly Cloudy
1459144800;26.0;23.0;0.83;WSW;1.6666666666666665;0.0;1010.68;0.0;Partly Cloudy
1459148400;26.0;23.0;0.83;SSE;2.5;0.0;1009.68;0.0;Mostly Cloudy
1459152000;25.0;23.0;0.89;SW;1.9444444444444444;0.0;1010.68;0.0;Mostly Cloudy
1459155600;26.0;23.0;0.83;SW;2.5;0.0;1010.68;0.0;Mostly Cloudy
1459159200;27.0;24.0;0.84;SSW;3.0555555555555554;0.0;1011.68;0.0;Partly Cloudy
1459162800;29.0;23.0;0.7;SE;4.722222222222222;0.0;1011.68;0.0;Mostly Cloudy
1459166400;30.0;23.0;0.66;SE;4.166666666666667;0.0;1012.68;0.0;Partly Cloudy
1459170000;30.0;23.0;0.66;SSE;4.722222222222222;0.0;1011.68;0.0;Partly Cloudy
1459173600;30.0;23.0;0.66;ESE;5.277777777777778;0.0;1011.68;0.0;Partly Cloudy
1459177200;30.0;24.0;0.7;S;4.722222222222222;0.0;1010.68;0.0;Fair
1459180800;30.0;24.0;0.7;SSE;5.277777777777778;0.0;1009.68;0.0;Partly Cloudy
1459184400;30.0;24.0;0.7;SSE;5.277777777777778;0.0;1009.68;0.0;Fair
1459188000;30.0;24.0;0.7;SSE;5.277777777777778;0.0;1008.68;0.0;Partly Cloudy
1459191600;29.0;24.0;0.74;SE;6.111111111111111;0.0;1008.68;0.0;Partly Cloudy
1459195200;28.0;24.0;0.79;SSE;5.277777777777778;0.0;1009.68;0.0;Mostly Cloudy
1459198800;28.0;23.0;0.74;SSE;5.277777777777778;0.0;1009.68;0.0;Partly Cloudy
1459202400;28.0;24.0;0.79;SE;5.277777777777778;0.0;1010.68;0.0;Partly Cloudy
1459206000;28.0;24.0;0.79;SSE;4.722222222222222;0.0;1010.68;0.0;Partly Cloudy
1459209600;27.0;24.0;0.84;SSE;5.277777777777778;0.0;1011.68;0.0;Partly Cloudy
1459213200;27.0;25.0;0.89;SE;5.277777777777778;0.0;1011.68;0.0;Mostly Cloudy
1459216800;27.0;24.0;0.84;SE;4.722222222222222;0.0;1011.68;0.0;Showers in the Vicinity
1459220400;27.0;24.0;0.84;SE;5.277777777777778;0.0;1011.68;0.0;Mostly Cloudy
1459224000;26.0;24.0;0.89;SSE;6.111111111111111;0.0;1010.68;0.0;Partly Cloudy
1459227600;26.0;24.0;0.89;SSW;2.5;0.0;1010.68;0.0;Showers in the Vicinity
1459231200;25.0;24.0;0.94;SSE;2.5;0.0;1010.68;0.0;Showers in the Vicinity
1459234800;25.0;24.0;0.94;SSW;3.611111111111111;0.0;1010.68;0.0;Light Rain
1459238400;24.0;23.0;0.94;SW;2.5;0.0;1010.68;0.0;Light Rain
1459242000;25.0;24.0;0.94;SSW;3.611111111111111;0.0;1011.68;0.0;Light Rain
1459245600;26.0;24.0;0.89;SSW;4.166666666666667;0.0;1011.68;0.0;Showers in the Vicinity
1459249200;25.0;24.0;0.94;SSW;4.722222222222222;0.0;1012.68;0.0;Light Rain
1459252800;26.0;24.0;0.89;SSW;2.5;0.0;1012.68;0.0;Showers in the Vicinity
1459256400;27.0;25.0;0.89;S;2.5;0.0;1012.68;0.0;Mostly Cloudy
1459260000;28.0;25.0;0.84;SSE;4.722222222222222;0.0;0.0;0.0;Showers in the Vicinity
1459263600;28.0;25.0;0.84;SE;4.166666666666667;0.0;1011.68;0.0;Showers in the Vicinity
1459267200;29.0;25.0;0.79;SE;5.277777777777778;0.0;0.0;0.0;Showers in the Vicinity
1459268880;27.0;26.0;0.94;ESE;3.0555555555555554;0.0;1010.68;0.0;Light Rain
1459270800;27.0;25.0;0.89;E;1.9444444444444444;0.0;1010.68;0.0;Showers in the Vicinity
1459274400;27.0;25.0;0.89;E;2.5;0.0;1009.68;0.0;Mostly Cloudy
1459278000;26.0;25.0;0.94;ESE;5.277777777777778;0.0;1010.68;0.0;Showers in the Vicinity
1459281600;26.0;25.0;0.94;E;4.166666666666667;0.0;1011.68;0.0;Light Rain
1459285200;25.0;25.0;1.0;NE;1.6666666666666665;0.0;1011.68;0.0;Rain
1459287000;26.0;25.0;0.94;ENE;1.1111111111111112;0.0;1012.68;0.0;Showers in the Vicinity
1459288800;26.0;25.0;0.94;E;1.1111111111111112;0.0;1011.68;0.0;Showers in the Vicinity
1459292400;27.0;25.0;0.89;E;3.611111111111111;0.0;1012.68;0.0;Showers in the Vicinity
1459296000;27.0;25.0;0.89;ESE;3.611111111111111;0.0;1012.68;0.0;Showers in the Vicinity
1459299600;27.0;24.0;0.84;E;1.9444444444444444;0.0;1013.68;0.0;Showers in the Vicinity
1459303200;27.0;25.0;0.89;SE;1.9444444444444444;0.0;1013.68;0.0;Mostly Cloudy
1459306800;27.0;25.0;0.89;SSE;3.0555555555555554;0.0;1012.68;0.0;Mostly Cloudy
1459310400;0.0;0.0;0.0;ESE;4.722222222222222;0.0;1012.68;0.0;Light Rain with Thunder
1459311600;26.0;24.0;0.89;ESE;3.611111111111111;0.0;1012.68;0.0;Light Rain
1459314000;26.0;24.0;0.89;SSE;2.5;0.0;1011.68;0.0;Showers in the Vicinity
1459317600;26.0;24.0;0.89;SSW;2.5;0.0;1011.68;0.0;Light Rain
1459321200;25.0;24.0;0.94;WSW;1.6666666666666665;0.0;1011.68;0.0;Showers in the Vicinity
1459324800;25.0;24.0;0.94;N;1.6666666666666665;0.0;1012.68;0.0;Showers in the Vicinity
1459328400;25.0;24.0;0.94;NW;1.9444444444444444;0.0;1012.68;0.0;Light Rain
1459332000;25.0;24.0;0.94;WNW;1.6666666666666665;0.0;1013.68;0.0;Light Rain
1459335600;26.0;24.0;0.89;SSW;1.9444444444444444;0.0;1013.68;0.0;Mostly Cloudy
1459339200;27.0;24.0;0.84;SSW;3.0555555555555554;0.0;1014.67;0.0;Mostly Cloudy
1459342800;28.0;25.0;0.84;SSW;4.166666666666667;0.0;1014.67;0.0;Mostly Cloudy
1459346400;29.0;25.0;0.79;S;5.277777777777778;0.0;1013.68;0.0;Mostly Cloudy
1459350000;0.0;0.0;0.0;SE;5.277777777777778;0.0;1013.68;0.0;Showers in the Vicinity
1459353600;26.0;25.0;0.94;S;6.111111111111111;0.0;1012.68;0.0;Light Rain
1459357200;26.0;25.0;0.94;SSE;7.222222222222222;0.0;1012.68;0.0;Light Rain
1459360800;28.0;24.0;0.79;S;5.555555555555555;0.0;1011.68;0.0;Showers in the Vicinity
1459364400;29.0;24.0;0.74;SSE;6.111111111111111;0.0;1011.68;0.0;Mostly Cloudy
1459368000;28.0;23.0;0.74;SSE;6.111111111111111;0.0;1011.68;0.0;Mostly Cloudy
1459371600;28.0;23.0;0.74;SSE;6.111111111111111;0.0;1012.68;0.0;Mostly Cloudy
1459375200;28.0;23.0;0.74;SSE;5.277777777777778;0.0;1012.68;0.0;Mostly Cloudy
1459378800;28.0;23.0;0.74;SSE;5.555555555555555;0.0;1013.68;0.0;Partly Cloudy
1459382400;28.0;22.0;0.7;SSE;6.666666666666666;0.0;1013.68;0.0;Fair
1459386000;27.0;23.0;0.79;S;4.722222222222222;0.0;1014.67;0.0;Fair
1459389600;28.0;23.0;0.74;S;5.277777777777778;0.0;1013.68;0.0;Partly Cloudy
1459393200;26.0;23.0;0.83;SW;2.5;0.0;1013.68;0.0;Partly Cloudy
1459396800;26.0;23.0;0.83;SSW;1.9444444444444444;0.0;1013.68;0.0;Partly Cloudy
1459400400;25.0;23.0;0.89;SSW;1.1111111111111112;0.0;1013.68;0.0;Partly Cloudy
1459404000;25.0;23.0;0.89;WSW;0.5555555555555556;0.0;1012.68;0.0;Mostly Cloudy
1459407600;25.0;23.0;0.89;SSE;1.9444444444444444;0.0;1012.68;0.0;Mostly Cloudy
1459411200;24.0;22.0;0.89;S;1.6666666666666665;0.0;1012.68;0.0;Mostly Cloudy
1459414800;25.0;22.0;0.83;SSW;2.5;0.0;1012.68;0.0;Partly Cloudy
1459418400;27.0;23.0;0.79;SSW;3.0555555555555554;0.0;1013.68;0.0;Partly Cloudy
1459422000;29.0;24.0;0.74;S;4.166666666666667;0.0;1013.68;0.0;Fair
1459425600;29.0;24.0;0.74;SSE;5.555555555555555;0.0;1014.67;0.0;Partly Cloudy
1459429200;30.0;23.0;0.66;SE;5.555555555555555;0.0;1014.67;0.0;Fair
1459432800;30.0;23.0;0.66;SE;6.111111111111111;0.0;1013.68;0.0;Fair
1459436400;31.0;24.0;0.66;SSE;5.277777777777778;0.0;1012.68;0.0;Fair
1459440000;31.0;23.0;0.62;SSE;7.777777777777778;0.0;1011.68;0.0;Fair
1459443600;30.0;24.0;0.7;SSE;7.222222222222222;0.0;1010.68;0.0;Fair
1459447200;30.0;23.0;0.66;S;7.777777777777778;0.0;1010.68;0.0;Fair
1459450800;29.0;24.0;0.74;SSE;7.777777777777778;0.0;1011.68;0.0;Partly Cloudy
1459454400;28.0;24.0;0.79;SSE;7.777777777777778;0.0;1011.68;0.0;Partly Cloudy
1459458000;28.0;23.0;0.74;S;7.222222222222222;0.0;1011.68;0.0;Partly Cloudy
1459461600;28.0;23.0;0.74;S;6.111111111111111;0.0;1012.68;0.0;Partly Cloudy
1459465200;28.0;23.0;0.74;SSE;5.555555555555555;0.0;1012.68;0.0;Partly Cloudy
1459468800;28.0;24.0;0.79;SE;4.166666666666667;0.0;1013.68;0.0;Mostly Cloudy
1459472400;26.0;25.0;0.94;S;3.0555555555555554;0.0;1013.68;0.0;Light Rain
1459476000;27.0;24.0;0.84;SW;1.9444444444444444;0.0;0.0;0.0;Mostly Cloudy
1459566000;28.0;23.0;0.74;SSE;3.611111111111111;0.0;1009.68;0.0;Partly Cloudy
1459569600;26.0;23.0;0.83;WSW;1.6666666666666665;0.0;1009.68;0.0;Partly Cloudy
1459573200;25.0;23.0;0.89;SW;2.5;0.0;1008.68;0.0;Partly Cloudy
1459576800;25.0;23.0;0.89;SW;2.5;0.0;1008.68;0.0;Partly Cloudy
1459580400;25.0;23.0;0.89;SW;1.9444444444444444;0.0;1008.68;0.0;Partly Cloudy
1459584000;25.0;24.0;0.94;SW;2.5;0.0;1008.68;0.0;Mostly Cloudy
1459587600;25.0;23.0;0.89;SW;2.5;0.0;1009.68;0.0;Light Rain
1459591200;25.0;24.0;0.94;SW;1.1111111111111112;0.0;1009.68;0.0;Mostly Cloudy
1459594800;28.0;25.0;0.84;S;3.0555555555555554;0.0;1009.68;0.0;Fair
1459598400;30.0;24.0;0.7;SSE;5.555555555555555;0.0;1010.68;0.0;Mostly Cloudy
1459602000;30.0;25.0;0.74;SSE;6.666666666666666;0.0;1010.68;0.0;Mostly Cloudy
1459605600;30.0;24.0;0.7;SE;6.111111111111111;0.0;1010.68;0.0;Partly Cloudy
1459609200;30.0;24.0;0.7;SE;6.111111111111111;0.0;1008.68;0.0;Partly Cloudy
1459612800;30.0;23.0;0.66;SSE;7.222222222222222;0.0;1008.68;0.0;Fair
1459616400;30.0;24.0;0.7;SSE;6.666666666666666;0.0;1007.68;0.0;Fair
1459620000;30.0;23.0;0.66;SSE;7.222222222222222;0.0;1007.68;0.0;Partly Cloudy
1459623600;29.0;23.0;0.7;SE;7.777777777777778;0.0;1007.68;0.0;Partly Cloudy
1459627200;28.0;23.0;0.74;SSE;6.666666666666666;0.0;1008.68;0.0;Partly Cloudy
1459630800;28.0;23.0;0.74;SSE;7.222222222222222;0.0;1008.68;0.0;Partly Cloudy
1459634400;28.0;23.0;0.74;SSE;7.222222222222222;0.0;1009.68;0.0;Partly Cloudy
1459638000;27.0;23.0;0.79;SSE;6.666666666666666;0.0;1009.68;0.0;Partly Cloudy
1459641600;27.0;22.0;0.74;SE;7.777777777777778;0.0;1010.68;0.0;Partly Cloudy
1459645200;27.0;23.0;0.79;SSE;6.111111111111111;0.0;1010.68;0.0;Partly Cloudy
1459648800;27.0;23.0;0.79;SSE;6.111111111111111;0.0;1010.68;0.0;Partly Cloudy
1459911600;26.0;25.0;0.94;SSW;1.9444444444444444;0.0;1011.68;0.0;Showers in the Vicinity
1459915200;26.0;24.0;0.89;SSW;1.9444444444444444;0.0;1010.68;0.0;Partly Cloudy
1459918800;25.0;24.0;0.94;SSW;1.9444444444444444;0.0;1010.68;0.0;Partly Cloudy
1459922400;26.0;24.0;0.89;S;3.0555555555555554;0.0;1010.68;0.0;Partly Cloudy
1459926000;26.0;24.0;0.89;SSW;1.9444444444444444;0.0;1010.68;0.0;Partly Cloudy
1459929600;26.0;24.0;0.89;S;3.0555555555555554;0.0;1010.68;0.0;Partly Cloudy
1459933200;26.0;23.0;0.83;SSE;2.5;0.0;1010.68;0.0;Partly Cloudy
1459936800;28.0;22.0;0.7;ESE;6.666666666666666;0.0;1011.68;0.0;Partly Cloudy
1459940400;29.0;23.0;0.7;SSE;7.222222222222222;0.0;1011.68;0.0;Partly Cloudy
1459944000;29.0;23.0;0.7;SSE;6.111111111111111;0.0;1011.68;0.0;Partly Cloudy
1459947600;30.0;22.0;0.62;SSE;6.666666666666666;0.0;1011.68;0.0;Mostly Cloudy
1459951200;31.0;23.0;0.62;SSE;6.666666666666666;0.0;1011.68;0.0;Mostly Cloudy
1459954800;31.0;22.0;0.58;SE;6.666666666666666;0.0;1010.68;0.0;Partly Cloudy
1459958400;31.0;23.0;0.62;SE;7.777777777777778;0.0;1009.68;0.0;Partly Cloudy
1459962000;31.0;22.0;0.58;S;6.111111111111111;0.0;1008.68;0.0;Partly Cloudy
1459965600;30.0;22.0;0.62;SSE;5.555555555555555;0.0;1008.68;0.0;Fair
1459969200;29.0;22.0;0.66;S;6.111111111111111;0.0;1008.68;0.0;Fair
1459972800;29.0;22.0;0.66;SSE;5.277777777777778;0.0;1008.68;0.0;Fair
1459976400;28.0;22.0;0.7;SSE;5.277777777777778;0.0;1009.68;0.0;Fair
1459980000;28.0;22.0;0.7;SSE;4.722222222222222;0.0;1009.68;0.0;Fair
1459983600;27.0;22.0;0.74;SSE;3.611111111111111;0.0;1010.68;0.0;Fair
1459987200;28.0;23.0;0.74;S;3.611111111111111;0.0;1011.68;0.0;Partly Cloudy
1459990800;27.0;23.0;0.79;SSW;2.5;0.0;1011.68;0.0;Partly Cloudy
1459994400;26.0;24.0;0.89;S;5.277777777777778;0.0;1011.68;0.0;Mostly Cloudy
1459998000;26.0;24.0;0.89;SSW;1.6666666666666665;0.0;1010.68;0.0;Mostly Cloudy
1460001600;25.0;23.0;0.89;SW;1.6666666666666665;0.0;1010.68;0.0;Partly Cloudy
1460005200;25.0;23.0;0.89;S;1.1111111111111112;0.0;1009.68;0.0;Mostly Cloudy
1460008800;25.0;24.0;0.94;SW;1.1111111111111112;0.0;1009.68;0.0;Mostly Cloudy
1460012400;25.0;23.0;0.89;WSW;1.9444444444444444;0.0;1009.68;0.0;Mostly Cloudy
1460016000;25.0;23.0;0.89;WSW;1.9444444444444444;0.0;1009.68;0.0;Mostly Cloudy
1460019600;25.0;23.0;0.89;VAR;1.1111111111111112;0.0;1009.68;0.0;Showers in the Vicinity
1460023200;25.0;24.0;0.94;CALM;0.0;0.0;1010.68;0.0;Showers in the Vicinity
1460026800;26.0;24.0;0.89;S;1.6666666666666665;0.0;1011.68;0.0;Showers in the Vicinity
1460030400;29.0;24.0;0.74;S;6.666666666666666;0.0;1011.68;0.0;Partly Cloudy
1460034000;30.0;24.0;0.7;SSE;7.222222222222222;0.0;1011.68;0.0;Partly Cloudy
1460037600;31.0;24.0;0.66;SSE;6.666666666666666;0.0;1010.68;0.0;Fair
1460041200;30.0;23.0;0.66;SE;7.222222222222222;0.0;1010.68;0.0;Fair
1460044800;31.0;23.0;0.62;SSE;6.111111111111111;0.0;1008.68;0.0;Fair
1460048400;31.0;24.0;0.66;SSE;6.666666666666666;0.0;1008.68;0.0;Fair
1460052000;30.0;23.0;0.66;SSE;7.222222222222222;0.0;1007.68;0.0;Fair
1460055600;29.0;22.0;0.66;SSE;7.222222222222222;0.0;1008.68;0.0;Partly Cloudy
1460059200;28.0;23.0;0.74;SSE;6.666666666666666;0.0;1008.68;0.0;Partly Cloudy
1460062800;27.0;22.0;0.74;SSE;6.111111111111111;0.0;1008.68;0.0;Fair
1460066400;28.0;22.0;0.7;SSE;4.722222222222222;0.0;1009.68;0.0;Fair
1460070000;27.0;23.0;0.79;SSE;5.555555555555555;0.0;1009.68;0.0;Fair
1460073600;27.0;23.0;0.79;SSE;5.277777777777778;0.0;1010.68;0.0;Partly Cloudy
1460077200;27.0;23.0;0.79;SSE;6.111111111111111;0.0;1010.68;0.0;Partly Cloudy
1460080800;27.0;23.0;0.79;SE;5.277777777777778;0.0;1010.68;0.0;Partly Cloudy
1460084400;27.0;23.0;0.79;SE;5.277777777777778;0.0;1010.68;0.0;Partly Cloudy
1460088000;27.0;24.0;0.84;SE;4.166666666666667;0.0;1010.68;0.0;Partly Cloudy
1460091600;27.0;23.0;0.79;SE;4.166666666666667;0.0;1009.68;0.0;Partly Cloudy
1460095200;27.0;23.0;0.79;SE;3.611111111111111;0.0;1009.68;0.0;Partly Cloudy
1460098800;27.0;23.0;0.79;SE;3.0555555555555554;0.0;1009.68;0.0;Partly Cloudy
1460102400;26.0;23.0;0.83;ESE;3.0555555555555554;0.0;1010.68;0.0;Partly Cloudy
1460106000;26.0;23.0;0.83;SE;2.5;0.0;1010.68;0.0;Partly Cloudy
1460109600;27.0;24.0;0.84;SE;3.0555555555555554;0.0;1011.68;0.0;Partly Cloudy
1460113200;29.0;24.0;0.74;E;3.611111111111111;0.0;1011.68;0.0;Fair
1460116800;30.0;24.0;0.7;ESE;3.611111111111111;0.0;1012.68;0.0;Partly Cloudy
1460120400;30.0;24.0;0.7;SE;4.166666666666667;0.0;1012.68;0.0;Partly Cloudy
1460124000;30.0;23.0;0.66;E;4.166666666666667;0.0;1011.68;0.0;Partly Cloudy
1460127600;30.0;24.0;0.7;E;4.166666666666667;0.0;1010.68;0.0;Fair
1460131200;30.0;23.0;0.66;E;4.722222222222222;0.0;1010.68;0.0;Fair
1460134800;30.0;23.0;0.66;ESE;4.166666666666667;0.0;1009.68;0.0;Fair
1460138400;30.0;23.0;0.66;E;3.611111111111111;0.0;1009.68;0.0;Partly Cloudy
1460142000;29.0;23.0;0.7;ESE;3.611111111111111;0.0;1008.68;0.0;Fair
1460145600;29.0;23.0;0.7;ESE;3.611111111111111;0.0;1008.68;0.0;Fair
1460149200;29.0;24.0;0.74;E;1.9444444444444444;0.0;1008.68;0.0;Fair
1460152800;28.0;24.0;0.79;E;3.0555555555555554;0.0;1008.68;0.0;Fair
1460156400;28.0;24.0;0.79;SE;3.0555555555555554;0.0;1009.68;0.0;Partly Cloudy
1460160000;28.0;24.0;0.79;SE;3.611111111111111;0.0;1009.68;0.0;Partly Cloudy
1460163600;28.0;24.0;0.79;SE;3.611111111111111;0.0;1010.68;0.0;Mostly Cloudy
1460167200;28.0;23.0;0.74;SE;3.611111111111111;0.0;1010.68;0.0;Partly Cloudy
1460170800;28.0;24.0;0.79;SE;3.611111111111111;0.0;1009.68;0.0;Mostly Cloudy
1460174400;28.0;23.0;0.74;SE;3.611111111111111;0.0;1009.68;0.0;Mostly Cloudy
1460178000;28.0;23.0;0.74;SE;3.0555555555555554;0.0;1009.68;0.0;Partly Cloudy
1460181600;28.0;23.0;0.74;SE;2.5;0.0;1009.68;0.0;Mostly Cloudy
1460185200;28.0;23.0;0.74;ESE;1.9444444444444444;0.0;1009.68;0.0;Mostly Cloudy
1460188800;28.0;23.0;0.74;ESE;2.5;0.0;1009.68;0.0;Partly Cloudy
1460192400;28.0;23.0;0.74;E;3.0555555555555554;0.0;1010.68;0.0;Partly Cloudy
1460196000;29.0;24.0;0.74;ESE;3.0555555555555554;0.0;1010.68;0.0;Mostly Cloudy
1460199600;29.0;24.0;0.74;E;3.611111111111111;0.0;1011.68;0.0;Partly Cloudy
1460203200;29.0;24.0;0.74;E;4.722222222222222;0.0;1011.68;0.0;Partly Cloudy
1460206800;30.0;24.0;0.7;ESE;5.277777777777778;0.0;1011.68;0.0;Partly Cloudy
1460210400;30.0;24.0;0.7;ESE;5.277777777777778;0.0;1011.68;0.0;Partly Cloudy
1460214000;30.0;23.0;0.66;ESE;5.277777777777778;0.0;1010.68;0.0;Partly Cloudy
1460217600;31.0;23.0;0.62;ESE;5.277777777777778;0.0;1009.68;0.0;Partly Cloudy
1460221200;30.0;24.0;0.7;ESE;4.166666666666667;0.0;1009.68;0.0;Partly Cloudy
1460224800;30.0;24.0;0.7;ESE;4.166666666666667;0.0;1008.68;0.0;Fair
1460228400;30.0;23.0;0.66;SE;4.166666666666667;0.0;1009.68;0.0;Fair
1460232000;29.0;23.0;0.7;SE;3.0555555555555554;0.0;1009.68;0.0;Fair
1460235600;28.0;23.0;0.74;SE;3.0555555555555554;0.0;1009.68;0.0;Fair
1460239200;28.0;23.0;0.74;SE;3.0555555555555554;0.0;1009.68;0.0;Fair
1460242800;28.0;23.0;0.74;SSE;3.611111111111111;0.0;1009.68;0.0;Fair
1460246400;28.0;23.0;0.74;ESE;3.0555555555555554;0.0;1010.68;0.0;Fair
1460250000;28.0;23.0;0.74;SE;3.611111111111111;0.0;1010.68;0.0;Partly Cloudy
1460253600;28.0;24.0;0.79;SE;3.611111111111111;0.0;1010.68;0.0;Partly Cloudy
1460257200;28.0;24.0;0.79;SE;3.0555555555555554;0.0;1010.68;0.0;Partly Cloudy
1460260800;28.0;24.0;0.79;SE;3.0555555555555554;0.0;1009.68;0.0;Mostly Cloudy
1460264400;28.0;24.0;0.79;SSE;3.0555555555555554;0.0;1009.68;0.0;Mostly Cloudy
1460268000;26.0;24.0;0.89;SSW;1.9444444444444444;0.0;1008.68;0.0;Partly Cloudy
1460271600;26.0;24.0;0.89;SW;1.6666666666666665;0.0;1008.68;0.0;Partly Cloudy
1460275200;26.0;24.0;0.89;SW;1.9444444444444444;0.0;1008.68;0.0;Mostly Cloudy
1460278800;26.0;24.0;0.89;SW;1.9444444444444444;0.0;1009.68;0.0;Mostly Cloudy
1460282400;29.0;23.0;0.7;ESE;3.0555555555555554;0.0;1009.68;0.0;Partly Cloudy
1460286000;29.0;25.0;0.79;SE;3.611111111111111;0.0;1010.68;0.0;Partly Cloudy
1460289600;30.0;25.0;0.74;ESE;5.277777777777778;0.0;1011.68;0.0;Partly Cloudy
1460293200;30.0;25.0;0.74;E;5.277777777777778;0.0;1011.68;0.0;Partly Cloudy
1460296800;29.0;24.0;0.74;NE;5.555555555555555;0.0;1011.68;0.0;Partly Cloudy
1460300400;31.0;23.0;0.62;E;1.9444444444444444;0.0;1009.68;0.0;Partly Cloudy
1460304000;30.0;24.0;0.7;ESE;3.0555555555555554;0.0;1008.68;0.0;Mostly Cloudy
1460307600;29.0;24.0;0.74;E;3.0555555555555554;0.0;1008.68;0.0;Mostly Cloudy
1460311200;29.0;23.0;0.7;E;2.5;0.0;1008.68;0.0;Mostly Cloudy
1460314800;29.0;23.0;0.7;E;2.5;0.0;1008.68;0.0;Mostly Cloudy
1460318400;29.0;24.0;0.74;ENE;2.5;0.0;1008.68;0.0;Showers in the Vicinity
1460322000;29.0;25.0;0.79;ENE;1.6666666666666665;0.0;1009.68;0.0;Showers in the Vicinity
1460325600;28.0;25.0;0.84;SE;1.1111111111111112;0.0;1009.68;0.0;Showers in the Vicinity
1460329200;27.0;26.0;0.94;NE;1.1111111111111112;0.0;1009.68;0.0;Partly Cloudy
1460332800;29.0;25.0;0.79;E;3.0555555555555554;0.0;1009.68;0.0;Partly Cloudy
1460336400;28.0;25.0;0.84;E;3.611111111111111;0.0;1010.68;0.0;Partly Cloudy
1460340000;29.0;25.0;0.79;E;4.722222222222222;0.0;1010.68;0.0;Partly Cloudy
1460343600;28.0;25.0;0.84;E;4.722222222222222;0.0;1009.68;0.0;Partly Cloudy
1460347200;28.0;25.0;0.84;E;3.611111111111111;0.0;1009.68;0.0;Partly Cloudy
1460350800;28.0;24.0;0.79;E;3.0555555555555554;0.0;1009.68;0.0;Partly Cloudy
1460354400;28.0;24.0;0.79;E;3.0555555555555554;0.0;1008.68;0.0;Partly Cloudy
1460358000;28.0;22.0;0.7;ESE;3.0555555555555554;0.0;1009.68;0.0;Partly Cloudy
1460361600;26.0;24.0;0.89;SE;6.111111111111111;0.0;1009.68;0.0;Partly Cloudy
1460365200;25.0;24.0;0.94;SSW;1.6666666666666665;0.0;1010.68;0.0;Showers in the Vicinity
1460368800;26.0;24.0;0.89;SSW;1.9444444444444444;0.0;1010.68;0.0;Showers in the Vicinity
1460372400;27.0;25.0;0.89;SSW;2.5;0.0;0.0;0.0;Showers in the Vicinity
1460373960;27.0;25.0;0.89;ENE;3.0555555555555554;0.0;1011.68;0.0;Light Rain
1460376000;28.0;25.0;0.84;SE;2.5;0.0;1011.68;0.0;Showers in the Vicinity
1460379600;30.0;25.0;0.74;ESE;5.277777777777778;0.0;1011.68;0.0;Mostly Cloudy
1460383200;28.0;25.0;0.84;E;4.166666666666667;0.0;0.0;0.0;Showers in the Vicinity
1460386800;30.0;25.0;0.74;SE;4.722222222222222;0.0;1010.68;0.0;Mostly Cloudy
1460390400;30.0;24.0;0.7;E;4.166666666666667;0.0;1009.68;0.0;Mostly Cloudy
1460394000;29.0;25.0;0.79;SE;4.166666666666667;0.0;1009.68;0.0;Mostly Cloudy
1460397600;30.0;24.0;0.7;ESE;4.166666666666667;0.0;1008.68;0.0;Partly Cloudy
1460401200;29.0;25.0;0.79;SE;6.111111111111111;0.0;1009.68;0.0;Partly Cloudy
1460404800;28.0;24.0;0.79;ESE;4.722222222222222;0.0;1009.68;0.0;Mostly Cloudy
1460408400;27.0;25.0;0.89;SE;5.555555555555555;0.0;1009.68;0.0;Light Rain
1460412000;27.0;25.0;0.89;SSE;5.555555555555555;0.0;1010.68;0.0;Mostly Cloudy
1460415600;27.0;25.0;0.89;SE;4.166666666666667;0.0;1010.68;0.0;Mostly Cloudy
1460419200;26.0;24.0;0.89;SSW;2.5;0.0;1010.68;0.0;Mostly Cloudy
1460422800;27.0;24.0;0.84;E;1.6666666666666665;0.0;1010.68;0.0;Mostly Cloudy
1460426400;28.0;23.0;0.74;ESE;3.611111111111111;0.0;1010.68;0.0;Mostly Cloudy
1460689200;28.0;24.0;0.79;SSE;4.166666666666667;0.0;1012.68;0.0;Partly Cloudy
1460692800;28.0;24.0;0.79;SE;4.166666666666667;0.0;1011.68;0.0;Partly Cloudy
1460696400;28.0;24.0;0.79;SE;4.166666666666667;0.0;1010.68;0.0;Partly Cloudy
1460700000;28.0;24.0;0.79;SE;5.277777777777778;0.0;1010.68;0.0;Partly Cloudy
1460703600;28.0;24.0;0.79;SSE;5.555555555555555;0.0;1010.68;0.0;Partly Cloudy
1460707200;28.0;24.0;0.79;SE;5.555555555555555;0.0;1010.68;0.0;Partly Cloudy
1460710800;28.0;24.0;0.79;SE;6.111111111111111;0.0;1011.68;0.0;Mostly Cloudy
1460714400;28.0;25.0;0.84;SE;6.111111111111111;0.0;1011.68;0.0;Showers in the Vicinity
1460718000;29.0;25.0;0.79;SE;6.111111111111111;0.0;1011.68;0.0;Mostly Cloudy
1460721600;29.0;24.0;0.74;ESE;5.555555555555555;0.0;1012.68;0.0;Mostly Cloudy
1460725200;29.0;24.0;0.74;SE;5.555555555555555;0.0;1011.68;0.0;Mostly Cloudy
1460728800;30.0;24.0;0.7;SE;5.555555555555555;0.0;1011.68;0.0;Mostly Cloudy
1460732400;29.0;24.0;0.74;SE;7.777777777777778;0.0;1010.68;0.0;Cloudy
1460736000;30.0;24.0;0.7;SSE;7.222222222222222;0.0;1010.68;0.0;Mostly Cloudy
1460739600;30.0;24.0;0.7;SSE;8.333333333333334;0.0;1009.68;0.0;Mostly Cloudy
1460743200;30.0;24.0;0.7;SE;8.333333333333334;0.0;1009.68;0.0;Mostly Cloudy
1460746800;29.0;23.0;0.7;SE;8.333333333333334;0.0;1009.68;0.0;Mostly Cloudy
1460750400;29.0;23.0;0.7;SE;8.333333333333334;0.0;1010.68;0.0;Mostly Cloudy
1460754000;29.0;23.0;0.7;SSE;7.777777777777778;0.0;1011.68;0.0;Mostly Cloudy
1460757600;29.0;23.0;0.7;SSE;6.111111111111111;0.0;1011.68;0.0;Mostly Cloudy
1460759160;27.0;24.0;0.84;SSE;6.111111111111111;0.0;1012.68;0.0;Rain
1460761200;25.0;24.0;0.94;SSE;6.666666666666666;0.0;1012.68;0.0;Light Rain
1460764800;25.0;24.0;0.94;SSW;3.0555555555555554;0.0;1012.68;0.0;Showers in the Vicinity
1460768400;25.0;24.0;0.94;SSW;3.611111111111111;0.0;1012.68;0.0;Mostly Cloudy
1460768760;25.0;24.0;0.94;S;3.0555555555555554;0.0;1012.68;0.0;Rain
1460769660;26.0;24.0;0.89;SSE;6.111111111111111;0.0;1012.68;0.0;Showers in the Vicinity
1460772000;26.0;24.0;0.89;SE;6.111111111111111;0.0;1012.68;0.0;Showers in the Vicinity
1460775600;26.0;24.0;0.89;S;3.0555555555555554;0.0;1011.68;0.0;Showers in the Vicinity
1460779200;25.0;24.0;0.94;WSW;1.1111111111111112;0.0;1011.68;0.0;Showers in the Vicinity
1460782800;25.0;24.0;0.94;SSW;1.9444444444444444;0.0;1010.68;0.0;Mostly Cloudy
1460786400;25.0;24.0;0.94;SSW;3.0555555555555554;0.0;1010.68;0.0;Showers in the Vicinity
1460790000;26.0;25.0;0.94;SE;4.722222222222222;0.0;1010.68;0.0;Light Rain
1460793600;26.0;25.0;0.94;WSW;1.6666666666666665;0.0;1010.68;0.0;Light Rain
1460797200;25.0;25.0;1.0;SE;6.666666666666666;0.0;1011.68;0.0;Light Rain
1460800800;26.0;25.0;0.94;SE;6.111111111111111;0.0;1012.68;0.0;Light Rain
1460804400;25.0;24.0;0.94;SSW;4.166666666666667;0.0;1012.68;0.0;Light Rain
1460808000;27.0;25.0;0.89;S;7.222222222222222;0.0;1012.68;0.0;Showers in the Vicinity
1460811600;26.0;25.0;0.94;S;6.666666666666666;0.0;1012.68;0.0;Light Rain
1460815200;27.0;25.0;0.89;SE;4.722222222222222;0.0;1012.68;0.0;Showers in the Vicinity
1460818800;27.0;25.0;0.89;SSE;6.666666666666666;0.0;1011.68;0.0;Showers in the Vicinity
1460821500;26.0;25.0;0.94;SSE;7.222222222222222;0.0;1011.68;0.0;Rain
1460822400;25.0;24.0;0.94;SSE;7.777777777777778;0.0;1010.68;0.0;Light Rain
1460826000;27.0;24.0;0.84;SE;4.722222222222222;0.0;1010.68;0.0;Showers in the Vicinity
1460829600;27.0;25.0;0.89;SSE;4.722222222222222;0.0;1010.68;0.0;Mostly Cloudy
1460833200;27.0;25.0;0.89;S;5.277777777777778;0.0;1010.68;0.0;Mostly Cloudy
1460836800;27.0;25.0;0.89;S;4.722222222222222;0.0;1011.68;0.0;Cloudy
1460837700;26.0;24.0;0.89;SSW;2.5;0.0;1011.68;0.0;Light Rain
1460838600;25.0;24.0;0.94;S;4.166666666666667;0.0;1011.68;0.0;Mostly Cloudy
1460840400;25.0;24.0;0.94;S;4.166666666666667;0.0;1011.68;0.0;Mostly Cloudy
1460841180;25.0;24.0;0.94;S;3.611111111111111;0.0;1011.68;0.0;Rain
1460844000;0.0;0.0;0.0;S;4.722222222222222;0.0;1012.68;0.0;Light Rain with Thunder
1460844900;25.0;24.0;0.94;S;2.5;0.0;1012.68;0.0;Rain
1460847600;25.0;24.0;0.94;SSW;1.9444444444444444;0.0;1012.68;0.0;Light Rain
1460849220;25.0;24.0;0.94;W;1.1111111111111112;0.0;1012.68;0.0;Rain
1460851200;25.0;24.0;0.94;NNE;1.6666666666666665;0.0;0.0;0.0;Mostly Cloudy
1460853000;25.0;24.0;0.94;NNW;1.9444444444444444;0.0;1013.68;0.0;Light Rain
1460853480;24.0;24.0;1.0;E;3.0555555555555554;0.0;1013.68;0.0;Rain
1460854800;26.0;24.0;0.89;ESE;5.555555555555555;0.0;1013.68;0.0;Light Rain
1460858400;28.0;24.0;0.79;SE;6.111111111111111;0.0;1013.68;0.0;Cloudy
1460862000;27.0;25.0;0.89;E;2.5;0.0;1012.68;0.0;Cloudy
1460865600;27.0;25.0;0.89;E;1.9444444444444444;0.0;1012.68;0.0;Cloudy
1460869200;28.0;24.0;0.79;SE;1.9444444444444444;0.0;1011.68;0.0;Cloudy
1460872800;26.0;25.0;0.94;NW;1.9444444444444444;0.0;1011.68;0.0;Cloudy
1460876400;26.0;25.0;0.94;CALM;0.0;0.0;1010.68;0.0;Mostly Cloudy
1460880000;26.0;24.0;0.89;S;2.5;0.0;1010.68;0.0;Partly Cloudy
1460883600;28.0;24.0;0.79;SSE;5.555555555555555;0.0;1011.68;0.0;Partly Cloudy
1460887200;29.0;24.0;0.74;SE;6.666666666666666;0.0;1012.68;0.0;Partly Cloudy
1460894400;30.0;24.0;0.7;SE;7.222222222222222;0.0;1013.68;0.0;Partly Cloudy
1460898000;30.0;25.0;0.74;SE;6.666666666666666;0.0;1013.68;0.0;Mostly Cloudy
1460901600;30.0;25.0;0.74;SE;6.666666666666666;0.0;1013.68;0.0;Mostly Cloudy
1460905200;30.0;24.0;0.7;SE;6.111111111111111;0.0;1012.68;0.0;Mostly Cloudy
1460908800;30.0;25.0;0.74;ESE;5.555555555555555;0.0;1011.68;0.0;Mostly Cloudy
1460912400;30.0;25.0;0.74;ESE;6.111111111111111;0.0;1011.68;0.0;Mostly Cloudy
1460916000;29.0;24.0;0.74;ESE;4.722222222222222;0.0;1011.68;0.0;Showers in the Vicinity
1460919600;28.0;24.0;0.79;ESE;3.611111111111111;0.0;1011.68;0.0;Showers in the Vicinity
1460923200;28.0;23.0;0.74;ESE;5.277777777777778;0.0;1011.68;0.0;Mostly Cloudy
1460926800;28.0;24.0;0.79;SE;5.277777777777778;0.0;1011.68;0.0;Mostly Cloudy
1460930400;28.0;24.0;0.79;SE;5.277777777777778;0.0;1012.68;0.0;Partly Cloudy
1460934000;28.0;24.0;0.79;SE;5.277777777777778;0.0;1012.68;0.0;Mostly Cloudy
1460936340;25.0;24.0;0.94;SE;7.777777777777778;0.0;1013.68;0.0;Light Rain
1460937600;25.0;24.0;0.94;SE;7.777777777777778;15.555555555555555;1012.68;0.0;Light Rain
1460941200;27.0;24.0;0.84;ESE;4.722222222222222;0.0;1012.68;0.0;Showers in the Vicinity
1460942700;26.0;25.0;0.94;SE;5.277777777777778;0.0;1013.68;0.0;Light Rain
1460944800;26.0;24.0;0.89;SE;2.5;0.0;1012.68;0.0;Light Rain
1460948400;26.0;24.0;0.89;ESE;4.166666666666667;0.0;1011.68;0.0;Showers in the Vicinity
1460952000;27.0;25.0;0.89;ESE;4.722222222222222;0.0;1011.68;0.0;Light Rain
1460955600;26.0;24.0;0.89;ESE;5.277777777777778;0.0;1010.68;0.0;Light Rain
1460959200;26.0;24.0;0.89;SE;6.111111111111111;0.0;1010.68;0.0;Light Rain
1460962800;26.0;23.0;0.83;ESE;7.777777777777778;0.0;1010.68;0.0;Showers in the Vicinity
1460966400;27.0;23.0;0.79;ESE;7.222222222222222;0.0;1011.68;0.0;Partly Cloudy
1460970000;27.0;23.0;0.79;SE;6.111111111111111;0.0;1011.68;0.0;Mostly Cloudy
1460973600;27.0;23.0;0.79;SE;5.277777777777778;0.0;1012.68;0.0;Showers in the Vicinity
1460977200;25.0;24.0;0.94;SE;7.777777777777778;0.0;0.0;0.0;Rain
1460978580;27.0;24.0;0.84;SE;4.722222222222222;0.0;0.0;0.0;Showers in the Vicinity
1460980800;28.0;23.0;0.74;ESE;6.111111111111111;0.0;0.0;0.0;Showers in the Vicinity
1460984400;29.0;23.0;0.7;SE;7.222222222222222;0.0;1013.68;0.0;Mostly Cloudy
1460988000;30.0;22.0;0.62;SE;7.777777777777778;0.0;1013.68;0.0;Mostly Cloudy
1460991600;29.0;22.0;0.66;ESE;6.111111111111111;0.0;1012.68;0.0;Mostly Cloudy
1460995200;29.0;23.0;0.7;SE;6.111111111111111;0.0;1012.68;0.0;Mostly Cloudy
1460998800;28.0;23.0;0.74;ESE;4.722222222222222;0.0;1011.68;0.0;Mostly Cloudy
1461002400;28.0;23.0;0.74;SSE;4.722222222222222;0.0;1011.68;0.0;Mostly Cloudy
1461006000;28.0;23.0;0.74;SSE;6.666666666666666;0.0;1011.68;0.0;Mostly Cloudy
1461009600;27.0;23.0;0.79;SSE;5.555555555555555;0.0;1012.68;0.0;Mostly Cloudy
1461013200;26.0;22.0;0.78;SSE;7.222222222222222;0.0;1012.68;0.0;Mostly Cloudy
1461016800;26.0;22.0;0.78;SSW;3.611111111111111;0.0;1013.68;0.0;Mostly Cloudy
1461020400;26.0;23.0;0.83;SSW;2.5;0.0;1013.68;0.0;Mostly Cloudy
1461024000;28.0;23.0;0.74;SSE;4.722222222222222;0.0;1013.68;0.0;Partly Cloudy
1461027600;27.0;22.0;0.74;SSE;5.555555555555555;0.0;1013.68;0.0;Fair
1461031200;28.0;22.0;0.7;SSE;5.555555555555555;0.0;1012.68;0.0;Partly Cloudy
1461034800;27.0;22.0;0.74;SE;5.277777777777778;0.0;1012.68;0.0;Partly Cloudy
1461038400;27.0;22.0;0.74;SE;4.722222222222222;0.0;1011.68;0.0;Partly Cloudy
1461042000;27.0;22.0;0.74;SE;4.722222222222222;0.0;1011.68;0.0;Partly Cloudy
1461045600;27.0;22.0;0.74;SE;4.722222222222222;0.0;1010.68;0.0;Partly Cloudy
1461049200;27.0;22.0;0.74;SE;5.277777777777778;0.0;1010.68;0.0;Partly Cloudy
1461052800;27.0;22.0;0.74;SE;4.722222222222222;0.0;1011.68;0.0;Partly Cloudy
1461056400;27.0;22.0;0.74;SE;4.722222222222222;0.0;1011.68;0.0;Mostly Cloudy
1461060000;28.0;23.0;0.74;SE;5.277777777777778;0.0;1012.68;0.0;Mostly Cloudy
1461063600;29.0;22.0;0.66;ESE;6.111111111111111;0.0;1012.68;0.0;Partly Cloudy
1461067200;30.0;23.0;0.66;ESE;5.555555555555555;0.0;1012.68;0.0;Fair
1461070800;30.0;23.0;0.66;SE;6.666666666666666;0.0;1012.68;0.0;Partly Cloudy
1461074400;30.0;24.0;0.7;ESE;6.111111111111111;0.0;1012.68;0.0;Partly Cloudy
1461078000;30.0;23.0;0.66;SE;7.222222222222222;0.0;1011.68;0.0;Partly Cloudy
1461081600;30.0;24.0;0.7;SE;7.222222222222222;0.0;1010.68;0.0;Partly Cloudy
1461085200;30.0;23.0;0.66;SE;5.555555555555555;0.0;1010.68;0.0;Partly Cloudy
1461088800;30.0;23.0;0.66;SE;5.277777777777778;0.0;1009.68;0.0;Fair
1461092400;29.0;23.0;0.7;SE;5.555555555555555;0.0;1009.68;0.0;Partly Cloudy
1461096000;28.0;24.0;0.79;S;6.666666666666666;0.0;1010.68;0.0;Partly Cloudy
1461099600;27.0;24.0;0.84;S;7.222222222222222;0.0;1011.68;0.0;Partly Cloudy
1461103200;26.0;24.0;0.89;SSE;6.666666666666666;0.0;1011.68;0.0;Mostly Cloudy
1461106800;26.0;24.0;0.89;SSW;3.0555555555555554;0.0;0.0;0.0;Showers in the Vicinity
1461110400;26.0;24.0;0.89;SSW;3.0555555555555554;0.0;0.0;0.0;Light Rain
1461114000;26.0;24.0;0.89;SSE;7.222222222222222;0.0;1012.68;0.0;Showers in the Vicinity
1461117600;26.0;24.0;0.89;SSE;4.166666666666667;0.0;1012.68;0.0;Mostly Cloudy
1461207600;25.0;24.0;0.94;E;1.9444444444444444;0.0;1011.68;0.0;Showers in the Vicinity
1461211200;25.0;23.0;0.89;SSE;3.0555555555555554;0.0;1010.68;0.0;Partly Cloudy
1461214800;25.0;23.0;0.89;SSW;2.5;0.0;1009.68;0.0;Showers in the Vicinity
1461218400;26.0;24.0;0.89;ESE;1.9444444444444444;0.0;1009.68;0.0;Partly Cloudy
1461222000;27.0;23.0;0.79;E;4.722222222222222;0.0;1009.68;0.0;Partly Cloudy
1461225600;28.0;23.0;0.74;ESE;4.722222222222222;0.0;1009.68;0.0;Partly Cloudy
1461229200;28.0;23.0;0.74;ESE;4.166666666666667;0.0;1010.68;0.0;Partly Cloudy
1461232800;27.0;23.0;0.79;SE;5.277777777777778;0.0;1011.68;0.0;Partly Cloudy
1461236400;28.0;23.0;0.74;ESE;5.277777777777778;0.0;1011.68;0.0;Partly Cloudy
1461240000;29.0;24.0;0.74;ESE;6.111111111111111;0.0;1012.68;0.0;Mostly Cloudy
1461243600;30.0;24.0;0.7;E;6.111111111111111;0.0;1012.68;0.0;Partly Cloudy
1461247200;30.0;24.0;0.7;ESE;5.277777777777778;0.0;1011.68;0.0;Partly Cloudy
1461250800;31.0;24.0;0.66;SE;6.666666666666666;0.0;1011.68;0.0;Partly Cloudy
1461254400;31.0;24.0;0.66;SSE;7.777777777777778;0.0;1010.68;0.0;Partly Cloudy
1461258000;30.0;25.0;0.74;SE;6.666666666666666;0.0;1009.68;0.0;Partly Cloudy
1461261600;30.0;24.0;0.7;SSE;7.222222222222222;0.0;1009.68;0.0;Partly Cloudy
1461265200;29.0;24.0;0.74;SSE;6.111111111111111;0.0;1009.68;0.0;Partly Cloudy
1461268800;28.0;24.0;0.79;SSE;6.111111111111111;0.0;1010.68;0.0;Light Rain Shower
1461272400;28.0;24.0;0.79;SSE;5.555555555555555;0.0;1010.68;0.0;Mostly Cloudy
1461276000;28.0;24.0;0.79;SSE;4.722222222222222;0.0;1011.68;0.0;Mostly Cloudy
1461279600;28.0;24.0;0.79;SE;4.722222222222222;0.0;1011.68;0.0;Partly Cloudy
1461283200;28.0;24.0;0.79;SE;5.277777777777778;0.0;1012.68;0.0;Partly Cloudy
1461286800;28.0;24.0;0.79;SE;6.111111111111111;0.0;1012.68;0.0;Partly Cloudy
1461290400;28.0;23.0;0.74;SE;5.277777777777778;0.0;1012.68;0.0;Mostly Cloudy
1461294000;28.0;24.0;0.79;ESE;4.166666666666667;0.0;1011.68;0.0;Mostly Cloudy
1461297600;28.0;23.0;0.74;ESE;5.277777777777778;0.0;1011.68;0.0;Mostly Cloudy
1461301200;28.0;23.0;0.74;ESE;4.722222222222222;0.0;1010.68;0.0;Mostly Cloudy
1461304800;28.0;22.0;0.7;SE;6.111111111111111;0.0;1010.68;0.0;Partly Cloudy
1461308400;28.0;23.0;0.74;SE;4.722222222222222;0.0;1010.68;0.0;Partly Cloudy
1461312000;28.0;23.0;0.74;SE;4.722222222222222;0.0;1011.68;0.0;Mostly Cloudy
1461315600;28.0;22.0;0.7;SE;5.277777777777778;0.0;1011.68;0.0;Fair
1461319200;29.0;23.0;0.7;SE;5.277777777777778;0.0;1012.68;0.0;Fair
1461322800;28.0;23.0;0.74;SE;5.277777777777778;0.0;1012.68;0.0;Mostly Cloudy
1461326400;29.0;24.0;0.74;ESE;5.555555555555555;0.0;1013.68;0.0;Mostly Cloudy
1461330000;29.0;24.0;0.74;SE;5.555555555555555;0.0;1013.68;0.0;Fair
1461333600;30.0;24.0;0.7;SE;5.555555555555555;0.0;1012.68;0.0;Mostly Cloudy
1461337200;30.0;23.0;0.66;SE;6.111111111111111;0.0;1012.68;0.0;Fair
1461340800;30.0;22.0;0.62;SE;6.666666666666666;0.0;1011.68;0.0;Fair
1461344400;30.0;24.0;0.7;SSE;5.555555555555555;0.0;1011.68;0.0;Partly Cloudy
1461348000;29.0;23.0;0.7;SE;5.277777777777778;0.0;1010.68;0.0;Partly Cloudy
1461348780;26.0;23.0;0.83;SE;6.666666666666666;0.0;1011.68;0.0;Light Rain
1461350280;27.0;24.0;0.84;SSE;5.277777777777778;0.0;1011.68;0.0;Showers in the Vicinity
1461351600;27.0;23.0;0.79;SE;4.722222222222222;0.0;1011.68;0.0;Showers in the Vicinity
1461355200;27.0;23.0;0.79;SSE;5.277777777777778;0.0;1011.68;0.0;Mostly Cloudy
1461358800;28.0;22.0;0.7;SSE;4.722222222222222;0.0;1011.68;0.0;Showers in the Vicinity
1461362400;27.0;22.0;0.74;SSE;6.111111111111111;0.0;1011.68;0.0;Partly Cloudy
1461366000;27.0;23.0;0.79;SSE;4.166666666666667;0.0;1012.68;0.0;Partly Cloudy
1461369600;27.0;23.0;0.79;SSE;4.166666666666667;0.0;1013.68;0.0;Fair
1461373200;27.0;22.0;0.74;SSE;3.0555555555555554;0.0;1013.68;0.0;Fair
1461376800;26.0;23.0;0.83;S;2.5;0.0;1013.68;0.0;Partly Cloudy
1461726000;28.0;23.0;0.74;SE;3.0555555555555554;0.0;1010.68;0.0;Fair
1461729600;28.0;22.0;0.7;ESE;2.5;0.0;1010.68;0.0;Fair
1461733200;28.0;23.0;0.74;ESE;2.5;0.0;1010.68;0.0;Partly Cloudy
1461736800;28.0;23.0;0.74;ESE;2.5;0.0;1010.68;0.0;Mostly Cloudy
1461740400;27.0;22.0;0.74;ESE;2.5;0.0;1010.68;0.0;Partly Cloudy
1461744000;28.0;23.0;0.74;SE;3.611111111111111;0.0;1010.68;0.0;Partly Cloudy
1461747600;28.0;23.0;0.74;ESE;3.0555555555555554;0.0;1011.68;0.0;Partly Cloudy
1461751200;29.0;23.0;0.7;ESE;3.611111111111111;0.0;1012.68;0.0;Partly Cloudy
1461754800;29.0;23.0;0.7;ESE;4.722222222222222;0.0;1012.68;0.0;Mostly Cloudy
1461758400;29.0;24.0;0.74;SE;4.722222222222222;0.0;1013.68;0.0;Partly Cloudy
1461762000;30.0;23.0;0.66;ESE;5.277777777777778;0.0;1013.68;0.0;Partly Cloudy
1461765600;30.0;23.0;0.66;SE;4.722222222222222;0.0;1012.68;0.0;Partly Cloudy
1461769200;30.0;23.0;0.66;SE;4.722222222222222;0.0;1011.68;0.0;Partly Cloudy
1461772800;30.0;23.0;0.66;SE;5.555555555555555;0.0;1010.68;0.0;Partly Cloudy
1461776400;30.0;23.0;0.66;SE;4.722222222222222;0.0;1009.68;0.0;Fair
1461780000;29.0;23.0;0.7;ESE;5.277777777777778;0.0;1009.68;0.0;Partly Cloudy
1461783600;30.0;23.0;0.66;SE;4.722222222222222;0.0;1010.68;0.0;Fair
1461787200;28.0;23.0;0.74;ESE;3.611111111111111;0.0;1010.68;0.0;Partly Cloudy
1461790800;28.0;23.0;0.74;SE;4.166666666666667;0.0;1010.68;0.0;Partly Cloudy
1461794400;28.0;23.0;0.74;SE;3.611111111111111;0.0;1011.68;0.0;Partly Cloudy
1461798000;28.0;23.0;0.74;SE;3.611111111111111;0.0;1011.68;0.0;Partly Cloudy
1461801600;28.0;23.0;0.74;ESE;4.166666666666667;0.0;1012.68;0.0;Partly Cloudy
1461805200;27.0;24.0;0.84;SE;3.611111111111111;0.0;1012.68;0.0;Partly Cloudy
1461808800;27.0;24.0;0.84;SE;5.277777777777778;0.0;1011.68;0.0;Partly Cloudy
1461812400;27.0;23.0;0.79;SE;4.166666666666667;0.0;1011.68;0.0;Partly Cloudy
1461816000;27.0;23.0;0.79;ESE;3.611111111111111;0.0;1010.68;0.0;Partly Cloudy
1461819600;27.0;24.0;0.84;E;3.611111111111111;0.0;1010.68;0.0;Partly Cloudy
1461823200;27.0;23.0;0.79;ESE;3.611111111111111;0.0;1009.68;0.0;Partly Cloudy
1461826800;26.0;23.0;0.83;ESE;3.611111111111111;0.0;1010.68;0.0;Partly Cloudy
1461830400;26.0;23.0;0.83;SE;3.611111111111111;0.0;1010.68;0.0;Partly Cloudy
1461834000;27.0;23.0;0.79;ESE;3.0555555555555554;0.0;1011.68;0.0;Partly Cloudy
1461837600;27.0;23.0;0.79;ESE;4.166666666666667;0.0;1011.68;0.0;Partly Cloudy
1461841200;29.0;23.0;0.7;ESE;5.277777777777778;0.0;1012.68;0.0;Fair
1461844800;29.0;23.0;0.7;ESE;4.722222222222222;0.0;1012.68;0.0;Fair
1461848400;30.0;23.0;0.66;ESE;4.166666666666667;0.0;1012.68;0.0;Partly Cloudy
1461852000;30.0;24.0;0.7;ESE;4.166666666666667;0.0;1011.68;0.0;Partly Cloudy
1461855600;30.0;24.0;0.7;SE;4.722222222222222;0.0;1010.68;0.0;Partly Cloudy
1461859200;29.0;23.0;0.7;SE;5.277777777777778;0.0;1010.68;0.0;Partly Cloudy
1461862800;30.0;23.0;0.66;ESE;4.166666666666667;0.0;1009.68;0.0;Partly Cloudy
1461866400;29.0;24.0;0.74;SE;3.611111111111111;0.0;1009.68;0.0;Partly Cloudy
1461870000;29.0;24.0;0.74;SE;4.722222222222222;0.0;1009.68;0.0;Partly Cloudy
1461873600;29.0;23.0;0.7;SE;3.611111111111111;0.0;1009.68;0.0;Fair
1461877200;28.0;23.0;0.74;SSE;4.166666666666667;0.0;1010.68;0.0;Partly Cloudy
1461880800;28.0;24.0;0.79;SSE;4.722222222222222;0.0;1010.68;0.0;Fair
1461884400;28.0;24.0;0.79;SSE;4.166666666666667;0.0;1010.68;0.0;Fair
1461888000;28.0;23.0;0.74;SSE;4.166666666666667;0.0;1011.68;0.0;Fair
1461891600;28.0;24.0;0.79;SE;4.166666666666667;0.0;1011.68;0.0;Mostly Cloudy
1461895200;28.0;23.0;0.74;ESE;3.611111111111111;0.0;1011.68;0.0;Partly Cloudy
1461898800;28.0;24.0;0.79;ESE;3.611111111111111;0.0;1010.68;0.0;Partly Cloudy
1461902400;28.0;23.0;0.74;ESE;2.5;0.0;1010.68;0.0;Partly Cloudy
1461906000;28.0;24.0;0.79;SE;3.611111111111111;0.0;1009.68;0.0;Mostly Cloudy
1461909600;27.0;23.0;0.79;SE;3.0555555555555554;0.0;1009.68;0.0;Fair
1461913200;27.0;23.0;0.79;SE;4.722222222222222;0.0;1009.68;0.0;Fair
1461916800;26.0;24.0;0.89;S;2.5;0.0;1010.68;0.0;Fair
1461920400;28.0;23.0;0.74;SE;4.166666666666667;0.0;1010.68;0.0;Fair
1461924000;29.0;24.0;0.74;SE;4.166666666666667;0.0;1010.68;0.0;Fair
1461927600;29.0;23.0;0.7;ESE;5.277777777777778;0.0;1011.68;0.0;Partly Cloudy
1461931200;30.0;23.0;0.66;ESE;5.277777777777778;0.0;1011.68;0.0;Partly Cloudy
1461934800;30.0;23.0;0.66;E;5.277777777777778;0.0;1011.68;0.0;Partly Cloudy
1461938400;30.0;24.0;0.7;ESE;5.277777777777778;0.0;1011.68;0.0;Partly Cloudy
1461942000;30.0;23.0;0.66;ESE;5.277777777777778;0.0;1010.68;0.0;Partly Cloudy
1461945600;30.0;24.0;0.7;E;4.166666666666667;0.0;1009.68;0.0;Mostly Cloudy
1461949200;29.0;24.0;0.74;E;3.0555555555555554;0.0;1008.68;0.0;Mostly Cloudy
1461952800;27.0;23.0;0.79;ESE;2.5;0.0;1008.68;0.0;Rain Shower
1461956400;29.0;24.0;0.74;SE;5.555555555555555;0.0;1008.68;0.0;Partly Cloudy
1461960000;28.0;23.0;0.74;ESE;5.277777777777778;0.0;1009.68;0.0;Partly Cloudy
1461963600;28.0;24.0;0.79;SE;4.166666666666667;0.0;1010.68;0.0;Partly Cloudy
1461967200;28.0;23.0;0.74;SE;4.166666666666667;0.0;1010.68;0.0;Partly Cloudy
1461970800;29.0;23.0;0.7;SE;3.0555555555555554;0.0;1011.68;0.0;Fair
1461974400;28.0;23.0;0.74;SE;4.166666666666667;0.0;1011.68;0.0;Fair
1461978000;27.0;24.0;0.84;ESE;3.611111111111111;0.0;1011.68;0.0;Partly Cloudy
1461981600;28.0;23.0;0.74;SE;4.722222222222222;0.0;1011.68;0.0;Partly Cloudy
1462158000;25.0;24.0;0.94;WSW;1.1111111111111112;0.0;1011.68;0.0;Mostly Cloudy
1462160400;25.0;24.0;0.94;E;1.1111111111111112;0.0;1011.68;0.0;Rain
1462161600;25.0;24.0;0.94;NNE;1.6666666666666665;0.0;1011.68;0.0;Light Rain
1462162200;24.0;24.0;1.0;N;1.6666666666666665;0.0;1011.68;0.0;Rain
1462165200;24.0;24.0;1.0;CALM;0.0;0.0;1010.68;0.0;Light Rain
1462168800;25.0;24.0;0.94;S;2.5;0.0;1010.68;0.0;Showers in the Vicinity
1462172400;24.0;23.0;0.94;WSW;1.6666666666666665;0.0;1010.68;0.0;Cloudy
1462174800;24.0;24.0;1.0;WNW;1.1111111111111112;0.0;1011.68;0.0;Rain
1462176000;24.0;23.0;0.94;W;1.9444444444444444;0.0;1011.68;0.0;Light Rain
1462179600;24.0;24.0;1.0;W;1.9444444444444444;0.0;1011.68;0.0;Light Rain
1462183200;25.0;24.0;0.94;W;1.6666666666666665;0.0;0.0;0.0;Showers in the Vicinity
1462186800;26.0;24.0;0.89;W;2.5;0.0;0.0;0.0;Showers in the Vicinity
1462190400;27.0;24.0;0.84;SSW;2.5;0.0;1012.68;0.0;Showers in the Vicinity
1462194000;29.0;25.0;0.79;ESE;2.5;0.0;1012.68;0.0;Mostly Cloudy
1462197600;30.0;25.0;0.74;ESE;4.166666666666667;0.0;1011.68;0.0;Partly Cloudy
1462201200;30.0;24.0;0.7;ESE;5.277777777777778;0.0;1011.68;0.0;Partly Cloudy
1462204800;30.0;24.0;0.7;SE;4.166666666666667;0.0;1010.68;0.0;Partly Cloudy
1462208400;30.0;24.0;0.7;ESE;5.277777777777778;0.0;1010.68;0.0;Partly Cloudy
1462212000;29.0;24.0;0.74;SE;5.277777777777778;0.0;1009.68;0.0;Partly Cloudy
1462215600;29.0;23.0;0.7;ESE;4.722222222222222;0.0;1010.68;0.0;Mostly Cloudy
1462219200;28.0;23.0;0.74;SE;4.722222222222222;0.0;1010.68;0.0;Fair
1462222800;28.0;24.0;0.79;SSE;4.722222222222222;0.0;1011.68;0.0;Partly Cloudy
1462226400;28.0;24.0;0.79;SSE;5.277777777777778;0.0;1011.68;0.0;Partly Cloudy
1462230000;28.0;23.0;0.74;SE;5.277777777777778;0.0;1012.68;0.0;Partly Cloudy
1462233600;28.0;23.0;0.74;SE;5.555555555555555;0.0;1012.68;0.0;Mostly Cloudy
1462237200;28.0;24.0;0.79;SE;4.722222222222222;0.0;1012.68;0.0;Mostly Cloudy
1462240800;27.0;23.0;0.79;SE;5.277777777777778;0.0;1012.68;0.0;Partly Cloudy
1462244400;27.0;23.0;0.79;S;3.0555555555555554;0.0;1012.68;0.0;Mostly Cloudy
1462248000;26.0;23.0;0.83;SE;5.277777777777778;0.0;1011.68;0.0;Showers in the Vicinity
1462251600;26.0;22.0;0.78;SE;6.111111111111111;0.0;1011.68;0.0;Partly Cloudy
1462255200;27.0;22.0;0.74;SE;4.722222222222222;0.0;1011.68;0.0;Partly Cloudy
1462258800;25.0;22.0;0.83;SE;5.277777777777778;0.0;1011.68;0.0;Mostly Cloudy
1462262400;25.0;22.0;0.83;SE;3.611111111111111;0.0;1011.68;0.0;Partly Cloudy
1462266000;25.0;22.0;0.83;SW;2.5;0.0;1012.68;0.0;Partly Cloudy
1462269600;26.0;23.0;0.83;SW;3.0555555555555554;0.0;1012.68;0.0;Partly Cloudy
1462273200;28.0;22.0;0.7;SSE;6.111111111111111;0.0;1012.68;0.0;Fair
1462276800;29.0;22.0;0.66;SSE;7.222222222222222;0.0;1013.68;0.0;Partly Cloudy
1462280400;29.0;22.0;0.66;SSE;7.222222222222222;0.0;1013.68;0.0;Partly Cloudy
1462284000;29.0;23.0;0.7;SSE;6.666666666666666;0.0;1012.68;0.0;Partly Cloudy
1462287600;30.0;22.0;0.62;SSE;6.666666666666666;0.0;1012.68;0.0;Fair
1462291200;30.0;22.0;0.62;SSE;5.555555555555555;0.0;1011.68;0.0;Fair
1462294800;29.0;22.0;0.66;SSE;5.555555555555555;0.0;1010.68;0.0;Partly Cloudy
1462298400;29.0;23.0;0.7;SSE;5.555555555555555;0.0;1010.68;0.0;Partly Cloudy
1462302000;29.0;22.0;0.66;SSE;6.111111111111111;0.0;1010.68;0.0;Fair
1462305600;28.0;22.0;0.7;SSE;6.111111111111111;0.0;1011.68;0.0;Fair
1462309200;27.0;22.0;0.74;S;4.722222222222222;0.0;1011.68;0.0;Fair
1462312800;27.0;22.0;0.74;S;4.166666666666667;0.0;1011.68;0.0;Partly Cloudy
1462316400;27.0;22.0;0.74;SW;3.0555555555555554;0.0;1012.68;0.0;Partly Cloudy
1462320000;26.0;22.0;0.78;SW;2.5;0.0;1013.68;0.0;Mostly Cloudy
1462323600;25.0;23.0;0.89;SW;3.0555555555555554;0.0;1013.68;0.0;Showers in the Vicinity
1462327200;25.0;23.0;0.89;SW;2.5;0.0;1012.68;0.0;Showers in the Vicinity
1462330800;25.0;23.0;0.89;SW;2.5;0.0;1012.68;0.0;Partly Cloudy
1462334400;25.0;22.0;0.83;SSW;2.5;0.0;1011.68;0.0;Partly Cloudy
1462338000;24.0;22.0;0.89;SSW;3.0555555555555554;0.0;1011.68;0.0;Partly Cloudy
1462341600;24.0;22.0;0.89;SSW;2.5;0.0;1011.68;0.0;Partly Cloudy
1462345200;24.0;22.0;0.89;SSW;3.0555555555555554;0.0;1011.68;0.0;Mostly Cloudy
1462348800;24.0;22.0;0.89;SSW;3.0555555555555554;0.0;1011.68;0.0;Partly Cloudy
1462352400;24.0;22.0;0.89;SW;2.5;0.0;1011.68;0.0;Mostly Cloudy
1462356000;26.0;22.0;0.78;SW;3.0555555555555554;0.0;1012.68;0.0;Partly Cloudy
1462359600;29.0;22.0;0.66;SE;7.777777777777778;0.0;1012.68;0.0;Partly Cloudy
1462363200;29.0;22.0;0.66;SE;5.555555555555555;0.0;1013.68;0.0;Partly Cloudy
1462366800;29.0;22.0;0.66;SE;7.777777777777778;0.0;1013.68;0.0;Partly Cloudy
1462370400;29.0;22.0;0.66;SE;7.777777777777778;0.0;1012.68;0.0;Partly Cloudy
1462374000;29.0;22.0;0.66;SE;7.777777777777778;0.0;1011.68;0.0;Partly Cloudy
1462377600;29.0;22.0;0.66;SE;7.222222222222222;0.0;1011.68;0.0;Partly Cloudy
1462381200;29.0;21.0;0.62;SE;6.666666666666666;0.0;1010.68;0.0;Partly Cloudy
1462384800;29.0;21.0;0.62;SSW;6.666666666666666;0.0;1010.68;0.0;Partly Cloudy
1462388400;28.0;21.0;0.66;SSE;7.222222222222222;0.0;1010.68;0.0;Mostly Cloudy
1462392000;28.0;21.0;0.66;SSE;6.111111111111111;0.0;1011.68;0.0;Mostly Cloudy
1462395600;27.0;22.0;0.74;S;7.222222222222222;0.0;1011.68;0.0;Mostly Cloudy
1462399200;27.0;22.0;0.74;SSE;6.666666666666666;0.0;1012.68;0.0;Mostly Cloudy
1462402800;27.0;21.0;0.7;S;4.166666666666667;0.0;1012.68;0.0;Mostly Cloudy
1462406400;25.0;23.0;0.89;SE;5.277777777777778;0.0;1013.68;0.0;Light Rain
1462410000;25.0;23.0;0.89;S;3.611111111111111;0.0;1013.68;0.0;Mostly Cloudy
1462413600;25.0;23.0;0.89;SSW;3.0555555555555554;0.0;1013.68;0.0;Mostly Cloudy
1462590000;25.0;21.0;0.78;SW;3.0555555555555554;0.0;1013.68;0.0;Partly Cloudy
1462593600;25.0;21.0;0.78;SSW;3.0555555555555554;0.0;1013.68;0.0;Partly Cloudy
1462597200;24.0;21.0;0.83;SW;1.9444444444444444;0.0;1012.68;0.0;Partly Cloudy
1462600800;24.0;21.0;0.83;SSW;1.9444444444444444;0.0;1012.68;0.0;Partly Cloudy
1462604400;23.0;21.0;0.88;WSW;1.1111111111111112;0.0;1011.68;0.0;Partly Cloudy
1462608000;23.0;21.0;0.88;CALM;0.0;0.0;1012.68;0.0;Fair
1462611600;23.0;21.0;0.88;SSW;1.6666666666666665;0.0;1012.68;0.0;Fair
1462615200;24.0;22.0;0.89;SSW;3.0555555555555554;0.0;1012.68;0.0;Fair
1462618800;27.0;22.0;0.74;S;3.0555555555555554;0.0;1013.68;0.0;Fair
1462622400;29.0;23.0;0.7;S;6.666666666666666;0.0;1013.68;0.0;Partly Cloudy
1462626000;29.0;22.0;0.66;S;7.777777777777778;0.0;1013.68;0.0;Partly Cloudy
1462629600;30.0;23.0;0.66;SSE;7.222222222222222;0.0;1013.68;0.0;Partly Cloudy
1462633200;30.0;23.0;0.66;SSE;7.222222222222222;0.0;1012.68;0.0;Partly Cloudy
1462636800;29.0;23.0;0.7;SSE;7.222222222222222;0.0;1011.68;0.0;Fair
1462640400;29.0;23.0;0.7;SSE;6.111111111111111;0.0;1010.68;0.0;Partly Cloudy
1462644000;29.0;22.0;0.66;SSE;7.777777777777778;0.0;1010.68;0.0;Partly Cloudy
1462647600;28.0;22.0;0.7;SE;5.555555555555555;0.0;1010.68;0.0;Partly Cloudy
1462651200;27.0;23.0;0.79;SE;5.277777777777778;0.0;1011.68;0.0;Fair
1462654800;27.0;21.0;0.7;SSE;5.277777777777778;0.0;1011.68;0.0;Partly Cloudy
1462658400;27.0;21.0;0.7;SSE;5.277777777777778;0.0;1011.68;0.0;Fair
1462662000;26.0;23.0;0.83;SSW;3.0555555555555554;0.0;1012.68;0.0;Partly Cloudy
1462665600;25.0;23.0;0.89;SW;3.611111111111111;0.0;1012.68;0.0;Partly Cloudy
1462669200;25.0;23.0;0.89;SSW;2.5;0.0;1012.68;0.0;Showers in the Vicinity
1462672800;25.0;23.0;0.89;SSW;2.5;0.0;1012.68;0.0;Mostly Cloudy
1462676400;25.0;22.0;0.83;SSW;1.9444444444444444;0.0;1012.68;0.0;Partly Cloudy
1462680000;25.0;22.0;0.83;SW;3.611111111111111;0.0;1011.68;0.0;Mostly Cloudy
1462683600;24.0;22.0;0.89;SW;2.5;0.0;1010.68;0.0;Partly Cloudy
1462687200;24.0;22.0;0.89;SSW;1.6666666666666665;0.0;1010.68;0.0;Mostly Cloudy
1462690800;24.0;22.0;0.89;SW;2.5;0.0;1010.68;0.0;Showers in the Vicinity
1462694400;24.0;22.0;0.89;SSW;1.9444444444444444;0.0;1010.68;0.0;Mostly Cloudy
1462698000;24.0;22.0;0.89;SW;2.5;0.0;1010.68;0.0;Showers in the Vicinity
1462701600;25.0;23.0;0.89;SSW;2.5;0.0;1011.68;0.0;Partly Cloudy
1462705200;27.0;24.0;0.84;S;3.611111111111111;0.0;1012.68;0.0;Partly Cloudy
1462708800;29.0;23.0;0.7;SE;7.777777777777778;0.0;1012.68;0.0;Partly Cloudy
1462712400;28.0;25.0;0.84;ESE;7.777777777777778;0.0;1013.68;0.0;Light Rain
1462716000;26.0;24.0;0.89;S;5.555555555555555;0.0;1012.68;0.0;Partly Cloudy
1462719600;29.0;23.0;0.7;SSE;7.222222222222222;0.0;1011.68;0.0;Partly Cloudy
1462723200;29.0;24.0;0.74;SE;7.777777777777778;0.0;1010.68;0.0;Partly Cloudy
1462726800;29.0;23.0;0.7;SE;9.166666666666666;0.0;1009.68;0.0;Partly Cloudy / Windy
1462730400;29.0;23.0;0.7;S;7.777777777777778;0.0;1009.68;0.0;Mostly Cloudy
1462734000;28.0;23.0;0.74;S;7.777777777777778;0.0;1009.68;0.0;Mostly Cloudy
1462737600;28.0;23.0;0.74;S;6.666666666666666;0.0;1010.68;0.0;Mostly Cloudy
1462741200;27.0;24.0;0.84;SE;5.555555555555555;0.0;1010.68;0.0;Mostly Cloudy
1462744800;26.0;22.0;0.78;SE;6.666666666666666;0.0;1010.68;0.0;Mostly Cloudy
1462748400;26.0;23.0;0.83;SE;4.166666666666667;0.0;1011.68;0.0;Showers in the Vicinity
1462752000;25.0;23.0;0.89;SSE;2.5;0.0;1011.68;0.0;Light Rain
1462754700;24.0;23.0;0.94;SSE;5.277777777777778;0.0;1012.68;0.0;Light Rain
1462755600;24.0;23.0;0.94;S;3.0555555555555554;0.0;1012.68;0.0;Light Rain
1462757700;24.0;23.0;0.94;SSW;2.5;0.0;1011.68;0.0;Light Rain
1462759200;24.0;23.0;0.94;SW;1.9444444444444444;0.0;1011.68;0.0;Light Rain
1462762800;24.0;23.0;0.94;SSW;1.9444444444444444;0.0;1011.68;0.0;Light Rain
1462766400;23.0;23.0;1.0;SSW;3.611111111111111;0.0;1011.68;0.0;Light Rain
1462770000;23.0;23.0;1.0;SSW;3.611111111111111;0.0;1010.68;0.0;Light Rain
1462773600;24.0;23.0;0.94;S;3.0555555555555554;0.0;1010.68;0.0;Light Rain
1462777200;23.0;23.0;1.0;S;5.555555555555555;0.0;1010.68;0.0;Light Rain
1462780800;23.0;23.0;1.0;S;5.277777777777778;0.0;1011.68;0.0;Light Rain
1462784400;23.0;23.0;1.0;SSW;3.611111111111111;0.0;1011.68;0.0;Light Rain
1462788000;24.0;23.0;0.94;S;5.277777777777778;0.0;1012.68;0.0;Light Rain
1462791600;23.0;22.0;0.94;SSE;5.555555555555555;0.0;1013.68;0.0;Light Rain
1462792200;23.0;22.0;0.94;SSE;4.166666666666667;0.0;1013.68;0.0;Light Rain
1462795200;23.0;23.0;1.0;S;2.5;0.0;1013.68;0.0;Light Rain
1462798800;23.0;22.0;0.94;SSE;6.111111111111111;0.0;1013.68;0.0;Light Rain
1462802400;24.0;23.0;0.94;SE;4.166666666666667;0.0;1013.68;0.0;Light Rain
1462802700;24.0;23.0;0.94;SSE;3.611111111111111;0.0;1013.68;0.0;Light Rain
1462806000;23.0;23.0;1.0;WSW;1.6666666666666665;0.0;1013.68;0.0;Rain
1462806900;23.0;22.0;0.94;WSW;0.5555555555555556;0.0;1013.68;0.0;Rain
1462809600;23.0;22.0;0.94;W;1.6666666666666665;0.0;1012.68;0.0;Light Rain
1462810260;23.0;22.0;0.94;WSW;1.6666666666666665;0.0;1012.68;0.0;Rain
1462813200;23.0;23.0;1.0;S;3.611111111111111;0.0;1012.68;0.0;Rain
1462816800;23.0;23.0;1.0;S;3.611111111111111;0.0;1011.68;0.0;Rain
1462818720;23.0;23.0;1.0;SSW;1.9444444444444444;0.0;1011.68;0.0;Rain
1462820400;23.0;23.0;1.0;SSW;2.5;0.0;1012.68;0.0;Rain
1462824000;24.0;23.0;0.94;SSW;3.611111111111111;0.0;1011.68;0.0;Light Rain
1462827600;24.0;23.0;0.94;S;3.611111111111111;0.0;1011.68;0.0;Light Rain
1462831200;25.0;24.0;0.94;S;5.277777777777778;0.0;1012.68;0.0;Light Rain
1462834800;25.0;24.0;0.94;SSE;3.611111111111111;0.0;1012.68;0.0;Cloudy
1462838400;26.0;24.0;0.89;SSE;4.166666666666667;0.0;1012.68;0.0;Cloudy
1462842000;25.0;24.0;0.94;SSW;3.0555555555555554;0.0;1013.68;0.0;Cloudy
1462845600;25.0;24.0;0.94;SW;1.9444444444444444;0.0;1012.68;0.0;Mostly Cloudy
1462849200;25.0;24.0;0.94;S;3.611111111111111;0.0;1012.68;0.0;Rain
1462852800;25.0;24.0;0.94;S;3.611111111111111;0.0;1011.68;0.0;Rain
1462856400;25.0;24.0;0.94;S;2.5;0.0;1011.68;0.0;Light Rain
1462860000;25.0;24.0;0.94;SE;1.9444444444444444;0.0;1010.68;0.0;Fog
1462863600;26.0;24.0;0.89;SE;4.722222222222222;0.0;1011.68;0.0;Fog
1462867200;25.0;24.0;0.94;ESE;4.166666666666667;0.0;1011.68;0.0;Mostly Cloudy
1462870800;25.0;24.0;0.94;SE;3.0555555555555554;0.0;1011.68;0.0;Mostly Cloudy
1462874400;26.0;23.0;0.83;SSE;3.611111111111111;0.0;1011.68;0.0;Mostly Cloudy
1462878000;27.0;25.0;0.89;SSE;4.722222222222222;0.0;1012.68;0.0;Light Rain
1462881600;28.0;24.0;0.79;SSE;5.277777777777778;0.0;1012.68;0.0;Partly Cloudy
1462885200;29.0;24.0;0.74;ESE;3.611111111111111;0.0;1013.68;0.0;Mostly Cloudy
1462888800;28.0;24.0;0.79;SE;5.277777777777778;0.0;1012.68;0.0;Mostly Cloudy
1462892400;0.0;0.0;0.0;SE;5.555555555555555;0.0;1011.68;0.0;Light Rain
1462896000;28.0;24.0;0.79;ESE;4.722222222222222;0.0;1011.68;0.0;Mostly Cloudy
1462899600;29.0;24.0;0.74;VAR;3.0555555555555554;0.0;1010.68;0.0;Mostly Cloudy
1462903200;27.0;24.0;0.84;SE;5.277777777777778;0.0;1010.68;0.0;Mostly Cloudy
1462906800;28.0;24.0;0.79;SE;4.722222222222222;0.0;1010.68;0.0;Mostly Cloudy
1462910400;28.0;24.0;0.79;ESE;4.166666666666667;0.0;1011.68;0.0;Showers in the Vicinity
1462914000;28.0;23.0;0.74;SE;4.722222222222222;0.0;1011.68;0.0;Mostly Cloudy
1462917600;28.0;23.0;0.74;SE;4.722222222222222;0.0;1012.68;0.0;Mostly Cloudy
1462921200;28.0;23.0;0.74;SE;3.611111111111111;0.0;1012.68;0.0;Mostly Cloudy
1462924800;28.0;23.0;0.74;SE;4.722222222222222;0.0;1012.68;0.0;Mostly Cloudy
1462928400;28.0;23.0;0.74;ESE;5.277777777777778;0.0;1013.68;0.0;Mostly Cloudy
1462932000;27.0;23.0;0.79;ESE;5.277777777777778;0.0;1012.68;0.0;Light Rain
1463022000;25.0;24.0;0.94;SW;2.5;0.0;1012.68;0.0;Cloudy
1463025600;25.0;24.0;0.94;SW;1.6666666666666665;0.0;1012.68;0.0;Cloudy
1463029200;25.0;24.0;0.94;WSW;1.9444444444444444;0.0;1012.68;0.0;Mostly Cloudy
1463032800;25.0;24.0;0.94;NNW;1.1111111111111112;0.0;1011.68;0.0;Mostly Cloudy
1463036400;25.0;24.0;0.94;SW;1.6666666666666665;0.0;1012.68;0.0;Mostly Cloudy
1463040000;25.0;24.0;0.94;WNW;1.1111111111111112;0.0;1012.68;0.0;Mostly Cloudy
1463043600;25.0;24.0;0.94;WSW;1.1111111111111112;0.0;1012.68;0.0;Mostly Cloudy
1463047200;25.0;24.0;0.94;WSW;1.9444444444444444;0.0;1013.68;0.0;Partly Cloudy
1463050800;28.0;25.0;0.84;S;1.9444444444444444;0.0;1013.68;0.0;Partly Cloudy
1463054400;29.0;24.0;0.74;SE;3.611111111111111;0.0;1014.67;0.0;Partly Cloudy
1463058000;29.0;23.0;0.7;ESE;3.611111111111111;0.0;1013.68;0.0;Partly Cloudy
1463061600;30.0;24.0;0.7;SE;4.166666666666667;0.0;1013.68;0.0;Fair
1463065200;30.0;22.0;0.62;ESE;3.0555555555555554;0.0;1012.68;0.0;Fair
1463068800;30.0;24.0;0.7;ESE;3.0555555555555554;0.0;1012.68;0.0;Fair
1463072400;30.0;23.0;0.66;ESE;3.611111111111111;0.0;1011.68;0.0;Fair
1463076000;29.0;23.0;0.7;SE;4.166666666666667;0.0;1011.68;0.0;Fair
1463079600;29.0;23.0;0.7;ESE;3.611111111111111;0.0;1011.68;0.0;Fair
1463083200;28.0;24.0;0.79;SE;3.0555555555555554;0.0;1011.68;0.0;Fair
1463086800;28.0;23.0;0.74;SE;2.5;0.0;1012.68;0.0;Fair
1463090400;28.0;23.0;0.74;SE;3.0555555555555554;0.0;1012.68;0.0;Fair
1463094000;28.0;24.0;0.79;ESE;1.6666666666666665;0.0;1012.68;0.0;Partly Cloudy
1463097600;28.0;24.0;0.79;SE;2.5;0.0;1013.68;0.0;Partly Cloudy
1463101200;28.0;24.0;0.79;ESE;3.0555555555555554;0.0;1013.68;0.0;Partly Cloudy
1463104800;27.0;24.0;0.84;SE;1.9444444444444444;0.0;1012.68;0.0;Partly Cloudy
1463457600;27.0;24.0;0.84;SSE;4.166666666666667;0.0;1012.68;0.0;Mostly Cloudy
1463461200;27.0;23.0;0.79;SE;5.555555555555555;0.0;1012.68;0.0;Mostly Cloudy
1463464800;27.0;24.0;0.84;SE;4.722222222222222;0.0;1011.68;0.0;Mostly Cloudy
1463468400;27.0;23.0;0.79;ESE;4.166666666666667;0.0;1011.68;0.0;Partly Cloudy
1463472000;27.0;24.0;0.84;SE;4.166666666666667;0.0;1012.68;0.0;Partly Cloudy
1463475600;27.0;24.0;0.84;SE;5.277777777777778;0.0;1012.68;0.0;Showers in the Vicinity
1463479200;28.0;23.0;0.74;SE;4.722222222222222;0.0;1013.68;0.0;Showers in the Vicinity
1463482800;28.0;23.0;0.74;SE;5.277777777777778;0.0;1013.68;0.0;Mostly Cloudy
1463486400;29.0;23.0;0.7;SE;5.277777777777778;0.0;1014.67;0.0;Partly Cloudy
1463490000;29.0;23.0;0.7;SE;5.277777777777778;0.0;1014.67;0.0;Mostly Cloudy
1463493600;29.0;23.0;0.7;SE;5.277777777777778;0.0;1013.68;0.0;Partly Cloudy
1463497200;30.0;24.0;0.7;SE;3.611111111111111;0.0;1012.68;0.0;Partly Cloudy
1463500800;29.0;24.0;0.74;ESE;3.0555555555555554;0.0;1011.68;0.0;Partly Cloudy
1463504400;30.0;24.0;0.7;SE;4.166666666666667;0.0;1010.68;0.0;Partly Cloudy
1463508000;29.0;23.0;0.7;E;4.166666666666667;0.0;1010.68;0.0;Partly Cloudy
1463511600;28.0;23.0;0.74;SE;3.611111111111111;0.0;1011.68;0.0;Mostly Cloudy
1463515200;28.0;23.0;0.74;ESE;3.611111111111111;0.0;1011.68;0.0;Partly Cloudy
1463518800;27.0;23.0;0.79;SE;2.5;0.0;1012.68;0.0;Partly Cloudy
1463522400;27.0;23.0;0.79;SE;3.611111111111111;0.0;1012.68;0.0;Partly Cloudy
1463526000;27.0;23.0;0.79;ESE;3.611111111111111;0.0;1013.68;0.0;Partly Cloudy
1463529600;27.0;23.0;0.79;SE;3.611111111111111;0.0;1013.68;0.0;Partly Cloudy
1463533200;26.0;23.0;0.83;SE;3.0555555555555554;0.0;1013.68;0.0;Partly Cloudy
1463536800;26.0;23.0;0.83;E;2.5;0.0;1013.68;0.0;Partly Cloudy
1463713200;27.0;21.0;0.7;SE;3.611111111111111;0.0;1013.68;0.0;Fair
1463716800;26.0;22.0;0.78;SSE;3.611111111111111;0.0;1013.68;0.0;Fair
1463720400;25.0;22.0;0.83;SSW;1.9444444444444444;0.0;1012.68;0.0;Fair
1463724000;25.0;22.0;0.83;SW;2.5;0.0;1012.68;0.0;Partly Cloudy
1463727600;24.0;22.0;0.89;W;1.1111111111111112;0.0;1012.68;0.0;Mostly Cloudy
1463731200;26.0;22.0;0.78;VAR;1.9444444444444444;0.0;1012.68;0.0;Partly Cloudy
1463734800;28.0;22.0;0.7;ESE;3.611111111111111;0.0;1013.68;0.0;Mostly Cloudy
1463738400;28.0;22.0;0.7;SE;4.722222222222222;0.0;1014.67;0.0;Mostly Cloudy
1463742000;28.0;23.0;0.74;ESE;4.166666666666667;0.0;1015.67;0.0;Mostly Cloudy
1463745600;29.0;23.0;0.7;SE;5.277777777777778;0.0;1015.67;0.0;Partly Cloudy
1463749200;30.0;23.0;0.66;SE;5.555555555555555;0.0;1015.67;0.0;Partly Cloudy
1463752800;29.0;23.0;0.7;SE;4.722222222222222;0.0;1014.67;0.0;Fair
1463756400;30.0;23.0;0.66;SE;4.722222222222222;0.0;1013.68;0.0;Partly Cloudy
1463760000;27.0;23.0;0.79;SE;7.222222222222222;0.0;1013.68;0.0;Partly Cloudy
1463763600;28.0;21.0;0.66;E;3.0555555555555554;0.0;0.0;0.0;Showers in the Vicinity
1463767200;28.0;20.0;0.62;ESE;3.0555555555555554;0.0;1012.68;0.0;Mostly Cloudy
1463770800;28.0;23.0;0.74;SE;4.166666666666667;0.0;1012.68;0.0;Mostly Cloudy
1463774400;27.0;23.0;0.79;SE;5.277777777777778;0.0;1013.68;0.0;Showers in the Vicinity
1463778000;28.0;21.0;0.66;ESE;4.166666666666667;0.0;1014.67;0.0;Fair
1463781600;28.0;22.0;0.7;ESE;3.611111111111111;0.0;1014.67;0.0;Fair
1463785200;28.0;22.0;0.7;ESE;3.0555555555555554;0.0;1015.67;0.0;Partly Cloudy
1463788800;27.0;22.0;0.74;ESE;3.0555555555555554;0.0;1015.67;0.0;Partly Cloudy
1463792400;28.0;22.0;0.7;E;4.166666666666667;0.0;1015.67;0.0;Fair
1463796000;27.0;22.0;0.74;ESE;3.0555555555555554;0.0;1015.67;0.0;Fair
1463799600;27.0;22.0;0.74;ESE;3.0555555555555554;0.0;1015.67;0.0;Fair
1463803200;27.0;22.0;0.74;ESE;3.0555555555555554;0.0;1014.67;0.0;Fair
1463806800;25.0;22.0;0.83;SSW;1.9444444444444444;0.0;1013.68;0.0;Fair
1463810400;24.0;22.0;0.89;SSW;1.9444444444444444;0.0;1013.68;0.0;Fair
1463814000;24.0;22.0;0.89;S;1.6666666666666665;0.0;1013.68;0.0;Fair
1463817600;23.0;22.0;0.94;S;1.1111111111111112;0.0;1013.68;0.0;Fair
1463821200;23.0;22.0;0.94;SSW;1.1111111111111112;0.0;1013.68;0.0;Partly Cloudy
1463824800;24.0;22.0;0.89;SSW;1.9444444444444444;0.0;1014.67;0.0;Partly Cloudy
1463828400;27.0;23.0;0.79;SSW;2.5;0.0;1014.67;0.0;Partly Cloudy
1463832000;28.0;23.0;0.74;SSE;5.277777777777778;0.0;1014.67;0.0;Partly Cloudy
1463835600;29.0;23.0;0.7;SSE;4.166666666666667;0.0;1014.67;0.0;Partly Cloudy
1463839200;30.0;22.0;0.62;SE;4.722222222222222;0.0;1014.67;0.0;Mostly Cloudy
1463842800;30.0;23.0;0.66;SE;5.277777777777778;0.0;1013.68;0.0;Mostly Cloudy
1463846400;30.0;22.0;0.62;SSE;6.111111111111111;0.0;1013.68;0.0;Partly Cloudy
1463850000;30.0;22.0;0.62;SSE;5.277777777777778;0.0;1012.68;0.0;Partly Cloudy
1463853600;29.0;22.0;0.66;SSE;5.555555555555555;0.0;1012.68;0.0;Fair
1463857200;28.0;22.0;0.7;SSE;5.277777777777778;0.0;1012.68;0.0;Fair
1463860800;27.0;22.0;0.74;SSE;5.277777777777778;0.0;1012.68;0.0;Fair
1463864400;27.0;21.0;0.7;SSE;5.555555555555555;0.0;1013.68;0.0;Fair
1463868000;27.0;21.0;0.7;SSE;5.277777777777778;0.0;1013.68;0.0;Fair
1463871600;27.0;21.0;0.7;SSE;5.277777777777778;0.0;1014.67;0.0;Fair
1463875200;27.0;21.0;0.7;SSE;4.722222222222222;0.0;1014.67;0.0;Fair
1463878800;26.0;21.0;0.74;SW;2.5;0.0;1014.67;0.0;Fair
1463882400;25.0;21.0;0.78;SW;2.5;0.0;1014.67;0.0;Fair
1463972400;25.0;23.0;0.89;CALM;0.0;0.0;1013.68;0.0;Partly Cloudy
1463976000;25.0;22.0;0.83;CALM;0.0;0.0;1013.68;0.0;Partly Cloudy
1463979600;25.0;22.0;0.83;NW;1.9444444444444444;0.0;1012.68;0.0;Partly Cloudy
1463983200;25.0;22.0;0.83;CALM;0.0;0.0;1012.68;0.0;Mostly Cloudy
1463986800;24.0;22.0;0.89;W;2.5;0.0;1012.68;0.0;Partly Cloudy
1463990400;24.0;22.0;0.89;W;3.0555555555555554;0.0;1012.68;0.0;Fair
1463994000;25.0;22.0;0.83;NW;2.5;0.0;1013.68;0.0;Fair
1463997600;26.0;23.0;0.83;WNW;2.5;0.0;1013.68;0.0;Fair
1464001200;28.0;24.0;0.79;VAR;1.1111111111111112;0.0;1014.67;0.0;Fair
1464004800;30.0;24.0;0.7;VAR;1.6666666666666665;0.0;1015.67;0.0;Partly Cloudy
1464008400;29.0;23.0;0.7;E;3.0555555555555554;0.0;1015.67;0.0;Partly Cloudy
1464012000;30.0;23.0;0.66;E;3.0555555555555554;0.0;1014.67;0.0;Partly Cloudy
1464015600;30.0;23.0;0.66;E;4.166666666666667;0.0;1013.68;0.0;Partly Cloudy
1464019200;30.0;23.0;0.66;E;3.611111111111111;0.0;1013.68;0.0;Partly Cloudy
1464022800;30.0;23.0;0.66;ENE;4.166666666666667;0.0;1012.68;0.0;Fair
1464026400;29.0;24.0;0.74;E;4.166666666666667;0.0;1012.68;0.0;Fair
1464030000;29.0;24.0;0.74;E;3.611111111111111;0.0;1012.68;0.0;Fair
1464033600;28.0;24.0;0.79;E;3.611111111111111;0.0;1012.68;0.0;Fair
1464037200;28.0;23.0;0.74;ENE;1.9444444444444444;0.0;1013.68;0.0;Fair
1464040800;28.0;24.0;0.79;ESE;3.611111111111111;0.0;1013.68;0.0;Mostly Cloudy
1464044400;28.0;23.0;0.74;E;3.0555555555555554;0.0;1014.67;0.0;Partly Cloudy
1464048000;28.0;24.0;0.79;ESE;3.0555555555555554;0.0;1014.67;0.0;Mostly Cloudy
1464051600;28.0;24.0;0.79;ESE;4.166666666666667;0.0;1015.67;0.0;Partly Cloudy
1464055200;27.0;24.0;0.84;E;3.0555555555555554;0.0;1014.67;0.0;Mostly Cloudy
1464058800;27.0;24.0;0.84;E;2.5;0.0;1014.67;0.0;Mostly Cloudy
1464062400;27.0;24.0;0.84;E;3.0555555555555554;0.0;1014.67;0.0;Mostly Cloudy
1464066000;27.0;24.0;0.84;E;2.5;0.0;1013.68;0.0;Mostly Cloudy
1464069600;27.0;24.0;0.84;E;3.0555555555555554;0.0;1013.68;0.0;Mostly Cloudy
1464073200;27.0;24.0;0.84;E;3.611111111111111;0.0;1013.68;0.0;Mostly Cloudy
1464076800;27.0;23.0;0.79;ENE;4.166666666666667;0.0;1013.68;0.0;Mostly Cloudy
1464080400;26.0;24.0;0.89;ENE;3.611111111111111;0.0;1014.67;0.0;Showers in the Vicinity
1464084000;27.0;24.0;0.84;E;5.277777777777778;0.0;1015.67;0.0;Mostly Cloudy
1464087600;27.0;24.0;0.84;ENE;5.555555555555555;0.0;1016.67;0.0;Light Rain
1464091200;26.0;24.0;0.89;NE;6.666666666666666;0.0;1016.67;0.0;Light Rain
1464094800;26.0;23.0;0.83;NNE;4.722222222222222;0.0;1016.67;0.0;Showers in the Vicinity
1464098400;26.0;23.0;0.83;NE;4.722222222222222;0.0;1016.67;0.0;Showers in the Vicinity
1464102000;26.0;23.0;0.83;NNE;3.0555555555555554;0.0;1015.67;0.0;Mostly Cloudy
1464105600;27.0;23.0;0.79;N;1.9444444444444444;0.0;1014.67;0.0;Mostly Cloudy
1464109200;27.0;23.0;0.79;NE;1.6666666666666665;0.0;1013.68;0.0;Mostly Cloudy
1464112800;27.0;23.0;0.79;VAR;1.1111111111111112;0.0;1013.68;0.0;Partly Cloudy
1464116400;27.0;23.0;0.79;SE;1.6666666666666665;0.0;1013.68;0.0;Partly Cloudy
1464120000;27.0;23.0;0.79;SSW;1.6666666666666665;0.0;1013.68;0.0;Mostly Cloudy
1464123600;26.0;23.0;0.83;SSW;1.6666666666666665;0.0;1014.67;0.0;Mostly Cloudy
1464127200;26.0;23.0;0.83;SW;1.6666666666666665;0.0;1014.67;0.0;Partly Cloudy
1464130800;26.0;23.0;0.83;SW;1.6666666666666665;0.0;1015.67;0.0;Partly Cloudy
1464134400;26.0;23.0;0.83;WSW;1.6666666666666665;0.0;1015.67;0.0;Partly Cloudy
1464135900;24.0;23.0;0.94;ENE;4.166666666666667;0.0;1015.67;0.0;Rain Shower
1464138000;24.0;23.0;0.94;SE;1.9444444444444444;0.0;1015.67;0.0;Rain
1464141600;24.0;23.0;0.94;SW;3.0555555555555554;0.0;1015.67;0.0;Showers in the Vicinity
1464231600;25.0;22.0;0.83;SW;1.6666666666666665;0.0;1013.68;0.0;Partly Cloudy
1464235200;24.0;22.0;0.89;CALM;0.0;0.0;1013.68;0.0;Partly Cloudy
1464238800;23.0;22.0;0.94;WSW;1.1111111111111112;0.0;1012.68;0.0;Mostly Cloudy
1464242400;23.0;22.0;0.94;SSW;2.5;0.0;1011.68;0.0;Partly Cloudy
1464246000;23.0;22.0;0.94;SW;1.9444444444444444;0.0;1012.68;0.0;Partly Cloudy
1464249600;23.0;22.0;0.94;WSW;2.5;0.0;1012.68;0.0;Partly Cloudy
1464253200;23.0;22.0;0.94;WSW;2.5;0.0;1012.68;0.0;Showers in the Vicinity
1464256800;24.0;22.0;0.89;SSW;2.5;0.0;1013.68;0.0;Partly Cloudy
1464260400;26.0;23.0;0.83;SW;3.611111111111111;0.0;1013.68;0.0;Partly Cloudy
1464264000;28.0;23.0;0.74;S;3.611111111111111;0.0;1013.68;0.0;Partly Cloudy
1464267600;28.0;22.0;0.7;SSE;6.111111111111111;0.0;1013.68;0.0;Mostly Cloudy
1464271200;29.0;22.0;0.66;S;6.111111111111111;0.0;1012.68;0.0;Partly Cloudy
1464274800;29.0;23.0;0.7;SE;4.722222222222222;0.0;1012.68;0.0;Partly Cloudy
1464278400;29.0;22.0;0.66;SSE;6.666666666666666;0.0;1011.68;0.0;Partly Cloudy
1464282000;29.0;22.0;0.66;SSE;6.666666666666666;0.0;1010.68;0.0;Partly Cloudy
1464285600;28.0;22.0;0.7;SSE;6.111111111111111;0.0;1010.68;0.0;Fair
1464289200;27.0;22.0;0.74;SSE;6.666666666666666;0.0;1010.68;0.0;Partly Cloudy
1464292800;26.0;23.0;0.83;SSE;4.166666666666667;0.0;1011.68;0.0;Fair
1464296400;26.0;21.0;0.74;SSE;4.722222222222222;0.0;1011.68;0.0;Partly Cloudy
1464300000;25.0;22.0;0.83;SSW;1.9444444444444444;0.0;1012.68;0.0;Partly Cloudy
1464303600;24.0;22.0;0.89;SW;1.6666666666666665;0.0;1012.68;0.0;Partly Cloudy
1464307200;24.0;22.0;0.89;WSW;1.6666666666666665;0.0;1013.68;0.0;Partly Cloudy
1464308700;24.0;22.0;0.89;SW;3.0555555555555554;0.0;1013.68;0.0;Rain
1464310800;24.0;22.0;0.89;SW;2.5;0.0;1013.68;0.0;Mostly Cloudy
1464314400;24.0;22.0;0.89;SW;1.6666666666666665;0.0;1013.68;0.0;Fair
1464318000;23.0;22.0;0.94;WSW;1.9444444444444444;0.0;1013.68;0.0;Fair
1464321600;23.0;22.0;0.94;SW;2.5;0.0;1012.68;0.0;Fair
1464325200;23.0;21.0;0.88;WSW;1.9444444444444444;0.0;1011.68;0.0;Fair
1464328800;23.0;22.0;0.94;SW;3.0555555555555554;0.0;1012.68;0.0;Light Rain
1464332400;23.0;22.0;0.94;SW;1.9444444444444444;0.0;1011.68;0.0;Partly Cloudy
1464336000;23.0;22.0;0.94;SW;2.5;0.0;1012.68;0.0;Partly Cloudy
1464339600;23.0;22.0;0.94;WNW;1.6666666666666665;0.0;1012.68;0.0;Fair
1464343200;24.0;21.0;0.83;W;1.9444444444444444;0.0;0.0;0.0;Showers in the Vicinity
1464346800;24.0;22.0;0.89;WSW;1.9444444444444444;0.0;1014.67;0.0;Mostly Cloudy
1464350400;26.0;23.0;0.83;SW;2.5;0.0;1014.67;0.0;Partly Cloudy
1464354000;27.0;22.0;0.74;SSW;3.0555555555555554;0.0;1014.67;0.0;Mostly Cloudy
1464357600;28.0;23.0;0.74;S;5.277777777777778;0.0;1013.68;0.0;Mostly Cloudy
1464361200;29.0;21.0;0.62;S;6.111111111111111;0.0;1012.68;0.0;Fair
1464364800;29.0;23.0;0.7;SSE;7.222222222222222;0.0;1012.68;0.0;Fair
1464368400;29.0;22.0;0.66;SSE;7.222222222222222;0.0;1011.68;0.0;Fair
1464372000;29.0;23.0;0.7;SSE;7.222222222222222;0.0;1011.68;0.0;Fair
1464375600;28.0;23.0;0.74;SSE;6.666666666666666;0.0;1011.68;0.0;Fair
1464379200;27.0;23.0;0.79;SE;6.666666666666666;0.0;1012.68;0.0;Fair
1464382800;27.0;23.0;0.79;SSE;6.111111111111111;0.0;1012.68;0.0;Fair
1464386400;27.0;23.0;0.79;SSE;5.555555555555555;0.0;1013.68;0.0;Fair
1464390000;27.0;23.0;0.79;SE;5.555555555555555;0.0;1014.67;0.0;Partly Cloudy
1464393600;26.0;23.0;0.83;SSE;5.555555555555555;0.0;1014.67;0.0;Partly Cloudy
1464397200;26.0;23.0;0.83;SSW;1.9444444444444444;0.0;1014.67;0.0;Partly Cloudy
1464400800;25.0;23.0;0.89;SW;2.5;0.0;1014.67;0.0;Mostly Cloudy
1464404400;25.0;23.0;0.89;SW;1.9444444444444444;0.0;1014.67;0.0;Mostly Cloudy
1464408000;25.0;23.0;0.89;SW;2.5;0.0;1013.68;0.0;Mostly Cloudy
1464411600;24.0;23.0;0.94;SSW;1.6666666666666665;0.0;1013.68;0.0;Partly Cloudy
1464415200;24.0;22.0;0.89;CALM;0.0;0.0;1013.68;0.0;Fair
1464418800;23.0;22.0;0.94;WSW;0.5555555555555556;0.0;1013.68;0.0;Fair
1464422400;23.0;22.0;0.94;SW;1.6666666666666665;0.0;1014.67;0.0;Fair
1464426000;23.0;22.0;0.94;WSW;1.6666666666666665;0.0;1014.67;0.0;Fair
1464429600;25.0;23.0;0.89;SW;3.0555555555555554;0.0;1015.67;0.0;Fair
1464433200;27.0;24.0;0.84;SSW;3.611111111111111;0.0;1015.67;0.0;Fair
1464436800;28.0;23.0;0.74;S;4.722222222222222;0.0;1015.67;0.0;Partly Cloudy
1464440400;28.0;24.0;0.79;S;4.722222222222222;0.0;1015.67;0.0;Partly Cloudy
1464444000;29.0;23.0;0.7;SSE;6.666666666666666;0.0;1015.67;0.0;Partly Cloudy
1464447600;29.0;24.0;0.74;SSE;6.666666666666666;0.0;1014.67;0.0;Fair
1464451200;29.0;24.0;0.74;SSE;6.666666666666666;0.0;1013.68;0.0;Fair
1464454800;28.0;24.0;0.79;SSE;6.666666666666666;0.0;1012.68;0.0;Fair
1464458400;28.0;24.0;0.79;SE;6.111111111111111;0.0;1012.68;0.0;Fair
1464462000;28.0;24.0;0.79;SSE;5.277777777777778;0.0;1013.68;0.0;Fair
1464465600;27.0;23.0;0.79;SSE;4.722222222222222;0.0;1013.68;0.0;Fair
1464469200;27.0;23.0;0.79;SSE;5.277777777777778;0.0;1013.68;0.0;Fair
1464472800;26.0;23.0;0.83;S;3.0555555555555554;0.0;1013.68;0.0;Fair
1464476400;26.0;23.0;0.83;SSW;1.9444444444444444;0.0;1014.67;0.0;Fair
1464480000;26.0;23.0;0.83;SSW;1.9444444444444444;0.0;1014.67;0.0;Partly Cloudy
1464483600;25.0;24.0;0.94;SSW;3.611111111111111;0.0;1014.67;0.0;Showers in the Vicinity
1464487200;25.0;24.0;0.94;SSW;2.5;0.0;1014.67;0.0;Mostly Cloudy
1464490800;25.0;24.0;0.94;SSW;1.9444444444444444;0.0;1014.67;0.0;Mostly Cloudy
1464494400;25.0;24.0;0.94;SW;1.9444444444444444;0.0;1013.68;0.0;Partly Cloudy
1464498000;25.0;23.0;0.89;SSW;2.5;0.0;1013.68;0.0;Mostly Cloudy
1464501600;24.0;23.0;0.94;SSW;1.6666666666666665;0.0;1012.68;0.0;Fair
1464505200;24.0;23.0;0.94;CALM;0.0;0.0;0.0;0.0;Light Rain
1464508800;24.0;23.0;0.94;SW;0.5555555555555556;0.0;1013.68;0.0;Partly Cloudy
1464512400;24.0;23.0;0.94;CALM;0.0;0.0;1013.68;0.0;Showers in the Vicinity
1464516000;25.0;24.0;0.94;S;1.1111111111111112;0.0;1014.67;0.0;Mostly Cloudy
1464519600;27.0;24.0;0.84;ESE;1.9444444444444444;0.0;1014.67;0.0;Showers in the Vicinity
1464523200;27.0;24.0;0.84;ESE;4.166666666666667;0.0;1014.67;0.0;Showers in the Vicinity
1464526800;28.0;24.0;0.79;E;4.166666666666667;0.0;1014.67;0.0;Partly Cloudy
1464530400;27.0;24.0;0.84;E;5.555555555555555;0.0;1013.68;0.0;Light Rain
1464534000;28.0;24.0;0.79;E;3.611111111111111;0.0;1012.68;0.0;Mostly Cloudy
1464537600;29.0;23.0;0.7;ENE;3.0555555555555554;0.0;1011.68;0.0;Mostly Cloudy
1464541200;28.0;24.0;0.79;E;3.611111111111111;0.0;1011.68;0.0;Mostly Cloudy
1464544800;28.0;24.0;0.79;ESE;3.611111111111111;0.0;1011.68;0.0;Mostly Cloudy
1464548400;28.0;24.0;0.79;ESE;3.611111111111111;0.0;1011.68;0.0;Partly Cloudy
1464552000;27.0;24.0;0.84;ENE;2.5;0.0;1011.68;0.0;Showers in the Vicinity
1464555600;26.0;24.0;0.89;SE;3.611111111111111;0.0;1012.68;0.0;Showers in the Vicinity
1464556200;25.0;24.0;0.94;E;3.611111111111111;0.0;1012.68;0.0;Light Rain
1464559200;26.0;24.0;0.89;SSE;2.5;0.0;1012.68;0.0;Showers in the Vicinity
1464562800;26.0;24.0;0.89;SW;2.5;0.0;1013.68;0.0;Partly Cloudy
1464566400;26.0;25.0;0.94;WSW;2.5;0.0;1013.68;0.0;Showers in the Vicinity
1464570000;26.0;25.0;0.94;NW;2.5;0.0;1012.68;0.0;Partly Cloudy
1464573600;25.0;24.0;0.94;S;2.5;0.0;1012.68;0.0;Showers in the Vicinity
1464836400;24.0;23.0;0.94;SSW;1.6666666666666665;0.0;1011.68;0.0;Partly Cloudy
1464840000;24.0;23.0;0.94;SW;1.6666666666666665;0.0;1010.68;0.0;Partly Cloudy
1464843600;24.0;23.0;0.94;SW;1.6666666666666665;0.0;1009.68;0.0;Partly Cloudy
1464847200;24.0;23.0;0.94;W;1.1111111111111112;0.0;1009.68;0.0;Mostly Cloudy
1464850800;24.0;23.0;0.94;SW;1.1111111111111112;0.0;1009.68;0.0;Partly Cloudy
1464854400;24.0;23.0;0.94;SSW;1.6666666666666665;0.0;1010.68;0.0;Partly Cloudy
1464858000;24.0;23.0;0.94;NW;1.1111111111111112;0.0;1010.68;0.0;Partly Cloudy
1464861600;26.0;24.0;0.89;SW;1.6666666666666665;0.0;1011.68;0.0;Partly Cloudy
1464865200;27.0;24.0;0.84;SSW;3.611111111111111;0.0;1012.68;0.0;Mostly Cloudy
1464868800;28.0;24.0;0.79;S;2.5;0.0;1012.68;0.0;Mostly Cloudy
1464872400;28.0;24.0;0.79;SE;3.611111111111111;0.0;1012.68;0.0;Mostly Cloudy
1464876000;29.0;24.0;0.74;SE;3.0555555555555554;0.0;1011.68;0.0;Mostly Cloudy
1464879600;28.0;24.0;0.79;SE;4.722222222222222;0.0;1011.68;0.0;Mostly Cloudy
1464883200;29.0;24.0;0.74;ESE;4.722222222222222;0.0;1010.68;0.0;Partly Cloudy
1464886800;29.0;24.0;0.74;SE;4.166666666666667;0.0;1009.68;0.0;Partly Cloudy
1464890400;29.0;24.0;0.74;SE;4.166666666666667;0.0;1009.68;0.0;Fair
1464894000;28.0;24.0;0.79;SE;3.611111111111111;0.0;1009.68;0.0;Fair
1464897600;28.0;24.0;0.79;SSE;3.611111111111111;0.0;1010.68;0.0;Fair
1464901200;27.0;24.0;0.84;SSE;3.611111111111111;0.0;1010.68;0.0;Partly Cloudy
1464904800;27.0;24.0;0.84;S;2.5;0.0;1011.68;0.0;Fair
1464908400;27.0;24.0;0.84;SSW;2.5;0.0;1012.68;0.0;Mostly Cloudy
1464912000;26.0;24.0;0.89;SSW;1.9444444444444444;0.0;1012.68;0.0;Mostly Cloudy
1464915600;26.0;24.0;0.89;SW;2.5;0.0;1012.68;0.0;Mostly Cloudy
1464919200;25.0;24.0;0.94;SW;1.6666666666666665;0.0;1011.68;0.0;Fair
1464922800;25.0;23.0;0.89;SW;1.1111111111111112;0.0;1011.68;0.0;Fair
1464926400;25.0;23.0;0.89;SW;1.9444444444444444;0.0;1010.68;0.0;Mostly Cloudy
1464930000;25.0;23.0;0.89;SW;1.1111111111111112;0.0;1009.68;0.0;Mostly Cloudy
1464933600;25.0;23.0;0.89;S;1.6666666666666665;0.0;1009.68;0.0;Mostly Cloudy
1464937200;25.0;24.0;0.94;S;2.5;0.0;1010.68;0.0;Light Rain
1464940800;24.0;23.0;0.94;SSE;1.9444444444444444;0.0;1010.68;0.0;Showers in the Vicinity
1464944400;24.0;23.0;0.94;NW;0.5555555555555556;0.0;1011.68;0.0;Mostly Cloudy
1464948000;24.0;22.0;0.89;N;1.6666666666666665;0.0;1012.68;0.0;Showers in the Vicinity
1464951600;24.0;23.0;0.94;WNW;1.6666666666666665;0.0;1013.68;0.0;Light Rain
1464951780;24.0;23.0;0.94;N;1.1111111111111112;0.0;1013.68;0.0;Rain
1464953580;24.0;23.0;0.94;N;1.9444444444444444;0.0;1013.68;0.0;Light Rain
1464955200;25.0;24.0;0.94;WNW;2.5;0.0;1013.68;0.0;Light Rain
1464958800;25.0;24.0;0.94;WNW;3.611111111111111;0.0;1013.68;0.0;Showers in the Vicinity
1464959820;25.0;23.0;0.89;WNW;1.9444444444444444;0.0;1013.68;0.0;Light Rain
1464960780;24.0;24.0;1.0;NW;1.9444444444444444;0.0;1013.68;0.0;Rain
1464962400;24.0;24.0;1.0;NNW;2.5;0.0;1013.68;0.0;Light Rain
1464962760;24.0;23.0;0.94;N;3.611111111111111;0.0;1013.68;0.0;Light Rain
1464963360;24.0;23.0;0.94;N;3.0555555555555554;0.0;1013.68;0.0;Rain
1464963900;24.0;24.0;1.0;NNE;3.0555555555555554;0.0;1012.68;0.0;Light Rain
1464966000;25.0;23.0;0.89;NE;6.111111111111111;0.0;1012.68;0.0;Light Rain
1464969600;25.0;22.0;0.83;NE;6.111111111111111;0.0;1012.68;0.0;Light Rain
1464973200;24.0;23.0;0.94;NE;3.0555555555555554;0.0;1012.68;0.0;Light Rain
1464976800;24.0;23.0;0.94;VAR;1.1111111111111112;0.0;1012.68;0.0;Light Rain
1464980400;0.0;0.0;0.0;WSW;1.6666666666666665;0.0;1012.68;0.0;Light Rain
1464984000;24.0;23.0;0.94;SW;1.9444444444444444;0.0;1012.68;0.0;Cloudy
1464987600;0.0;0.0;0.0;SW;1.6666666666666665;0.0;1012.68;0.0;Light Rain
1464991200;24.0;22.0;0.89;VAR;1.1111111111111112;0.0;1012.68;0.0;Mostly Cloudy
1464994800;24.0;23.0;0.94;VAR;1.1111111111111112;0.0;1013.68;0.0;Light Rain
1464998400;24.0;22.0;0.89;WSW;1.6666666666666665;0.0;1013.68;0.0;Mostly Cloudy
1465002000;24.0;23.0;0.94;VAR;1.1111111111111112;0.0;1013.68;0.0;Mostly Cloudy
1465005600;24.0;23.0;0.94;N;1.6666666666666665;0.0;1012.68;0.0;Light Rain
1465095600;27.0;24.0;0.84;E;3.0555555555555554;0.0;1012.68;0.0;Partly Cloudy
1465099200;27.0;24.0;0.84;E;3.0555555555555554;0.0;1012.68;0.0;Mostly Cloudy
1465102800;27.0;23.0;0.79;E;2.5;0.0;1011.68;0.0;Partly Cloudy
1465106400;27.0;23.0;0.79;E;3.0555555555555554;0.0;1011.68;0.0;Partly Cloudy
1465110000;27.0;23.0;0.79;E;3.0555555555555554;0.0;1011.68;0.0;Partly Cloudy
1465113600;27.0;23.0;0.79;E;3.0555555555555554;0.0;1012.68;0.0;Mostly Cloudy
1465117200;27.0;23.0;0.79;E;3.0555555555555554;0.0;1012.68;0.0;Partly Cloudy
1465120800;28.0;23.0;0.74;E;3.0555555555555554;0.0;1012.68;0.0;Fair
1465124400;29.0;23.0;0.7;E;3.0555555555555554;0.0;1013.68;0.0;Partly Cloudy
1465128000;29.0;23.0;0.7;ESE;4.722222222222222;0.0;1013.68;0.0;Partly Cloudy
1465131600;29.0;23.0;0.7;E;3.0555555555555554;0.0;1013.68;0.0;Fair
1465135200;29.0;23.0;0.7;ESE;3.0555555555555554;0.0;1012.68;0.0;Fair
1465138800;29.0;23.0;0.7;E;2.5;0.0;1012.68;0.0;Fair
1465142400;29.0;24.0;0.74;SE;4.166666666666667;0.0;1011.68;0.0;Fair
1465146000;29.0;24.0;0.74;SE;4.166666666666667;0.0;1011.68;0.0;Fair
1465149600;28.0;24.0;0.79;SSE;4.166666666666667;0.0;1011.68;0.0;Partly Cloudy
1465153200;28.0;23.0;0.74;SE;3.611111111111111;0.0;1010.68;0.0;Fair
1465156800;28.0;23.0;0.74;SSE;4.166666666666667;0.0;1010.68;0.0;Partly Cloudy
1465160400;27.0;23.0;0.79;S;4.166666666666667;0.0;1011.68;0.0;Fair
1465164000;27.0;23.0;0.79;S;3.0555555555555554;0.0;1011.68;0.0;Partly Cloudy
1465167600;27.0;24.0;0.84;SSW;1.6666666666666665;0.0;1012.68;0.0;Mostly Cloudy
1465171200;26.0;24.0;0.89;SW;1.9444444444444444;0.0;1012.68;0.0;Partly Cloudy
1465174800;26.0;24.0;0.89;WSW;1.1111111111111112;0.0;1012.68;0.0;Light Rain
1465176300;25.0;24.0;0.94;SSW;1.6666666666666665;0.0;1012.68;0.0;Partly Cloudy
1465178400;25.0;24.0;0.94;WSW;1.6666666666666665;0.0;1012.68;0.0;Partly Cloudy
1465182000;25.0;24.0;0.94;WSW;1.6666666666666665;0.0;1012.68;0.0;Light Rain
1465185600;25.0;24.0;0.94;WSW;1.6666666666666665;0.0;1011.68;0.0;Partly Cloudy
1465189200;25.0;24.0;0.94;NW;1.6666666666666665;0.0;1011.68;0.0;Partly Cloudy
1465192800;25.0;24.0;0.94;CALM;0.0;0.0;1010.68;0.0;Cloudy
1465196400;25.0;24.0;0.94;W;1.1111111111111112;0.0;1010.68;0.0;Mostly Cloudy
1465200000;25.0;24.0;0.94;NNW;1.6666666666666665;0.0;1011.68;0.0;Mostly Cloudy
1465203600;25.0;24.0;0.94;NW;1.6666666666666665;0.0;1011.68;0.0;Mostly Cloudy
1465207200;25.0;24.0;0.94;NW;1.9444444444444444;0.0;1012.68;0.0;Partly Cloudy
1465210800;27.0;24.0;0.84;W;1.6666666666666665;0.0;1013.68;0.0;Partly Cloudy
1465214400;29.0;24.0;0.74;N;2.5;0.0;1013.68;0.0;Mostly Cloudy
1465218000;29.0;24.0;0.74;ENE;3.0555555555555554;0.0;1013.68;0.0;Mostly Cloudy
1465221600;29.0;25.0;0.79;ENE;2.5;0.0;1013.68;0.0;Mostly Cloudy
1465225200;30.0;23.0;0.66;E;4.166666666666667;0.0;1012.68;0.0;Mostly Cloudy
1465228800;29.0;24.0;0.74;ESE;4.166666666666667;0.0;1011.68;0.0;Mostly Cloudy
1465232400;25.0;25.0;1.0;SE;7.222222222222222;0.0;1011.68;0.0;Rain
1465233600;25.0;24.0;0.94;SSE;5.277777777777778;0.0;1011.68;0.0;Light Rain
1465236000;26.0;24.0;0.89;SSE;5.277777777777778;0.0;1011.68;0.0;Light Rain
1465239600;26.0;23.0;0.83;SSW;1.6666666666666665;0.0;1010.68;0.0;Showers in the Vicinity
1465243200;26.0;23.0;0.83;SW;1.1111111111111112;0.0;1011.68;0.0;Mostly Cloudy
1465246800;26.0;23.0;0.83;SSW;1.6666666666666665;0.0;1011.68;0.0;Partly Cloudy
1465250400;25.0;24.0;0.94;S;1.6666666666666665;0.0;1012.68;0.0;Partly Cloudy
1465254000;25.0;24.0;0.94;W;1.1111111111111112;0.0;1012.68;0.0;Partly Cloudy
1465257600;25.0;24.0;0.94;W;1.6666666666666665;0.0;1013.68;0.0;Mostly Cloudy
1465261200;25.0;23.0;0.89;SSW;1.1111111111111112;0.0;1013.68;0.0;Mostly Cloudy
1465264800;25.0;24.0;0.94;NW;1.6666666666666665;0.0;1013.68;0.0;Mostly Cloudy
1465354800;27.0;23.0;0.79;ENE;1.6666666666666665;0.0;1013.68;0.0;Partly Cloudy
1465358400;25.0;23.0;0.89;WNW;1.9444444444444444;0.0;1012.68;0.0;Partly Cloudy
1465362000;25.0;23.0;0.89;NNW;1.1111111111111112;0.0;1012.68;0.0;Partly Cloudy
1465365600;25.0;23.0;0.89;NNW;1.6666666666666665;0.0;1012.68;0.0;Mostly Cloudy
1465369200;24.0;23.0;0.94;WSW;1.6666666666666665;0.0;1012.68;0.0;Mostly Cloudy
1465372800;24.0;23.0;0.94;NW;1.6666666666666665;0.0;1013.68;0.0;Mostly Cloudy
1465376400;24.0;23.0;0.94;CALM;0.0;0.0;1013.68;0.0;Partly Cloudy
1465380000;24.0;24.0;1.0;WNW;0.5555555555555556;0.0;1013.68;0.0;Partly Cloudy
1465383600;27.0;25.0;0.89;WNW;1.1111111111111112;0.0;1014.67;0.0;Partly Cloudy
1465387200;29.0;24.0;0.74;ENE;2.5;0.0;1014.67;0.0;Partly Cloudy
1465390800;30.0;24.0;0.7;NE;3.611111111111111;0.0;1014.67;0.0;Partly Cloudy
1465394400;30.0;24.0;0.7;ENE;3.0555555555555554;0.0;1013.68;0.0;Partly Cloudy
1465398000;30.0;24.0;0.7;ENE;4.166666666666667;0.0;1013.68;0.0;Partly Cloudy
1465401600;29.0;24.0;0.74;NE;3.611111111111111;0.0;1012.68;0.0;Partly Cloudy
1465405200;29.0;24.0;0.74;ENE;4.166666666666667;0.0;1011.68;0.0;Fair
1465408800;29.0;24.0;0.74;NE;3.611111111111111;0.0;1011.68;0.0;Partly Cloudy
1465412400;29.0;24.0;0.74;ENE;4.722222222222222;0.0;1011.68;0.0;Partly Cloudy
1465416000;28.0;24.0;0.79;ENE;3.0555555555555554;0.0;1012.68;0.0;Partly Cloudy
1465419600;28.0;24.0;0.79;ENE;2.5;0.0;1012.68;0.0;Fair
1465423200;28.0;24.0;0.79;ENE;2.5;0.0;1013.68;0.0;Fair
1465426800;28.0;24.0;0.79;NE;1.9444444444444444;0.0;1013.68;0.0;Fair
1465430400;28.0;24.0;0.79;ENE;1.6666666666666665;0.0;1014.67;0.0;Fair
1465434000;28.0;24.0;0.79;ENE;2.5;0.0;1014.67;0.0;Fair
1465437600;27.0;24.0;0.84;ENE;1.6666666666666665;0.0;1014.67;0.0;Fair
1465441200;27.0;23.0;0.79;E;1.9444444444444444;0.0;1013.68;0.0;Fair
1465444800;27.0;24.0;0.84;VAR;1.1111111111111112;0.0;1013.68;0.0;Fair
1465448400;27.0;24.0;0.84;NE;1.6666666666666665;0.0;1013.68;0.0;Fair
1465452000;25.0;23.0;0.89;NW;1.9444444444444444;0.0;1012.68;0.0;Partly Cloudy
1465455600;25.0;23.0;0.89;NW;1.1111111111111112;0.0;1012.68;0.0;Fair
1465459200;24.0;23.0;0.94;NNW;1.1111111111111112;0.0;1013.68;0.0;Fair
1465462800;24.0;23.0;0.94;CALM;0.0;0.0;1013.68;0.0;Fair
1465466400;26.0;24.0;0.89;WNW;1.6666666666666665;0.0;1014.67;0.0;Fair
1465470000;28.0;24.0;0.79;E;1.6666666666666665;0.0;1015.67;0.0;Mostly Cloudy
1465473600;29.0;24.0;0.74;E;2.5;0.0;1015.67;0.0;Mostly Cloudy
1465477200;29.0;24.0;0.74;E;3.611111111111111;0.0;1015.67;0.0;Partly Cloudy
1465480800;30.0;24.0;0.7;ENE;3.611111111111111;0.0;1014.67;0.0;Partly Cloudy
1465484400;30.0;23.0;0.66;E;4.166666666666667;0.0;1014.67;0.0;Partly Cloudy
1465488000;29.0;24.0;0.74;E;4.722222222222222;0.0;1013.68;0.0;Partly Cloudy
1465491600;28.0;24.0;0.79;E;4.166666666666667;0.0;1013.68;0.0;Partly Cloudy
1465495200;29.0;24.0;0.74;ENE;3.0555555555555554;0.0;1012.68;0.0;Partly Cloudy
1465498800;29.0;24.0;0.74;ENE;3.0555555555555554;0.0;1012.68;0.0;Partly Cloudy
1465502400;28.0;24.0;0.79;ENE;3.0555555555555554;0.0;1012.68;0.0;Partly Cloudy
1465506000;28.0;24.0;0.79;ENE;3.0555555555555554;0.0;1013.68;0.0;Partly Cloudy
1465509600;28.0;23.0;0.74;ENE;2.5;0.0;1014.67;0.0;Partly Cloudy
1465513200;28.0;24.0;0.79;E;2.5;0.0;1014.67;0.0;Partly Cloudy
1465516800;27.0;24.0;0.84;E;1.9444444444444444;0.0;1014.67;0.0;Partly Cloudy
1465520400;27.0;24.0;0.84;E;1.9444444444444444;0.0;1014.67;0.0;Fair
1465524000;27.0;24.0;0.84;E;2.5;0.0;1014.67;0.0;Partly Cloudy
1465700400;27.0;22.0;0.74;ESE;2.5;0.0;1015.67;0.0;Fair
1465704000;26.0;22.0;0.78;ESE;1.9444444444444444;0.0;1015.67;0.0;Fair
1465707600;24.0;22.0;0.89;S;1.9444444444444444;0.0;1015.67;0.0;Fair
1465711200;24.0;22.0;0.89;SSW;1.6666666666666665;0.0;1015.67;0.0;Partly Cloudy
1465714800;24.0;22.0;0.89;WSW;1.1111111111111112;0.0;1015.67;0.0;Partly Cloudy
1465718400;23.0;22.0;0.94;SSW;0.5555555555555556;0.0;1016.67;0.0;Partly Cloudy
1465722000;23.0;22.0;0.94;S;1.1111111111111112;0.0;1016.67;0.0;Partly Cloudy
1465725600;25.0;23.0;0.89;S;1.6666666666666665;0.0;1017.67;0.0;Partly Cloudy
1465729200;26.0;23.0;0.83;SSW;1.9444444444444444;0.0;1017.67;0.0;Partly Cloudy
1465732800;28.0;23.0;0.74;SSE;4.166666666666667;0.0;1018.67;0.0;Mostly Cloudy
1465736400;29.0;22.0;0.66;SE;5.277777777777778;0.0;1017.67;0.0;Mostly Cloudy
1465740000;29.0;22.0;0.66;SSE;5.555555555555555;0.0;1017.67;0.0;Partly Cloudy
1465743600;29.0;22.0;0.66;SSE;6.666666666666666;0.0;1016.67;0.0;Partly Cloudy
1465747200;29.0;22.0;0.66;SSE;6.666666666666666;0.0;1015.67;0.0;Partly Cloudy
1465750800;28.0;21.0;0.66;SE;6.666666666666666;0.0;1015.67;0.0;Partly Cloudy
1465754400;28.0;21.0;0.66;SSE;5.277777777777778;0.0;1015.67;0.0;Fair
1465758000;28.0;21.0;0.66;SE;4.722222222222222;0.0;1015.67;0.0;Fair
1465761600;27.0;21.0;0.7;SSE;5.277777777777778;0.0;1015.67;0.0;Fair
1465765200;27.0;20.0;0.65;SSE;5.555555555555555;0.0;1015.67;0.0;Fair
1465768800;27.0;21.0;0.7;SSE;5.277777777777778;0.0;1016.67;0.0;Partly Cloudy
1465772400;27.0;20.0;0.65;SE;4.722222222222222;0.0;1016.67;0.0;Partly Cloudy
1465776000;26.0;20.0;0.69;SE;3.611111111111111;0.0;1017.67;0.0;Partly Cloudy
1465779600;25.0;21.0;0.78;SSW;2.5;0.0;1017.67;0.0;Fair
1465783200;25.0;21.0;0.78;SSW;1.9444444444444444;0.0;1017.67;0.0;Partly Cloudy
1465873200;24.0;22.0;0.89;SW;2.5;0.0;1017.67;0.0;Partly Cloudy
1465876800;23.0;21.0;0.88;VAR;1.1111111111111112;0.0;1016.67;0.0;Light Rain
1465880400;23.0;22.0;0.94;VAR;1.1111111111111112;0.0;1016.67;0.0;Mostly Cloudy
1465884000;23.0;22.0;0.94;WNW;1.6666666666666665;0.0;1016.67;0.0;Mostly Cloudy
1465887600;23.0;22.0;0.94;W;1.1111111111111112;0.0;1016.67;0.0;Partly Cloudy
1465891200;23.0;21.0;0.88;CALM;0.0;0.0;1016.67;0.0;Partly Cloudy
1465893420;23.0;22.0;0.94;NE;3.0555555555555554;0.0;1017.67;0.0;Rain
1465894800;23.0;22.0;0.94;VAR;1.1111111111111112;0.0;1017.67;0.0;Light Rain
1465898400;23.0;21.0;0.88;SSW;4.166666666666667;0.0;1017.67;0.0;Partly Cloudy
1465902000;26.0;23.0;0.83;S;2.5;0.0;1018.67;0.0;Mostly Cloudy
1465905600;27.0;23.0;0.79;S;3.0555555555555554;0.0;1018.67;0.0;Mostly Cloudy
1465909200;27.0;23.0;0.79;SSW;3.611111111111111;0.0;1018.67;0.0;Showers in the Vicinity
1465912800;28.0;22.0;0.7;SE;7.777777777777778;0.0;1018.67;0.0;Partly Cloudy
1465916400;28.0;22.0;0.7;SSE;7.777777777777778;0.0;1017.67;0.0;Partly Cloudy
1465920000;27.0;23.0;0.79;SE;6.111111111111111;0.0;1016.67;0.0;Partly Cloudy
1465923600;28.0;23.0;0.74;SSE;7.777777777777778;0.0;1016.67;0.0;Partly Cloudy
1465927200;28.0;22.0;0.7;SE;6.666666666666666;0.0;1016.67;0.0;Partly Cloudy
1465930800;26.0;22.0;0.78;SSE;4.722222222222222;0.0;1016.67;0.0;Mostly Cloudy
1465934400;27.0;22.0;0.74;ESE;3.611111111111111;0.0;1016.67;0.0;Partly Cloudy
1465938000;26.0;22.0;0.78;SE;4.722222222222222;0.0;1017.67;0.0;Fair
1465941600;26.0;22.0;0.78;SSE;4.166666666666667;0.0;1017.67;0.0;Partly Cloudy
1465945200;26.0;22.0;0.78;ESE;4.166666666666667;0.0;1018.67;0.0;Fair
1465948800;25.0;22.0;0.83;SSE;3.0555555555555554;0.0;1018.67;0.0;Fair
1465952400;24.0;21.0;0.83;SSW;3.0555555555555554;0.0;1018.67;0.0;Partly Cloudy
1465956000;23.0;22.0;0.94;SSW;1.6666666666666665;0.0;1018.67;0.0;Fair
1465959600;23.0;21.0;0.88;SSW;1.6666666666666665;0.0;1017.67;0.0;Partly Cloudy
1465963200;23.0;21.0;0.88;SSW;1.1111111111111112;0.0;1017.67;0.0;Fair
1465966800;22.0;21.0;0.94;S;1.1111111111111112;0.0;1016.67;0.0;Fair
1465970400;22.0;21.0;0.94;CALM;0.0;0.0;1016.67;0.0;Fair
1465974000;22.0;21.0;0.94;SW;1.1111111111111112;0.0;1016.67;0.0;Fair
1465977600;22.0;21.0;0.94;CALM;0.0;0.0;1016.67;0.0;Fair
1465981200;22.0;21.0;0.94;CALM;0.0;0.0;1016.67;0.0;Fair
1465984800;23.0;21.0;0.88;SSW;3.0555555555555554;0.0;1017.67;0.0;Fair
1465988400;25.0;22.0;0.83;SSW;3.611111111111111;0.0;1018.67;0.0;Partly Cloudy
1465992000;27.0;22.0;0.74;S;3.611111111111111;0.0;1018.67;0.0;Fair
1465995600;28.0;22.0;0.7;SSE;6.111111111111111;0.0;1018.67;0.0;Fair
1465999200;28.0;23.0;0.74;S;6.666666666666666;0.0;1017.67;0.0;Fair
1466002800;29.0;23.0;0.7;S;6.111111111111111;0.0;1016.67;0.0;Fair
1466006400;29.0;21.0;0.62;SSE;7.222222222222222;0.0;1016.67;0.0;Fair
1466010000;29.0;21.0;0.62;SSE;7.222222222222222;0.0;1015.67;0.0;Fair
1466013600;28.0;22.0;0.7;SSE;6.666666666666666;0.0;1015.67;0.0;Partly Cloudy
1466017200;28.0;21.0;0.66;SSE;6.666666666666666;0.0;1015.67;0.0;Fair
1466020800;27.0;21.0;0.7;SSE;5.277777777777778;0.0;1016.67;0.0;Partly Cloudy
1466024400;27.0;21.0;0.7;SSE;4.722222222222222;0.0;1016.67;0.0;Partly Cloudy
1466028000;26.0;21.0;0.74;SSE;5.277777777777778;0.0;1016.67;0.0;Fair
1466031600;27.0;21.0;0.7;SE;4.166666666666667;0.0;1017.67;0.0;Fair
1466035200;26.0;21.0;0.74;SSE;4.166666666666667;0.0;1017.67;0.0;Fair
1466038800;26.0;20.0;0.69;SE;3.611111111111111;0.0;1017.67;0.0;Fair
1466042400;26.0;20.0;0.69;SSE;4.722222222222222;0.0;1017.67;0.0;Partly Cloudy
1466046000;25.0;21.0;0.78;SSW;1.9444444444444444;0.0;1016.67;0.0;Partly Cloudy
1466049600;24.0;21.0;0.83;SSW;1.6666666666666665;0.0;1016.67;0.0;Fair
1466053200;24.0;20.0;0.78;SW;2.5;0.0;1015.67;0.0;Partly Cloudy
1466056800;23.0;21.0;0.88;SW;1.1111111111111112;0.0;1015.67;0.0;Fair
1466060400;22.0;20.0;0.88;SW;1.6666666666666665;0.0;1015.67;0.0;Fair
1466064000;22.0;20.0;0.88;CALM;0.0;0.0;1015.67;0.0;Fair
1466067600;22.0;20.0;0.88;CALM;0.0;0.0;1015.67;0.0;Fair
1466071200;24.0;21.0;0.83;S;2.5;0.0;1016.67;0.0;Fair
1466074800;26.0;22.0;0.78;S;3.0555555555555554;0.0;1016.67;0.0;Fair
1466078400;28.0;21.0;0.66;SSE;5.555555555555555;0.0;1017.67;0.0;Fair
1466082000;28.0;22.0;0.7;SSE;6.111111111111111;0.0;1017.67;0.0;Partly Cloudy
1466085600;29.0;21.0;0.62;SSE;6.111111111111111;0.0;1016.67;0.0;Partly Cloudy
1466089200;29.0;21.0;0.62;SSE;7.222222222222222;0.0;1015.67;0.0;Partly Cloudy
1466092800;29.0;22.0;0.66;SE;6.666666666666666;0.0;1014.67;0.0;Partly Cloudy
1466096400;29.0;21.0;0.62;SSE;7.222222222222222;0.0;1014.67;0.0;Fair
1466100000;28.0;22.0;0.7;SSE;7.222222222222222;0.0;1014.67;0.0;Fair
1466103600;28.0;21.0;0.66;SSE;6.666666666666666;0.0;1014.67;0.0;Fair
1466107200;27.0;21.0;0.7;SSE;5.555555555555555;0.0;1014.67;0.0;Fair
1466110800;26.0;21.0;0.74;S;5.277777777777778;0.0;1014.67;0.0;Fair
1466114400;26.0;21.0;0.74;SSE;5.555555555555555;0.0;1014.67;0.0;Fair
1466118000;27.0;21.0;0.7;SE;4.722222222222222;0.0;1014.67;0.0;Partly Cloudy
1466121600;26.0;21.0;0.74;SSE;4.722222222222222;0.0;1015.67;0.0;Partly Cloudy
1466125200;26.0;20.0;0.69;SE;3.0555555555555554;0.0;1015.67;0.0;Partly Cloudy
1466128800;26.0;20.0;0.69;SE;4.722222222222222;0.0;1015.67;0.0;Partly Cloudy
1466132400;26.0;20.0;0.69;SE;3.0555555555555554;0.0;1015.67;0.0;Partly Cloudy
1466136000;26.0;20.0;0.69;SE;4.166666666666667;0.0;1015.67;0.0;Partly Cloudy
1466139600;25.0;20.0;0.74;SSE;3.611111111111111;0.0;1014.67;0.0;Fair
1466143200;23.0;20.0;0.83;SW;1.9444444444444444;0.0;1013.68;0.0;Fair
1466146800;23.0;20.0;0.83;SW;1.9444444444444444;0.0;1014.67;0.0;Fair
1466150400;23.0;20.0;0.83;SW;1.9444444444444444;0.0;1014.67;0.0;Fair
1466154000;22.0;20.0;0.88;SW;1.1111111111111112;0.0;1013.68;0.0;Fair
1466157600;24.0;21.0;0.83;SW;1.9444444444444444;0.0;1014.67;0.0;Fair
1466161200;27.0;21.0;0.7;SE;4.166666666666667;0.0;1015.67;0.0;Fair
1466164800;28.0;20.0;0.62;SE;5.555555555555555;0.0;1015.67;0.0;Fair
1466168400;29.0;21.0;0.62;SE;5.555555555555555;0.0;1015.67;0.0;Partly Cloudy
1466172000;30.0;21.0;0.58;SE;5.277777777777778;0.0;1015.67;0.0;Partly Cloudy
1466175600;29.0;20.0;0.58;SSE;5.555555555555555;0.0;1014.67;0.0;Partly Cloudy
1466179200;29.0;21.0;0.62;SE;5.555555555555555;0.0;1013.68;0.0;Fair
1466182800;29.0;21.0;0.62;SE;5.277777777777778;0.0;1013.68;0.0;Partly Cloudy
1466186400;28.0;21.0;0.66;SSE;5.555555555555555;0.0;1012.68;0.0;Fair
1466190000;28.0;21.0;0.66;SSE;5.277777777777778;0.0;1012.68;0.0;Fair
1466193600;27.0;22.0;0.74;S;4.722222222222222;0.0;1013.68;0.0;Partly Cloudy
1466197200;27.0;22.0;0.74;SSE;4.166666666666667;0.0;1013.68;0.0;Mostly Cloudy
1466200800;27.0;22.0;0.74;SSE;5.277777777777778;0.0;1014.67;0.0;Mostly Cloudy
1466204400;27.0;22.0;0.74;SSE;4.722222222222222;0.0;1014.67;0.0;Mostly Cloudy
1466208000;27.0;22.0;0.74;SE;4.722222222222222;0.0;1015.67;0.0;Partly Cloudy
1466211600;27.0;22.0;0.74;SE;4.166666666666667;0.0;1015.67;0.0;Mostly Cloudy
1466215200;27.0;21.0;0.7;ESE;4.166666666666667;0.0;1015.67;0.0;Partly Cloudy
1466218800;27.0;22.0;0.74;ESE;3.611111111111111;0.0;1015.67;0.0;Partly Cloudy
1466222400;27.0;21.0;0.7;ESE;3.611111111111111;0.0;1014.67;0.0;Fair
1466226000;26.0;21.0;0.74;SE;3.0555555555555554;0.0;1014.67;0.0;Fair
1466229600;26.0;20.0;0.69;ESE;3.0555555555555554;0.0;1013.68;0.0;Fair
1466233200;26.0;19.0;0.65;SE;3.0555555555555554;0.0;1013.68;0.0;Fair
1466236800;25.0;20.0;0.74;SE;3.0555555555555554;0.0;1013.68;0.0;Fair
1466240400;24.0;21.0;0.83;SW;1.9444444444444444;0.0;1014.67;0.0;Partly Cloudy
1466244000;27.0;21.0;0.7;S;1.9444444444444444;0.0;1014.67;0.0;Fair
1466247600;28.0;21.0;0.66;ESE;4.722222222222222;0.0;1015.67;0.0;Fair
1466251200;28.0;21.0;0.66;ESE;5.555555555555555;0.0;1015.67;0.0;Fair
1466254800;29.0;21.0;0.62;ESE;4.722222222222222;0.0;1015.67;0.0;Fair
1466258400;30.0;22.0;0.62;ESE;5.277777777777778;0.0;1015.67;0.0;Partly Cloudy
1466262000;29.0;22.0;0.66;ESE;4.722222222222222;0.0;1014.67;0.0;Partly Cloudy
1466265600;30.0;23.0;0.66;ESE;4.722222222222222;0.0;1013.68;0.0;Partly Cloudy
1466269200;29.0;21.0;0.62;ESE;5.277777777777778;0.0;1013.68;0.0;Partly Cloudy
1466272800;28.0;21.0;0.66;SSE;5.277777777777778;0.0;1013.68;0.0;Partly Cloudy
1466276400;28.0;21.0;0.66;SE;4.166666666666667;0.0;1013.68;0.0;Partly Cloudy
1466280000;27.0;21.0;0.7;SSE;4.166666666666667;0.0;1013.68;0.0;Fair
1466283600;27.0;22.0;0.74;SSE;4.166666666666667;0.0;1014.67;0.0;Fair
1466287200;27.0;22.0;0.74;SSE;3.611111111111111;0.0;1014.67;0.0;Partly Cloudy
1466290800;27.0;22.0;0.74;SSE;4.722222222222222;0.0;1015.67;0.0;Fair
1466294400;26.0;23.0;0.83;SE;3.0555555555555554;0.0;1015.67;0.0;Partly Cloudy
1466298000;26.0;22.0;0.78;S;3.0555555555555554;0.0;1016.67;0.0;Fair
1466301600;25.0;22.0;0.83;WSW;1.6666666666666665;0.0;1016.67;0.0;Fair
1466305200;24.0;23.0;0.94;SW;1.6666666666666665;0.0;1015.67;0.0;Partly Cloudy
1466308800;24.0;22.0;0.89;SW;1.1111111111111112;0.0;1015.67;0.0;Partly Cloudy
1466312400;23.0;22.0;0.94;SW;1.6666666666666665;0.0;1014.67;0.0;Partly Cloudy
1466316000;23.0;22.0;0.94;WSW;0.5555555555555556;0.0;1014.67;0.0;Mostly Cloudy
1466319600;23.0;22.0;0.94;CALM;0.0;0.0;1014.67;0.0;Partly Cloudy
1466323200;23.0;22.0;0.94;W;1.1111111111111112;0.0;1014.67;0.0;Fair
1466326800;23.0;22.0;0.94;S;1.9444444444444444;0.0;1014.67;0.0;Light Rain
1466330400;23.0;22.0;0.94;S;1.9444444444444444;0.0;1015.67;0.0;Light Rain
1466334000;26.0;23.0;0.83;SSW;1.6666666666666665;0.0;1016.67;0.0;Fair
1466337600;26.0;23.0;0.83;S;3.0555555555555554;0.0;1016.67;0.0;Light Rain
1466341200;28.0;23.0;0.74;SSW;4.166666666666667;0.0;1016.67;0.0;Mostly Cloudy
1466344800;27.0;23.0;0.79;SSE;3.0555555555555554;0.0;1015.67;0.0;Mostly Cloudy
1466348400;28.0;23.0;0.74;SE;4.722222222222222;0.0;1014.67;0.0;Partly Cloudy
1466352000;28.0;23.0;0.74;SSE;6.666666666666666;0.0;1014.67;0.0;Partly Cloudy
1466355600;26.0;24.0;0.89;S;6.111111111111111;0.0;1013.68;0.0;Mostly Cloudy
1466359200;27.0;22.0;0.74;ESE;5.555555555555555;0.0;1013.68;0.0;Showers in the Vicinity
1466362800;24.0;23.0;0.94;ESE;4.166666666666667;0.0;1013.68;0.0;Light Rain
1466366400;25.0;23.0;0.89;ESE;6.111111111111111;0.0;1014.67;0.0;Showers in the Vicinity
1466370000;26.0;22.0;0.78;ESE;5.277777777777778;0.0;1014.67;0.0;Partly Cloudy
1466373600;26.0;22.0;0.78;ESE;4.722222222222222;0.0;1014.67;0.0;Mostly Cloudy
1466377200;26.0;22.0;0.78;ESE;4.722222222222222;0.0;1015.67;0.0;Partly Cloudy
1466380800;26.0;22.0;0.78;SE;4.166666666666667;0.0;1015.67;0.0;Partly Cloudy
1466384400;25.0;20.0;0.74;SE;6.111111111111111;0.0;1015.67;0.0;Partly Cloudy
1466388000;26.0;22.0;0.78;SE;4.166666666666667;0.0;1015.67;0.0;Mostly Cloudy
1466478000;23.0;21.0;0.88;SW;1.1111111111111112;0.0;1014.67;0.0;Partly Cloudy
1466481600;23.0;21.0;0.88;SSW;2.5;0.0;1014.67;0.0;Mostly Cloudy
1466485200;23.0;21.0;0.88;SW;1.6666666666666665;0.0;1013.68;0.0;Mostly Cloudy
1466488800;22.0;21.0;0.94;SW;1.1111111111111112;0.0;1013.68;0.0;Partly Cloudy
1466492400;22.0;21.0;0.94;VAR;0.5555555555555556;0.0;1014.67;0.0;Partly Cloudy
1466496000;22.0;21.0;0.94;SW;1.6666666666666665;0.0;1014.67;0.0;Fair
1466499600;22.0;21.0;0.94;SSW;1.6666666666666665;0.0;1014.67;0.0;Fair
1466503200;24.0;21.0;0.83;SSW;1.9444444444444444;0.0;1014.67;0.0;Fair
1466506800;26.0;22.0;0.78;SSW;4.166666666666667;0.0;1015.67;0.0;Fair
1466510400;27.0;22.0;0.74;S;4.722222222222222;0.0;1015.67;0.0;Fair
1466514000;28.0;21.0;0.66;SSE;6.111111111111111;0.0;1015.67;0.0;Partly Cloudy
1466517600;29.0;21.0;0.62;SSE;7.222222222222222;0.0;1015.67;0.0;Fair
1466521200;29.0;22.0;0.66;SSE;7.777777777777778;0.0;1014.67;0.0;Partly Cloudy
1466524800;29.0;21.0;0.62;SSE;7.222222222222222;0.0;1013.68;0.0;Mostly Cloudy
1466528400;28.0;22.0;0.7;SSE;8.61111111111111;0.0;1013.68;0.0;Mostly Cloudy
1466532000;28.0;23.0;0.74;SSE;8.61111111111111;0.0;1012.68;0.0;Mostly Cloudy
1466535600;28.0;22.0;0.7;S;7.777777777777778;0.0;1013.68;0.0;Partly Cloudy
1466539200;27.0;22.0;0.74;S;7.222222222222222;0.0;1013.68;0.0;Mostly Cloudy
1466542800;27.0;22.0;0.74;S;5.555555555555555;0.0;1013.68;0.0;Mostly Cloudy
1466546400;27.0;22.0;0.74;S;5.277777777777778;0.0;1014.67;0.0;Mostly Cloudy
1466550000;26.0;23.0;0.83;S;6.666666666666666;0.0;1014.67;0.0;Mostly Cloudy
1466553600;25.0;23.0;0.89;S;4.722222222222222;0.0;1015.67;0.0;Mostly Cloudy
1466557200;24.0;23.0;0.94;S;3.611111111111111;0.0;1015.67;0.0;Light Rain
1466560800;24.0;23.0;0.94;SSW;3.611111111111111;0.0;1015.67;0.0;Showers in the Vicinity
1466823600;24.0;21.0;0.83;SSW;2.5;0.0;1015.67;0.0;Fair
1466827200;23.0;21.0;0.88;SSW;1.9444444444444444;0.0;1015.67;0.0;Fair
1466830800;23.0;21.0;0.88;S;2.5;0.0;1014.67;0.0;Fair
1466834400;23.0;21.0;0.88;SSW;1.6666666666666665;0.0;1014.67;0.0;Fair
1466838000;22.0;21.0;0.94;SSW;1.1111111111111112;0.0;1014.67;0.0;Fair
1466841600;22.0;21.0;0.94;SSW;1.1111111111111112;0.0;1014.67;0.0;Fair
1466845200;22.0;21.0;0.94;S;1.9444444444444444;0.0;1014.67;0.0;Fair
1466848800;24.0;22.0;0.89;S;3.611111111111111;0.0;1015.67;0.0;Fair
1466852400;26.0;23.0;0.83;SSW;3.611111111111111;0.0;1015.67;0.0;Fair
1466856000;27.0;23.0;0.79;S;4.722222222222222;0.0;1015.67;0.0;Fair
1466859600;28.0;22.0;0.7;S;6.111111111111111;0.0;1015.67;0.0;Partly Cloudy
1466863200;28.0;22.0;0.7;S;7.222222222222222;0.0;1015.67;0.0;Partly Cloudy
1466866800;29.0;23.0;0.7;SSE;6.111111111111111;0.0;1014.67;0.0;Partly Cloudy
1466870400;28.0;23.0;0.74;SSE;6.666666666666666;0.0;1013.68;0.0;Partly Cloudy
1466874000;29.0;23.0;0.7;SSE;6.111111111111111;0.0;1013.68;0.0;Fair
1466877600;28.0;23.0;0.74;SSE;6.111111111111111;0.0;1012.68;0.0;Fair
1466881200;27.0;22.0;0.74;SE;6.111111111111111;0.0;1013.68;0.0;Light Rain Shower
1466884800;26.0;23.0;0.83;SSE;4.722222222222222;0.0;1013.68;0.0;Partly Cloudy
1466888400;27.0;22.0;0.74;SE;4.722222222222222;0.0;1013.68;0.0;Partly Cloudy
1466892000;27.0;23.0;0.79;SSE;5.555555555555555;0.0;1013.68;0.0;Mostly Cloudy
1466895600;27.0;22.0;0.74;SE;5.555555555555555;0.0;1014.67;0.0;Mostly Cloudy
1466899200;27.0;22.0;0.74;SE;5.277777777777778;0.0;1014.67;0.0;Partly Cloudy
1466902800;27.0;22.0;0.74;SE;6.666666666666666;0.0;1014.67;0.0;Partly Cloudy
1466906400;27.0;22.0;0.74;SE;4.722222222222222;0.0;1014.67;0.0;Partly Cloudy
1466996400;26.0;21.0;0.74;SE;4.722222222222222;0.0;1015.67;0.0;Partly Cloudy
1467000000;26.0;21.0;0.74;SSE;6.111111111111111;0.0;1015.67;0.0;Partly Cloudy
1467003600;26.0;21.0;0.74;SSE;6.111111111111111;0.0;1014.67;0.0;Partly Cloudy
1467007200;26.0;21.0;0.74;SSE;6.666666666666666;0.0;1014.67;0.0;Fair
1467010800;26.0;20.0;0.69;SSE;6.111111111111111;0.0;1014.67;0.0;Fair
1467014400;26.0;20.0;0.69;SE;4.166666666666667;0.0;1015.67;0.0;Fair
1467018000;26.0;20.0;0.69;SE;5.277777777777778;0.0;1015.67;0.0;Fair
1467021600;26.0;20.0;0.69;SSE;5.277777777777778;0.0;1016.67;0.0;Fair
1467025200;27.0;21.0;0.7;SSE;5.555555555555555;0.0;1016.67;0.0;Fair
1467028800;28.0;21.0;0.66;SE;6.666666666666666;0.0;1016.67;0.0;Mostly Cloudy
1467032400;28.0;22.0;0.7;SSE;6.111111111111111;0.0;1016.67;0.0;Partly Cloudy
1467036000;28.0;22.0;0.7;SSE;7.222222222222222;0.0;0.0;0.0;Showers in the Vicinity
1467039600;27.0;22.0;0.74;SSE;8.333333333333334;0.0;1016.67;0.0;Partly Cloudy
1467043200;26.0;23.0;0.83;SSE;7.777777777777778;0.0;0.0;0.0;Showers in the Vicinity
1467046800;26.0;22.0;0.78;ESE;5.555555555555555;0.0;0.0;0.0;Showers in the Vicinity
1467050400;24.0;21.0;0.83;SE;5.555555555555555;0.0;0.0;0.0;Showers in the Vicinity
1467054000;26.0;21.0;0.74;SSE;3.611111111111111;0.0;0.0;0.0;Showers in the Vicinity
1467054900;0.0;0.0;0.0;ESE;7.777777777777778;0.0;1015.67;0.0;Rain Shower
1467055860;23.0;22.0;0.94;ESE;3.0555555555555554;0.0;0.0;0.0;Light Rain
1467057600;24.0;21.0;0.83;S;1.1111111111111112;0.0;1015.67;0.0;Showers in the Vicinity
1467061200;24.0;22.0;0.89;ESE;2.5;0.0;1016.67;0.0;Light Rain
1467064800;25.0;22.0;0.83;SSE;6.111111111111111;0.0;1016.67;0.0;Showers in the Vicinity
1467068400;24.0;22.0;0.89;ESE;4.722222222222222;0.0;1016.67;0.0;Showers in the Vicinity
1467072000;23.0;22.0;0.94;SE;5.555555555555555;0.0;1016.67;0.0;Light Rain
1467075600;23.0;22.0;0.94;S;3.0555555555555554;0.0;1016.67;0.0;Light Rain
1467079200;24.0;22.0;0.89;SSE;1.9444444444444444;0.0;1016.67;0.0;Showers in the Vicinity
1467169200;26.0;19.0;0.65;SE;5.555555555555555;0.0;1016.67;0.0;Partly Cloudy
1467172800;26.0;19.0;0.65;SE;4.722222222222222;0.0;1015.67;0.0;Partly Cloudy
1467176400;26.0;19.0;0.65;SE;5.277777777777778;0.0;1015.67;0.0;Fair
1467180000;26.0;18.0;0.61;SSE;5.277777777777778;0.0;1015.67;0.0;Fair
1467183600;25.0;18.0;0.65;SSE;6.666666666666666;0.0;1015.67;0.0;Fair
1467187200;25.0;19.0;0.69;SSE;5.277777777777778;0.0;1015.67;0.0;Fair
1467190800;25.0;18.0;0.65;SSE;5.277777777777778;0.0;1015.67;0.0;Fair
1467194400;26.0;19.0;0.65;SSE;6.111111111111111;0.0;1016.67;0.0;Fair
1467198000;27.0;20.0;0.65;SSW;3.0555555555555554;0.0;1016.67;0.0;Fair
1467201600;28.0;20.0;0.62;SSE;6.666666666666666;0.0;1016.67;0.0;Fair
1467205200;28.0;20.0;0.62;SE;7.222222222222222;0.0;1016.67;0.0;Partly Cloudy
1467208800;28.0;21.0;0.66;S;8.333333333333334;0.0;1016.67;0.0;Mostly Cloudy
1467212400;27.0;20.0;0.65;SSE;8.333333333333334;0.0;1015.67;0.0;Showers in the Vicinity
1467216000;28.0;19.0;0.58;SSE;8.333333333333334;0.0;1015.67;0.0;Partly Cloudy
1467219600;28.0;19.0;0.58;SE;7.777777777777778;0.0;1014.67;0.0;Fair
1467223200;27.0;18.0;0.58;SE;7.222222222222222;0.0;1014.67;0.0;Fair
1467226800;27.0;18.0;0.58;SE;7.222222222222222;0.0;1014.67;0.0;Fair
1467230400;27.0;19.0;0.61;SE;6.666666666666666;0.0;1014.67;0.0;Fair
1467234000;26.0;19.0;0.65;SSE;6.666666666666666;0.0;1015.67;0.0;Fair
1467237600;26.0;19.0;0.65;SSE;6.666666666666666;0.0;1015.67;0.0;Fair
1467241200;26.0;19.0;0.65;SE;6.111111111111111;0.0;1016.67;0.0;Fair
1467244800;26.0;19.0;0.65;SE;6.111111111111111;0.0;1016.67;0.0;Fair
1467248400;25.0;19.0;0.69;SSE;6.111111111111111;0.0;1016.67;0.0;Fair
1467252000;25.0;19.0;0.69;SE;5.555555555555555;0.0;1016.67;0.0;Fair
1467255600;26.0;18.0;0.61;SE;6.111111111111111;0.0;1016.67;0.0;Fair
1467259200;25.0;19.0;0.69;SE;5.555555555555555;0.0;1015.67;0.0;Fair
1467262800;23.0;19.0;0.78;SSW;1.9444444444444444;0.0;1015.67;0.0;Fair
1467266400;23.0;19.0;0.78;SSW;2.5;0.0;1014.67;0.0;Fair
1467270000;23.0;19.0;0.78;SSW;2.5;0.0;1014.67;0.0;Fair
1467273600;23.0;19.0;0.78;S;2.5;0.0;1015.67;0.0;Fair
1467277200;23.0;19.0;0.78;S;2.5;0.0;1015.67;0.0;Fair
1467280800;26.0;19.0;0.65;SSE;5.277777777777778;0.0;1015.67;0.0;Fair
1467284400;27.0;20.0;0.65;SE;6.111111111111111;0.0;1016.67;0.0;Fair
1467288000;27.0;21.0;0.7;SE;6.666666666666666;0.0;1016.67;0.0;Partly Cloudy
1467291600;29.0;21.0;0.62;ESE;6.111111111111111;0.0;1016.67;0.0;Fair
1467295200;29.0;21.0;0.62;ESE;6.666666666666666;0.0;1016.67;0.0;Fair
1467298800;29.0;21.0;0.62;SSE;7.222222222222222;0.0;1015.67;0.0;Partly Cloudy
1467302400;28.0;22.0;0.7;SSE;8.61111111111111;0.0;1014.67;0.0;Partly Cloudy
1467306000;29.0;21.0;0.62;ESE;7.222222222222222;0.0;1013.68;0.0;Fair
1467309600;28.0;21.0;0.66;SE;7.222222222222222;0.0;1013.68;0.0;Partly Cloudy
1467313200;28.0;22.0;0.7;SSE;7.222222222222222;0.0;1013.68;0.0;Partly Cloudy
1467316800;26.0;22.0;0.78;SE;4.166666666666667;0.0;1014.67;0.0;Showers in the Vicinity
1467320400;27.0;22.0;0.74;SSE;6.111111111111111;0.0;1014.67;0.0;Mostly Cloudy
1467324000;26.0;21.0;0.74;SSE;6.666666666666666;0.0;1014.67;0.0;Partly Cloudy
1467327600;26.0;22.0;0.78;SE;7.222222222222222;0.0;1015.67;0.0;Partly Cloudy
1467331200;27.0;21.0;0.7;SE;6.111111111111111;0.0;1016.67;0.0;Mostly Cloudy
1467334800;26.0;21.0;0.74;SE;5.277777777777778;0.0;1016.67;0.0;Mostly Cloudy
1467338400;26.0;21.0;0.74;SE;6.111111111111111;0.0;1016.67;0.0;Mostly Cloudy
1467340500;24.0;20.0;0.78;SE;7.777777777777778;13.88888888888889;1015.67;0.0;Light Rain
1467428400;26.0;21.0;0.74;ESE;5.277777777777778;0.0;1015.67;0.0;Partly Cloudy
1467432000;26.0;22.0;0.78;ESE;5.555555555555555;0.0;1015.67;0.0;Partly Cloudy
1467435600;26.0;22.0;0.78;ESE;5.277777777777778;0.0;1014.67;0.0;Partly Cloudy
1467439200;26.0;22.0;0.78;ESE;6.111111111111111;0.0;1013.68;0.0;Partly Cloudy
1467442800;26.0;22.0;0.78;ESE;6.111111111111111;0.0;1014.67;0.0;Partly Cloudy
1467446400;26.0;21.0;0.74;ESE;6.666666666666666;0.0;1014.67;0.0;Partly Cloudy
1467450000;26.0;22.0;0.78;SE;5.555555555555555;0.0;1014.67;0.0;Partly Cloudy
1467453600;26.0;22.0;0.78;SE;6.111111111111111;0.0;1015.67;0.0;Partly Cloudy
1467457200;27.0;22.0;0.74;SSE;5.555555555555555;0.0;1016.67;0.0;Partly Cloudy
1467460800;27.0;23.0;0.79;SSE;5.555555555555555;0.0;1016.67;0.0;Partly Cloudy
1467464400;27.0;22.0;0.74;SE;5.555555555555555;0.0;1016.67;0.0;Partly Cloudy
1467468000;27.0;23.0;0.79;SSE;6.111111111111111;0.0;1015.67;0.0;Light Rain
1467469800;26.0;23.0;0.83;SSE;5.277777777777778;0.0;1015.67;0.0;Showers in the Vicinity
1467471600;27.0;23.0;0.79;SSE;4.166666666666667;0.0;1014.67;0.0;Showers in the Vicinity
1467475200;25.0;23.0;0.89;SSE;7.777777777777778;0.0;1014.67;0.0;Showers in the Vicinity
1467478800;28.0;22.0;0.7;SE;4.722222222222222;0.0;1013.68;0.0;Showers in the Vicinity
1467480300;27.0;23.0;0.79;SE;4.166666666666667;0.0;1013.68;0.0;Mostly Cloudy
1467482400;27.0;21.0;0.7;SE;6.666666666666666;0.0;1013.68;0.0;Mostly Cloudy
1467486000;27.0;21.0;0.7;SE;5.555555555555555;0.0;1014.67;0.0;Partly Cloudy
1467489600;27.0;21.0;0.7;SSE;6.666666666666666;0.0;1014.67;0.0;Mostly Cloudy
1467493200;26.0;20.0;0.69;SSE;6.111111111111111;0.0;1014.67;0.0;Partly Cloudy
1467496800;26.0;21.0;0.74;SSE;6.111111111111111;0.0;1015.67;0.0;Mostly Cloudy
1467500400;26.0;21.0;0.74;SSE;6.111111111111111;0.0;1016.67;0.0;Partly Cloudy
1467504000;26.0;20.0;0.69;SE;5.555555555555555;0.0;1016.67;0.0;Fair
1467507600;26.0;21.0;0.74;SSE;6.111111111111111;0.0;1016.67;0.0;Partly Cloudy
1467511200;26.0;20.0;0.69;SSE;5.555555555555555;0.0;1016.67;0.0;Partly Cloudy
1467860400;23.0;22.0;0.94;S;1.6666666666666665;0.0;1016.67;0.0;Partly Cloudy
1467864000;23.0;21.0;0.88;SSW;1.9444444444444444;0.0;1015.67;0.0;Partly Cloudy
1467867600;23.0;22.0;0.94;SSW;1.1111111111111112;0.0;1015.67;0.0;Partly Cloudy
1467871200;23.0;21.0;0.88;ESE;1.1111111111111112;0.0;1014.67;0.0;Partly Cloudy
1467874800;23.0;22.0;0.94;SW;1.1111111111111112;0.0;1014.67;0.0;Light Rain
1467878400;23.0;22.0;0.94;SSW;1.1111111111111112;0.0;1015.67;0.0;Showers in the Vicinity
1467882000;22.0;21.0;0.94;SW;1.6666666666666665;0.0;1015.67;0.0;Showers in the Vicinity
1467885600;24.0;22.0;0.89;SE;1.6666666666666665;0.0;1015.67;0.0;Mostly Cloudy
1467889200;25.0;23.0;0.89;SSW;1.9444444444444444;0.0;1016.67;0.0;Partly Cloudy
1467892800;27.0;24.0;0.84;S;3.0555555555555554;0.0;1016.67;0.0;Partly Cloudy
1467896400;28.0;23.0;0.74;SSE;5.277777777777778;0.0;1016.67;0.0;Partly Cloudy
1467900000;28.0;23.0;0.74;SSE;6.111111111111111;0.0;1015.67;0.0;Partly Cloudy
1467903600;29.0;23.0;0.7;SE;6.111111111111111;0.0;1015.67;0.0;Partly Cloudy
1467907200;28.0;23.0;0.74;SSE;5.555555555555555;0.0;1014.67;0.0;Mostly Cloudy
1467910800;28.0;23.0;0.74;SSE;6.111111111111111;0.0;1013.68;0.0;Mostly Cloudy
1467914400;28.0;22.0;0.7;ESE;5.277777777777778;0.0;1013.68;0.0;Partly Cloudy
1467918000;27.0;22.0;0.74;SE;5.277777777777778;0.0;1015.67;0.0;Partly Cloudy
1467921600;27.0;22.0;0.74;SSE;4.166666666666667;0.0;1014.67;0.0;Partly Cloudy
1467925200;26.0;22.0;0.78;SSE;4.722222222222222;0.0;1014.67;0.0;Partly Cloudy
1467928800;26.0;22.0;0.78;SSE;4.722222222222222;0.0;1014.67;0.0;Partly Cloudy
1467932400;26.0;22.0;0.78;SSE;4.722222222222222;0.0;1015.67;0.0;Partly Cloudy
1467936000;26.0;22.0;0.78;SSE;4.722222222222222;0.0;1015.67;0.0;Fair
1467939600;26.0;22.0;0.78;SSE;4.166666666666667;0.0;1015.67;0.0;Fair
1467943200;25.0;22.0;0.83;SSE;4.166666666666667;0.0;1016.67;0.0;Fair
1468033200;24.0;22.0;0.89;SSW;1.9444444444444444;0.0;1016.67;0.0;Mostly Cloudy
1468036800;24.0;22.0;0.89;SSW;1.9444444444444444;0.0;1015.67;0.0;Mostly Cloudy
1468040400;24.0;22.0;0.89;SSW;3.0555555555555554;0.0;1015.67;0.0;Partly Cloudy
1468044000;24.0;22.0;0.89;SSW;3.0555555555555554;0.0;1015.67;0.0;Partly Cloudy
1468047600;23.0;22.0;0.94;SSW;2.5;0.0;1015.67;0.0;Partly Cloudy
1468051200;23.0;22.0;0.94;SSW;1.1111111111111112;0.0;1016.67;0.0;Partly Cloudy
1468054800;23.0;22.0;0.94;VAR;0.5555555555555556;0.0;1016.67;0.0;Fair
1468058400;24.0;22.0;0.89;S;1.6666666666666665;0.0;1016.67;0.0;Partly Cloudy
1468062000;25.0;22.0;0.83;SSW;1.9444444444444444;0.0;1017.67;0.0;Partly Cloudy
1468065600;27.0;23.0;0.79;SSE;5.555555555555555;0.0;1017.67;0.0;Fair
1468069200;28.0;22.0;0.7;SSE;6.111111111111111;0.0;1017.67;0.0;Partly Cloudy
1468072800;28.0;22.0;0.7;SSE;6.666666666666666;0.0;1017.67;0.0;Partly Cloudy
1468076400;29.0;22.0;0.66;SSE;6.666666666666666;0.0;1016.67;0.0;Fair
1468080000;27.0;20.0;0.65;SSE;7.222222222222222;0.0;1016.67;0.0;Mostly Cloudy
1468083600;27.0;21.0;0.7;SSE;6.666666666666666;0.0;1015.67;0.0;Partly Cloudy
1468087200;28.0;22.0;0.7;SSE;6.666666666666666;0.0;1015.67;0.0;Partly Cloudy
1468090800;27.0;22.0;0.74;SSE;7.222222222222222;0.0;1015.67;0.0;Partly Cloudy
1468094400;27.0;22.0;0.74;SSE;6.666666666666666;0.0;1015.67;0.0;Partly Cloudy
1468098000;26.0;22.0;0.78;S;4.722222222222222;0.0;1015.67;0.0;Partly Cloudy
1468101600;26.0;22.0;0.78;S;4.722222222222222;0.0;1015.67;0.0;Partly Cloudy
1468105200;26.0;21.0;0.74;SSE;5.277777777777778;0.0;1015.67;0.0;Fair
1468108800;26.0;22.0;0.78;SSE;4.166666666666667;0.0;1015.67;0.0;Fair
1468112400;26.0;22.0;0.78;SE;4.166666666666667;0.0;1015.67;0.0;Partly Cloudy
1468116000;26.0;21.0;0.74;SE;4.166666666666667;0.0;1015.67;0.0;Partly Cloudy
1468206000;24.0;21.0;0.83;SSW;2.5;0.0;1014.67;0.0;Partly Cloudy
1468209600;23.0;21.0;0.88;S;1.1111111111111112;0.0;1014.67;0.0;Partly Cloudy
1468213200;23.0;21.0;0.88;S;1.1111111111111112;0.0;1013.68;0.0;Mostly Cloudy
1468216800;23.0;21.0;0.88;SSW;1.6666666666666665;0.0;1013.68;0.0;Partly Cloudy
1468220400;23.0;21.0;0.88;SSW;1.1111111111111112;0.0;1013.68;0.0;Partly Cloudy
1468224000;23.0;21.0;0.88;SW;1.1111111111111112;0.0;1013.68;0.0;Mostly Cloudy
1468227600;22.0;21.0;0.94;SW;1.1111111111111112;0.0;1014.67;0.0;Mostly Cloudy
1468231200;24.0;22.0;0.89;SW;1.6666666666666665;0.0;1014.67;0.0;Light Rain
1468234800;24.0;22.0;0.89;SSW;1.9444444444444444;0.0;1015.67;0.0;Showers in the Vicinity
1468238400;27.0;22.0;0.74;SE;4.166666666666667;0.0;1015.67;0.0;Partly Cloudy
1468242000;28.0;22.0;0.7;ESE;5.277777777777778;0.0;1015.67;0.0;Partly Cloudy
1468245600;28.0;22.0;0.7;SE;6.111111111111111;0.0;1015.67;0.0;Partly Cloudy
1468249200;28.0;22.0;0.7;ESE;5.555555555555555;0.0;1014.67;0.0;Partly Cloudy
1468252800;28.0;22.0;0.7;ESE;5.555555555555555;0.0;1013.68;0.0;Partly Cloudy
1468256400;28.0;22.0;0.7;ESE;4.722222222222222;0.0;1013.68;0.0;Partly Cloudy
1468260000;28.0;22.0;0.7;ESE;5.555555555555555;0.0;1012.68;0.0;Fair
1468263600;27.0;22.0;0.74;ESE;4.722222222222222;0.0;1013.68;0.0;Fair
1468267200;27.0;21.0;0.7;ESE;5.555555555555555;0.0;1013.68;0.0;Fair
1468270800;26.0;22.0;0.78;ESE;5.277777777777778;0.0;1013.68;0.0;Partly Cloudy
1468274400;26.0;22.0;0.78;ESE;5.555555555555555;0.0;1014.67;0.0;Partly Cloudy
1468278000;26.0;21.0;0.74;E;5.277777777777778;0.0;1014.67;0.0;Partly Cloudy
1468281600;26.0;22.0;0.78;ESE;5.555555555555555;0.0;1014.67;0.0;Partly Cloudy
1468285200;26.0;21.0;0.74;ESE;5.277777777777778;0.0;1014.67;0.0;Partly Cloudy
1468288800;26.0;21.0;0.74;ESE;4.166666666666667;0.0;1014.67;0.0;Partly Cloudy
1468292400;26.0;21.0;0.74;ESE;3.0555555555555554;0.0;1014.67;0.0;Partly Cloudy
1468296000;26.0;21.0;0.74;ESE;3.611111111111111;0.0;1013.68;0.0;Partly Cloudy
1468299600;26.0;21.0;0.74;ESE;4.166666666666667;0.0;1012.68;0.0;Partly Cloudy
1468303200;26.0;21.0;0.74;ESE;4.166666666666667;0.0;1012.68;0.0;Partly Cloudy
1468306800;26.0;21.0;0.74;E;4.166666666666667;0.0;1012.68;0.0;Fair
1468310400;26.0;21.0;0.74;ESE;8.61111111111111;0.0;1013.68;0.0;Fair
1468314000;25.0;22.0;0.83;ESE;4.722222222222222;0.0;1013.68;0.0;Partly Cloudy
1468317600;26.0;21.0;0.74;E;4.722222222222222;0.0;1013.68;0.0;Partly Cloudy
1468321200;26.0;23.0;0.83;SE;4.722222222222222;0.0;1014.67;0.0;Mostly Cloudy
1468324800;26.0;23.0;0.83;SSE;7.777777777777778;0.0;1015.67;0.0;Light Rain
1468328400;26.0;22.0;0.78;SSE;7.222222222222222;0.0;1015.67;0.0;Mostly Cloudy
1468332000;27.0;22.0;0.74;SSE;3.611111111111111;0.0;1014.67;0.0;Mostly Cloudy
1468333200;24.0;22.0;0.89;SSE;3.0555555555555554;0.0;1014.67;0.0;Partly Cloudy
1468335600;27.0;23.0;0.79;SE;3.0555555555555554;0.0;1014.67;0.0;Partly Cloudy
1468339200;28.0;23.0;0.74;ESE;3.611111111111111;0.0;1013.68;0.0;Mostly Cloudy
1468342800;28.0;23.0;0.74;SE;5.277777777777778;0.0;1012.68;0.0;Partly Cloudy
1468346400;27.0;21.0;0.7;ESE;4.722222222222222;0.0;1012.68;0.0;Showers in the Vicinity
1468350000;27.0;22.0;0.74;SE;4.722222222222222;0.0;1012.68;0.0;Partly Cloudy
1468353600;27.0;22.0;0.74;SE;3.0555555555555554;0.0;1013.68;0.0;Mostly Cloudy
1468357200;26.0;22.0;0.78;SE;3.0555555555555554;0.0;1013.68;0.0;Partly Cloudy
1468360800;25.0;23.0;0.89;ESE;1.6666666666666665;0.0;1014.67;0.0;Showers in the Vicinity
1468364400;25.0;23.0;0.89;SSE;1.9444444444444444;0.0;1014.67;0.0;Partly Cloudy
1468368000;25.0;22.0;0.83;SE;3.611111111111111;0.0;1015.67;0.0;Partly Cloudy
1468371600;25.0;22.0;0.83;E;3.0555555555555554;0.0;1015.67;0.0;Partly Cloudy
1468375200;25.0;22.0;0.83;ESE;1.9444444444444444;0.0;1014.67;0.0;Mostly Cloudy
1468465200;24.0;22.0;0.89;SSW;3.611111111111111;0.0;1014.67;0.0;Partly Cloudy
1468468800;24.0;22.0;0.89;S;1.9444444444444444;0.0;1014.67;0.0;Partly Cloudy
1468472400;23.0;22.0;0.94;WSW;1.6666666666666665;0.0;1013.68;0.0;Light Rain
1468476000;23.0;22.0;0.94;SSW;2.5;0.0;1013.68;0.0;Light Rain
1468477200;23.0;22.0;0.94;S;2.5;0.0;1013.68;0.0;Rain
1468479600;23.0;22.0;0.94;SSE;1.9444444444444444;0.0;1013.68;0.0;Light Rain
1468483200;23.0;22.0;0.94;SW;1.9444444444444444;0.0;1013.68;0.0;Mostly Cloudy
1468486800;23.0;22.0;0.94;S;1.6666666666666665;0.0;1013.68;0.0;Mostly Cloudy
1468490400;24.0;23.0;0.94;SW;1.9444444444444444;0.0;1014.67;0.0;Mostly Cloudy
1468494000;26.0;22.0;0.78;SE;5.277777777777778;0.0;1014.67;0.0;Mostly Cloudy
1468497600;27.0;24.0;0.84;SSE;6.666666666666666;0.0;1015.67;0.0;Showers in the Vicinity
1468501200;25.0;23.0;0.89;SSE;3.611111111111111;0.0;1014.67;0.0;Showers in the Vicinity
1468504800;28.0;23.0;0.74;SE;5.555555555555555;0.0;1014.67;0.0;Partly Cloudy
1468508400;27.0;23.0;0.79;ESE;5.277777777777778;0.0;1013.68;0.0;Partly Cloudy
1468512000;28.0;22.0;0.7;SE;5.555555555555555;0.0;1012.68;0.0;Fair
1468515600;27.0;22.0;0.74;SSE;9.166666666666666;0.0;1012.68;0.0;Showers in the Vicinity
1468519200;27.0;21.0;0.7;SSE;5.555555555555555;0.0;1011.68;0.0;Showers in the Vicinity
1468522800;25.0;21.0;0.78;S;5.555555555555555;0.0;1012.68;0.0;Showers in the Vicinity
1468526400;26.0;22.0;0.78;SSE;6.111111111111111;0.0;1012.68;0.0;Showers in the Vicinity
1468530000;26.0;21.0;0.74;SE;6.666666666666666;0.0;1012.68;0.0;Partly Cloudy
1468533600;26.0;21.0;0.74;SE;7.222222222222222;0.0;1012.68;0.0;Partly Cloudy
1468537200;25.0;21.0;0.78;SSE;5.555555555555555;0.0;1013.68;0.0;Showers in the Vicinity
1468540800;25.0;22.0;0.83;SE;6.111111111111111;0.0;1013.68;0.0;Partly Cloudy
1468544400;25.0;21.0;0.78;SE;6.111111111111111;0.0;1013.68;0.0;Fair
1468548000;25.0;21.0;0.78;SE;5.555555555555555;0.0;1013.68;0.0;Partly Cloudy
1468638000;25.0;20.0;0.74;SSE;1.9444444444444444;0.0;1012.68;0.0;Fair
1468641600;24.0;21.0;0.83;SSW;1.9444444444444444;0.0;1012.68;0.0;Partly Cloudy
1468645200;23.0;20.0;0.83;W;1.1111111111111112;0.0;1011.68;0.0;Mostly Cloudy
1468648800;23.0;20.0;0.83;SW;1.6666666666666665;0.0;1011.68;0.0;Mostly Cloudy
1468652400;22.0;20.0;0.88;S;1.6666666666666665;0.0;1011.68;0.0;Mostly Cloudy
1468656000;22.0;20.0;0.88;SSW;1.9444444444444444;0.0;1011.68;0.0;Mostly Cloudy
1468659600;22.0;20.0;0.88;E;1.9444444444444444;0.0;1012.68;0.0;Light Rain
1468663200;23.0;21.0;0.88;SSW;2.5;0.0;1012.68;0.0;Mostly Cloudy
1468666800;23.0;21.0;0.88;WSW;1.9444444444444444;0.0;1013.68;0.0;Partly Cloudy
1468670400;26.0;22.0;0.78;S;2.5;0.0;1013.68;0.0;Partly Cloudy
1468674000;27.0;21.0;0.7;SSE;4.166666666666667;0.0;1013.68;0.0;Partly Cloudy
1468677600;28.0;21.0;0.66;SE;5.277777777777778;0.0;1012.68;0.0;Partly Cloudy
1468681200;28.0;21.0;0.66;SSE;5.277777777777778;0.0;1012.68;0.0;Mostly Cloudy
1468684800;26.0;22.0;0.78;SE;5.555555555555555;0.0;1011.68;0.0;Showers in the Vicinity
1468686900;25.0;23.0;0.89;SSE;3.611111111111111;0.0;1011.68;0.0;Light Rain
1468688400;25.0;22.0;0.83;SE;2.5;0.0;1011.68;0.0;Light Rain
1468692000;26.0;22.0;0.78;ESE;3.0555555555555554;0.0;1010.68;0.0;Showers in the Vicinity
1468695600;26.0;21.0;0.74;S;3.611111111111111;0.0;1011.68;0.0;Mostly Cloudy
1468699200;25.0;21.0;0.78;SSW;1.9444444444444444;0.0;1011.68;0.0;Partly Cloudy
1468702800;24.0;21.0;0.83;S;2.5;0.0;1011.68;0.0;Partly Cloudy
1468706400;24.0;21.0;0.83;S;1.6666666666666665;0.0;1012.68;0.0;Mostly Cloudy
1468710000;24.0;21.0;0.83;S;1.6666666666666665;0.0;1013.68;0.0;Mostly Cloudy
1468713600;24.0;21.0;0.83;CALM;0.0;0.0;1013.68;0.0;Mostly Cloudy
1468717200;24.0;21.0;0.83;SSE;1.1111111111111112;0.0;1013.68;0.0;Mostly Cloudy
1468720800;24.0;20.0;0.78;ESE;1.1111111111111112;0.0;1013.68;0.0;Mostly Cloudy
1468810800;26.0;22.0;0.78;ENE;1.6666666666666665;0.0;1013.68;0.0;Partly Cloudy
1468814400;25.0;22.0;0.83;E;1.6666666666666665;0.0;1013.68;0.0;Partly Cloudy
1468818000;23.0;22.0;0.94;E;1.6666666666666665;0.0;1012.68;0.0;Partly Cloudy
1468821600;23.0;22.0;0.94;WNW;1.6666666666666665;0.0;1012.68;0.0;Partly Cloudy
1468825200;23.0;21.0;0.88;WSW;1.6666666666666665;0.0;1012.68;0.0;Partly Cloudy
1468828800;22.0;21.0;0.94;W;1.1111111111111112;0.0;1012.68;0.0;Partly Cloudy
1468832400;22.0;21.0;0.94;SW;1.6666666666666665;0.0;1013.68;0.0;Partly Cloudy
1468836000;24.0;22.0;0.89;W;1.1111111111111112;0.0;1013.68;0.0;Partly Cloudy
1468839600;26.0;23.0;0.83;SSW;1.1111111111111112;0.0;1014.67;0.0;Partly Cloudy
1468843200;28.0;23.0;0.74;E;2.5;0.0;1014.67;0.0;Partly Cloudy
1468846800;27.0;22.0;0.74;ESE;3.0555555555555554;0.0;1015.67;0.0;Partly Cloudy
1468850400;29.0;23.0;0.7;ESE;3.0555555555555554;0.0;1014.67;0.0;Partly Cloudy
1468854000;29.0;22.0;0.66;ENE;2.5;0.0;1014.67;0.0;Partly Cloudy
1468857600;29.0;22.0;0.66;ESE;4.166666666666667;0.0;1013.68;0.0;Fair
1468861200;29.0;22.0;0.66;E;3.0555555555555554;0.0;1013.68;0.0;Fair
1468864800;28.0;22.0;0.7;ESE;4.166666666666667;0.0;1012.68;0.0;Fair
1468868400;28.0;22.0;0.7;ESE;3.0555555555555554;0.0;1012.68;0.0;Fair
1468872000;27.0;21.0;0.7;ESE;3.0555555555555554;0.0;1012.68;0.0;Fair
1468875600;27.0;22.0;0.74;E;2.5;0.0;1012.68;0.0;Fair
1468879200;27.0;22.0;0.74;ESE;1.9444444444444444;0.0;1013.68;0.0;Fair
1468882800;27.0;22.0;0.74;ESE;3.611111111111111;0.0;1014.67;0.0;Partly Cloudy
1468886400;27.0;22.0;0.74;SE;3.611111111111111;0.0;1014.67;0.0;Partly Cloudy
1468890000;27.0;22.0;0.74;SE;4.722222222222222;0.0;1014.67;0.0;Partly Cloudy
1468893600;27.0;22.0;0.74;SE;3.0555555555555554;0.0;1014.67;0.0;Partly Cloudy
1468897200;26.0;22.0;0.78;ESE;4.166666666666667;0.0;1014.67;0.0;Partly Cloudy
1468900800;26.0;22.0;0.78;SE;2.5;0.0;1014.67;0.0;Partly Cloudy
1468904400;26.0;22.0;0.78;SE;4.166666666666667;0.0;1013.68;0.0;Partly Cloudy
1468908000;26.0;22.0;0.78;SE;2.5;0.0;1013.68;0.0;Mostly Cloudy
1468911600;25.0;22.0;0.83;SW;1.9444444444444444;0.0;1013.68;0.0;Partly Cloudy
1468915200;24.0;22.0;0.89;SW;1.9444444444444444;0.0;1014.67;0.0;Partly Cloudy
1468918800;23.0;21.0;0.88;S;1.1111111111111112;0.0;1014.67;0.0;Fair
1468922400;24.0;22.0;0.89;SSW;1.6666666666666665;0.0;1014.67;0.0;Fair
1468926000;26.0;22.0;0.78;SSW;3.0555555555555554;0.0;1015.67;0.0;Fair
1468929600;25.0;23.0;0.89;S;6.666666666666666;0.0;1016.67;0.0;Light Rain
1468933200;27.0;22.0;0.74;S;7.777777777777778;0.0;1016.67;0.0;Showers in the Vicinity
1468936800;27.0;22.0;0.74;SSW;3.611111111111111;0.0;1016.67;0.0;Mostly Cloudy
1468940400;27.0;22.0;0.74;SSE;8.333333333333334;0.0;1015.67;0.0;Partly Cloudy
1468944000;26.0;23.0;0.83;SE;7.777777777777778;0.0;1014.67;0.0;Light Rain Shower
1468947600;25.0;22.0;0.83;SE;7.222222222222222;0.0;1014.67;0.0;Showers in the Vicinity
1468951200;24.0;23.0;0.94;SSE;7.777777777777778;0.0;1014.67;0.0;Light Rain
1468953360;23.0;22.0;0.94;SE;7.222222222222222;0.0;1014.67;0.0;Light Rain
1468954800;23.0;23.0;1.0;SE;5.555555555555555;0.0;1014.67;0.0;Light Rain
1468957200;23.0;23.0;1.0;SE;6.666666666666666;0.0;1014.67;0.0;Light Rain
1468958400;23.0;22.0;0.94;S;4.166666666666667;0.0;1015.67;0.0;Light Rain
1468959780;22.0;22.0;1.0;S;5.277777777777778;0.0;1015.67;0.0;Light Rain
1468962000;22.0;22.0;1.0;S;6.111111111111111;0.0;1015.67;0.0;Light Rain
1468965600;22.0;22.0;1.0;SSE;5.555555555555555;0.0;1015.67;0.0;Light Rain
1468966380;22.0;21.0;0.94;S;2.5;0.0;1015.67;0.0;Light Rain
1468969200;22.0;22.0;1.0;SSW;2.5;0.0;1015.67;0.0;Showers in the Vicinity
1468972800;23.0;22.0;0.94;SW;1.6666666666666665;0.0;1015.67;0.0;Mostly Cloudy
1468976400;23.0;22.0;0.94;S;1.6666666666666665;0.0;1015.67;0.0;Light Rain
1468980000;23.0;22.0;0.94;WSW;2.5;0.0;1015.67;0.0;Showers in the Vicinity
1468983600;23.0;22.0;0.94;SSW;3.611111111111111;0.0;1015.67;0.0;Showers in the Vicinity
1468987200;22.0;22.0;1.0;WSW;1.9444444444444444;0.0;1014.67;0.0;Showers in the Vicinity
1468990800;23.0;22.0;0.94;W;2.5;0.0;1014.67;0.0;Mostly Cloudy
1468994400;22.0;22.0;1.0;W;1.1111111111111112;0.0;1014.67;0.0;Showers in the Vicinity
1468998000;22.0;22.0;1.0;WSW;1.6666666666666665;0.0;1014.67;0.0;Mostly Cloudy
1469001600;22.0;22.0;1.0;S;6.111111111111111;0.0;1014.67;0.0;Mostly Cloudy
1469005200;23.0;22.0;0.94;SSW;1.1111111111111112;0.0;1014.67;0.0;Partly Cloudy
1469008800;23.0;22.0;0.94;SW;1.9444444444444444;0.0;1015.67;0.0;Mostly Cloudy
1469012400;24.0;22.0;0.89;SW;3.0555555555555554;0.0;1015.67;0.0;Mostly Cloudy
1469016000;26.0;22.0;0.78;SE;4.722222222222222;0.0;1016.67;0.0;Mostly Cloudy
1469019600;27.0;22.0;0.74;SSE;5.555555555555555;0.0;1016.67;0.0;Partly Cloudy
1469023200;28.0;21.0;0.66;SSE;7.222222222222222;0.0;1015.67;0.0;Partly Cloudy
1469026800;28.0;21.0;0.66;SE;6.666666666666666;0.0;1015.67;0.0;Partly Cloudy
1469030400;28.0;22.0;0.7;SSE;8.333333333333334;0.0;1014.67;0.0;Partly Cloudy
1469034000;27.0;20.0;0.65;SSE;3.611111111111111;0.0;1013.68;0.0;Partly Cloudy
1469037600;28.0;20.0;0.62;SSE;6.666666666666666;0.0;1013.68;0.0;Fair
1469041200;27.0;20.0;0.65;SSE;6.666666666666666;0.0;1013.68;0.0;Fair
1469044800;26.0;21.0;0.74;SSE;5.555555555555555;0.0;1013.68;0.0;Partly Cloudy
1469048400;26.0;21.0;0.74;SSE;5.277777777777778;0.0;1013.68;0.0;Partly Cloudy
1469052000;26.0;20.0;0.69;SSE;5.277777777777778;0.0;1013.68;0.0;Mostly Cloudy
1469055600;26.0;20.0;0.69;SSE;5.555555555555555;0.0;1014.67;0.0;Mostly Cloudy
1469059200;26.0;19.0;0.65;SSE;5.555555555555555;0.0;1014.67;0.0;Mostly Cloudy
1469062800;26.0;19.0;0.65;SSE;4.166666666666667;0.0;1015.67;0.0;Mostly Cloudy
1469066400;24.0;20.0;0.78;SW;2.5;0.0;1015.67;0.0;Mostly Cloudy
1469156400;23.0;20.0;0.83;SW;2.5;0.0;1015.67;0.0;Partly Cloudy
1469160000;23.0;20.0;0.83;SW;1.9444444444444444;0.0;1014.67;0.0;Partly Cloudy
1469163600;22.0;20.0;0.88;WSW;1.6666666666666665;0.0;1014.67;0.0;Fair
1469167200;22.0;19.0;0.83;S;1.9444444444444444;0.0;1014.67;0.0;Fair
1469170800;21.0;19.0;0.88;SSW;1.6666666666666665;0.0;1014.67;0.0;Fair
1469174400;21.0;19.0;0.88;SSW;1.9444444444444444;0.0;1014.67;0.0;Fair
1469178000;21.0;19.0;0.88;SSW;1.9444444444444444;0.0;1014.67;0.0;Partly Cloudy
1469181600;22.0;20.0;0.88;SSW;1.9444444444444444;0.0;1015.67;0.0;Mostly Cloudy
1469185200;25.0;20.0;0.74;SW;3.0555555555555554;0.0;1015.67;0.0;Partly Cloudy
1469188800;27.0;21.0;0.7;S;4.166666666666667;0.0;1016.67;0.0;Partly Cloudy
1469192400;28.0;21.0;0.66;S;4.722222222222222;0.0;1016.67;0.0;Partly Cloudy
1469196000;28.0;22.0;0.7;SE;5.277777777777778;0.0;1015.67;0.0;Partly Cloudy
1469199600;28.0;22.0;0.7;SSE;4.722222222222222;0.0;1015.67;0.0;Partly Cloudy
1469203200;28.0;22.0;0.7;SSE;5.277777777777778;0.0;1014.67;0.0;Partly Cloudy
1469206800;27.0;22.0;0.74;SSE;5.277777777777778;0.0;1013.68;0.0;Fair
1469210400;28.0;22.0;0.7;SSE;6.111111111111111;0.0;1013.68;0.0;Fair
1469214000;26.0;21.0;0.74;S;6.111111111111111;0.0;1013.68;0.0;Partly Cloudy
1469217600;26.0;21.0;0.74;S;5.555555555555555;0.0;1013.68;0.0;Partly Cloudy
1469221200;25.0;22.0;0.83;S;6.666666666666666;0.0;1013.68;0.0;Partly Cloudy
1469224800;25.0;21.0;0.78;S;5.555555555555555;0.0;1014.67;0.0;Partly Cloudy
1469228400;24.0;21.0;0.83;SSW;2.5;0.0;1015.67;0.0;Partly Cloudy
1469232000;24.0;20.0;0.78;SW;1.9444444444444444;0.0;1015.67;0.0;Partly Cloudy
1469235600;24.0;21.0;0.83;S;1.6666666666666665;0.0;1015.67;0.0;Partly Cloudy
1469239200;24.0;21.0;0.83;W;1.6666666666666665;0.0;1015.67;0.0;Partly Cloudy
1469242800;23.0;20.0;0.83;WSW;1.6666666666666665;0.0;1015.67;0.0;Partly Cloudy
1469246400;23.0;21.0;0.88;WSW;1.6666666666666665;0.0;1015.67;0.0;Partly Cloudy
1469250000;22.0;21.0;0.94;SW;1.6666666666666665;0.0;1014.67;0.0;Partly Cloudy
1469253600;22.0;21.0;0.94;SW;1.6666666666666665;0.0;1014.67;0.0;Partly Cloudy
1469257200;22.0;21.0;0.94;SW;1.6666666666666665;0.0;1014.67;0.0;Partly Cloudy
1469260800;22.0;21.0;0.94;SW;1.9444444444444444;0.0;1014.67;0.0;Partly Cloudy
1469264400;22.0;21.0;0.94;SW;1.6666666666666665;0.0;1014.67;0.0;Partly Cloudy
1469268000;23.0;21.0;0.88;SW;1.9444444444444444;0.0;1015.67;0.0;Partly Cloudy
1469271600;25.0;22.0;0.83;S;3.611111111111111;0.0;1015.67;0.0;Fair
1469275200;27.0;22.0;0.74;S;5.277777777777778;0.0;1016.67;0.0;Partly Cloudy
1469278800;28.0;22.0;0.7;SSE;8.333333333333334;0.0;1016.67;0.0;Partly Cloudy
1469282400;29.0;22.0;0.66;SSE;8.61111111111111;0.0;1016.67;0.0;Partly Cloudy
1469286000;28.0;22.0;0.7;SSE;8.61111111111111;0.0;1015.67;0.0;Partly Cloudy
1469289600;29.0;22.0;0.66;S;9.166666666666666;0.0;1014.67;0.0;Partly Cloudy / Windy
1469293200;28.0;21.0;0.66;SSE;9.166666666666666;0.0;1013.68;0.0;Partly Cloudy / Windy
1469296800;28.0;21.0;0.66;SSE;8.333333333333334;0.0;1013.68;0.0;Partly Cloudy
1469300400;27.0;19.0;0.61;S;8.61111111111111;0.0;1013.68;0.0;Fair
1469304000;26.0;19.0;0.65;S;8.61111111111111;0.0;1014.67;0.0;Fair
1469307600;26.0;20.0;0.69;SSE;7.222222222222222;0.0;1014.67;0.0;Fair
1469311200;26.0;20.0;0.69;S;5.555555555555555;0.0;1014.67;0.0;Fair
1469314800;25.0;20.0;0.74;S;5.555555555555555;0.0;1014.67;0.0;Fair
1469318400;26.0;20.0;0.69;SSE;5.277777777777778;0.0;1015.67;0.0;Partly Cloudy
1469322000;24.0;20.0;0.78;SSW;3.0555555555555554;0.0;1015.67;0.0;Partly Cloudy
1469325600;24.0;20.0;0.78;S;3.0555555555555554;0.0;1015.67;0.0;Partly Cloudy
1469415600;26.0;22.0;0.78;SE;6.666666666666666;0.0;1014.67;0.0;Partly Cloudy
1469419200;26.0;21.0;0.74;SE;6.666666666666666;0.0;1013.68;0.0;Partly Cloudy
1469422800;26.0;21.0;0.74;SSE;6.111111111111111;0.0;1012.68;0.0;Partly Cloudy
1469426400;26.0;21.0;0.74;SE;7.222222222222222;0.0;1012.68;0.0;Partly Cloudy
1469430000;26.0;20.0;0.69;SSE;8.333333333333334;0.0;1013.68;0.0;Partly Cloudy
1469433600;26.0;20.0;0.69;SSE;7.777777777777778;0.0;1013.68;0.0;Partly Cloudy
1469437200;26.0;20.0;0.69;SSE;6.666666666666666;0.0;1013.68;0.0;Partly Cloudy
1469440800;27.0;21.0;0.7;SSE;7.777777777777778;0.0;1013.68;0.0;Partly Cloudy
1469444400;27.0;21.0;0.7;SSE;8.61111111111111;0.0;1014.67;0.0;Fair
1469448000;27.0;21.0;0.7;SSE;8.61111111111111;0.0;1015.67;0.0;Partly Cloudy
1469451600;28.0;20.0;0.62;SSE;8.61111111111111;0.0;1015.67;0.0;Partly Cloudy
1469455200;28.0;20.0;0.62;SSE;8.61111111111111;0.0;1014.67;0.0;Fair
1469458800;28.0;21.0;0.66;SE;8.61111111111111;0.0;1014.67;0.0;Fair
1469462400;28.0;21.0;0.66;SSE;8.61111111111111;0.0;1013.68;0.0;Partly Cloudy
1469466000;29.0;21.0;0.62;SSE;9.166666666666666;0.0;1012.68;0.0;Fair / Windy
1469469600;28.0;21.0;0.66;SSE;9.166666666666666;0.0;1012.68;0.0;Partly Cloudy / Windy
1469473200;27.0;21.0;0.7;S;8.61111111111111;0.0;1012.68;0.0;Mostly Cloudy
1469476800;26.0;20.0;0.69;SE;8.61111111111111;0.0;1013.68;0.0;Mostly Cloudy
1469480400;25.0;21.0;0.78;SSE;5.277777777777778;0.0;1013.68;0.0;Mostly Cloudy
1469481000;23.0;21.0;0.88;ESE;7.777777777777778;0.0;1013.68;0.0;Rain
1469482200;23.0;21.0;0.88;E;2.5;0.0;1013.68;0.0;Light Rain
1469484000;24.0;21.0;0.83;SSE;2.5;0.0;1013.68;0.0;Cloudy
1469487600;25.0;21.0;0.78;SSE;6.666666666666666;0.0;1013.68;0.0;Partly Cloudy
1469491200;25.0;21.0;0.78;SSE;6.111111111111111;0.0;1014.67;0.0;Fair
1469494800;25.0;21.0;0.78;SSE;7.222222222222222;0.0;1014.67;0.0;Fair
1469498400;26.0;20.0;0.69;SSE;7.222222222222222;0.0;1014.67;0.0;Fair
1469502000;25.0;20.0;0.74;SSE;6.666666666666666;0.0;1013.68;0.0;Fair
1469505600;25.0;21.0;0.78;SSE;6.111111111111111;0.0;1013.68;0.0;Partly Cloudy
1469509200;26.0;20.0;0.69;SSE;7.222222222222222;0.0;1013.68;0.0;Partly Cloudy
1469512800;25.0;20.0;0.74;SSE;7.222222222222222;0.0;1012.68;0.0;Partly Cloudy
1469516400;25.0;20.0;0.74;SSE;6.666666666666666;0.0;1013.68;0.0;Fair
1469520000;25.0;20.0;0.74;SSE;6.111111111111111;0.0;1013.68;0.0;Fair
1469523600;25.0;20.0;0.74;SE;5.277777777777778;0.0;1013.68;0.0;Fair
1469527200;25.0;21.0;0.78;SSW;3.0555555555555554;0.0;1014.67;0.0;Fair
1469530800;26.0;22.0;0.78;SSE;6.111111111111111;0.0;1016.67;0.0;Partly Cloudy
1469534400;28.0;20.0;0.62;SSE;7.777777777777778;0.0;1014.67;0.0;Fair
1469538000;28.0;21.0;0.66;S;7.222222222222222;0.0;1015.67;0.0;Fair
1469541600;28.0;22.0;0.7;S;7.777777777777778;0.0;1014.67;0.0;Partly Cloudy
1469545200;24.0;23.0;0.94;SSE;7.777777777777778;0.0;1013.68;0.0;Showers in the Vicinity
1469548800;27.0;22.0;0.74;SSE;7.777777777777778;0.0;1013.68;0.0;Partly Cloudy
1469552400;28.0;22.0;0.7;SSE;7.777777777777778;0.0;1013.68;0.0;Partly Cloudy
1469556000;27.0;22.0;0.74;SSE;7.222222222222222;0.0;1012.68;0.0;Partly Cloudy
1469559600;27.0;21.0;0.7;SSE;7.222222222222222;0.0;1013.68;0.0;Partly Cloudy
1469563200;26.0;21.0;0.74;S;6.666666666666666;0.0;1013.68;0.0;Partly Cloudy
1469566800;26.0;21.0;0.74;SSE;7.777777777777778;0.0;1013.68;0.0;Partly Cloudy
1469570400;26.0;21.0;0.74;SSE;6.666666666666666;0.0;1014.67;0.0;Partly Cloudy
1469574000;25.0;21.0;0.78;SSE;5.555555555555555;0.0;1014.67;0.0;Partly Cloudy
1469577600;26.0;21.0;0.74;SSE;7.777777777777778;0.0;1014.67;0.0;Partly Cloudy
1469581200;26.0;20.0;0.69;SSE;6.111111111111111;0.0;1014.67;0.0;Partly Cloudy
1469584800;25.0;21.0;0.78;SSE;6.111111111111111;0.0;1014.67;0.0;Mostly Cloudy
1469674800;23.0;21.0;0.88;SSW;1.9444444444444444;0.0;1014.67;0.0;Partly Cloudy
1469678400;23.0;22.0;0.94;SSW;2.5;0.0;1013.68;0.0;Partly Cloudy
1469682000;23.0;21.0;0.88;SSW;3.0555555555555554;0.0;1013.68;0.0;Partly Cloudy
1469685600;23.0;22.0;0.94;SSW;2.5;0.0;1013.68;0.0;Partly Cloudy
1469689200;23.0;22.0;0.94;SW;1.6666666666666665;0.0;1013.68;0.0;Partly Cloudy
1469692800;23.0;22.0;0.94;SW;2.5;0.0;1013.68;0.0;Partly Cloudy
1469694900;23.0;22.0;0.94;SSW;2.5;0.0;1013.68;0.0;Light Rain
1469696400;23.0;22.0;0.94;S;2.5;0.0;1013.68;0.0;Showers in the Vicinity
1469700000;24.0;23.0;0.94;S;1.9444444444444444;0.0;1013.68;0.0;Mostly Cloudy
1469703600;26.0;23.0;0.83;ESE;4.722222222222222;0.0;1014.67;0.0;Mostly Cloudy
1469707200;26.0;22.0;0.78;ESE;5.277777777777778;0.0;1014.67;0.0;Partly Cloudy
1469710800;28.0;23.0;0.74;ESE;5.555555555555555;0.0;1014.67;0.0;Partly Cloudy
1469714400;27.0;23.0;0.79;SE;5.555555555555555;0.0;1013.68;0.0;Partly Cloudy
1469718000;28.0;22.0;0.7;SE;7.222222222222222;0.0;1013.68;0.0;Partly Cloudy
1469721600;24.0;23.0;0.94;ESE;8.333333333333334;0.0;1013.68;0.0;Light Rain
1469725200;26.0;21.0;0.74;SE;3.611111111111111;0.0;1012.68;0.0;Mostly Cloudy
1469728800;26.0;23.0;0.83;E;3.611111111111111;0.0;1012.68;0.0;Mostly Cloudy
1469732400;27.0;21.0;0.7;SE;6.111111111111111;0.0;1012.68;0.0;Showers in the Vicinity
1469736000;25.0;22.0;0.83;SE;4.722222222222222;0.0;0.0;0.0;Showers in the Vicinity
1469739600;26.0;21.0;0.74;SE;5.555555555555555;0.0;1012.68;0.0;Mostly Cloudy
1469743200;26.0;20.0;0.69;SE;6.111111111111111;0.0;1013.68;0.0;Mostly Cloudy
1469746800;26.0;20.0;0.69;SE;7.222222222222222;0.0;1014.67;0.0;Mostly Cloudy
1469750400;26.0;20.0;0.69;SSE;7.222222222222222;0.0;1014.67;0.0;Mostly Cloudy
1469754000;26.0;20.0;0.69;SSE;7.222222222222222;0.0;1015.67;0.0;Partly Cloudy
1469757600;26.0;20.0;0.69;SSE;6.666666666666666;0.0;1015.67;0.0;Partly Cloudy
1469847600;23.0;22.0;0.94;SSW;2.5;0.0;1014.67;0.0;Mostly Cloudy
1469851200;23.0;21.0;0.88;SW;2.5;0.0;1014.67;0.0;Mostly Cloudy
1469854800;23.0;21.0;0.88;S;1.9444444444444444;0.0;1013.68;0.0;Partly Cloudy
1469858400;22.0;21.0;0.94;WSW;3.0555555555555554;0.0;1013.68;0.0;Partly Cloudy
1469862000;22.0;21.0;0.94;SSW;2.5;0.0;1013.68;0.0;Partly Cloudy
1469865600;23.0;21.0;0.88;SSW;3.0555555555555554;0.0;1013.68;0.0;Partly Cloudy
1469869200;25.0;22.0;0.83;SE;6.111111111111111;0.0;1014.67;0.0;Partly Cloudy
1469872800;26.0;21.0;0.74;S;4.722222222222222;0.0;1014.67;0.0;Partly Cloudy
1469876400;24.0;21.0;0.83;ESE;3.0555555555555554;0.0;0.0;0.0;Showers in the Vicinity
1469880000;26.0;23.0;0.83;SSW;1.9444444444444444;0.0;1015.67;0.0;Mostly Cloudy
1469883600;28.0;22.0;0.7;SSE;8.333333333333334;0.0;1015.67;0.0;Partly Cloudy
1469887200;29.0;22.0;0.66;SSE;7.222222222222222;0.0;1015.67;0.0;Fair
1469890800;28.0;22.0;0.7;SSE;7.222222222222222;0.0;1014.67;0.0;Fair
1469894400;29.0;21.0;0.62;SSE;8.61111111111111;0.0;1014.67;0.0;Fair
1469898000;29.0;21.0;0.62;SSE;8.333333333333334;0.0;1013.68;0.0;Fair
1469901600;28.0;21.0;0.66;SSE;7.777777777777778;0.0;1013.68;0.0;Partly Cloudy
1469905200;27.0;21.0;0.7;SSE;8.61111111111111;0.0;1013.68;0.0;Partly Cloudy
1469908800;26.0;20.0;0.69;SSE;7.777777777777778;0.0;1013.68;0.0;Fair
1469912400;26.0;22.0;0.78;SSE;7.777777777777778;0.0;1013.68;0.0;Partly Cloudy
1469916000;26.0;22.0;0.78;SE;7.777777777777778;0.0;1014.67;0.0;Partly Cloudy
1469919600;26.0;21.0;0.74;SSE;8.333333333333334;0.0;1015.67;0.0;Partly Cloudy
1469923200;26.0;20.0;0.69;SSE;8.333333333333334;0.0;1015.67;0.0;Partly Cloudy
1469926800;25.0;20.0;0.74;SSE;7.222222222222222;0.0;1015.67;0.0;Partly Cloudy
1469930400;25.0;22.0;0.83;SSE;8.333333333333334;0.0;1015.67;0.0;Partly Cloudy
1470020400;23.0;21.0;0.88;S;8.333333333333334;0.0;1015.67;0.0;Light Rain
1470024000;25.0;21.0;0.78;SSE;5.277777777777778;0.0;1014.67;0.0;Mostly Cloudy
1470027600;25.0;20.0;0.74;SSE;7.222222222222222;0.0;1013.68;0.0;Fair
1470031200;24.0;21.0;0.83;S;7.777777777777778;0.0;1013.68;0.0;Partly Cloudy
1470034800;25.0;21.0;0.78;ESE;6.666666666666666;0.0;1013.68;0.0;Partly Cloudy
1470038400;25.0;21.0;0.78;SSE;6.666666666666666;0.0;1013.68;0.0;Mostly Cloudy
1470042000;26.0;20.0;0.69;SE;7.222222222222222;0.0;1014.67;0.0;Fair
1470045600;26.0;20.0;0.69;SE;7.222222222222222;0.0;1015.67;0.0;Partly Cloudy
1470049200;27.0;19.0;0.61;SE;7.777777777777778;0.0;1015.67;0.0;Fair
1470052800;28.0;18.0;0.54;SSE;8.61111111111111;0.0;1016.67;0.0;Fair
1470056400;28.0;19.0;0.58;SE;7.777777777777778;0.0;1016.67;0.0;Fair
1470060000;28.0;19.0;0.58;SE;7.777777777777778;0.0;1016.67;0.0;Fair
1470063600;28.0;18.0;0.54;SSE;8.333333333333334;0.0;1015.67;0.0;Fair
1470067200;28.0;20.0;0.62;SE;7.777777777777778;0.0;1014.67;0.0;Fair
1470070800;28.0;19.0;0.58;SE;8.333333333333334;0.0;1013.68;0.0;Fair
1470074400;28.0;20.0;0.62;SSE;7.222222222222222;0.0;1013.68;0.0;Fair
1470078000;28.0;20.0;0.62;SSE;6.111111111111111;0.0;1013.68;0.0;Fair
1470081600;27.0;20.0;0.65;SSE;6.111111111111111;0.0;1013.68;0.0;Partly Cloudy
1470085200;26.0;20.0;0.69;SSE;7.222222222222222;0.0;1013.68;0.0;Partly Cloudy
1470088800;26.0;21.0;0.74;SSE;5.277777777777778;0.0;1014.67;0.0;Partly Cloudy
1470092400;26.0;21.0;0.74;SE;5.277777777777778;0.0;1014.67;0.0;Partly Cloudy
1470093300;24.0;22.0;0.89;SE;5.277777777777778;12.777777777777777;1015.67;0.0;Rain Shower
1470096000;25.0;21.0;0.78;SSE;6.111111111111111;0.0;1015.67;0.0;Mostly Cloudy
1470099600;25.0;21.0;0.78;SE;5.277777777777778;0.0;1015.67;0.0;Partly Cloudy
1470103200;25.0;21.0;0.78;SE;5.277777777777778;0.0;1015.67;0.0;Partly Cloudy
1470279600;24.0;21.0;0.83;SSW;3.0555555555555554;0.0;1016.67;0.0;Mostly Cloudy
1470283200;24.0;21.0;0.83;SSW;4.166666666666667;0.0;1015.67;0.0;Mostly Cloudy
1470286800;23.0;21.0;0.88;SSW;3.0555555555555554;0.0;1015.67;0.0;Mostly Cloudy
1470290400;22.0;21.0;0.94;WSW;1.9444444444444444;0.0;1014.67;0.0;Partly Cloudy
1470294000;22.0;21.0;0.94;SSW;1.9444444444444444;0.0;1015.67;0.0;Mostly Cloudy
1470297600;22.0;21.0;0.94;W;1.6666666666666665;0.0;1015.67;0.0;Showers in the Vicinity
1470301200;22.0;20.0;0.88;SW;1.9444444444444444;0.0;1015.67;0.0;Partly Cloudy
1470304800;23.0;21.0;0.88;S;1.6666666666666665;0.0;1015.67;0.0;Partly Cloudy
1470308400;25.0;22.0;0.83;SSW;3.0555555555555554;0.0;1016.67;0.0;Partly Cloudy
1470312000;27.0;21.0;0.7;SSE;7.777777777777778;0.0;1016.67;0.0;Partly Cloudy
1470315600;27.0;22.0;0.74;SSE;8.333333333333334;0.0;1016.67;0.0;Partly Cloudy
1470319200;27.0;22.0;0.74;SE;6.111111111111111;0.0;1016.67;0.0;Mostly Cloudy
1470322800;28.0;21.0;0.66;SSE;7.777777777777778;0.0;1016.67;0.0;Partly Cloudy
1470326400;28.0;22.0;0.7;SSE;7.222222222222222;0.0;1015.67;0.0;Partly Cloudy
1470330000;28.0;21.0;0.66;SSE;7.222222222222222;0.0;1014.67;0.0;Partly Cloudy
1470333600;27.0;21.0;0.7;SSE;7.222222222222222;0.0;1014.67;0.0;Fair
1470337200;26.0;21.0;0.74;SSE;6.111111111111111;0.0;1014.67;0.0;Fair
1470340800;26.0;20.0;0.69;SSE;6.666666666666666;0.0;1014.67;0.0;Fair
1470344400;26.0;20.0;0.69;S;5.277777777777778;0.0;1014.67;0.0;Fair
1470348000;25.0;20.0;0.74;S;5.277777777777778;0.0;1015.67;0.0;Fair
1470351600;25.0;20.0;0.74;S;4.722222222222222;0.0;1015.67;0.0;Fair
1470355200;24.0;20.0;0.78;SW;2.5;0.0;1015.67;0.0;Partly Cloudy
1470358800;24.0;20.0;0.78;SW;3.0555555555555554;0.0;1016.67;0.0;Partly Cloudy
1470362400;23.0;20.0;0.83;SW;2.5;0.0;1016.67;0.0;Partly Cloudy
1470366000;23.0;20.0;0.83;SW;1.6666666666666665;0.0;1016.67;0.0;Partly Cloudy
1470369600;23.0;21.0;0.88;SSW;3.0555555555555554;0.0;1015.67;0.0;Partly Cloudy
1470373200;22.0;21.0;0.94;SW;2.5;0.0;1015.67;0.0;Partly Cloudy
1470376800;22.0;21.0;0.94;SSW;0.5555555555555556;0.0;1015.67;0.0;Partly Cloudy
1470380400;22.0;20.0;0.88;SW;1.6666666666666665;0.0;1015.67;0.0;Partly Cloudy
1470384000;23.0;21.0;0.88;S;3.611111111111111;0.0;1015.67;0.0;Mostly Cloudy
1470387600;22.0;21.0;0.94;SW;1.9444444444444444;0.0;1015.67;0.0;Mostly Cloudy
1470391200;22.0;21.0;0.94;SW;2.5;0.0;1016.67;0.0;Partly Cloudy
1470394800;25.0;22.0;0.83;SSW;2.5;0.0;1016.67;0.0;Partly Cloudy
1470398400;27.0;21.0;0.7;SSE;7.222222222222222;0.0;1017.67;0.0;Partly Cloudy
1470402000;26.0;22.0;0.78;SSE;7.222222222222222;0.0;1017.67;0.0;Showers in the Vicinity
1470405600;28.0;22.0;0.7;SSE;7.777777777777778;0.0;1017.67;0.0;Partly Cloudy
1470409200;28.0;22.0;0.7;S;8.333333333333334;0.0;1016.67;0.0;Mostly Cloudy
1470412800;28.0;21.0;0.66;SSE;8.61111111111111;0.0;1015.67;0.0;Partly Cloudy
1470416400;28.0;20.0;0.62;SSE;7.777777777777778;0.0;1015.67;0.0;Partly Cloudy
1470420000;27.0;21.0;0.7;SSE;7.222222222222222;0.0;1014.67;0.0;Partly Cloudy
1470423600;27.0;21.0;0.7;SSE;7.777777777777778;0.0;1014.67;0.0;Mostly Cloudy
1470427200;26.0;20.0;0.69;SSE;8.333333333333334;0.0;1015.67;0.0;Showers in the Vicinity
1470430800;25.0;21.0;0.78;SSE;7.777777777777778;0.0;1015.67;0.0;Showers in the Vicinity
1470434400;24.0;22.0;0.89;SSE;7.777777777777778;0.0;1015.67;0.0;Light Rain
1470438000;25.0;22.0;0.83;SSE;6.666666666666666;0.0;1015.67;0.0;Mostly Cloudy
1470441600;24.0;20.0;0.78;S;6.111111111111111;0.0;1016.67;0.0;Partly Cloudy
1470445200;25.0;21.0;0.78;SSE;6.111111111111111;0.0;1016.67;0.0;Partly Cloudy
1470448800;25.0;21.0;0.78;SSE;6.111111111111111;0.0;1016.67;0.0;Partly Cloudy
1470452400;25.0;22.0;0.83;SSE;5.555555555555555;0.0;1016.67;0.0;Mostly Cloudy
1470456000;25.0;21.0;0.78;SSE;6.111111111111111;0.0;1015.67;0.0;Mostly Cloudy
1470459600;25.0;21.0;0.78;SE;4.166666666666667;0.0;1015.67;0.0;Partly Cloudy
1470463200;25.0;20.0;0.74;SE;1.9444444444444444;0.0;1015.67;0.0;Mostly Cloudy
1470466800;23.0;21.0;0.88;SSW;2.5;0.0;1015.67;0.0;Mostly Cloudy
1470470400;25.0;21.0;0.78;SE;3.611111111111111;0.0;1015.67;0.0;Mostly Cloudy
1470474000;25.0;20.0;0.74;SE;4.166666666666667;0.0;1015.67;0.0;Partly Cloudy
1470477600;26.0;22.0;0.78;SE;4.722222222222222;0.0;1015.67;0.0;Partly Cloudy
1470481200;27.0;21.0;0.7;SE;6.111111111111111;0.0;1016.67;0.0;Fair
1470484800;27.0;21.0;0.7;ESE;5.277777777777778;0.0;1017.67;0.0;Partly Cloudy
1470488400;28.0;21.0;0.66;SE;5.555555555555555;0.0;1017.67;0.0;Partly Cloudy
1470492000;28.0;22.0;0.7;SSE;6.666666666666666;0.0;1017.67;0.0;Fair
1470495600;29.0;22.0;0.66;SSE;7.222222222222222;0.0;1016.67;0.0;Partly Cloudy
1470499200;28.0;22.0;0.7;SSE;7.222222222222222;0.0;1015.67;0.0;Partly Cloudy
1470502800;27.0;22.0;0.74;SE;6.666666666666666;0.0;1015.67;0.0;Partly Cloudy
1470506400;28.0;21.0;0.66;SE;5.277777777777778;0.0;1014.67;0.0;Partly Cloudy
1470510000;27.0;21.0;0.7;SSE;6.666666666666666;0.0;1015.67;0.0;Partly Cloudy
1470513600;25.0;22.0;0.83;S;6.111111111111111;0.0;1015.67;0.0;Showers in the Vicinity
1470517200;24.0;21.0;0.83;SSW;5.277777777777778;0.0;1015.67;0.0;Showers in the Vicinity
1470520800;25.0;22.0;0.83;SSE;3.611111111111111;0.0;1015.67;0.0;Partly Cloudy
1470524400;24.0;22.0;0.89;SSE;2.5;0.0;1016.67;0.0;Partly Cloudy
1470528000;25.0;22.0;0.83;SSE;5.277777777777778;0.0;1016.67;0.0;Partly Cloudy
1470531600;25.0;21.0;0.78;SSE;5.277777777777778;0.0;1017.67;0.0;Partly Cloudy
1470535200;25.0;21.0;0.78;SSW;2.5;0.0;1017.67;0.0;Partly Cloudy
1470538800;24.0;21.0;0.83;SW;3.0555555555555554;0.0;1016.67;0.0;Partly Cloudy
1470542400;23.0;21.0;0.88;SW;3.0555555555555554;0.0;1016.67;0.0;Partly Cloudy
1470546000;23.0;21.0;0.88;S;3.0555555555555554;0.0;1015.67;0.0;Mostly Cloudy
1470549600;22.0;21.0;0.94;CALM;0.0;0.0;1015.67;0.0;Partly Cloudy
1470553200;22.0;21.0;0.94;CALM;0.0;0.0;1015.67;0.0;Mostly Cloudy
1470556800;22.0;20.0;0.88;S;2.5;0.0;1015.67;0.0;Partly Cloudy
1470560400;23.0;21.0;0.88;SW;2.5;0.0;1015.67;0.0;Partly Cloudy
1470564000;24.0;21.0;0.83;WSW;2.5;0.0;1016.67;0.0;Partly Cloudy
1470567600;25.0;22.0;0.83;SW;3.0555555555555554;0.0;1016.67;0.0;Fair
1470571200;27.0;22.0;0.74;S;3.0555555555555554;0.0;1017.67;0.0;Partly Cloudy
1470574800;28.0;20.0;0.62;SSE;6.666666666666666;0.0;1017.67;0.0;Partly Cloudy
1470578400;28.0;23.0;0.74;SSE;6.666666666666666;0.0;1016.67;0.0;Partly Cloudy
1470582000;28.0;21.0;0.66;SSE;7.222222222222222;0.0;1016.67;0.0;Partly Cloudy
1470585600;27.0;22.0;0.74;SSE;7.222222222222222;0.0;1015.67;0.0;Partly Cloudy
1470589200;28.0;21.0;0.66;SSE;6.666666666666666;0.0;1014.67;0.0;Fair
1470592800;27.0;22.0;0.74;SSE;6.666666666666666;0.0;1014.67;0.0;Partly Cloudy
1470596400;27.0;22.0;0.74;SSE;6.666666666666666;0.0;1014.67;0.0;Partly Cloudy
1470600000;26.0;21.0;0.74;SSE;5.555555555555555;0.0;1014.67;0.0;Fair
1470603600;26.0;21.0;0.74;SSE;5.555555555555555;0.0;1015.67;0.0;Fair
1470607200;26.0;21.0;0.74;SSE;5.277777777777778;0.0;1015.67;0.0;Fair
1470610800;25.0;21.0;0.78;SSE;6.111111111111111;0.0;1016.67;0.0;Fair
1470614400;25.0;21.0;0.78;SSE;5.555555555555555;0.0;1016.67;0.0;Fair
1470618000;25.0;21.0;0.78;SSE;5.277777777777778;0.0;1016.67;0.0;Fair
1470621600;25.0;21.0;0.78;SSE;4.722222222222222;0.0;1016.67;0.0;Partly Cloudy
1470711600;25.0;21.0;0.78;SE;3.611111111111111;0.0;1015.67;0.0;Partly Cloudy
1470715200;24.0;21.0;0.83;SSW;1.9444444444444444;0.0;1015.67;0.0;Partly Cloudy
1470718800;23.0;21.0;0.88;SW;1.9444444444444444;0.0;1014.67;0.0;Fair
1470722400;22.0;20.0;0.88;S;1.1111111111111112;0.0;1014.67;0.0;Fair
1470726000;22.0;20.0;0.88;SW;1.6666666666666665;0.0;1014.67;0.0;Fair
1470729600;21.0;20.0;0.94;WSW;1.1111111111111112;0.0;1015.67;0.0;Fair
1470733200;21.0;20.0;0.94;SSW;1.9444444444444444;0.0;1015.67;0.0;Partly Cloudy
1470736800;23.0;21.0;0.88;WSW;1.6666666666666665;0.0;1016.67;0.0;Partly Cloudy
1470740400;25.0;22.0;0.83;SSW;3.611111111111111;0.0;1016.67;0.0;Partly Cloudy
1470744000;27.0;23.0;0.79;S;6.111111111111111;0.0;1016.67;0.0;Partly Cloudy
1470747600;28.0;22.0;0.7;S;7.222222222222222;0.0;1016.67;0.0;Partly Cloudy
1470751200;29.0;22.0;0.66;S;6.666666666666666;0.0;1016.67;0.0;Fair
1470754800;27.0;22.0;0.74;SSE;8.61111111111111;0.0;1015.67;0.0;Showers in the Vicinity
1470758400;26.0;22.0;0.78;S;7.777777777777778;0.0;1014.67;0.0;Showers in the Vicinity
1470762000;23.0;22.0;0.94;SSE;7.222222222222222;0.0;1014.67;0.0;Light Rain
1470762300;23.0;22.0;0.94;S;5.555555555555555;0.0;1014.67;0.0;Light Rain
1470765600;24.0;23.0;0.94;S;5.277777777777778;0.0;1014.67;0.0;Light Rain
1470769200;24.0;22.0;0.89;S;4.722222222222222;0.0;1014.67;0.0;Mostly Cloudy
1470772800;25.0;22.0;0.83;S;5.277777777777778;0.0;1015.67;0.0;Mostly Cloudy
1470776400;23.0;22.0;0.94;S;5.555555555555555;0.0;1015.67;0.0;Light Rain
1470777300;22.0;22.0;1.0;S;4.722222222222222;0.0;0.0;0.0;Light Rain
1470780000;23.0;23.0;1.0;SSE;4.166666666666667;0.0;1016.67;0.0;Light Rain
1470781200;22.0;22.0;1.0;SSW;5.277777777777778;0.0;1016.67;0.0;Light Rain
1470783600;22.0;22.0;1.0;SSW;4.722222222222222;0.0;1016.67;0.0;Light Rain
1470787200;22.0;22.0;1.0;SSW;3.0555555555555554;0.0;1016.67;0.0;Cloudy
1470790800;22.0;22.0;1.0;SSW;2.5;0.0;1016.67;0.0;Mostly Cloudy
1470794400;22.0;21.0;0.94;SW;2.5;0.0;1016.67;0.0;Mostly Cloudy
1470798000;22.0;22.0;1.0;WSW;2.5;0.0;1015.67;0.0;Mostly Cloudy
1470801600;22.0;21.0;0.94;SW;3.0555555555555554;0.0;1015.67;0.0;Mostly Cloudy
1470805200;22.0;21.0;0.94;SW;1.1111111111111112;0.0;1014.67;0.0;Mostly Cloudy
1470808800;22.0;22.0;1.0;SW;1.1111111111111112;0.0;1014.67;0.0;Mostly Cloudy
1470812400;22.0;22.0;1.0;CALM;0.0;0.0;1014.67;0.0;Mostly Cloudy
1470816000;22.0;22.0;1.0;SSW;1.6666666666666665;0.0;1014.67;0.0;Mostly Cloudy
1470819600;23.0;22.0;0.94;S;1.6666666666666665;0.0;1015.67;0.0;Partly Cloudy
1470823200;24.0;23.0;0.94;SSW;1.9444444444444444;0.0;1015.67;0.0;Partly Cloudy
1470826800;25.0;23.0;0.89;SSW;1.9444444444444444;0.0;1016.67;0.0;Partly Cloudy
1470830400;27.0;22.0;0.74;SE;4.166666666666667;0.0;1016.67;0.0;Partly Cloudy
1470834000;28.0;23.0;0.74;SSE;6.111111111111111;0.0;1016.67;0.0;Partly Cloudy
1470837600;28.0;22.0;0.7;SE;5.555555555555555;0.0;1015.67;0.0;Partly Cloudy
1470841200;28.0;22.0;0.7;SE;6.111111111111111;0.0;1014.67;0.0;Partly Cloudy
1470844800;28.0;23.0;0.74;SE;5.555555555555555;0.0;1014.67;0.0;Partly Cloudy
1470848400;28.0;22.0;0.7;SSE;6.111111111111111;0.0;1013.68;0.0;Partly Cloudy
1470852000;29.0;22.0;0.66;SSE;5.277777777777778;0.0;1013.68;0.0;Partly Cloudy
1470855600;28.0;22.0;0.7;SE;6.111111111111111;0.0;1013.68;0.0;Partly Cloudy
1470859200;27.0;22.0;0.74;SE;5.277777777777778;0.0;1013.68;0.0;Partly Cloudy
1470862800;27.0;22.0;0.74;SSE;4.722222222222222;0.0;1014.67;0.0;Partly Cloudy
1470866400;26.0;22.0;0.78;SSE;4.722222222222222;0.0;1014.67;0.0;Partly Cloudy
1470870000;26.0;22.0;0.78;SE;4.166666666666667;0.0;1015.67;0.0;Partly Cloudy
1470873600;26.0;22.0;0.78;SSE;3.611111111111111;0.0;1015.67;0.0;Partly Cloudy
1470877200;26.0;23.0;0.83;SSE;3.0555555555555554;0.0;1015.67;0.0;Partly Cloudy
1470880800;25.0;22.0;0.83;SSE;3.0555555555555554;0.0;1014.67;0.0;Fair
1470970800;25.0;20.0;0.74;SE;3.0555555555555554;0.0;1014.67;0.0;Partly Cloudy
1470974400;25.0;20.0;0.74;SE;4.722222222222222;0.0;1014.67;0.0;Partly Cloudy
1470978000;25.0;19.0;0.69;SE;3.0555555555555554;0.0;1013.68;0.0;Partly Cloudy
1470981600;25.0;19.0;0.69;SE;4.722222222222222;0.0;1013.68;0.0;Partly Cloudy
1470985200;25.0;19.0;0.69;SE;3.0555555555555554;0.0;1013.68;0.0;Partly Cloudy
1470988800;25.0;20.0;0.74;SE;3.0555555555555554;0.0;1014.67;0.0;Mostly Cloudy
1470992400;26.0;20.0;0.69;SSE;2.5;0.0;1014.67;0.0;Partly Cloudy
1470996000;27.0;20.0;0.65;ESE;4.722222222222222;0.0;1015.67;0.0;Partly Cloudy
1470999600;28.0;18.0;0.54;SE;5.555555555555555;0.0;1015.67;0.0;Fair
1471003200;28.0;18.0;0.54;SE;5.555555555555555;0.0;1015.67;0.0;Fair
1471006800;28.0;17.0;0.51;SE;5.277777777777778;0.0;1015.67;0.0;Fair
1471010400;28.0;17.0;0.51;SE;4.722222222222222;0.0;1015.67;0.0;Fair
1471014000;28.0;18.0;0.54;SE;5.555555555555555;0.0;1014.67;0.0;Fair
1471017600;28.0;18.0;0.54;SSE;6.666666666666666;0.0;1013.68;0.0;Fair
1471021200;28.0;19.0;0.58;ESE;5.277777777777778;0.0;1012.68;0.0;Fair
1471024800;28.0;20.0;0.62;SE;4.166666666666667;0.0;1012.68;0.0;Mostly Cloudy
1471028400;27.0;19.0;0.61;ESE;4.166666666666667;0.0;1012.68;0.0;Partly Cloudy
1471032000;27.0;19.0;0.61;ESE;3.0555555555555554;0.0;1013.68;0.0;Fair
1471035600;27.0;20.0;0.65;ESE;3.0555555555555554;0.0;1013.68;0.0;Fair
1471039200;26.0;20.0;0.69;SE;3.611111111111111;0.0;1013.68;0.0;Fair
1471042800;26.0;20.0;0.69;SE;3.611111111111111;0.0;1014.67;0.0;Fair
1471046400;26.0;19.0;0.65;SE;4.166666666666667;0.0;1014.67;0.0;Fair
1471050000;26.0;19.0;0.65;ESE;4.722222222222222;0.0;1014.67;0.0;Fair
1471053600;26.0;19.0;0.65;SE;3.611111111111111;0.0;1014.67;0.0;Partly Cloudy
1471057200;26.0;19.0;0.65;SE;2.5;0.0;1014.67;0.0;Partly Cloudy
1471060800;26.0;20.0;0.69;SE;3.0555555555555554;0.0;1013.68;0.0;Partly Cloudy
1471064400;26.0;19.0;0.65;SE;3.0555555555555554;0.0;1013.68;0.0;Partly Cloudy
1471068000;25.0;20.0;0.74;SE;3.0555555555555554;0.0;1013.68;0.0;Mostly Cloudy
1471071600;26.0;19.0;0.65;ESE;3.611111111111111;0.0;1013.68;0.0;Partly Cloudy
1471075200;25.0;19.0;0.69;ESE;5.277777777777778;0.0;1013.68;0.0;Partly Cloudy
1471078800;26.0;18.0;0.61;SE;2.5;0.0;1013.68;0.0;Partly Cloudy
1471082400;27.0;19.0;0.61;SE;3.0555555555555554;0.0;1014.67;0.0;Fair
1471086000;27.0;19.0;0.61;SE;5.277777777777778;0.0;1015.67;0.0;Fair
1471089600;27.0;20.0;0.65;SE;5.277777777777778;0.0;1015.67;0.0;Fair
1471093200;28.0;20.0;0.62;SSE;5.555555555555555;0.0;1015.67;0.0;Partly Cloudy
1471096800;28.0;20.0;0.62;SE;5.277777777777778;0.0;1015.67;0.0;Fair
1471100400;28.0;20.0;0.62;SE;5.555555555555555;0.0;1014.67;0.0;Fair
1471104000;28.0;19.0;0.58;ESE;5.555555555555555;0.0;1013.68;0.0;Fair
1471107600;29.0;20.0;0.58;ESE;5.555555555555555;0.0;1013.68;0.0;Fair
1471111200;28.0;19.0;0.58;SE;4.722222222222222;0.0;1012.68;0.0;Fair
1471114800;28.0;19.0;0.58;SSE;5.555555555555555;0.0;1012.68;0.0;Fair
1471118400;27.0;19.0;0.61;SE;4.722222222222222;0.0;1013.68;0.0;Fair
1471122000;26.0;20.0;0.69;SE;4.166666666666667;0.0;1013.68;0.0;Fair
1471125600;26.0;20.0;0.69;SE;3.611111111111111;0.0;1014.67;0.0;Fair
1471129200;26.0;20.0;0.69;SE;3.0555555555555554;0.0;1015.67;0.0;Fair
1471132800;26.0;19.0;0.65;SE;3.0555555555555554;0.0;1015.67;0.0;Fair
1471136400;26.0;19.0;0.65;SE;4.166666666666667;0.0;1015.67;0.0;Fair
1471140000;26.0;19.0;0.65;SE;3.611111111111111;0.0;1015.67;0.0;Fair
1471143600;26.0;20.0;0.69;SE;4.722222222222222;0.0;1014.67;0.0;Fair
1471147200;25.0;20.0;0.74;SE;4.166666666666667;0.0;1014.67;0.0;Fair
1471150800;24.0;20.0;0.78;S;1.9444444444444444;0.0;1013.68;0.0;Fair
1471154400;23.0;20.0;0.83;SW;2.5;0.0;1013.68;0.0;Fair
1471158000;23.0;20.0;0.83;SSW;1.1111111111111112;0.0;1013.68;0.0;Partly Cloudy
1471161600;22.0;19.0;0.83;S;1.1111111111111112;0.0;1014.67;0.0;Fair
1471165200;22.0;20.0;0.88;VAR;1.1111111111111112;0.0;1014.67;0.0;Partly Cloudy
1471168800;23.0;20.0;0.83;VAR;0.5555555555555556;0.0;1015.67;0.0;Fair
1471172400;25.0;21.0;0.78;SSW;2.5;0.0;1015.67;0.0;Partly Cloudy
1471176000;27.0;22.0;0.74;S;3.611111111111111;0.0;1016.67;0.0;Partly Cloudy
1471179600;27.0;22.0;0.74;SSE;5.555555555555555;0.0;1015.67;0.0;Partly Cloudy
1471183200;28.0;22.0;0.7;SSE;5.555555555555555;0.0;1015.67;0.0;Partly Cloudy
1471186800;28.0;22.0;0.7;SSE;6.111111111111111;0.0;1014.67;0.0;Partly Cloudy
1471190400;28.0;22.0;0.7;SE;5.555555555555555;0.0;1013.68;0.0;Partly Cloudy
1471194000;28.0;22.0;0.7;SSE;6.111111111111111;0.0;1012.68;0.0;Fair
1471197600;28.0;22.0;0.7;SE;5.277777777777778;0.0;1012.68;0.0;Fair
1471201200;27.0;21.0;0.7;SE;5.555555555555555;0.0;1012.68;0.0;Fair
1471204800;27.0;21.0;0.7;SSE;5.555555555555555;0.0;1013.68;0.0;Fair
1471208400;26.0;21.0;0.74;SSE;5.277777777777778;0.0;1013.68;0.0;Fair
1471212000;26.0;21.0;0.74;SSE;5.277777777777778;0.0;1013.68;0.0;Partly Cloudy
1471215600;26.0;21.0;0.74;SSE;5.277777777777778;0.0;1014.67;0.0;Mostly Cloudy
1471219200;26.0;21.0;0.74;SSE;4.166666666666667;0.0;1014.67;0.0;Partly Cloudy
1471222800;25.0;21.0;0.78;SSW;3.0555555555555554;0.0;1014.67;0.0;Mostly Cloudy
1471226400;25.0;22.0;0.83;SSW;3.0555555555555554;0.0;1014.67;0.0;Mostly Cloudy
1471316400;26.0;23.0;0.83;SE;3.0555555555555554;0.0;1013.68;0.0;Mostly Cloudy
1471320000;26.0;23.0;0.83;SE;3.611111111111111;0.0;1013.68;0.0;Partly Cloudy
1471323600;26.0;23.0;0.83;ESE;3.0555555555555554;0.0;1012.68;0.0;Partly Cloudy
1471327200;26.0;23.0;0.83;E;1.9444444444444444;0.0;1012.68;0.0;Fair
1471330800;26.0;23.0;0.83;E;1.9444444444444444;0.0;1012.68;0.0;Partly Cloudy
1471334400;26.0;23.0;0.83;E;1.6666666666666665;0.0;1013.68;0.0;Partly Cloudy
1471334700;25.0;23.0;0.89;SE;2.5;0.0;1013.68;0.0;Rain
1471335600;25.0;23.0;0.89;E;3.611111111111111;0.0;1013.68;0.0;Light Rain
1471338000;25.0;24.0;0.94;VAR;1.1111111111111112;0.0;1013.68;0.0;Showers in the Vicinity
1471341600;25.0;24.0;0.94;NW;1.6666666666666665;0.0;0.0;0.0;Showers in the Vicinity
1471345200;27.0;23.0;0.79;ENE;2.5;0.0;1014.67;0.0;Mostly Cloudy
1471348800;27.0;23.0;0.79;NE;3.0555555555555554;0.0;1015.67;0.0;Light Rain
1471352400;28.0;23.0;0.74;ENE;4.166666666666667;0.0;1015.67;0.0;Mostly Cloudy
1471356000;29.0;23.0;0.7;E;4.722222222222222;0.0;1014.67;0.0;Partly Cloudy
1471359600;29.0;24.0;0.74;E;4.166666666666667;0.0;1013.68;0.0;Partly Cloudy
1471363200;28.0;23.0;0.74;ESE;4.722222222222222;0.0;1012.68;0.0;Partly Cloudy
1471366800;28.0;23.0;0.74;E;4.722222222222222;0.0;1012.68;0.0;Fair
1471370400;28.0;23.0;0.74;E;4.166666666666667;0.0;1012.68;0.0;Partly Cloudy
1471374000;28.0;22.0;0.7;E;3.611111111111111;0.0;1012.68;0.0;Fair
1471377600;27.0;22.0;0.74;E;3.611111111111111;0.0;1012.68;0.0;Fair
1471381200;27.0;22.0;0.74;E;2.5;0.0;1012.68;0.0;Partly Cloudy
1471384800;27.0;22.0;0.74;E;2.5;0.0;1013.68;0.0;Fair
1471388400;27.0;22.0;0.74;E;2.5;0.0;1014.67;0.0;Fair
1471392000;27.0;22.0;0.74;E;3.0555555555555554;0.0;1014.67;0.0;Fair
1471395600;27.0;22.0;0.74;E;3.611111111111111;0.0;1014.67;0.0;Partly Cloudy
1471399200;27.0;22.0;0.74;ENE;3.0555555555555554;0.0;1014.67;0.0;Partly Cloudy
1471402800;26.0;22.0;0.78;ENE;2.5;0.0;1014.67;0.0;Partly Cloudy
1471406400;26.0;22.0;0.78;E;3.0555555555555554;0.0;1013.68;0.0;Partly Cloudy
1471410000;25.0;22.0;0.83;E;2.5;0.0;1012.68;0.0;Partly Cloudy
1471413600;25.0;22.0;0.83;E;1.9444444444444444;0.0;1012.68;0.0;Partly Cloudy
1471417200;26.0;22.0;0.78;E;3.0555555555555554;0.0;1013.68;0.0;Partly Cloudy
1471420800;26.0;22.0;0.78;E;3.611111111111111;0.0;1013.68;0.0;Partly Cloudy
1471424400;26.0;21.0;0.74;E;3.0555555555555554;0.0;1013.68;0.0;Partly Cloudy
1471428000;27.0;22.0;0.74;E;3.611111111111111;0.0;1014.67;0.0;Partly Cloudy
1471431600;28.0;22.0;0.7;E;3.611111111111111;0.0;1015.67;0.0;Partly Cloudy
1471435200;28.0;22.0;0.7;E;4.166666666666667;0.0;1015.67;0.0;Mostly Cloudy
1471438800;29.0;22.0;0.66;E;4.722222222222222;0.0;1015.67;0.0;Partly Cloudy
1471442400;29.0;22.0;0.66;ESE;5.555555555555555;0.0;1015.67;0.0;Partly Cloudy
1471446000;29.0;23.0;0.7;ESE;5.277777777777778;0.0;1014.67;0.0;Fair
1471449600;28.0;22.0;0.7;ESE;4.722222222222222;0.0;1014.67;0.0;Fair
1471453200;29.0;23.0;0.7;ESE;4.166666666666667;0.0;1013.68;0.0;Partly Cloudy
1471456800;28.0;22.0;0.7;ESE;4.722222222222222;0.0;1013.68;0.0;Partly Cloudy
1471460400;28.0;21.0;0.66;ESE;3.611111111111111;0.0;1013.68;0.0;Partly Cloudy
1471464000;27.0;22.0;0.74;ESE;4.722222222222222;0.0;1013.68;0.0;Fair
1471467600;27.0;21.0;0.7;ESE;3.0555555555555554;0.0;1013.68;0.0;Fair
1471471200;27.0;21.0;0.7;E;3.0555555555555554;0.0;1014.67;0.0;Fair
1471474800;27.0;22.0;0.74;E;3.611111111111111;0.0;1015.67;0.0;Partly Cloudy
1471478400;27.0;21.0;0.7;ESE;3.611111111111111;0.0;1015.67;0.0;Fair
1471482000;27.0;21.0;0.7;E;3.0555555555555554;0.0;1015.67;0.0;Partly Cloudy
1471485600;26.0;21.0;0.74;E;2.5;0.0;1015.67;0.0;Partly Cloudy
1471489200;26.0;21.0;0.74;ESE;2.5;0.0;1014.67;0.0;Partly Cloudy
1471492800;26.0;21.0;0.74;SE;2.5;0.0;1014.67;0.0;Partly Cloudy
1471496400;26.0;21.0;0.74;SE;2.5;0.0;1013.68;0.0;Partly Cloudy
1471500000;26.0;21.0;0.74;ESE;3.0555555555555554;0.0;1013.68;0.0;Fair
1471503600;25.0;22.0;0.83;SSE;3.611111111111111;0.0;1013.68;0.0;Partly Cloudy
1471507200;25.0;21.0;0.78;SSW;2.5;0.0;1013.68;0.0;Partly Cloudy
1471510800;24.0;22.0;0.89;SSW;2.5;0.0;1014.67;0.0;Showers in the Vicinity
1471514400;27.0;23.0;0.79;SE;3.611111111111111;0.0;1014.67;0.0;Partly Cloudy
1471518000;27.0;22.0;0.74;SE;4.722222222222222;0.0;1015.67;0.0;Mostly Cloudy
1471521600;28.0;22.0;0.7;ESE;5.555555555555555;0.0;1015.67;0.0;Partly Cloudy
1471525200;28.0;22.0;0.7;ESE;6.111111111111111;0.0;1015.67;0.0;Partly Cloudy
1471528800;28.0;22.0;0.7;ESE;6.111111111111111;0.0;1015.67;0.0;Partly Cloudy
1471532400;29.0;22.0;0.66;ESE;5.277777777777778;0.0;1014.67;0.0;Mostly Cloudy
1471536000;29.0;22.0;0.66;ESE;5.555555555555555;0.0;1013.68;0.0;Fair
1471539600;28.0;21.0;0.66;SE;4.166666666666667;0.0;1012.68;0.0;Fair
1471543200;28.0;21.0;0.66;ESE;4.722222222222222;0.0;1012.68;0.0;Fair
1471546800;28.0;21.0;0.66;ESE;4.722222222222222;0.0;1012.68;0.0;Fair
1471550400;27.0;21.0;0.7;SE;5.277777777777778;0.0;1012.68;0.0;Fair
1471554000;26.0;21.0;0.74;SE;4.166666666666667;0.0;1012.68;0.0;Fair
1471557600;27.0;22.0;0.74;SSE;5.277777777777778;0.0;1013.68;0.0;Mostly Cloudy
1471561200;26.0;22.0;0.78;SSE;5.277777777777778;0.0;1013.68;0.0;Partly Cloudy
1471564800;26.0;22.0;0.78;SE;6.111111111111111;0.0;1014.67;0.0;Mostly Cloudy
1471568400;26.0;22.0;0.78;SE;5.277777777777778;0.0;1014.67;0.0;Mostly Cloudy
1471572000;26.0;21.0;0.74;SE;5.555555555555555;0.0;1014.67;0.0;Mostly Cloudy
1471662000;26.0;23.0;0.83;SE;5.277777777777778;0.0;1014.67;0.0;Mostly Cloudy
1471665600;26.0;23.0;0.83;SE;5.277777777777778;0.0;1013.68;0.0;Mostly Cloudy
1471669200;26.0;22.0;0.78;S;3.611111111111111;0.0;1012.68;0.0;Mostly Cloudy
1471672800;26.0;22.0;0.78;SSE;6.111111111111111;0.0;1012.68;0.0;Mostly Cloudy
1471676400;25.0;23.0;0.89;SSE;4.722222222222222;0.0;1012.68;0.0;Mostly Cloudy
1471680000;24.0;23.0;0.94;SSE;5.555555555555555;0.0;1013.68;0.0;Light Rain
1471683600;24.0;23.0;0.94;S;2.5;0.0;1013.68;0.0;Showers in the Vicinity
1471687200;26.0;23.0;0.83;SE;5.277777777777778;0.0;1013.68;0.0;Mostly Cloudy
1471690800;27.0;22.0;0.74;SE;6.111111111111111;0.0;1014.67;0.0;Showers in the Vicinity
1471694400;27.0;23.0;0.79;ESE;6.111111111111111;0.0;1015.67;0.0;Partly Cloudy
1471698000;27.0;23.0;0.79;ESE;7.222222222222222;0.0;1015.67;0.0;Partly Cloudy
1471701600;29.0;23.0;0.7;ESE;6.666666666666666;0.0;1015.67;0.0;Mostly Cloudy
1471705200;28.0;22.0;0.7;ESE;5.277777777777778;0.0;1014.67;0.0;Partly Cloudy
1471708800;27.0;23.0;0.79;E;6.111111111111111;0.0;1013.68;0.0;Showers in the Vicinity
1471712400;27.0;22.0;0.74;SE;7.222222222222222;0.0;1012.68;0.0;Mostly Cloudy
1471716000;28.0;22.0;0.7;ESE;5.555555555555555;0.0;1012.68;0.0;Partly Cloudy
1471719600;27.0;22.0;0.74;SE;5.277777777777778;0.0;1012.68;0.0;Partly Cloudy
1471723200;27.0;22.0;0.74;SE;4.166666666666667;0.0;1013.68;0.0;Partly Cloudy
1471726800;26.0;21.0;0.74;SSE;4.722222222222222;0.0;1013.68;0.0;Fair
1471730400;26.0;21.0;0.74;SSE;4.722222222222222;0.0;1013.68;0.0;Fair
1471734000;26.0;21.0;0.74;SE;4.722222222222222;0.0;1014.67;0.0;Fair
1471737600;26.0;21.0;0.74;SSE;4.166666666666667;0.0;1014.67;0.0;Fair
1471741200;26.0;21.0;0.74;SE;4.722222222222222;0.0;1014.67;0.0;Partly Cloudy
1471744800;26.0;21.0;0.74;SSE;4.722222222222222;0.0;1014.67;0.0;Fair
1472007600;25.0;22.0;0.83;SE;5.277777777777778;0.0;1015.67;0.0;Mostly Cloudy
1472011200;24.0;22.0;0.89;S;3.0555555555555554;0.0;1014.67;0.0;Mostly Cloudy
1472014800;24.0;22.0;0.89;SSW;3.0555555555555554;0.0;1014.67;0.0;Partly Cloudy
1472018400;24.0;22.0;0.89;SW;2.5;0.0;1014.67;0.0;Partly Cloudy
1472022000;25.0;21.0;0.78;SE;6.111111111111111;0.0;1014.67;0.0;Partly Cloudy
1472025600;25.0;22.0;0.83;SE;5.277777777777778;0.0;1015.67;0.0;Partly Cloudy
1472029200;26.0;21.0;0.74;SE;5.277777777777778;0.0;1015.67;0.0;Partly Cloudy
1472032800;27.0;22.0;0.74;SSE;7.222222222222222;0.0;1016.67;0.0;Partly Cloudy
1472036400;26.0;22.0;0.78;SSE;6.111111111111111;0.0;1016.67;0.0;Partly Cloudy
1472040000;28.0;22.0;0.7;SSE;7.222222222222222;0.0;1017.67;0.0;Partly Cloudy
1472043600;28.0;22.0;0.7;SSE;7.777777777777778;0.0;1016.67;0.0;Partly Cloudy
1472047200;28.0;22.0;0.7;SSE;8.333333333333334;0.0;1016.67;0.0;Partly Cloudy
1472050800;29.0;22.0;0.66;SSE;7.777777777777778;0.0;1015.67;0.0;Partly Cloudy
1472054400;29.0;21.0;0.62;SSE;8.61111111111111;0.0;1014.67;0.0;Fair
1472058000;28.0;21.0;0.66;SSE;9.166666666666666;0.0;1013.68;0.0;Fair / Windy
1472061600;28.0;21.0;0.66;SSE;8.333333333333334;0.0;1013.68;0.0;Partly Cloudy
1472065200;27.0;20.0;0.65;SSE;8.61111111111111;0.0;1013.68;0.0;Partly Cloudy
1472068800;27.0;20.0;0.65;SSE;8.333333333333334;0.0;1014.67;0.0;Partly Cloudy
1472072400;26.0;19.0;0.65;SSE;7.777777777777778;0.0;1014.67;0.0;Partly Cloudy
1472076000;26.0;20.0;0.69;SSE;7.222222222222222;0.0;1015.67;0.0;Partly Cloudy
1472079600;26.0;19.0;0.65;SSE;7.222222222222222;0.0;1015.67;0.0;Fair
1472083200;26.0;19.0;0.65;SSE;7.222222222222222;0.0;1016.67;0.0;Fair
1472086800;26.0;20.0;0.69;SSE;5.555555555555555;0.0;1016.67;0.0;Partly Cloudy
1472090400;26.0;20.0;0.69;SSE;6.111111111111111;0.0;1015.67;0.0;Fair
1472180400;25.0;20.0;0.74;SSE;5.555555555555555;0.0;1014.67;0.0;Partly Cloudy
1472184000;25.0;20.0;0.74;SSE;6.111111111111111;0.0;1013.68;0.0;Partly Cloudy
1472187600;24.0;20.0;0.78;SSW;2.5;0.0;1013.68;0.0;Partly Cloudy
1472191200;23.0;20.0;0.83;SW;3.0555555555555554;0.0;1013.68;0.0;Partly Cloudy
1472194800;23.0;20.0;0.83;SW;2.5;0.0;1013.68;0.0;Partly Cloudy
1472198400;24.0;21.0;0.83;SSW;2.5;0.0;1013.68;0.0;Partly Cloudy
1472202000;25.0;20.0;0.74;SE;4.722222222222222;0.0;1013.68;0.0;Partly Cloudy
1472205600;26.0;20.0;0.69;SE;5.277777777777778;0.0;1014.67;0.0;Partly Cloudy
1472209200;27.0;21.0;0.7;SE;6.111111111111111;0.0;1014.67;0.0;Fair
1472212800;28.0;21.0;0.66;SE;6.666666666666666;0.0;1015.67;0.0;Partly Cloudy
1472216400;28.0;21.0;0.66;SE;7.222222222222222;0.0;1014.67;0.0;Partly Cloudy
1472220000;28.0;21.0;0.66;SE;7.777777777777778;0.0;1014.67;0.0;Partly Cloudy
1472223600;29.0;21.0;0.62;SE;7.222222222222222;0.0;1013.68;0.0;Partly Cloudy
1472227200;29.0;21.0;0.62;SSE;7.777777777777778;0.0;1012.68;0.0;Fair
1472230800;28.0;20.0;0.62;SSE;7.777777777777778;0.0;1011.68;0.0;Fair
1472234400;28.0;20.0;0.62;SSE;6.666666666666666;0.0;1011.68;0.0;Partly Cloudy
1472238000;27.0;20.0;0.65;SSE;7.222222222222222;0.0;1012.68;0.0;Partly Cloudy
1472241600;27.0;20.0;0.65;SE;6.666666666666666;0.0;1012.68;0.0;Partly Cloudy
1472245200;26.0;20.0;0.69;SSE;6.111111111111111;0.0;1013.68;0.0;Partly Cloudy
1472248800;27.0;20.0;0.65;SE;4.722222222222222;0.0;1013.68;0.0;Mostly Cloudy
1472252400;27.0;20.0;0.65;SE;6.111111111111111;0.0;1014.67;0.0;Partly Cloudy
1472256000;26.0;20.0;0.69;SE;4.166666666666667;0.0;1014.67;0.0;Partly Cloudy
1472259600;26.0;21.0;0.74;SE;4.722222222222222;0.0;1014.67;0.0;Partly Cloudy
1472263200;26.0;21.0;0.74;SE;5.277777777777778;0.0;1014.67;0.0;Partly Cloudy
1472266800;26.0;20.0;0.69;SE;5.277777777777778;0.0;1014.67;0.0;Fair
1472270400;26.0;21.0;0.74;SE;4.166666666666667;0.0;1013.68;0.0;Fair
1472274000;26.0;20.0;0.69;SE;5.277777777777778;0.0;1013.68;0.0;Fair
1472277600;26.0;20.0;0.69;SE;5.277777777777778;0.0;1012.68;0.0;Fair
1472281200;26.0;21.0;0.74;SE;4.166666666666667;0.0;1012.68;0.0;Fair
1472284800;26.0;21.0;0.74;SE;4.722222222222222;0.0;1013.68;0.0;Fair
1472288400;26.0;21.0;0.74;SE;5.555555555555555;0.0;1013.68;0.0;Fair
1472292000;26.0;21.0;0.74;SE;5.555555555555555;0.0;1014.67;0.0;Partly Cloudy
1472295600;28.0;21.0;0.66;SE;6.111111111111111;0.0;1015.67;0.0;Fair
1472299200;28.0;21.0;0.66;SE;6.666666666666666;0.0;1015.67;0.0;Partly Cloudy
1472302800;28.0;21.0;0.66;SE;6.666666666666666;0.0;1015.67;0.0;Partly Cloudy
1472306400;27.0;21.0;0.7;SE;8.333333333333334;0.0;1014.67;0.0;Mostly Cloudy
1472310000;24.0;22.0;0.89;SE;8.61111111111111;0.0;1014.67;0.0;Showers in the Vicinity
1472313600;27.0;22.0;0.74;ESE;5.277777777777778;0.0;1013.68;0.0;Partly Cloudy
1472317200;26.0;21.0;0.74;ESE;3.611111111111111;0.0;1012.68;0.0;Showers in the Vicinity
1472320800;28.0;21.0;0.66;SE;6.111111111111111;0.0;1012.68;0.0;Mostly Cloudy
1472324400;27.0;21.0;0.7;SE;7.222222222222222;0.0;1012.68;0.0;Mostly Cloudy
1472328000;27.0;20.0;0.65;SE;6.666666666666666;0.0;1013.68;0.0;Showers in the Vicinity
1472331600;25.0;22.0;0.83;SE;6.666666666666666;0.0;1013.68;0.0;Partly Cloudy
1472335200;26.0;22.0;0.78;SE;6.666666666666666;0.0;1014.67;0.0;Partly Cloudy
1472338800;26.0;21.0;0.74;SE;7.777777777777778;0.0;1014.67;0.0;Partly Cloudy
1472342400;26.0;22.0;0.78;SE;7.222222222222222;0.0;1014.67;0.0;Mostly Cloudy
1472346000;25.0;21.0;0.78;SE;6.111111111111111;0.0;1014.67;0.0;Partly Cloudy
1472349600;25.0;21.0;0.78;SSE;7.222222222222222;0.0;1014.67;0.0;Mostly Cloudy
1472439600;26.0;22.0;0.78;SE;3.611111111111111;0.0;1014.67;0.0;Mostly Cloudy
1472443200;26.0;22.0;0.78;ESE;3.0555555555555554;0.0;1013.68;0.0;Mostly Cloudy
1472446800;26.0;21.0;0.74;SSE;4.722222222222222;0.0;1013.68;0.0;Mostly Cloudy
1472450400;25.0;22.0;0.83;SE;3.0555555555555554;0.0;1013.68;0.0;Mostly Cloudy
1472454000;24.0;21.0;0.83;SSW;1.9444444444444444;0.0;1013.68;0.0;Partly Cloudy
1472457600;24.0;22.0;0.89;E;2.5;0.0;1013.68;0.0;Mostly Cloudy
1472461200;25.0;21.0;0.78;ESE;3.611111111111111;0.0;1014.67;0.0;Mostly Cloudy
1472464800;26.0;21.0;0.74;ENE;2.5;0.0;1014.67;0.0;Mostly Cloudy
1472468400;27.0;22.0;0.74;E;1.9444444444444444;0.0;1015.67;0.0;Mostly Cloudy
1472472000;28.0;22.0;0.7;E;2.5;0.0;1015.67;0.0;Partly Cloudy
1472475600;29.0;23.0;0.7;ESE;4.722222222222222;0.0;1015.67;0.0;Partly Cloudy
1472479200;28.0;22.0;0.7;ESE;5.277777777777778;0.0;1015.67;0.0;Partly Cloudy
1472482800;29.0;22.0;0.66;SE;5.277777777777778;0.0;1014.67;0.0;Partly Cloudy
1472486400;29.0;22.0;0.66;ESE;5.277777777777778;0.0;1014.67;0.0;Partly Cloudy
1472490000;29.0;22.0;0.66;SSE;5.277777777777778;0.0;1013.68;0.0;Partly Cloudy
1472493600;28.0;22.0;0.7;SSE;4.722222222222222;0.0;1013.68;0.0;Fair
1472497200;27.0;21.0;0.7;SE;4.722222222222222;0.0;1013.68;0.0;Partly Cloudy
1472500800;27.0;22.0;0.74;SSE;5.277777777777778;0.0;1013.68;0.0;Fair
1472504400;26.0;22.0;0.78;SSE;5.277777777777778;0.0;1014.67;0.0;Partly Cloudy
1472508000;26.0;22.0;0.78;SSE;5.555555555555555;0.0;1014.67;0.0;Partly Cloudy
1472511600;26.0;22.0;0.78;SSE;5.555555555555555;0.0;1015.67;0.0;Partly Cloudy
1472515200;26.0;22.0;0.78;SSE;5.555555555555555;0.0;1015.67;0.0;Partly Cloudy
1472518800;26.0;22.0;0.78;SE;5.555555555555555;0.0;1015.67;0.0;Partly Cloudy
1472522400;26.0;22.0;0.78;SE;6.111111111111111;0.0;1015.67;0.0;Partly Cloudy
1472526000;26.0;23.0;0.83;SSE;5.555555555555555;0.0;1015.67;0.0;Mostly Cloudy
1472529600;26.0;22.0;0.78;SE;5.555555555555555;0.0;1014.67;0.0;Mostly Cloudy
1472533200;26.0;22.0;0.78;SSE;5.277777777777778;0.0;1014.67;0.0;Fair
1472536800;26.0;23.0;0.83;SE;5.555555555555555;0.0;1013.68;0.0;Mostly Cloudy
1472540400;26.0;22.0;0.78;SE;5.555555555555555;0.0;1013.68;0.0;Fair
1472544000;25.0;22.0;0.83;SSE;5.555555555555555;0.0;1013.68;0.0;Partly Cloudy
1472547600;25.0;22.0;0.83;SSW;2.5;0.0;1014.67;0.0;Mostly Cloudy
1472551200;25.0;23.0;0.89;SW;2.5;0.0;1014.67;0.0;Mostly Cloudy
1472554800;28.0;23.0;0.74;SSE;6.111111111111111;0.0;1015.67;0.0;Partly Cloudy
1472558400;27.0;24.0;0.84;SSE;6.666666666666666;0.0;1015.67;0.0;Partly Cloudy
1472562000;27.0;24.0;0.84;SE;6.111111111111111;0.0;1015.67;0.0;Showers in the Vicinity
1472565600;29.0;23.0;0.7;SE;6.666666666666666;0.0;1014.67;0.0;Partly Cloudy
1472569200;30.0;23.0;0.66;SE;6.666666666666666;0.0;1014.67;0.0;Partly Cloudy
1472572800;30.0;23.0;0.66;SSE;6.111111111111111;0.0;1013.68;0.0;Partly Cloudy
1472576400;29.0;22.0;0.66;SE;6.111111111111111;0.0;1013.68;0.0;Partly Cloudy
1472580000;28.0;23.0;0.74;SE;6.111111111111111;0.0;1013.68;0.0;Mostly Cloudy
1472583600;28.0;23.0;0.74;SE;6.111111111111111;0.0;1013.68;0.0;Mostly Cloudy
1472587200;27.0;23.0;0.79;SE;5.555555555555555;0.0;1013.68;0.0;Mostly Cloudy
1472590800;27.0;23.0;0.79;SE;6.111111111111111;0.0;1013.68;0.0;Mostly Cloudy
1472594400;27.0;23.0;0.79;SE;6.666666666666666;0.0;1014.67;0.0;Mostly Cloudy
1472598000;27.0;23.0;0.79;SE;5.277777777777778;0.0;1014.67;0.0;Mostly Cloudy
1472601600;26.0;23.0;0.83;SE;4.166666666666667;0.0;1014.67;0.0;Partly Cloudy
1472605200;27.0;24.0;0.84;ESE;4.722222222222222;0.0;1015.67;0.0;Mostly Cloudy
1472608800;26.0;23.0;0.83;SE;5.277777777777778;0.0;1015.67;0.0;Mostly Cloudy
1472612400;26.0;23.0;0.83;SE;4.722222222222222;0.0;1014.67;0.0;Mostly Cloudy
1472616000;26.0;23.0;0.83;ESE;5.277777777777778;0.0;1013.68;0.0;Mostly Cloudy
1472619600;25.0;23.0;0.89;SE;5.555555555555555;0.0;1013.68;0.0;Mostly Cloudy
1472623200;25.0;23.0;0.89;ESE;3.611111111111111;0.0;1013.68;0.0;Cloudy
1472623500;24.0;23.0;0.94;ESE;4.722222222222222;0.0;1013.68;0.0;Light Rain
1472626800;24.0;23.0;0.94;SSE;3.611111111111111;0.0;1013.68;0.0;Light Rain
1472630400;24.0;23.0;0.94;SSE;3.0555555555555554;0.0;1013.68;0.0;Light Rain
1472634000;26.0;23.0;0.83;ESE;4.722222222222222;0.0;1014.67;0.0;Mostly Cloudy
1472637600;26.0;23.0;0.83;E;4.722222222222222;0.0;1014.67;0.0;Mostly Cloudy
1472641200;27.0;24.0;0.84;ESE;4.722222222222222;0.0;1015.67;0.0;Mostly Cloudy
1472644800;27.0;24.0;0.84;ESE;5.555555555555555;0.0;1015.67;0.0;Mostly Cloudy
1472648400;28.0;24.0;0.79;ESE;6.111111111111111;0.0;1016.67;0.0;Partly Cloudy
1472652000;28.0;24.0;0.79;SE;6.111111111111111;0.0;1015.67;0.0;Mostly Cloudy
1472655600;28.0;24.0;0.79;SE;7.777777777777778;0.0;1014.67;0.0;Mostly Cloudy
1472659200;27.0;23.0;0.79;SE;5.555555555555555;0.0;1014.67;0.0;Mostly Cloudy
1472662800;27.0;23.0;0.79;SE;6.111111111111111;0.0;1013.68;0.0;Showers in the Vicinity
1472666400;27.0;23.0;0.79;SSE;6.111111111111111;0.0;1013.68;0.0;Showers in the Vicinity
1472670000;26.0;23.0;0.83;SE;5.277777777777778;0.0;1013.68;0.0;Mostly Cloudy
1472673600;27.0;22.0;0.74;SE;5.277777777777778;0.0;1013.68;0.0;Mostly Cloudy
1472677200;26.0;22.0;0.78;SSE;6.111111111111111;0.0;1014.67;0.0;Mostly Cloudy
1472680800;27.0;22.0;0.74;SE;5.277777777777778;0.0;1014.67;0.0;Partly Cloudy
1472684400;26.0;22.0;0.78;SE;5.277777777777778;0.0;1015.67;0.0;Partly Cloudy
1472688000;27.0;22.0;0.74;SE;5.277777777777778;0.0;1016.67;0.0;Partly Cloudy
1472691600;26.0;21.0;0.74;SE;5.555555555555555;0.0;1016.67;0.0;Partly Cloudy
1472695200;26.0;22.0;0.78;SE;6.111111111111111;0.0;1016.67;0.0;Partly Cloudy
1472958000;26.0;21.0;0.74;SE;5.277777777777778;0.0;1015.67;0.0;Partly Cloudy
1472961600;26.0;20.0;0.69;ESE;5.277777777777778;0.0;1014.67;0.0;Partly Cloudy
1472965200;26.0;21.0;0.74;SE;5.277777777777778;0.0;1013.68;0.0;Mostly Cloudy
1472968800;26.0;21.0;0.74;SE;5.277777777777778;0.0;1013.68;0.0;Partly Cloudy
1472972400;26.0;20.0;0.69;SE;4.722222222222222;0.0;1014.67;0.0;Mostly Cloudy
1472976000;25.0;20.0;0.74;SE;5.277777777777778;0.0;1014.67;0.0;Partly Cloudy
1472979600;26.0;20.0;0.69;SE;4.722222222222222;0.0;1015.67;0.0;Partly Cloudy
1472983200;27.0;21.0;0.7;SE;4.722222222222222;0.0;1015.67;0.0;Partly Cloudy
1472986800;27.0;21.0;0.7;SE;5.277777777777778;0.0;1016.67;0.0;Partly Cloudy
1472990400;28.0;21.0;0.66;SE;5.277777777777778;0.0;1016.67;0.0;Fair
1472994000;29.0;21.0;0.62;SSE;5.277777777777778;0.0;1016.67;0.0;Fair
1472997600;29.0;21.0;0.62;SE;7.777777777777778;0.0;1015.67;0.0;Mostly Cloudy
1473001200;29.0;22.0;0.66;SE;6.111111111111111;0.0;1015.67;0.0;Mostly Cloudy
1473004800;29.0;22.0;0.66;SSE;6.111111111111111;0.0;1014.67;0.0;Mostly Cloudy
1473008400;28.0;22.0;0.7;SE;5.277777777777778;0.0;1014.67;0.0;Mostly Cloudy
1473012000;28.0;22.0;0.7;SE;6.111111111111111;0.0;1013.68;0.0;Partly Cloudy
1473015600;26.0;21.0;0.74;SE;7.777777777777778;0.0;1014.67;0.0;Partly Cloudy
1473019200;26.0;22.0;0.78;SE;5.555555555555555;0.0;1014.67;0.0;Partly Cloudy
1473022800;26.0;21.0;0.74;ESE;5.277777777777778;0.0;1014.67;0.0;Partly Cloudy
1473026400;26.0;22.0;0.78;SE;4.722222222222222;0.0;1015.67;0.0;Partly Cloudy
1473030000;26.0;22.0;0.78;SE;4.722222222222222;0.0;1016.67;0.0;Partly Cloudy
1473033600;26.0;21.0;0.74;SE;5.555555555555555;0.0;1016.67;0.0;Partly Cloudy
1473037200;26.0;21.0;0.74;SE;5.555555555555555;0.0;1016.67;0.0;Mostly Cloudy
1473040800;26.0;21.0;0.74;SE;5.277777777777778;0.0;1016.67;0.0;Partly Cloudy
1473390000;26.0;20.0;0.69;SE;5.555555555555555;0.0;1014.67;0.0;Partly Cloudy
1473393600;25.0;20.0;0.74;SE;4.722222222222222;0.0;1014.67;0.0;Fair
1473397200;25.0;20.0;0.74;SE;4.166666666666667;0.0;1014.67;0.0;Mostly Cloudy
1473400800;25.0;20.0;0.74;SE;4.722222222222222;0.0;1013.68;0.0;Partly Cloudy
1473404400;25.0;20.0;0.74;SE;4.166666666666667;0.0;1013.68;0.0;Fair
1473408000;25.0;20.0;0.74;SE;3.611111111111111;0.0;1014.67;0.0;Fair
1473411600;26.0;20.0;0.69;SE;3.611111111111111;0.0;1014.67;0.0;Partly Cloudy
1473415200;26.0;21.0;0.74;SSW;1.9444444444444444;0.0;1015.67;0.0;Partly Cloudy
1473418800;27.0;21.0;0.7;SE;5.277777777777778;0.0;1015.67;0.0;Partly Cloudy
1473422400;27.0;21.0;0.7;ESE;5.277777777777778;0.0;1016.67;0.0;Mostly Cloudy
1473426000;29.0;22.0;0.66;SSE;6.111111111111111;0.0;1016.67;0.0;Mostly Cloudy
1473429600;29.0;21.0;0.62;SE;4.166666666666667;0.0;1015.67;0.0;Partly Cloudy
1473433200;29.0;21.0;0.62;E;5.277777777777778;0.0;1015.67;0.0;Partly Cloudy
1473436800;28.0;21.0;0.66;SE;4.166666666666667;0.0;1014.67;0.0;Partly Cloudy
1473440400;28.0;22.0;0.7;SSE;5.277777777777778;0.0;1013.68;0.0;Partly Cloudy
1473444000;28.0;21.0;0.66;SSE;5.555555555555555;0.0;1013.68;0.0;Fair
1473447600;28.0;21.0;0.66;SE;5.555555555555555;0.0;1014.67;0.0;Fair
1473451200;26.0;22.0;0.78;SSE;5.555555555555555;0.0;1014.67;0.0;Partly Cloudy
1473454800;26.0;22.0;0.78;SSE;5.277777777777778;0.0;1014.67;0.0;Partly Cloudy
1473458400;26.0;22.0;0.78;SE;4.722222222222222;0.0;1015.67;0.0;Fair
1473462000;26.0;22.0;0.78;SE;4.722222222222222;0.0;1015.67;0.0;Partly Cloudy
1473465600;26.0;22.0;0.78;SE;4.166666666666667;0.0;1016.67;0.0;Partly Cloudy
1473469200;26.0;22.0;0.78;SE;4.166666666666667;0.0;1016.67;0.0;Partly Cloudy
1473472800;26.0;22.0;0.78;SSE;5.555555555555555;0.0;1016.67;0.0;Partly Cloudy
1473562800;23.0;22.0;0.94;SW;3.0555555555555554;0.0;1016.67;0.0;Showers in the Vicinity
1473566400;23.0;23.0;1.0;S;4.722222222222222;0.0;1015.67;0.0;Light Drizzle
1473570000;23.0;22.0;0.94;S;4.722222222222222;0.0;1015.67;0.0;Light Rain
1473573600;23.0;23.0;1.0;SSW;1.9444444444444444;0.0;1015.67;0.0;Mostly Cloudy
1473577200;23.0;22.0;0.94;SW;2.5;0.0;1015.67;0.0;Partly Cloudy
1473580800;23.0;23.0;1.0;S;2.5;0.0;1015.67;0.0;Showers in the Vicinity
1473584400;23.0;22.0;0.94;ENE;1.1111111111111112;0.0;1016.67;0.0;Showers in the Vicinity
1473588000;23.0;22.0;0.94;SW;3.611111111111111;0.0;1016.67;0.0;Mostly Cloudy
1473591600;26.0;23.0;0.83;SE;4.722222222222222;0.0;1016.67;0.0;Mostly Cloudy
1473598800;27.0;23.0;0.79;SE;6.111111111111111;0.0;1016.67;0.0;Mostly Cloudy
1473602400;28.0;23.0;0.74;SE;5.555555555555555;0.0;1016.67;0.0;Mostly Cloudy
1473606000;28.0;23.0;0.74;SE;5.277777777777778;0.0;1015.67;0.0;Mostly Cloudy
1473609600;27.0;23.0;0.79;SE;7.222222222222222;0.0;1014.67;0.0;Showers in the Vicinity
1473613200;27.0;22.0;0.74;SE;7.222222222222222;0.0;1014.67;0.0;Showers in the Vicinity
1473616800;27.0;23.0;0.79;SE;5.555555555555555;0.0;1013.68;0.0;Mostly Cloudy
1473620400;27.0;22.0;0.74;SE;5.555555555555555;0.0;1013.68;0.0;Partly Cloudy
1473624000;26.0;21.0;0.74;SE;5.277777777777778;0.0;1013.68;0.0;Partly Cloudy
1473627600;26.0;21.0;0.74;SE;4.722222222222222;0.0;1014.67;0.0;Partly Cloudy
1473631200;26.0;21.0;0.74;SE;4.722222222222222;0.0;1014.67;0.0;Partly Cloudy
1473634800;26.0;21.0;0.74;SE;5.277777777777778;0.0;1015.67;0.0;Mostly Cloudy
1473638400;26.0;21.0;0.74;SE;5.277777777777778;0.0;1015.67;0.0;Mostly Cloudy
1473642000;26.0;20.0;0.69;SE;5.277777777777778;0.0;1015.67;0.0;Mostly Cloudy
1473645600;26.0;20.0;0.69;SE;5.277777777777778;0.0;1015.67;0.0;Mostly Cloudy
1473822000;26.0;21.0;0.74;SE;4.166666666666667;0.0;1014.67;0.0;Mostly Cloudy
1473825600;26.0;22.0;0.78;SE;4.722222222222222;0.0;1014.67;0.0;Mostly Cloudy
1473829200;26.0;22.0;0.78;SE;3.611111111111111;0.0;1013.68;0.0;Partly Cloudy
1473832800;26.0;22.0;0.78;SE;4.722222222222222;0.0;1013.68;0.0;Partly Cloudy
1473836400;26.0;22.0;0.78;SE;3.611111111111111;0.0;1013.68;0.0;Mostly Cloudy
1473840000;26.0;22.0;0.78;ESE;3.0555555555555554;0.0;1014.67;0.0;Mostly Cloudy
1473843600;26.0;21.0;0.74;SE;4.166666666666667;0.0;1014.67;0.0;Mostly Cloudy
1473847200;27.0;22.0;0.74;SE;5.555555555555555;0.0;1015.67;0.0;Mostly Cloudy
1473850800;27.0;22.0;0.74;SE;6.111111111111111;0.0;1016.67;0.0;Mostly Cloudy
1473854400;28.0;23.0;0.74;SE;6.111111111111111;0.0;1016.67;0.0;Mostly Cloudy
1473858000;28.0;23.0;0.74;ESE;5.277777777777778;0.0;1016.67;0.0;Partly Cloudy
1473861600;29.0;23.0;0.7;SE;6.666666666666666;0.0;1015.67;0.0;Partly Cloudy
1473865200;30.0;22.0;0.62;ESE;6.111111111111111;0.0;1014.67;0.0;Partly Cloudy
1473868800;29.0;23.0;0.7;SE;5.277777777777778;0.0;1013.68;0.0;Mostly Cloudy
1473872400;29.0;23.0;0.7;ESE;5.277777777777778;0.0;1013.68;0.0;Partly Cloudy
1473876000;28.0;22.0;0.7;SE;6.111111111111111;0.0;1013.68;0.0;Fair
1473879600;27.0;22.0;0.74;ESE;4.722222222222222;0.0;1013.68;0.0;Fair
1473883200;27.0;22.0;0.74;SE;5.277777777777778;0.0;1013.68;0.0;Fair
1473886800;27.0;22.0;0.74;ESE;4.166666666666667;0.0;1013.68;0.0;Fair
1473890400;26.0;22.0;0.78;SE;4.722222222222222;0.0;1013.68;0.0;Partly Cloudy
1473894000;26.0;22.0;0.78;SE;4.722222222222222;0.0;1014.67;0.0;Partly Cloudy
1473897600;26.0;22.0;0.78;ESE;4.722222222222222;0.0;1015.67;0.0;Partly Cloudy
1473901200;26.0;22.0;0.78;ESE;4.166666666666667;0.0;1015.67;0.0;Partly Cloudy
1473904800;26.0;22.0;0.78;SE;4.722222222222222;0.0;1015.67;0.0;Partly Cloudy
1473908400;26.0;22.0;0.78;ESE;4.166666666666667;0.0;1014.67;0.0;Fair
1473912000;26.0;21.0;0.74;ESE;4.166666666666667;0.0;1013.68;0.0;Fair
1473915600;26.0;21.0;0.74;ESE;3.611111111111111;0.0;1013.68;0.0;Fair
1473919200;26.0;21.0;0.74;ESE;3.0555555555555554;0.0;1013.68;0.0;Partly Cloudy
1473922800;26.0;21.0;0.74;SE;3.611111111111111;0.0;1013.68;0.0;Fair
1473926400;25.0;21.0;0.78;SE;3.0555555555555554;0.0;1014.67;0.0;Partly Cloudy
1473930000;26.0;22.0;0.78;ESE;3.0555555555555554;0.0;1014.67;0.0;Partly Cloudy
1473933600;27.0;21.0;0.7;SE;4.166666666666667;0.0;1015.67;0.0;Fair
1473937200;27.0;22.0;0.74;ESE;5.277777777777778;0.0;1016.67;0.0;Partly Cloudy
1473940800;28.0;22.0;0.7;SE;6.111111111111111;0.0;1016.67;0.0;Mostly Cloudy
1473944400;29.0;22.0;0.66;SSE;5.277777777777778;0.0;1016.67;0.0;Mostly Cloudy
1473948000;29.0;22.0;0.66;SE;4.166666666666667;0.0;1015.67;0.0;Partly Cloudy
1473951600;29.0;22.0;0.66;SE;5.277777777777778;0.0;1014.67;0.0;Partly Cloudy
1473955200;29.0;23.0;0.7;SSE;6.111111111111111;0.0;1013.68;0.0;Partly Cloudy
1473958800;28.0;22.0;0.7;SSE;5.555555555555555;0.0;1012.68;0.0;Partly Cloudy
1473962400;27.0;23.0;0.79;SE;5.277777777777778;0.0;1012.68;0.0;Partly Cloudy
1473966000;28.0;22.0;0.7;SE;4.166666666666667;0.0;1012.68;0.0;Partly Cloudy
1473969600;27.0;22.0;0.74;ESE;4.722222222222222;0.0;1012.68;0.0;Partly Cloudy
1473973200;27.0;22.0;0.74;ESE;4.166666666666667;0.0;1013.68;0.0;Partly Cloudy
1473976800;26.0;22.0;0.78;ESE;3.611111111111111;0.0;1013.68;0.0;Partly Cloudy
1473980400;26.0;23.0;0.83;SE;4.166666666666667;0.0;1014.67;0.0;Partly Cloudy
1473984000;26.0;22.0;0.78;SE;3.611111111111111;0.0;1015.67;0.0;Partly Cloudy
1473987600;26.0;23.0;0.83;ESE;2.5;0.0;1015.67;0.0;Partly Cloudy
1473991200;26.0;22.0;0.78;E;2.5;0.0;1015.67;0.0;Partly Cloudy
1473994800;26.0;22.0;0.78;SE;1.9444444444444444;0.0;1014.67;0.0;Partly Cloudy
1473998400;26.0;23.0;0.83;E;3.0555555555555554;0.0;1013.68;0.0;Partly Cloudy
1474002000;26.0;23.0;0.83;ESE;2.5;0.0;1013.68;0.0;Partly Cloudy
1474005600;26.0;23.0;0.83;E;2.5;0.0;1012.68;0.0;Mostly Cloudy
1474009200;26.0;22.0;0.78;E;3.0555555555555554;0.0;1012.68;0.0;Partly Cloudy
1474012800;26.0;23.0;0.83;E;2.5;0.0;1013.68;0.0;Partly Cloudy
1474016400;26.0;23.0;0.83;ENE;2.5;0.0;1013.68;0.0;Partly Cloudy
1474020000;27.0;23.0;0.79;E;3.0555555555555554;0.0;1014.67;0.0;Mostly Cloudy
1474023600;28.0;24.0;0.79;E;3.611111111111111;0.0;1014.67;0.0;Mostly Cloudy
1474027200;28.0;23.0;0.74;E;4.722222222222222;0.0;1015.67;0.0;Mostly Cloudy
1474030800;29.0;23.0;0.7;E;4.722222222222222;0.0;1015.67;0.0;Mostly Cloudy
1474034400;28.0;23.0;0.74;ESE;4.722222222222222;0.0;1015.67;0.0;Mostly Cloudy
1474038000;29.0;24.0;0.74;SE;5.555555555555555;0.0;1014.67;0.0;Mostly Cloudy
1474041600;28.0;24.0;0.79;SE;6.111111111111111;0.0;1013.68;0.0;Mostly Cloudy
1474045200;29.0;24.0;0.74;SE;5.555555555555555;0.0;1012.68;0.0;Mostly Cloudy
1474048800;28.0;23.0;0.74;SE;5.277777777777778;0.0;1013.68;0.0;Mostly Cloudy
1474052400;27.0;23.0;0.79;ESE;3.611111111111111;0.0;1013.68;0.0;Showers in the Vicinity
1474056000;27.0;24.0;0.84;SE;5.277777777777778;0.0;1013.68;0.0;Mostly Cloudy
1474059600;26.0;24.0;0.89;SE;4.722222222222222;0.0;1014.67;0.0;Mostly Cloudy
1474063200;27.0;23.0;0.79;SE;5.555555555555555;0.0;1014.67;0.0;Mostly Cloudy
1474066800;27.0;23.0;0.79;ESE;4.722222222222222;0.0;1015.67;0.0;Mostly Cloudy
1474070400;27.0;23.0;0.79;ESE;4.722222222222222;0.0;1015.67;0.0;Mostly Cloudy
1474074000;27.0;23.0;0.79;ESE;4.166666666666667;0.0;1016.67;0.0;Partly Cloudy
1474077600;27.0;23.0;0.79;E;4.166666666666667;0.0;1015.67;0.0;Partly Cloudy
1474081200;26.0;23.0;0.83;ESE;4.722222222222222;0.0;1014.67;0.0;Partly Cloudy
1474084800;26.0;23.0;0.83;SE;5.555555555555555;0.0;1014.67;0.0;Partly Cloudy
1474088400;26.0;22.0;0.78;ESE;4.722222222222222;0.0;1013.68;0.0;Partly Cloudy
1474092000;26.0;22.0;0.78;SE;4.722222222222222;0.0;1013.68;0.0;Partly Cloudy
1474095600;26.0;22.0;0.78;ESE;4.166666666666667;0.0;1013.68;0.0;Partly Cloudy
1474099200;26.0;22.0;0.78;ESE;4.166666666666667;0.0;1014.67;0.0;Mostly Cloudy
1474102800;26.0;22.0;0.78;ESE;4.722222222222222;0.0;1014.67;0.0;Mostly Cloudy
1474106400;27.0;22.0;0.74;SE;4.722222222222222;0.0;1015.67;0.0;Partly Cloudy
1474110000;28.0;22.0;0.7;ESE;6.111111111111111;0.0;1015.67;0.0;Partly Cloudy
1474113600;28.0;23.0;0.74;ESE;5.555555555555555;0.0;1016.67;0.0;Partly Cloudy
1474117200;28.0;22.0;0.7;ESE;6.111111111111111;0.0;1016.67;0.0;Partly Cloudy
1474120800;28.0;22.0;0.7;SE;6.111111111111111;0.0;1015.67;0.0;Fair
1474124400;29.0;22.0;0.66;SE;6.111111111111111;0.0;1014.67;0.0;Fair
1474128000;29.0;22.0;0.66;SE;6.111111111111111;0.0;1014.67;0.0;Partly Cloudy
1474131600;28.0;22.0;0.7;SSE;6.666666666666666;0.0;1013.68;0.0;Mostly Cloudy
1474135200;27.0;23.0;0.79;SSE;5.277777777777778;0.0;1013.68;0.0;Mostly Cloudy
1474138800;27.0;22.0;0.74;SSE;4.722222222222222;0.0;1012.68;0.0;Mostly Cloudy
1474142400;27.0;21.0;0.7;SE;5.277777777777778;0.0;1013.68;0.0;Partly Cloudy
1474146000;27.0;21.0;0.7;SE;4.722222222222222;0.0;1013.68;0.0;Partly Cloudy
1474149600;26.0;21.0;0.74;SE;4.722222222222222;0.0;1014.67;0.0;Partly Cloudy
1474153200;26.0;21.0;0.74;SE;5.277777777777778;0.0;1014.67;0.0;Partly Cloudy
1474156800;26.0;20.0;0.69;SSE;5.555555555555555;0.0;1014.67;0.0;Partly Cloudy
1474160400;26.0;20.0;0.69;SSE;6.666666666666666;0.0;1015.67;0.0;Mostly Cloudy
1474164000;26.0;20.0;0.69;SE;5.277777777777778;0.0;1015.67;0.0;Partly Cloudy
1474167600;26.0;21.0;0.74;SE;4.722222222222222;0.0;1014.67;0.0;Partly Cloudy
1474171200;25.0;20.0;0.74;SSE;5.555555555555555;0.0;1014.67;0.0;Partly Cloudy
1474174800;26.0;20.0;0.69;SE;5.277777777777778;0.0;1013.68;0.0;Partly Cloudy
1474178400;25.0;20.0;0.74;SE;4.722222222222222;0.0;1013.68;0.0;Mostly Cloudy
1474182000;25.0;20.0;0.74;SE;4.166666666666667;0.0;1013.68;0.0;Mostly Cloudy
1474185600;25.0;20.0;0.74;SE;4.166666666666667;0.0;1013.68;0.0;Partly Cloudy
1474189200;26.0;21.0;0.74;SE;3.611111111111111;0.0;1014.67;0.0;Partly Cloudy
1474192800;26.0;21.0;0.74;SE;5.277777777777778;0.0;1015.67;0.0;Partly Cloudy
1474196400;27.0;21.0;0.7;SE;4.722222222222222;0.0;1015.67;0.0;Partly Cloudy
1474200000;28.0;21.0;0.66;ESE;4.722222222222222;0.0;1016.67;0.0;Partly Cloudy
1474203600;28.0;22.0;0.7;SE;5.555555555555555;0.0;1015.67;0.0;Partly Cloudy
1474207200;28.0;21.0;0.66;SE;5.555555555555555;0.0;1015.67;0.0;Partly Cloudy
1474214400;29.0;20.0;0.58;SE;6.111111111111111;0.0;1013.68;0.0;Partly Cloudy
1474218000;29.0;20.0;0.58;SE;6.111111111111111;0.0;1012.68;0.0;Fair
1474221600;28.0;20.0;0.62;SSE;6.111111111111111;0.0;1012.68;0.0;Fair
1474225200;28.0;19.0;0.58;SE;5.277777777777778;0.0;1012.68;0.0;Fair
1474228800;27.0;20.0;0.65;SE;5.555555555555555;0.0;1013.68;0.0;Fair
1474232400;26.0;20.0;0.69;SE;4.166666666666667;0.0;1013.68;0.0;Fair
1474236000;26.0;20.0;0.69;SE;5.555555555555555;0.0;1014.67;0.0;Partly Cloudy
1474239600;26.0;20.0;0.69;SE;4.166666666666667;0.0;1014.67;0.0;Fair
1474243200;26.0;20.0;0.69;SE;5.277777777777778;0.0;1015.67;0.0;Fair
1474246800;26.0;20.0;0.69;SE;4.722222222222222;0.0;1015.67;0.0;Partly Cloudy
1474250400;26.0;20.0;0.69;SE;4.166666666666667;0.0;1015.67;0.0;Partly Cloudy
1474254000;25.0;20.0;0.74;SE;4.722222222222222;0.0;1014.67;0.0;Partly Cloudy
1474257600;25.0;20.0;0.74;ESE;4.722222222222222;0.0;1013.68;0.0;Fair
1474261200;25.0;20.0;0.74;SE;3.0555555555555554;0.0;1013.68;0.0;Partly Cloudy
1474264800;25.0;20.0;0.74;SE;3.0555555555555554;0.0;1013.68;0.0;Fair
1474268400;25.0;20.0;0.74;SE;3.611111111111111;0.0;1013.68;0.0;Fair
1474272000;23.0;20.0;0.83;S;1.6666666666666665;0.0;1013.68;0.0;Fair
1474275600;24.0;20.0;0.78;SW;1.9444444444444444;0.0;1014.67;0.0;Partly Cloudy
1474279200;26.0;21.0;0.74;SW;3.0555555555555554;0.0;1014.67;0.0;Partly Cloudy
1474282800;27.0;21.0;0.7;SSE;3.0555555555555554;0.0;1014.67;0.0;Partly Cloudy
1474286400;28.0;21.0;0.66;SSE;5.277777777777778;0.0;1015.67;0.0;Partly Cloudy
1474290000;28.0;21.0;0.66;SSE;6.111111111111111;0.0;1015.67;0.0;Mostly Cloudy
1474293600;29.0;22.0;0.66;SSE;6.111111111111111;0.0;1014.67;0.0;Mostly Cloudy
1474297200;29.0;22.0;0.66;SSE;7.222222222222222;0.0;1014.67;0.0;Mostly Cloudy
1474300800;29.0;21.0;0.62;SSE;7.222222222222222;0.0;1013.68;0.0;Partly Cloudy
1474304400;29.0;21.0;0.62;SSE;7.777777777777778;0.0;1012.68;0.0;Partly Cloudy
1474308000;28.0;21.0;0.66;SSE;7.222222222222222;0.0;1011.68;0.0;Fair
1474311600;27.0;21.0;0.7;SSE;6.666666666666666;0.0;1011.68;0.0;Fair
1474315200;27.0;22.0;0.74;SSE;6.111111111111111;0.0;1012.68;0.0;Partly Cloudy
1474318800;26.0;22.0;0.78;SSE;5.555555555555555;0.0;1012.68;0.0;Partly Cloudy
1474322400;26.0;22.0;0.78;SSE;5.555555555555555;0.0;1012.68;0.0;Partly Cloudy
1474326000;26.0;22.0;0.78;SSE;5.277777777777778;0.0;1013.68;0.0;Partly Cloudy
1474329600;26.0;22.0;0.78;SSE;4.722222222222222;0.0;1013.68;0.0;Partly Cloudy
1474333200;25.0;22.0;0.83;S;4.166666666666667;0.0;1013.68;0.0;Partly Cloudy
1474336800;26.0;22.0;0.78;SE;3.611111111111111;0.0;1013.68;0.0;Partly Cloudy
1474344000;26.0;22.0;0.78;ESE;1.9444444444444444;0.0;1012.68;0.0;Fair
1474347600;25.0;22.0;0.83;SE;2.5;0.0;1012.68;0.0;Fair
1474351200;26.0;22.0;0.78;ESE;1.9444444444444444;0.0;1012.68;0.0;Partly Cloudy
1474354800;25.0;22.0;0.83;SE;1.9444444444444444;0.0;1012.68;0.0;Fair
1474358400;23.0;22.0;0.94;SW;1.9444444444444444;0.0;1012.68;0.0;Partly Cloudy
1474362000;24.0;22.0;0.89;NW;1.6666666666666665;0.0;1013.68;0.0;Partly Cloudy
1474365600;26.0;23.0;0.83;VAR;1.1111111111111112;0.0;1013.68;0.0;Fair
1474369200;27.0;22.0;0.74;E;3.0555555555555554;0.0;1014.67;0.0;Partly Cloudy
1474372800;28.0;22.0;0.7;E;3.611111111111111;0.0;1014.67;0.0;Partly Cloudy
1474376400;29.0;22.0;0.66;E;3.0555555555555554;0.0;1014.67;0.0;Partly Cloudy
1474380000;29.0;23.0;0.7;ESE;3.611111111111111;0.0;1013.68;0.0;Partly Cloudy
1474383600;28.0;23.0;0.74;SE;4.166666666666667;0.0;1012.68;0.0;Partly Cloudy
1474387200;28.0;23.0;0.74;SE;4.166666666666667;0.0;1012.68;0.0;Partly Cloudy
1474390800;29.0;23.0;0.7;ESE;3.0555555555555554;0.0;1011.68;0.0;Partly Cloudy
1474394400;29.0;23.0;0.7;ESE;3.611111111111111;0.0;1011.68;0.0;Partly Cloudy
1474398000;28.0;23.0;0.74;E;3.611111111111111;0.0;1011.68;0.0;Partly Cloudy
1474401600;27.0;23.0;0.79;E;3.611111111111111;0.0;1011.68;0.0;Mostly Cloudy
1474405200;27.0;24.0;0.84;ESE;3.0555555555555554;0.0;1012.68;0.0;Showers in the Vicinity
1474408800;27.0;23.0;0.79;E;4.166666666666667;0.0;1012.68;0.0;Partly Cloudy
1474412400;27.0;23.0;0.79;ESE;4.722222222222222;0.0;1013.68;0.0;Mostly Cloudy
1474416000;27.0;23.0;0.79;E;4.722222222222222;0.0;1013.68;0.0;Partly Cloudy
1474419600;27.0;23.0;0.79;ESE;4.166666666666667;0.0;1013.68;0.0;Partly Cloudy
1474423200;26.0;23.0;0.83;E;3.611111111111111;0.0;1013.68;0.0;Partly Cloudy
1474426800;26.0;23.0;0.83;ESE;4.166666666666667;0.0;1012.68;0.0;Partly Cloudy
1474430400;26.0;23.0;0.83;ESE;3.611111111111111;0.0;1012.68;0.0;Mostly Cloudy
1474434000;26.0;23.0;0.83;ESE;3.611111111111111;0.0;1012.68;0.0;Mostly Cloudy
1474437600;26.0;23.0;0.83;ESE;3.0555555555555554;0.0;1011.68;0.0;Partly Cloudy
1474441200;26.0;23.0;0.83;E;3.0555555555555554;0.0;1011.68;0.0;Partly Cloudy
1474444800;26.0;23.0;0.83;E;2.5;0.0;1012.68;0.0;Partly Cloudy
1474448400;26.0;23.0;0.83;E;3.0555555555555554;0.0;1012.68;0.0;Partly Cloudy
1474452000;27.0;23.0;0.79;E;3.611111111111111;0.0;1012.68;0.0;Partly Cloudy
1474455600;28.0;23.0;0.74;E;3.0555555555555554;0.0;1013.68;0.0;Mostly Cloudy
1474459200;28.0;23.0;0.74;E;4.166666666666667;0.0;1014.67;0.0;Mostly Cloudy
1474462800;29.0;23.0;0.7;E;3.611111111111111;0.0;1013.68;0.0;Partly Cloudy
1474466400;28.0;24.0;0.79;E;3.0555555555555554;0.0;1013.68;0.0;Mostly Cloudy
1474470000;30.0;23.0;0.66;E;3.0555555555555554;0.0;1012.68;0.0;Partly Cloudy
1474473600;29.0;24.0;0.74;ESE;5.277777777777778;0.0;1012.68;0.0;Fair
1474477200;29.0;23.0;0.7;E;3.0555555555555554;0.0;1011.68;0.0;Fair
1474480800;28.0;23.0;0.74;E;4.722222222222222;0.0;1011.68;0.0;Partly Cloudy
1474484400;28.0;23.0;0.74;E;3.0555555555555554;0.0;1011.68;0.0;Partly Cloudy
1474488000;27.0;23.0;0.79;E;3.611111111111111;0.0;1011.68;0.0;Fair
1474491600;27.0;23.0;0.79;ENE;3.611111111111111;0.0;1012.68;0.0;Fair
1474495200;27.0;24.0;0.84;ENE;3.0555555555555554;0.0;1012.68;0.0;Partly Cloudy
1474498800;27.0;23.0;0.79;E;3.0555555555555554;0.0;1013.68;0.0;Partly Cloudy
1474502400;27.0;23.0;0.79;E;3.0555555555555554;0.0;1013.68;0.0;Fair
1474506000;27.0;23.0;0.79;ENE;3.0555555555555554;0.0;1013.68;0.0;Mostly Cloudy
1474509600;26.0;23.0;0.83;E;3.611111111111111;0.0;1013.68;0.0;Partly Cloudy
1474599600;27.0;23.0;0.79;SE;5.277777777777778;0.0;1014.67;0.0;Partly Cloudy
1474603200;26.0;23.0;0.83;ESE;3.611111111111111;0.0;1014.67;0.0;Partly Cloudy
1474606800;26.0;23.0;0.83;SE;3.611111111111111;0.0;1014.67;0.0;Partly Cloudy
1474610400;26.0;23.0;0.83;SE;4.166666666666667;0.0;1013.68;0.0;Partly Cloudy
1474614000;26.0;23.0;0.83;SE;3.611111111111111;0.0;1014.67;0.0;Mostly Cloudy
1474617600;26.0;23.0;0.83;SE;3.611111111111111;0.0;1014.67;0.0;Partly Cloudy
1474621200;27.0;23.0;0.79;ESE;4.166666666666667;0.0;1015.67;0.0;Fair
1474624800;28.0;23.0;0.74;SE;4.722222222222222;0.0;1015.67;0.0;Fair
1474628400;28.0;23.0;0.74;ESE;5.277777777777778;0.0;1016.67;0.0;Fair
1474632000;29.0;23.0;0.7;SE;5.277777777777778;0.0;1016.67;0.0;Partly Cloudy
1474635600;29.0;21.0;0.62;ESE;4.722222222222222;0.0;1016.67;0.0;Fair
1474639200;30.0;21.0;0.58;SE;5.277777777777778;0.0;1015.67;0.0;Partly Cloudy
1474642800;29.0;21.0;0.62;ESE;5.277777777777778;0.0;1014.67;0.0;Partly Cloudy
1474646400;29.0;23.0;0.7;ESE;5.555555555555555;0.0;1014.67;0.0;Partly Cloudy
1474650000;29.0;23.0;0.7;ESE;5.277777777777778;0.0;1013.68;0.0;Partly Cloudy
1474653600;29.0;23.0;0.7;SE;5.277777777777778;0.0;1013.68;0.0;Partly Cloudy
1474657200;28.0;22.0;0.7;SE;5.277777777777778;0.0;1013.68;0.0;Fair
1474660800;27.0;22.0;0.74;SE;4.166666666666667;0.0;1014.67;0.0;Mostly Cloudy
1474664400;27.0;22.0;0.74;SE;4.722222222222222;0.0;1014.67;0.0;Mostly Cloudy
1474668000;27.0;22.0;0.74;SE;4.166666666666667;0.0;1015.67;0.0;Partly Cloudy
1474671600;27.0;22.0;0.74;ESE;4.166666666666667;0.0;1015.67;0.0;Partly Cloudy
1474675200;27.0;22.0;0.74;ESE;4.166666666666667;0.0;1015.67;0.0;Mostly Cloudy
1474678800;27.0;22.0;0.74;ESE;4.166666666666667;0.0;1016.67;0.0;Mostly Cloudy
1474682400;27.0;22.0;0.74;ESE;4.166666666666667;0.0;1016.67;0.0;Mostly Cloudy
1474858800;26.0;21.0;0.74;ESE;3.0555555555555554;0.0;1011.68;0.0;Fair
1474862400;26.0;21.0;0.74;ESE;2.5;0.0;1011.68;0.0;Fair
1474866000;26.0;21.0;0.74;ESE;1.9444444444444444;0.0;1011.68;0.0;Fair
1474869600;26.0;21.0;0.74;ESE;2.5;0.0;1011.68;0.0;Fair
1474873200;26.0;21.0;0.74;ESE;1.6666666666666665;0.0;1011.68;0.0;Partly Cloudy
1474876800;26.0;21.0;0.74;E;1.9444444444444444;0.0;1011.68;0.0;Fair
1474880400;25.0;21.0;0.78;NNE;1.6666666666666665;0.0;1012.68;0.0;Fair
1474884000;27.0;22.0;0.74;E;3.0555555555555554;0.0;1012.68;0.0;Fair
1474887600;28.0;21.0;0.66;E;3.611111111111111;0.0;1012.68;0.0;Partly Cloudy
1474891200;28.0;22.0;0.7;E;3.611111111111111;0.0;1013.68;0.0;Mostly Cloudy
1474894800;29.0;22.0;0.66;ENE;4.166666666666667;0.0;1013.68;0.0;Partly Cloudy
1474898400;29.0;22.0;0.66;E;3.611111111111111;0.0;1012.68;0.0;Partly Cloudy
1474902000;29.0;22.0;0.66;E;4.722222222222222;0.0;1011.68;0.0;Fair
1474905600;29.0;22.0;0.66;ESE;4.722222222222222;0.0;1010.68;0.0;Fair
1474909200;28.0;22.0;0.7;E;3.611111111111111;0.0;1010.68;0.0;Fair
1474912800;28.0;22.0;0.7;E;4.166666666666667;0.0;1010.68;0.0;Fair
1474916400;27.0;22.0;0.74;ESE;4.166666666666667;0.0;1010.68;0.0;Fair
1474920000;27.0;22.0;0.74;ESE;2.5;0.0;1010.68;0.0;Fair
1474923600;27.0;22.0;0.74;ESE;3.611111111111111;0.0;1010.68;0.0;Fair
1474927200;27.0;22.0;0.74;ESE;2.5;0.0;1011.68;0.0;Partly Cloudy
1474930800;26.0;22.0;0.78;SE;2.5;0.0;1012.68;0.0;Partly Cloudy
1474934400;27.0;22.0;0.74;ESE;3.0555555555555554;0.0;1013.68;0.0;Partly Cloudy
1474938000;27.0;22.0;0.74;ESE;3.0555555555555554;0.0;1013.68;0.0;Partly Cloudy
1474941600;27.0;23.0;0.79;ESE;3.611111111111111;0.0;1012.68;0.0;Partly Cloudy
1474945200;27.0;22.0;0.74;E;3.0555555555555554;0.0;1012.68;0.0;Partly Cloudy
1474948800;26.0;22.0;0.78;E;2.5;0.0;1012.68;0.0;Partly Cloudy
1474952400;26.0;22.0;0.78;SE;2.5;0.0;1011.68;0.0;Partly Cloudy
1474956000;26.0;22.0;0.78;ESE;3.0555555555555554;0.0;1011.68;0.0;Partly Cloudy
1474959600;25.0;22.0;0.83;ESE;1.9444444444444444;0.0;1011.68;0.0;Partly Cloudy
1474963200;25.0;22.0;0.83;CALM;0.0;0.0;1011.68;0.0;Partly Cloudy
1474966800;25.0;22.0;0.83;WSW;2.5;0.0;1012.68;0.0;Partly Cloudy
1474970400;25.0;23.0;0.89;WSW;2.5;0.0;1013.68;0.0;Partly Cloudy
1474974000;28.0;23.0;0.74;SE;3.0555555555555554;0.0;1013.68;0.0;Partly Cloudy
1474977600;29.0;22.0;0.66;E;3.0555555555555554;0.0;1014.67;0.0;Fair
1474981200;29.0;23.0;0.7;ESE;3.611111111111111;0.0;1013.68;0.0;Partly Cloudy
1474984800;29.0;23.0;0.7;ESE;4.166666666666667;0.0;1013.68;0.0;Partly Cloudy
1474988400;30.0;23.0;0.66;ESE;4.722222222222222;0.0;1012.68;0.0;Partly Cloudy
1474992000;29.0;23.0;0.7;SE;5.555555555555555;0.0;1011.68;0.0;Fair
1474995600;29.0;22.0;0.66;ESE;5.277777777777778;0.0;1010.68;0.0;Fair
1474999200;28.0;23.0;0.74;ESE;5.277777777777778;0.0;1010.68;0.0;Fair
1475002800;28.0;23.0;0.74;SE;4.166666666666667;0.0;1010.68;0.0;Fair
1475006400;27.0;23.0;0.79;SE;4.722222222222222;0.0;1011.68;0.0;Partly Cloudy
1475010000;27.0;23.0;0.79;SE;3.611111111111111;0.0;1011.68;0.0;Mostly Cloudy
1475013600;27.0;23.0;0.79;SE;3.611111111111111;0.0;1012.68;0.0;Mostly Cloudy
1475017200;27.0;23.0;0.79;SE;4.722222222222222;0.0;1013.68;0.0;Mostly Cloudy
1475020800;27.0;22.0;0.74;SE;4.722222222222222;0.0;1013.68;0.0;Fair
1475024400;27.0;23.0;0.79;SE;5.277777777777778;0.0;1013.68;0.0;Partly Cloudy
1475028000;27.0;23.0;0.79;SE;4.166666666666667;0.0;1013.68;0.0;Mostly Cloudy
1475290800;27.0;23.0;0.79;ESE;4.722222222222222;0.0;1012.68;0.0;Partly Cloudy
1475294400;27.0;22.0;0.74;ESE;4.166666666666667;0.0;1012.68;0.0;Partly Cloudy
1475298000;26.0;22.0;0.78;SE;4.166666666666667;0.0;1011.68;0.0;Partly Cloudy
1475301600;26.0;22.0;0.78;E;4.722222222222222;0.0;1011.68;0.0;Partly Cloudy
1475305200;26.0;22.0;0.78;ESE;3.611111111111111;0.0;1011.68;0.0;Partly Cloudy
1475308800;26.0;22.0;0.78;ESE;3.611111111111111;0.0;1012.68;0.0;Fair
1475312400;27.0;22.0;0.74;ESE;4.722222222222222;0.0;1012.68;0.0;Fair
1475316000;28.0;22.0;0.7;ESE;4.722222222222222;0.0;1013.68;0.0;Partly Cloudy
1475319600;28.0;22.0;0.7;ESE;3.611111111111111;0.0;1014.67;0.0;Partly Cloudy
1475323200;29.0;23.0;0.7;SE;4.722222222222222;0.0;1014.67;0.0;Partly Cloudy
1475326800;29.0;23.0;0.7;SE;5.555555555555555;0.0;1014.67;0.0;Partly Cloudy
1475330400;30.0;22.0;0.62;ESE;4.722222222222222;0.0;1014.67;0.0;Partly Cloudy
1475334000;30.0;23.0;0.66;SE;4.722222222222222;0.0;1014.67;0.0;Partly Cloudy
1475337600;30.0;23.0;0.66;ESE;5.555555555555555;0.0;1013.68;0.0;Partly Cloudy
1475341200;29.0;23.0;0.7;ESE;5.277777777777778;0.0;1012.68;0.0;Partly Cloudy
1475344800;28.0;23.0;0.74;SE;5.277777777777778;0.0;1012.68;0.0;Partly Cloudy
1475348400;28.0;22.0;0.7;SSE;5.555555555555555;0.0;1012.68;0.0;Partly Cloudy
1475352000;27.0;22.0;0.74;SE;3.611111111111111;0.0;1012.68;0.0;Partly Cloudy
1475355600;27.0;22.0;0.74;SE;5.277777777777778;0.0;1012.68;0.0;Partly Cloudy
1475359200;27.0;22.0;0.74;SE;5.277777777777778;0.0;1013.68;0.0;Partly Cloudy
1475362800;27.0;22.0;0.74;SE;5.277777777777778;0.0;1013.68;0.0;Partly Cloudy
1475366400;27.0;22.0;0.74;SE;5.277777777777778;0.0;1014.67;0.0;Partly Cloudy
1475370000;27.0;22.0;0.74;SE;4.166666666666667;0.0;1014.67;0.0;Partly Cloudy
1475373600;26.0;22.0;0.78;SE;5.277777777777778;0.0;1014.67;0.0;Partly Cloudy
1475463600;26.0;22.0;0.78;SSE;6.666666666666666;0.0;1013.68;0.0;Partly Cloudy
1475467200;26.0;21.0;0.74;SSE;5.277777777777778;0.0;1012.68;0.0;Partly Cloudy
1475470800;26.0;21.0;0.74;SSE;6.666666666666666;0.0;1012.68;0.0;Partly Cloudy
1475474400;26.0;21.0;0.74;SSE;6.111111111111111;0.0;1012.68;0.0;Partly Cloudy
1475478000;26.0;21.0;0.74;SSE;5.555555555555555;0.0;1011.68;0.0;Fair
1475481600;26.0;21.0;0.74;SSE;5.555555555555555;0.0;1011.68;0.0;Fair
1475485200;26.0;22.0;0.78;SSE;7.777777777777778;0.0;1012.68;0.0;Mostly Cloudy
1475488800;27.0;22.0;0.74;S;7.222222222222222;0.0;1013.68;0.0;Partly Cloudy
1475492400;29.0;22.0;0.66;SSE;5.555555555555555;0.0;1014.67;0.0;Partly Cloudy
1475496000;28.0;21.0;0.66;SE;5.555555555555555;0.0;1014.67;0.0;Partly Cloudy
1475499600;27.0;22.0;0.74;SSE;6.111111111111111;0.0;1014.67;0.0;Mostly Cloudy
1475503200;26.0;22.0;0.78;ESE;4.722222222222222;0.0;1014.67;0.0;Mostly Cloudy
1475506800;28.0;21.0;0.66;ESE;4.722222222222222;0.0;1012.68;0.0;Partly Cloudy
1475510400;28.0;22.0;0.7;ESE;6.111111111111111;0.0;1011.68;0.0;Partly Cloudy
1475514000;29.0;21.0;0.62;SE;6.666666666666666;0.0;1011.68;0.0;Fair
1475532000;26.0;21.0;0.74;SSE;6.666666666666666;0.0;1012.68;0.0;Fair
1475535600;26.0;21.0;0.74;SSE;5.555555555555555;0.0;1012.68;0.0;Fair
1475539200;26.0;22.0;0.78;SE;6.111111111111111;0.0;1013.68;0.0;Partly Cloudy
1475542800;26.0;20.0;0.69;SE;6.111111111111111;0.0;1013.68;0.0;Mostly Cloudy
1475546400;26.0;21.0;0.74;SE;6.111111111111111;0.0;1012.68;0.0;Partly Cloudy
1475550000;26.0;21.0;0.74;SE;5.277777777777778;0.0;1011.68;0.0;Partly Cloudy
1475553600;26.0;21.0;0.74;SE;5.277777777777778;0.0;1011.68;0.0;Mostly Cloudy
1475557200;26.0;21.0;0.74;SE;5.277777777777778;0.0;1010.68;0.0;Partly Cloudy
1475560800;26.0;21.0;0.74;SE;5.555555555555555;0.0;1010.68;0.0;Partly Cloudy
1475564400;26.0;21.0;0.74;SE;4.166666666666667;0.0;1010.68;0.0;Partly Cloudy
1475568000;26.0;21.0;0.74;SE;3.611111111111111;0.0;1011.68;0.0;Partly Cloudy
1475571600;26.0;21.0;0.74;SE;4.166666666666667;0.0;1011.68;0.0;Mostly Cloudy
1475575200;27.0;22.0;0.74;SE;5.277777777777778;0.0;1012.68;0.0;Mostly Cloudy
1475578800;28.0;22.0;0.7;SE;5.277777777777778;0.0;1012.68;0.0;Mostly Cloudy
1475582400;28.0;22.0;0.7;ESE;5.277777777777778;0.0;1012.68;0.0;Partly Cloudy
1475586000;28.0;23.0;0.74;ESE;4.722222222222222;0.0;1012.68;0.0;Mostly Cloudy
1475589600;29.0;22.0;0.66;SE;6.111111111111111;0.0;1012.68;0.0;Partly Cloudy
1475593200;29.0;22.0;0.66;SSE;6.111111111111111;0.0;1011.68;0.0;Mostly Cloudy
1475596800;29.0;23.0;0.7;SSE;6.111111111111111;0.0;1010.68;0.0;Mostly Cloudy
1475600400;29.0;22.0;0.66;SSE;6.111111111111111;0.0;1009.68;0.0;Partly Cloudy
1475604000;28.0;23.0;0.74;SE;5.277777777777778;0.0;1009.68;0.0;Partly Cloudy
1475607600;27.0;22.0;0.74;SE;4.722222222222222;0.0;1009.68;0.0;Fair
1475611200;27.0;22.0;0.74;SE;4.166666666666667;0.0;1009.68;0.0;Fair
1475614800;27.0;22.0;0.74;SE;4.722222222222222;0.0;1010.68;0.0;Fair
1475618400;27.0;22.0;0.74;SE;4.166666666666667;0.0;1010.68;0.0;Fair
1475622000;27.0;22.0;0.74;SE;4.722222222222222;0.0;1011.68;0.0;Fair
1475625600;26.0;22.0;0.78;SE;4.166666666666667;0.0;1011.68;0.0;Partly Cloudy
1475629200;27.0;22.0;0.74;SE;5.277777777777778;0.0;1012.68;0.0;Partly Cloudy
1475632800;26.0;22.0;0.78;ESE;4.166666666666667;0.0;1011.68;0.0;Mostly Cloudy
1475895600;25.0;23.0;0.89;NW;1.6666666666666665;0.0;1009.68;0.0;Partly Cloudy
1475899200;26.0;23.0;0.83;N;1.9444444444444444;0.0;1009.68;0.0;Fair
1475902800;26.0;22.0;0.78;NNE;3.0555555555555554;0.0;1009.68;0.0;Fair
1475906400;24.0;22.0;0.89;NW;1.9444444444444444;0.0;1009.68;0.0;Fair
1475910000;24.0;22.0;0.89;NW;1.9444444444444444;0.0;1010.68;0.0;Fair
1475913600;23.0;22.0;0.94;NW;1.6666666666666665;0.0;1010.68;0.0;Fair
1475917200;24.0;22.0;0.89;NW;1.9444444444444444;0.0;1011.68;0.0;Fair
1475920800;25.0;23.0;0.89;WNW;1.9444444444444444;0.0;1011.68;0.0;Fair
1475924400;29.0;23.0;0.7;ENE;5.555555555555555;0.0;1012.68;0.0;Fair
1475928000;29.0;23.0;0.7;NE;4.722222222222222;0.0;1012.68;0.0;Partly Cloudy
1475931600;30.0;23.0;0.66;NE;6.111111111111111;0.0;1012.68;0.0;Partly Cloudy
1475935200;29.0;23.0;0.7;NE;6.111111111111111;0.0;1012.68;0.0;Fair
1475938800;30.0;23.0;0.66;NE;5.277777777777778;0.0;1011.68;0.0;Fair
1475942400;31.0;22.0;0.58;NE;5.555555555555555;0.0;1010.68;0.0;Fair
1475946000;30.0;23.0;0.66;NE;4.722222222222222;0.0;1010.68;0.0;Fair
1475949600;30.0;23.0;0.66;NE;4.722222222222222;0.0;1009.68;0.0;Fair
1475953200;29.0;23.0;0.7;ENE;3.611111111111111;0.0;1010.68;0.0;Fair
1475956800;28.0;23.0;0.74;ENE;3.611111111111111;0.0;1010.68;0.0;Fair
1475960400;27.0;23.0;0.79;ENE;3.0555555555555554;0.0;1011.68;0.0;Partly Cloudy
1475964000;27.0;23.0;0.79;NE;3.0555555555555554;0.0;1011.68;0.0;Mostly Cloudy
1475967600;27.0;23.0;0.79;ENE;2.5;0.0;1012.68;0.0;Partly Cloudy
1475971200;27.0;23.0;0.79;ENE;1.9444444444444444;0.0;1012.68;0.0;Fair
1475974800;27.0;23.0;0.79;E;1.9444444444444444;0.0;1013.68;0.0;Fair
1475978400;27.0;23.0;0.79;E;3.0555555555555554;0.0;1012.68;0.0;Mostly Cloudy
1476241200;26.0;21.0;0.74;SE;7.777777777777778;0.0;1011.68;0.0;Partly Cloudy
1476244800;25.0;21.0;0.78;SE;6.111111111111111;0.0;1010.68;0.0;Fair
1476248400;25.0;22.0;0.83;SE;5.277777777777778;0.0;1010.68;0.0;Partly Cloudy
1476252000;25.0;22.0;0.83;SE;7.777777777777778;0.0;1010.68;0.0;Mostly Cloudy
1476255600;25.0;22.0;0.83;SE;5.277777777777778;0.0;1010.68;0.0;Partly Cloudy
1476259200;25.0;21.0;0.78;SE;6.111111111111111;0.0;1011.68;0.0;Mostly Cloudy
1476262800;25.0;21.0;0.78;E;7.222222222222222;0.0;1011.68;0.0;Partly Cloudy
1476266400;26.0;21.0;0.74;SE;6.111111111111111;0.0;1012.68;0.0;Showers in the Vicinity
1476270000;27.0;21.0;0.7;SE;4.722222222222222;0.0;1013.68;0.0;Mostly Cloudy
1476273600;29.0;21.0;0.62;ESE;6.666666666666666;0.0;1013.68;0.0;Partly Cloudy
1476277200;30.0;22.0;0.62;SE;6.666666666666666;0.0;1014.67;0.0;Partly Cloudy
1476280800;29.0;22.0;0.66;SE;6.666666666666666;0.0;1013.68;0.0;Partly Cloudy
1476284400;29.0;22.0;0.66;SE;7.222222222222222;0.0;1012.68;0.0;Mostly Cloudy
1476288000;30.0;22.0;0.62;SE;6.666666666666666;0.0;1012.68;0.0;Mostly Cloudy
1476291600;28.0;22.0;0.7;SE;6.666666666666666;0.0;1011.68;0.0;Mostly Cloudy
1476295200;27.0;23.0;0.79;SE;5.277777777777778;0.0;1011.68;0.0;Mostly Cloudy
1476298800;28.0;22.0;0.7;SE;7.222222222222222;0.0;1012.68;0.0;Mostly Cloudy
1476302400;27.0;22.0;0.74;SE;6.111111111111111;0.0;1012.68;0.0;Mostly Cloudy
1476306000;26.0;23.0;0.83;SE;5.277777777777778;0.0;1013.68;0.0;Mostly Cloudy
1476309600;25.0;22.0;0.83;ESE;5.555555555555555;0.0;1014.67;0.0;Mostly Cloudy
1476313200;25.0;23.0;0.89;ENE;1.1111111111111112;0.0;1014.67;0.0;Mostly Cloudy
1476316800;25.0;23.0;0.89;SSE;2.5;0.0;1015.67;0.0;Mostly Cloudy
1476320400;25.0;23.0;0.89;S;1.9444444444444444;0.0;1015.67;0.0;Mostly Cloudy
1476324000;25.0;23.0;0.89;SE;5.555555555555555;0.0;1014.67;0.0;Mostly Cloudy
1476327600;25.0;22.0;0.83;SSE;4.166666666666667;0.0;1013.68;0.0;Mostly Cloudy
1476331200;25.0;23.0;0.89;SE;4.722222222222222;0.0;1013.68;0.0;Partly Cloudy
1476334800;26.0;23.0;0.83;ESE;2.5;0.0;1013.68;0.0;Partly Cloudy
1476338400;25.0;23.0;0.89;SE;3.0555555555555554;0.0;1012.68;0.0;Partly Cloudy
1476342000;26.0;23.0;0.83;SE;3.0555555555555554;0.0;1013.68;0.0;Partly Cloudy
1476345600;26.0;23.0;0.83;ESE;3.0555555555555554;0.0;1013.68;0.0;Mostly Cloudy
1476349200;26.0;23.0;0.83;ESE;2.5;0.0;1014.67;0.0;Partly Cloudy
1476352800;27.0;23.0;0.79;E;2.5;0.0;1014.67;0.0;Partly Cloudy
1476356400;28.0;22.0;0.7;ENE;4.722222222222222;0.0;1015.67;0.0;Partly Cloudy
1476360000;28.0;22.0;0.7;ENE;4.722222222222222;0.0;1016.67;0.0;Partly Cloudy
1476363600;29.0;22.0;0.66;E;4.722222222222222;0.0;1015.67;0.0;Partly Cloudy
1476367200;29.0;22.0;0.66;ENE;4.722222222222222;0.0;1015.67;0.0;Partly Cloudy
1476370800;29.0;22.0;0.66;E;5.555555555555555;0.0;1014.67;0.0;Partly Cloudy
1476374400;30.0;22.0;0.62;ENE;5.277777777777778;0.0;1014.67;0.0;Partly Cloudy
1476378000;30.0;22.0;0.62;E;5.277777777777778;0.0;1013.68;0.0;Partly Cloudy
1476381600;28.0;23.0;0.74;ESE;4.722222222222222;0.0;1013.68;0.0;Fair
1476385200;28.0;23.0;0.74;ESE;4.166666666666667;0.0;1013.68;0.0;Fair
1476388800;27.0;23.0;0.79;SE;5.277777777777778;0.0;1013.68;0.0;Fair
1476392400;28.0;23.0;0.74;ESE;3.0555555555555554;0.0;1014.67;0.0;Partly Cloudy
1476396000;27.0;23.0;0.79;ESE;3.611111111111111;0.0;1014.67;0.0;Partly Cloudy
1476399600;27.0;23.0;0.79;E;3.611111111111111;0.0;1015.67;0.0;Partly Cloudy
1476403200;27.0;22.0;0.74;ESE;4.166666666666667;0.0;1016.67;0.0;Partly Cloudy
1476406800;27.0;23.0;0.79;SE;4.166666666666667;0.0;1015.67;0.0;Mostly Cloudy
1476410400;27.0;22.0;0.74;SE;4.722222222222222;0.0;1015.67;0.0;Partly Cloudy
1476500400;25.0;23.0;0.89;SSE;7.777777777777778;0.0;1014.67;0.0;Showers in the Vicinity
1476504000;26.0;22.0;0.78;SE;6.111111111111111;0.0;1013.68;0.0;Partly Cloudy
1476507600;26.0;22.0;0.78;SSE;6.666666666666666;0.0;1013.68;0.0;Partly Cloudy
1476511200;25.0;23.0;0.89;SE;7.222222222222222;0.0;1013.68;0.0;Showers in the Vicinity
1476514800;24.0;22.0;0.89;S;5.555555555555555;0.0;1013.68;0.0;Showers in the Vicinity
1476518400;26.0;21.0;0.74;SE;4.722222222222222;0.0;1014.67;0.0;Fair
1476522000;26.0;21.0;0.74;SE;5.277777777777778;0.0;1014.67;0.0;Partly Cloudy
1476525600;25.0;23.0;0.89;S;8.333333333333334;0.0;1015.67;0.0;Mostly Cloudy
1476529200;27.0;22.0;0.74;SSE;5.277777777777778;0.0;1015.67;0.0;Mostly Cloudy
1476532800;28.0;23.0;0.74;SSE;7.777777777777778;0.0;1015.67;0.0;Partly Cloudy
1476536400;30.0;22.0;0.62;SSE;7.222222222222222;0.0;1015.67;0.0;Partly Cloudy
1476540000;29.0;23.0;0.7;SSE;7.222222222222222;0.0;1015.67;0.0;Mostly Cloudy
1476543600;30.0;23.0;0.66;SSE;7.777777777777778;0.0;1014.67;0.0;Partly Cloudy
1476547200;30.0;22.0;0.62;SSE;7.777777777777778;0.0;1013.68;0.0;Partly Cloudy
1476550800;30.0;22.0;0.62;SSE;8.61111111111111;0.0;1012.68;0.0;Partly Cloudy
1476554400;28.0;23.0;0.74;SE;8.333333333333334;0.0;1012.68;0.0;Partly Cloudy
1476558000;28.0;22.0;0.7;SSE;8.333333333333334;0.0;1012.68;0.0;Partly Cloudy
1476561600;27.0;22.0;0.74;SSE;7.222222222222222;0.0;1012.68;0.0;Partly Cloudy
1476565200;27.0;22.0;0.74;SSE;7.222222222222222;0.0;1012.68;0.0;Partly Cloudy
1476568800;27.0;22.0;0.74;SSE;7.222222222222222;0.0;1013.68;0.0;Partly Cloudy
1476572400;27.0;22.0;0.74;SE;6.111111111111111;0.0;1013.68;0.0;Partly Cloudy
1476576000;26.0;23.0;0.83;SE;5.277777777777778;0.0;1013.68;0.0;Partly Cloudy
1476579600;26.0;21.0;0.74;SE;6.111111111111111;0.0;1013.68;0.0;Fair
1476583200;26.0;21.0;0.74;SSE;5.277777777777778;0.0;1013.68;0.0;Fair
1476842400;26.0;23.0;0.83;ESE;1.9444444444444444;0.0;1012.68;0.0;Partly Cloudy
1476846000;26.0;23.0;0.83;ESE;2.5;0.0;1011.68;0.0;Partly Cloudy
1476849600;26.0;22.0;0.78;ESE;2.5;0.0;1011.68;0.0;Fair
1476853200;26.0;22.0;0.78;ESE;3.0555555555555554;0.0;1010.68;0.0;Fair
1476856800;26.0;22.0;0.78;ESE;3.0555555555555554;0.0;1011.68;0.0;Fair
1476860400;26.0;22.0;0.78;ESE;3.0555555555555554;0.0;1011.68;0.0;Partly Cloudy
1476864000;26.0;23.0;0.83;SE;3.611111111111111;0.0;1012.68;0.0;Partly Cloudy
1476867600;27.0;23.0;0.79;ESE;4.166666666666667;0.0;1012.68;0.0;Mostly Cloudy
1476871200;28.0;23.0;0.74;SE;4.722222222222222;0.0;1013.68;0.0;Mostly Cloudy
1476874800;29.0;23.0;0.7;SE;5.277777777777778;0.0;1012.68;0.0;Partly Cloudy
1476878400;29.0;23.0;0.7;ESE;5.277777777777778;0.0;1012.68;0.0;Mostly Cloudy
1476882000;29.0;23.0;0.7;SE;5.277777777777778;0.0;1011.68;0.0;Partly Cloudy
1476885600;29.0;23.0;0.7;ESE;6.111111111111111;0.0;1010.68;0.0;Partly Cloudy
1476889200;29.0;23.0;0.7;SE;5.277777777777778;0.0;1010.68;0.0;Partly Cloudy
1476892800;29.0;23.0;0.7;ESE;5.555555555555555;0.0;1009.68;0.0;Partly Cloudy
1476896400;29.0;22.0;0.66;VAR;4.722222222222222;0.0;1009.68;0.0;Fair
1476900000;28.0;23.0;0.74;SE;6.111111111111111;0.0;1010.68;0.0;Fair
1476903600;27.0;23.0;0.79;SE;5.277777777777778;0.0;1010.68;0.0;Fair
1476907200;27.0;23.0;0.79;ESE;4.722222222222222;0.0;1010.68;0.0;Partly Cloudy
1476910800;27.0;23.0;0.79;ESE;4.722222222222222;0.0;1010.68;0.0;Partly Cloudy
1476914400;27.0;23.0;0.79;SE;5.277777777777778;0.0;1011.68;0.0;Partly Cloudy
1476918000;27.0;23.0;0.79;SE;5.277777777777778;0.0;1011.68;0.0;Mostly Cloudy
1476921600;27.0;22.0;0.74;ESE;4.166666666666667;0.0;1011.68;0.0;Partly Cloudy
1476925200;27.0;22.0;0.74;ESE;4.722222222222222;0.0;1011.68;0.0;Partly Cloudy
1476928800;27.0;22.0;0.74;ESE;4.166666666666667;0.0;1010.68;0.0;Partly Cloudy
1476932400;26.0;22.0;0.78;E;3.0555555555555554;0.0;1010.68;0.0;Mostly Cloudy
1476936000;26.0;22.0;0.78;ESE;4.166666666666667;0.0;1010.68;0.0;Mostly Cloudy
1476939600;26.0;22.0;0.78;E;3.0555555555555554;0.0;1009.68;0.0;Partly Cloudy
1476943200;26.0;22.0;0.78;E;2.5;0.0;1010.68;0.0;Partly Cloudy
1476946800;26.0;22.0;0.78;E;1.9444444444444444;0.0;1010.68;0.0;Mostly Cloudy
1476950400;27.0;23.0;0.79;E;3.0555555555555554;0.0;1010.68;0.0;Partly Cloudy
1476954000;27.0;22.0;0.74;E;3.611111111111111;0.0;1011.68;0.0;Partly Cloudy
1476957600;28.0;23.0;0.74;E;4.166666666666667;0.0;1011.68;0.0;Partly Cloudy
1476961200;28.0;23.0;0.74;E;4.166666666666667;0.0;1011.68;0.0;Mostly Cloudy
1476964800;29.0;23.0;0.7;E;5.277777777777778;0.0;1011.68;0.0;Mostly Cloudy
1476968400;28.0;24.0;0.79;E;5.277777777777778;0.0;1011.68;0.0;Mostly Cloudy
1476972000;30.0;23.0;0.66;E;4.722222222222222;0.0;1010.68;0.0;Partly Cloudy
1476975600;29.0;23.0;0.7;E;5.277777777777778;0.0;1009.68;0.0;Partly Cloudy
1476979200;29.0;23.0;0.7;E;4.722222222222222;0.0;1009.68;0.0;Partly Cloudy
1476982800;28.0;23.0;0.74;ESE;5.277777777777778;0.0;1009.68;0.0;Partly Cloudy
1476986400;28.0;23.0;0.74;E;3.611111111111111;0.0;1009.68;0.0;Partly Cloudy
1476990000;28.0;23.0;0.74;E;3.611111111111111;0.0;1009.68;0.0;Partly Cloudy
1476993600;27.0;23.0;0.79;E;4.166666666666667;0.0;1009.68;0.0;Partly Cloudy
1476997200;27.0;23.0;0.79;E;3.0555555555555554;0.0;1010.68;0.0;Partly Cloudy
1477000800;27.0;23.0;0.79;ENE;3.611111111111111;0.0;1010.68;0.0;Partly Cloudy
1477004400;27.0;23.0;0.79;E;3.0555555555555554;0.0;1010.68;0.0;Partly Cloudy
1477008000;27.0;22.0;0.74;ENE;2.5;0.0;1010.68;0.0;Partly Cloudy
1477011600;26.0;23.0;0.83;ENE;4.166666666666667;0.0;1010.68;0.0;Partly Cloudy
1477015200;26.0;23.0;0.83;ENE;3.611111111111111;0.0;1009.68;0.0;Partly Cloudy
1477018800;26.0;23.0;0.83;ENE;2.5;0.0;1009.68;0.0;Partly Cloudy
1477022400;25.0;23.0;0.89;E;3.0555555555555554;0.0;1009.68;0.0;Partly Cloudy
1477026000;26.0;22.0;0.78;ENE;3.0555555555555554;0.0;1009.68;0.0;Mostly Cloudy
1477029600;26.0;23.0;0.83;ENE;2.5;0.0;1009.68;0.0;Partly Cloudy
1477033200;26.0;23.0;0.83;ENE;2.5;0.0;1010.68;0.0;Partly Cloudy
1477036800;26.0;23.0;0.83;ENE;3.611111111111111;0.0;1010.68;0.0;Mostly Cloudy
1477040400;28.0;23.0;0.74;E;4.166666666666667;0.0;1011.68;0.0;Mostly Cloudy
1477044000;28.0;23.0;0.74;ENE;4.166666666666667;0.0;1012.68;0.0;Partly Cloudy
1477047600;29.0;23.0;0.7;ENE;3.611111111111111;0.0;1012.68;0.0;Mostly Cloudy
1477051200;27.0;23.0;0.79;ENE;4.166666666666667;0.0;1012.68;0.0;Mostly Cloudy
1477054800;29.0;23.0;0.7;ENE;5.277777777777778;0.0;1012.68;0.0;Partly Cloudy
1477058400;30.0;23.0;0.66;ESE;5.277777777777778;0.0;1011.68;0.0;Partly Cloudy
1477062000;30.0;24.0;0.7;ENE;4.166666666666667;0.0;1010.68;0.0;Fair
1477065600;29.0;23.0;0.7;E;4.166666666666667;0.0;1010.68;0.0;Partly Cloudy
1477069200;29.0;23.0;0.7;E;4.722222222222222;0.0;1009.68;0.0;Partly Cloudy
1477072800;28.0;23.0;0.74;E;4.722222222222222;0.0;1009.68;0.0;Fair
1477076400;28.0;23.0;0.74;E;4.166666666666667;0.0;1010.68;0.0;Fair
1477080000;27.0;23.0;0.79;E;4.166666666666667;0.0;1010.68;0.0;Fair
1477083600;27.0;23.0;0.79;E;4.166666666666667;0.0;1011.68;0.0;Partly Cloudy
1477087200;27.0;23.0;0.79;E;4.166666666666667;0.0;1011.68;0.0;Partly Cloudy
1477090800;27.0;24.0;0.84;E;3.611111111111111;0.0;1012.68;0.0;Partly Cloudy
1477094400;27.0;23.0;0.79;E;3.611111111111111;0.0;1012.68;0.0;Partly Cloudy
1477098000;27.0;23.0;0.79;E;3.611111111111111;0.0;1011.68;0.0;Partly Cloudy
1477188000;27.0;23.0;0.79;SE;4.722222222222222;0.0;1012.68;0.0;Partly Cloudy
1477191600;26.0;22.0;0.78;ESE;4.166666666666667;0.0;1012.68;0.0;Fair
1477195200;27.0;23.0;0.79;ESE;4.166666666666667;0.0;1011.68;0.0;Partly Cloudy
1477198800;26.0;22.0;0.78;ESE;3.0555555555555554;0.0;1011.68;0.0;Partly Cloudy
1477202400;26.0;22.0;0.78;ESE;3.611111111111111;0.0;1011.68;0.0;Partly Cloudy
1477206000;26.0;22.0;0.78;SE;5.277777777777778;0.0;1011.68;0.0;Partly Cloudy
1477209600;27.0;23.0;0.79;SE;4.722222222222222;0.0;1012.68;0.0;Mostly Cloudy
1477213200;26.0;23.0;0.83;ESE;3.0555555555555554;0.0;1013.68;0.0;Showers in the Vicinity
1477216800;27.0;24.0;0.84;ESE;4.166666666666667;0.0;1014.67;0.0;Mostly Cloudy
1477220400;28.0;24.0;0.79;SE;6.666666666666666;0.0;1014.67;0.0;Partly Cloudy
1477224000;29.0;24.0;0.74;ESE;5.555555555555555;0.0;1014.67;0.0;Partly Cloudy
1477227600;27.0;24.0;0.84;ESE;3.0555555555555554;0.0;0.0;0.0;Showers in the Vicinity
1477231200;29.0;24.0;0.74;SE;5.277777777777778;0.0;1012.68;0.0;Partly Cloudy
1477234800;30.0;24.0;0.7;SE;5.555555555555555;0.0;1011.68;0.0;Partly Cloudy
1477238400;29.0;23.0;0.7;SE;6.666666666666666;0.0;1011.68;0.0;Partly Cloudy
1477242000;29.0;23.0;0.7;ESE;5.555555555555555;0.0;1011.68;0.0;Partly Cloudy
1477245600;28.0;23.0;0.74;SE;5.555555555555555;0.0;1011.68;0.0;Partly Cloudy
1477249200;28.0;23.0;0.74;SE;5.277777777777778;0.0;1012.68;0.0;Partly Cloudy
1477252800;27.0;23.0;0.79;SE;5.277777777777778;0.0;1012.68;0.0;Partly Cloudy
1477256400;27.0;23.0;0.79;SE;5.277777777777778;0.0;1013.68;0.0;Partly Cloudy
1477260000;27.0;22.0;0.74;SE;5.277777777777778;0.0;1013.68;0.0;Mostly Cloudy
1477263600;27.0;22.0;0.74;ESE;5.277777777777778;0.0;1014.67;0.0;Partly Cloudy
1477267200;27.0;22.0;0.74;SE;4.722222222222222;0.0;1014.67;0.0;Partly Cloudy
1477270800;27.0;22.0;0.74;ESE;5.277777777777778;0.0;1013.68;0.0;Partly Cloudy
1477274400;27.0;22.0;0.74;ESE;3.611111111111111;0.0;1012.68;0.0;Partly Cloudy
1477278000;26.0;22.0;0.78;ESE;3.611111111111111;0.0;1011.68;0.0;Partly Cloudy
1477281600;26.0;22.0;0.78;ESE;4.166666666666667;0.0;1011.68;0.0;Partly Cloudy
1477285200;26.0;22.0;0.78;ESE;4.166666666666667;0.0;1011.68;0.0;Partly Cloudy
1477288800;26.0;23.0;0.83;SE;4.166666666666667;0.0;1011.68;0.0;Partly Cloudy
1477292400;26.0;23.0;0.83;SE;4.722222222222222;0.0;1011.68;0.0;Mostly Cloudy
1477296000;26.0;22.0;0.78;ESE;4.722222222222222;0.0;1012.68;0.0;Partly Cloudy
1477299600;27.0;23.0;0.79;SE;4.166666666666667;0.0;1012.68;0.0;Partly Cloudy
1477303200;28.0;22.0;0.7;ESE;4.722222222222222;0.0;1013.68;0.0;Mostly Cloudy
1477306800;29.0;23.0;0.7;ESE;5.555555555555555;0.0;1013.68;0.0;Mostly Cloudy
1477310400;29.0;23.0;0.7;ESE;5.555555555555555;0.0;1013.68;0.0;Partly Cloudy
1477314000;30.0;23.0;0.66;ESE;6.111111111111111;0.0;1013.68;0.0;Partly Cloudy
1477317600;30.0;23.0;0.66;SE;5.277777777777778;0.0;1012.68;0.0;Partly Cloudy
1477321200;29.0;23.0;0.7;SE;6.111111111111111;0.0;1011.68;0.0;Partly Cloudy
1477324800;29.0;23.0;0.7;SE;6.111111111111111;0.0;1011.68;0.0;Partly Cloudy
1477328400;29.0;22.0;0.66;SE;5.555555555555555;0.0;1011.68;0.0;Partly Cloudy
1477332000;28.0;22.0;0.7;SE;5.277777777777778;0.0;1011.68;0.0;Fair
1477335600;27.0;22.0;0.74;SE;5.555555555555555;0.0;1011.68;0.0;Fair
1477339200;27.0;23.0;0.79;SE;4.722222222222222;0.0;1011.68;0.0;Fair
1477342800;27.0;23.0;0.79;SE;4.722222222222222;0.0;1012.68;0.0;Fair
1477346400;27.0;23.0;0.79;SE;5.555555555555555;0.0;1012.68;0.0;Fair
1477350000;26.0;23.0;0.83;ESE;4.722222222222222;0.0;1013.68;0.0;Partly Cloudy
1477353600;26.0;23.0;0.83;ESE;3.0555555555555554;0.0;1013.68;0.0;Fair
1477357200;26.0;22.0;0.78;SE;3.0555555555555554;0.0;1012.68;0.0;Fair
1477533600;26.0;21.0;0.74;ESE;3.0555555555555554;0.0;1009.68;0.0;Fair
1477537200;26.0;21.0;0.74;ESE;3.0555555555555554;0.0;1008.68;0.0;Partly Cloudy
1477540800;26.0;21.0;0.74;E;4.166666666666667;0.0;1008.68;0.0;Fair
1477544400;26.0;21.0;0.74;ESE;4.166666666666667;0.0;1008.68;0.0;Fair
1477548000;26.0;21.0;0.74;SE;5.277777777777778;0.0;1009.68;0.0;Fair
1477551600;26.0;20.0;0.69;SE;3.611111111111111;0.0;1009.68;0.0;Fair
1477555200;27.0;22.0;0.74;SE;4.166666666666667;0.0;1010.68;0.0;Fair
1477558800;27.0;22.0;0.74;ESE;4.166666666666667;0.0;1011.68;0.0;Partly Cloudy
1477562400;28.0;21.0;0.66;SE;5.555555555555555;0.0;1012.68;0.0;Fair
1477566000;29.0;22.0;0.66;SE;5.555555555555555;0.0;1012.68;0.0;Partly Cloudy
1477569600;29.0;21.0;0.62;ESE;5.555555555555555;0.0;1013.68;0.0;Fair
1477573200;29.0;22.0;0.66;SE;5.555555555555555;0.0;1012.68;0.0;Fair
1477576800;30.0;21.0;0.58;SE;6.111111111111111;0.0;1011.68;0.0;Fair
1477580400;30.0;21.0;0.58;SE;5.277777777777778;0.0;1010.68;0.0;Fair
1477584000;29.0;21.0;0.62;SE;5.555555555555555;0.0;1009.68;0.0;Fair
1477587600;29.0;22.0;0.66;SE;5.555555555555555;0.0;1009.68;0.0;Fair
1477591200;28.0;22.0;0.7;SE;4.722222222222222;0.0;1009.68;0.0;Fair
1477594800;28.0;21.0;0.66;ESE;3.611111111111111;0.0;1010.68;0.0;Fair
1477598400;27.0;21.0;0.7;ESE;3.0555555555555554;0.0;1010.68;0.0;Fair
1477602000;27.0;21.0;0.7;ESE;3.0555555555555554;0.0;1010.68;0.0;Partly Cloudy
1477605600;27.0;21.0;0.7;E;3.611111111111111;0.0;1011.68;0.0;Mostly Cloudy
1477609200;27.0;22.0;0.74;E;3.611111111111111;0.0;1011.68;0.0;Partly Cloudy
1477612800;26.0;22.0;0.78;E;3.611111111111111;0.0;1011.68;0.0;Partly Cloudy
1477616400;26.0;21.0;0.74;E;3.611111111111111;0.0;1011.68;0.0;Partly Cloudy
1477706400;27.0;23.0;0.79;ESE;1.9444444444444444;0.0;1012.68;0.0;Partly Cloudy
1477710000;27.0;22.0;0.74;E;2.5;0.0;1012.68;0.0;Partly Cloudy
1477713600;26.0;23.0;0.83;ESE;1.9444444444444444;0.0;1011.68;0.0;Fair
1477717200;26.0;22.0;0.78;E;2.5;0.0;1011.68;0.0;Fair
1477720800;26.0;23.0;0.83;ESE;1.9444444444444444;0.0;1011.68;0.0;Fair
1477724400;26.0;23.0;0.83;ESE;1.6666666666666665;0.0;1012.68;0.0;Fair
1477728000;27.0;23.0;0.79;SE;1.9444444444444444;0.0;1012.68;0.0;Partly Cloudy
1477731600;28.0;23.0;0.74;E;2.5;0.0;1013.68;0.0;Partly Cloudy
1477735200;29.0;24.0;0.74;E;4.722222222222222;0.0;1014.67;0.0;Partly Cloudy
1477738800;29.0;23.0;0.7;E;4.722222222222222;0.0;1014.67;0.0;Partly Cloudy
1477742400;30.0;24.0;0.7;ESE;4.166666666666667;0.0;1014.67;0.0;Mostly Cloudy
1477746000;29.0;23.0;0.7;E;4.722222222222222;0.0;1013.68;0.0;Partly Cloudy
1477749600;30.0;23.0;0.66;E;5.277777777777778;0.0;1012.68;0.0;Partly Cloudy
1477753200;29.0;23.0;0.7;E;5.277777777777778;0.0;1011.68;0.0;Partly Cloudy
1477756800;29.0;24.0;0.74;ESE;5.277777777777778;0.0;1011.68;0.0;Partly Cloudy
1477760400;29.0;23.0;0.7;E;4.166666666666667;0.0;1011.68;0.0;Partly Cloudy
1477764000;29.0;24.0;0.74;ESE;4.722222222222222;0.0;1011.68;0.0;Fair
1477767600;28.0;23.0;0.74;SE;4.166666666666667;0.0;1011.68;0.0;Mostly Cloudy
1477771200;27.0;23.0;0.79;SE;4.166666666666667;0.0;1011.68;0.0;Partly Cloudy
1477774800;27.0;24.0;0.84;SE;4.166666666666667;0.0;1012.68;0.0;Partly Cloudy
1477778400;27.0;24.0;0.84;SE;4.722222222222222;0.0;1013.68;0.0;Mostly Cloudy
1477782000;27.0;23.0;0.79;ESE;4.166666666666667;0.0;1013.68;0.0;Partly Cloudy
1477785600;27.0;23.0;0.79;ESE;4.166666666666667;0.0;1014.67;0.0;Mostly Cloudy
1477789200;27.0;23.0;0.79;ESE;3.611111111111111;0.0;1013.68;0.0;Mostly Cloudy
1477792800;27.0;23.0;0.79;ESE;4.722222222222222;0.0;1013.68;0.0;Mostly Cloudy
1477796400;27.0;23.0;0.79;SE;4.166666666666667;0.0;1012.68;0.0;Partly Cloudy
1477800000;27.0;23.0;0.79;SE;4.166666666666667;0.0;1012.68;0.0;Mostly Cloudy
1477803600;26.0;24.0;0.89;SSE;5.555555555555555;0.0;1011.68;0.0;Mostly Cloudy
1477807200;26.0;22.0;0.78;SE;6.666666666666666;0.0;1012.68;0.0;Showers in the Vicinity
1477810800;25.0;23.0;0.89;S;1.6666666666666665;0.0;1012.68;0.0;Showers in the Vicinity
1477814400;27.0;23.0;0.79;SE;5.555555555555555;0.0;1013.68;0.0;Mostly Cloudy
1477818000;28.0;24.0;0.79;SSE;6.111111111111111;0.0;1013.68;0.0;Mostly Cloudy
1477821600;28.0;23.0;0.74;SSE;7.222222222222222;0.0;1014.67;0.0;Partly Cloudy
1477825200;28.0;21.0;0.66;SE;7.777777777777778;0.0;1014.67;0.0;Partly Cloudy
1477828800;30.0;22.0;0.62;SSE;7.777777777777778;0.0;1014.67;0.0;Partly Cloudy
1477832400;30.0;24.0;0.7;SSE;8.333333333333334;0.0;1014.67;0.0;Partly Cloudy
1477836000;30.0;24.0;0.7;SSE;8.333333333333334;0.0;1012.68;0.0;Partly Cloudy
1477839600;30.0;22.0;0.62;SSE;8.333333333333334;0.0;1011.68;0.0;Partly Cloudy
1477843200;30.0;23.0;0.66;SSE;8.333333333333334;0.0;1011.68;0.0;Partly Cloudy
1477846800;29.0;22.0;0.66;SSE;8.61111111111111;0.0;1011.68;0.0;Partly Cloudy
1477850400;28.0;23.0;0.74;SE;7.222222222222222;0.0;1011.68;0.0;Mostly Cloudy
1477854000;28.0;23.0;0.74;SE;6.111111111111111;0.0;1011.68;0.0;Partly Cloudy
1477857600;27.0;23.0;0.79;SE;5.555555555555555;0.0;1011.68;0.0;Mostly Cloudy
1477861200;27.0;23.0;0.79;SSE;6.111111111111111;0.0;1012.68;0.0;Partly Cloudy
1477864800;27.0;23.0;0.79;SE;5.555555555555555;0.0;1013.68;0.0;Partly Cloudy
1477868400;27.0;23.0;0.79;SE;5.277777777777778;0.0;1013.68;0.0;Partly Cloudy
1477872000;27.0;23.0;0.79;SE;5.277777777777778;0.0;1013.68;0.0;Mostly Cloudy
1477875600;27.0;23.0;0.79;SE;4.166666666666667;0.0;1013.68;0.0;Mostly Cloudy
1477879200;27.0;22.0;0.74;SE;4.166666666666667;0.0;1012.68;0.0;Mostly Cloudy
1477882800;26.0;22.0;0.78;SE;4.722222222222222;0.0;1011.68;0.0;Mostly Cloudy
1477886400;26.0;22.0;0.78;SE;5.277777777777778;0.0;1011.68;0.0;Mostly Cloudy
1477890000;26.0;22.0;0.78;SE;5.277777777777778;0.0;1011.68;0.0;Mostly Cloudy
1477893600;26.0;22.0;0.78;SE;4.722222222222222;0.0;1011.68;0.0;Partly Cloudy
1477897200;26.0;22.0;0.78;SE;4.722222222222222;0.0;1011.68;0.0;Partly Cloudy
1477900800;27.0;22.0;0.74;SE;4.166666666666667;0.0;1012.68;0.0;Partly Cloudy
1477904400;27.0;23.0;0.79;SE;4.166666666666667;0.0;1012.68;0.0;Partly Cloudy
1477908000;28.0;22.0;0.7;SE;6.111111111111111;0.0;1013.68;0.0;Partly Cloudy
1477911600;28.0;22.0;0.7;SSE;6.666666666666666;0.0;1013.68;0.0;Partly Cloudy
1477915200;29.0;23.0;0.7;SE;6.111111111111111;0.0;1013.68;0.0;Partly Cloudy
1477918800;30.0;23.0;0.66;ESE;7.777777777777778;0.0;1013.68;0.0;Mostly Cloudy
1477922400;30.0;23.0;0.66;SE;6.111111111111111;0.0;1012.68;0.0;Partly Cloudy
1477926000;30.0;22.0;0.62;SE;6.666666666666666;0.0;1011.68;0.0;Partly Cloudy
1477929600;30.0;23.0;0.66;SE;6.666666666666666;0.0;1010.68;0.0;Mostly Cloudy
1477933200;29.0;23.0;0.7;SE;6.111111111111111;0.0;1010.68;0.0;Partly Cloudy
1477936800;29.0;23.0;0.7;SE;5.277777777777778;0.0;1010.68;0.0;Partly Cloudy
1477940400;27.0;23.0;0.79;SE;4.722222222222222;0.0;1010.68;0.0;Partly Cloudy
1477944000;27.0;22.0;0.74;SE;5.277777777777778;0.0;1011.68;0.0;Partly Cloudy
1477947600;27.0;22.0;0.74;SE;5.555555555555555;0.0;1011.68;0.0;Partly Cloudy
1477951200;27.0;22.0;0.74;SSE;5.555555555555555;0.0;1012.68;0.0;Partly Cloudy
1477954800;27.0;23.0;0.79;SE;5.277777777777778;0.0;1013.68;0.0;Partly Cloudy
1477958400;27.0;22.0;0.74;SE;4.722222222222222;0.0;1013.68;0.0;Partly Cloudy
1477962000;27.0;22.0;0.74;SE;5.555555555555555;0.0;1012.68;0.0;Partly Cloudy
1478052000;26.0;23.0;0.83;SE;6.111111111111111;0.0;1013.68;0.0;Partly Cloudy
1478055600;25.0;23.0;0.89;SE;4.722222222222222;0.0;1012.68;0.0;Partly Cloudy
1478059200;25.0;22.0;0.83;SE;5.277777777777778;0.0;1011.68;0.0;Partly Cloudy
1478062800;25.0;22.0;0.83;SE;6.111111111111111;0.0;1011.68;0.0;Mostly Cloudy
1478066400;25.0;21.0;0.78;E;5.277777777777778;0.0;1012.68;0.0;Partly Cloudy
1478070000;25.0;21.0;0.78;SE;6.111111111111111;0.0;1012.68;0.0;Partly Cloudy
1478073600;26.0;22.0;0.78;SE;5.277777777777778;0.0;1012.68;0.0;Partly Cloudy
1478077200;26.0;22.0;0.78;SE;6.666666666666666;0.0;1013.68;0.0;Partly Cloudy
1478080800;28.0;22.0;0.7;SSE;7.222222222222222;0.0;1013.68;0.0;Partly Cloudy
1478084400;29.0;21.0;0.62;SSE;7.222222222222222;0.0;1014.67;0.0;Partly Cloudy
1478088000;29.0;22.0;0.66;SSE;6.666666666666666;0.0;1014.67;0.0;Mostly Cloudy
1478091600;27.0;22.0;0.74;SSE;7.777777777777778;0.0;1014.67;0.0;Light Rain
1478095200;29.0;22.0;0.66;SSE;7.777777777777778;0.0;1013.68;0.0;Mostly Cloudy
1478096700;27.0;23.0;0.79;SE;5.555555555555555;0.0;1013.68;0.0;Rain Shower
1478098800;27.0;23.0;0.79;SSE;6.666666666666666;0.0;1012.68;0.0;Mostly Cloudy
1478100000;26.0;22.0;0.78;SE;8.61111111111111;0.0;1012.68;0.0;Rain Shower
1478102400;27.0;23.0;0.79;SSE;5.277777777777778;0.0;1011.68;0.0;Showers in the Vicinity
1478106000;28.0;22.0;0.7;SE;7.222222222222222;0.0;1011.68;0.0;Partly Cloudy
1478109600;28.0;22.0;0.7;SE;6.111111111111111;0.0;1011.68;0.0;Partly Cloudy
1478113200;27.0;22.0;0.74;SE;7.222222222222222;0.0;1012.68;0.0;Mostly Cloudy
1478116800;26.0;22.0;0.78;SSE;7.222222222222222;0.0;1012.68;0.0;Mostly Cloudy
1478120400;27.0;23.0;0.79;SE;5.277777777777778;0.0;1013.68;0.0;Partly Cloudy
1478124000;27.0;23.0;0.79;SE;5.555555555555555;0.0;1013.68;0.0;Partly Cloudy
1478127600;27.0;22.0;0.74;ESE;4.722222222222222;0.0;1014.67;0.0;Mostly Cloudy
1478131200;27.0;23.0;0.79;SE;5.277777777777778;0.0;1014.67;0.0;Mostly Cloudy
1478134800;26.0;24.0;0.89;SE;4.722222222222222;0.0;1013.68;0.0;Mostly Cloudy
1478224800;27.0;23.0;0.79;SE;5.555555555555555;0.0;1014.67;0.0;Mostly Cloudy
1478228400;26.0;23.0;0.83;SE;4.722222222222222;0.0;1013.68;0.0;Mostly Cloudy
1478232000;27.0;23.0;0.79;ESE;4.166666666666667;0.0;1013.68;0.0;Partly Cloudy
1478235600;27.0;22.0;0.74;SE;4.722222222222222;0.0;1013.68;0.0;Mostly Cloudy
1478239200;27.0;23.0;0.79;ESE;4.722222222222222;0.0;1013.68;0.0;Partly Cloudy
1478242800;26.0;22.0;0.78;SE;4.722222222222222;0.0;1014.67;0.0;Fair
1478246400;27.0;23.0;0.79;SE;6.111111111111111;0.0;1014.67;0.0;Fair
1478250000;28.0;23.0;0.74;SE;6.666666666666666;0.0;1015.67;0.0;Fair
1478253600;28.0;23.0;0.74;SE;6.111111111111111;0.0;1015.67;0.0;Partly Cloudy
1478257200;29.0;23.0;0.7;SSE;6.666666666666666;0.0;1015.67;0.0;Partly Cloudy
1478260800;30.0;23.0;0.66;SSE;7.777777777777778;0.0;1015.67;0.0;Partly Cloudy
1478264400;30.0;23.0;0.66;SE;7.222222222222222;0.0;1015.67;0.0;Mostly Cloudy
1478268000;30.0;23.0;0.66;SSE;8.333333333333334;0.0;1014.67;0.0;Partly Cloudy
1478271600;30.0;22.0;0.62;SE;7.222222222222222;0.0;1014.67;0.0;Partly Cloudy
1478275200;30.0;23.0;0.66;SE;7.777777777777778;0.0;1013.68;0.0;Partly Cloudy
1478278800;29.0;22.0;0.66;SE;6.666666666666666;0.0;1013.68;0.0;Partly Cloudy
1478282400;28.0;22.0;0.7;SE;5.555555555555555;0.0;1013.68;0.0;Partly Cloudy
1478286000;28.0;22.0;0.7;SSE;6.111111111111111;0.0;1013.68;0.0;Partly Cloudy
1478289600;27.0;21.0;0.7;SSE;6.111111111111111;0.0;1014.67;0.0;Partly Cloudy
1478293200;27.0;22.0;0.74;SSE;6.666666666666666;0.0;1014.67;0.0;Partly Cloudy
1478296800;27.0;22.0;0.74;SE;5.277777777777778;0.0;1015.67;0.0;Fair
1478300400;27.0;22.0;0.74;SE;5.277777777777778;0.0;1016.67;0.0;Mostly Cloudy
1478304000;27.0;22.0;0.74;SE;5.555555555555555;0.0;1016.67;0.0;Partly Cloudy
1478307600;27.0;22.0;0.74;SE;5.277777777777778;0.0;1015.67;0.0;Partly Cloudy
1478397600;26.0;22.0;0.78;SE;4.722222222222222;0.0;1014.67;0.0;Partly Cloudy
1478401200;26.0;22.0;0.78;SE;4.722222222222222;0.0;1013.68;0.0;Partly Cloudy
1478404800;26.0;22.0;0.78;SE;4.722222222222222;0.0;1013.68;0.0;Partly Cloudy
1478408400;26.0;22.0;0.78;SE;4.722222222222222;0.0;1012.68;0.0;Partly Cloudy
1478412000;26.0;22.0;0.78;SE;3.0555555555555554;0.0;1012.68;0.0;Partly Cloudy
1478415600;26.0;22.0;0.78;SE;5.277777777777778;0.0;1013.68;0.0;Partly Cloudy
1478419200;27.0;22.0;0.74;SE;5.555555555555555;0.0;1013.68;0.0;Partly Cloudy
1478422800;27.0;22.0;0.74;SSE;7.222222222222222;0.0;1013.68;0.0;Partly Cloudy
1478425140;25.0;23.0;0.89;ESE;6.111111111111111;14.444444444444445;1014.67;0.0;Showers in the Vicinity
1478426400;24.0;23.0;0.94;ESE;6.666666666666666;0.0;1014.67;0.0;Light Rain
1478430000;24.0;22.0;0.89;ESE;5.555555555555555;0.0;1015.67;0.0;Showers in the Vicinity
1478433600;25.0;23.0;0.89;SSE;5.277777777777778;0.0;1014.67;0.0;Showers in the Vicinity
1478437200;27.0;22.0;0.74;S;5.555555555555555;0.0;1013.68;0.0;Mostly Cloudy
1478440800;28.0;23.0;0.74;SSE;5.277777777777778;0.0;1012.68;0.0;Mostly Cloudy
1478444400;29.0;23.0;0.7;SE;6.666666666666666;0.0;1012.68;0.0;Mostly Cloudy
1478448000;29.0;23.0;0.7;SE;6.666666666666666;0.0;1011.68;0.0;Partly Cloudy
1478451600;29.0;22.0;0.66;SE;6.666666666666666;0.0;1011.68;0.0;Partly Cloudy
1478455200;28.0;23.0;0.74;SE;5.555555555555555;0.0;1011.68;0.0;Partly Cloudy
1478458800;27.0;22.0;0.74;SE;5.555555555555555;0.0;1012.68;0.0;Mostly Cloudy
1478462400;27.0;22.0;0.74;SE;5.277777777777778;0.0;1013.68;0.0;Partly Cloudy
1478466000;27.0;22.0;0.74;SE;4.722222222222222;0.0;1013.68;0.0;Partly Cloudy
1478469600;27.0;23.0;0.79;SE;5.555555555555555;0.0;1013.68;0.0;Partly Cloudy
1478473200;27.0;22.0;0.74;SE;4.722222222222222;0.0;1013.68;0.0;Partly Cloudy
1478476800;26.0;23.0;0.83;SE;5.277777777777778;0.0;1013.68;0.0;Partly Cloudy
1478480400;26.0;22.0;0.78;ESE;5.277777777777778;0.0;1012.68;0.0;Partly Cloudy
1478743200;27.0;23.0;0.79;ESE;3.0555555555555554;0.0;1012.68;0.0;Partly Cloudy
1478746800;26.0;23.0;0.83;ESE;4.166666666666667;0.0;1012.68;0.0;Mostly Cloudy
1478750400;26.0;24.0;0.89;ESE;3.611111111111111;0.0;1012.68;0.0;Mostly Cloudy
1478754000;27.0;23.0;0.79;E;3.611111111111111;0.0;1012.68;0.0;Mostly Cloudy
1478757600;27.0;23.0;0.79;E;4.166666666666667;0.0;1012.68;0.0;Partly Cloudy
1478761200;27.0;23.0;0.79;E;3.0555555555555554;0.0;1012.68;0.0;Partly Cloudy
1478764800;27.0;24.0;0.84;ESE;3.0555555555555554;0.0;1013.68;0.0;Partly Cloudy
1478768400;27.0;23.0;0.79;E;3.611111111111111;0.0;1013.68;0.0;Mostly Cloudy
1478772000;27.0;23.0;0.79;E;3.611111111111111;0.0;1014.67;0.0;Mostly Cloudy
1478775600;27.0;24.0;0.84;E;5.277777777777778;0.0;1014.67;0.0;Showers in the Vicinity
1478779200;28.0;24.0;0.79;E;3.0555555555555554;0.0;1014.67;0.0;Mostly Cloudy
1478782800;29.0;23.0;0.7;E;7.777777777777778;0.0;1013.68;0.0;Partly Cloudy
1478786400;29.0;23.0;0.7;E;5.555555555555555;0.0;1012.68;0.0;Partly Cloudy
1478790000;29.0;24.0;0.74;ESE;4.166666666666667;0.0;1011.68;0.0;Partly Cloudy
1478793600;29.0;23.0;0.7;E;4.722222222222222;0.0;1011.68;0.0;Partly Cloudy
1478797200;28.0;23.0;0.74;E;4.722222222222222;0.0;1011.68;0.0;Partly Cloudy
1478800800;28.0;23.0;0.74;E;3.611111111111111;0.0;1011.68;0.0;Partly Cloudy
1478804400;28.0;23.0;0.74;E;3.611111111111111;0.0;1011.68;0.0;Partly Cloudy
1478808000;27.0;23.0;0.79;E;3.0555555555555554;0.0;1011.68;0.0;Partly Cloudy
1478811600;27.0;23.0;0.79;E;3.0555555555555554;0.0;1012.68;0.0;Partly Cloudy
1478815200;27.0;23.0;0.79;E;1.9444444444444444;0.0;1012.68;0.0;Fair
1478818800;27.0;23.0;0.79;E;2.5;0.0;1013.68;0.0;Fair
1478822400;27.0;23.0;0.79;E;2.5;0.0;1012.68;0.0;Fair
1478826000;27.0;23.0;0.79;ENE;2.5;0.0;1012.68;0.0;Partly Cloudy
1478916000;26.0;23.0;0.83;NE;2.5;0.0;1009.68;0.0;Partly Cloudy
1478919600;26.0;23.0;0.83;ENE;2.5;0.0;1008.68;0.0;Partly Cloudy
1478923200;26.0;23.0;0.83;ENE;3.0555555555555554;0.0;1008.68;0.0;Mostly Cloudy
1478926800;26.0;22.0;0.78;E;3.0555555555555554;0.0;1008.68;0.0;Partly Cloudy
1478930400;26.0;23.0;0.83;E;3.0555555555555554;0.0;1009.68;0.0;Partly Cloudy
1478934000;26.0;23.0;0.83;E;3.0555555555555554;0.0;1009.68;0.0;Mostly Cloudy
1478937600;27.0;23.0;0.79;E;3.611111111111111;0.0;1009.68;0.0;Mostly Cloudy
1478941200;27.0;23.0;0.79;E;4.722222222222222;0.0;1010.68;0.0;Mostly Cloudy
1478944800;29.0;23.0;0.7;ENE;4.166666666666667;0.0;1011.68;0.0;Mostly Cloudy
1478948400;29.0;23.0;0.7;E;5.555555555555555;0.0;1011.68;0.0;Mostly Cloudy
1478952000;30.0;23.0;0.66;ENE;5.277777777777778;0.0;1010.68;0.0;Partly Cloudy
1478955600;29.0;23.0;0.7;E;5.277777777777778;0.0;1010.68;0.0;Partly Cloudy
1478959200;29.0;23.0;0.7;E;4.722222222222222;0.0;1009.68;0.0;Partly Cloudy
1478962800;30.0;24.0;0.7;E;4.166666666666667;0.0;1009.68;0.0;Mostly Cloudy
1478966400;29.0;23.0;0.7;E;4.722222222222222;0.0;1008.68;0.0;Mostly Cloudy
1478970000;29.0;23.0;0.7;ENE;4.722222222222222;0.0;1007.68;0.0;Mostly Cloudy
1478973600;28.0;23.0;0.74;E;5.277777777777778;0.0;1007.68;0.0;Partly Cloudy
1478977200;28.0;22.0;0.7;E;4.166666666666667;0.0;1008.68;0.0;Fair
1478980800;27.0;23.0;0.79;E;2.5;0.0;1008.68;0.0;Mostly Cloudy
1478984400;27.0;23.0;0.79;E;3.0555555555555554;0.0;1009.68;0.0;Partly Cloudy
1478988000;27.0;23.0;0.79;E;3.611111111111111;0.0;1009.68;0.0;Partly Cloudy
1478991600;27.0;23.0;0.79;E;2.5;0.0;1009.68;0.0;Mostly Cloudy
1478995200;27.0;23.0;0.79;E;3.611111111111111;0.0;1010.68;0.0;Partly Cloudy
1478998800;27.0;22.0;0.74;E;3.0555555555555554;0.0;1009.68;0.0;Partly Cloudy
1479096000;26.0;22.0;0.78;ESE;2.5;0.0;1008.68;0.0;Partly Cloudy
1479099600;26.0;22.0;0.78;SE;3.0555555555555554;0.0;1008.68;0.0;Mostly Cloudy
1479103200;27.0;22.0;0.74;ESE;3.611111111111111;0.0;1008.68;0.0;Partly Cloudy
1479106800;26.0;22.0;0.78;ESE;3.0555555555555554;0.0;1008.68;0.0;Fair
1479110400;27.0;22.0;0.74;E;3.611111111111111;0.0;1008.68;0.0;Mostly Cloudy
1479114000;28.0;23.0;0.74;ESE;4.166666666666667;0.0;1009.68;0.0;Partly Cloudy
1479117600;28.0;22.0;0.7;NE;2.5;0.0;1010.68;0.0;Partly Cloudy
1479121200;28.0;22.0;0.7;E;4.722222222222222;0.0;1009.68;0.0;Partly Cloudy
1479124800;29.0;22.0;0.66;ESE;5.277777777777778;0.0;1009.68;0.0;Partly Cloudy
1479128400;31.0;22.0;0.58;ESE;6.111111111111111;0.0;1009.68;0.0;Partly Cloudy
1479132000;31.0;23.0;0.62;E;5.277777777777778;0.0;1008.68;0.0;Partly Cloudy
1479135600;30.0;22.0;0.62;E;5.277777777777778;0.0;1007.68;0.0;Partly Cloudy
1479139200;30.0;23.0;0.66;E;4.166666666666667;0.0;1006.69;0.0;Partly Cloudy
1479142800;29.0;23.0;0.7;ESE;4.722222222222222;0.0;1006.69;0.0;Partly Cloudy
1479146400;28.0;23.0;0.74;ESE;4.166666666666667;0.0;1006.69;0.0;Mostly Cloudy
1479150000;28.0;23.0;0.74;ESE;4.166666666666667;0.0;1007.68;0.0;Mostly Cloudy
1479153600;26.0;24.0;0.89;ESE;4.722222222222222;0.0;1007.68;0.0;Partly Cloudy
1479157200;27.0;22.0;0.74;ESE;2.5;0.0;1008.68;0.0;Partly Cloudy
1479160800;26.0;23.0;0.83;E;4.166666666666667;0.0;1008.68;0.0;Mostly Cloudy
1479164400;26.0;24.0;0.89;E;2.5;0.0;1009.68;0.0;Partly Cloudy
1479168000;26.0;24.0;0.89;E;3.0555555555555554;0.0;1009.68;0.0;Partly Cloudy
1479171600;26.0;24.0;0.89;E;2.5;0.0;1009.68;0.0;Mostly Cloudy
1479175200;26.0;23.0;0.83;E;1.9444444444444444;0.0;1008.68;0.0;Mostly Cloudy
1479177000;25.0;23.0;0.89;ENE;4.166666666666667;0.0;1008.68;0.0;Light Rain
1479178800;25.0;24.0;0.94;E;2.5;0.0;1008.68;0.0;Light Rain
1479182400;25.0;23.0;0.89;ENE;3.611111111111111;0.0;1007.68;0.0;Showers in the Vicinity
1479186000;25.0;24.0;0.94;NE;1.9444444444444444;0.0;1007.68;0.0;Showers in the Vicinity
1479189600;25.0;24.0;0.94;ESE;2.5;0.0;1007.68;0.0;Partly Cloudy
1479193200;26.0;24.0;0.89;E;1.9444444444444444;0.0;1008.68;0.0;Mostly Cloudy
1479196800;26.0;24.0;0.89;ENE;1.9444444444444444;0.0;1008.68;0.0;Mostly Cloudy
1479200400;27.0;25.0;0.89;ENE;1.9444444444444444;0.0;1009.68;0.0;Showers in the Vicinity
1479204000;25.0;24.0;0.94;ENE;5.555555555555555;0.0;0.0;0.0;Light Rain
1479207600;28.0;25.0;0.84;NE;4.722222222222222;0.0;1009.68;0.0;Showers in the Vicinity
1479211200;29.0;25.0;0.79;NE;5.277777777777778;0.0;1009.68;0.0;Mostly Cloudy
1479214800;29.0;24.0;0.74;NE;6.111111111111111;0.0;1008.68;0.0;Fair
1479218400;29.0;24.0;0.74;ENE;5.277777777777778;0.0;1008.68;0.0;Partly Cloudy
1479222000;29.0;24.0;0.74;ENE;5.277777777777778;0.0;1007.68;0.0;Partly Cloudy
1479225600;29.0;24.0;0.74;NE;4.166666666666667;0.0;1007.68;0.0;Mostly Cloudy
1479229200;28.0;24.0;0.79;ENE;4.166666666666667;0.0;1006.69;0.0;Mostly Cloudy
1479232800;28.0;23.0;0.74;ENE;4.722222222222222;0.0;1006.69;0.0;Mostly Cloudy
1479236400;27.0;23.0;0.79;ENE;5.277777777777778;0.0;1007.68;0.0;Mostly Cloudy
1479240000;27.0;23.0;0.79;NE;3.611111111111111;0.0;1007.68;0.0;Partly Cloudy
1479243600;27.0;24.0;0.84;ENE;3.0555555555555554;0.0;1008.68;0.0;Partly Cloudy
1479247200;27.0;23.0;0.79;ENE;3.611111111111111;0.0;1008.68;0.0;Partly Cloudy
1479250800;27.0;23.0;0.79;NE;3.0555555555555554;0.0;1009.68;0.0;Partly Cloudy
1479254400;27.0;23.0;0.79;NE;2.5;0.0;1009.68;0.0;Partly Cloudy
1479258000;27.0;23.0;0.79;NE;2.5;0.0;1009.68;0.0;Fair
1479261600;26.0;24.0;0.89;NE;1.9444444444444444;0.0;1008.68;0.0;Fair
1479265200;26.0;23.0;0.83;NE;1.9444444444444444;0.0;1008.68;0.0;Fair
1479268800;27.0;23.0;0.79;ENE;3.0555555555555554;0.0;1008.68;0.0;Partly Cloudy
1479272400;27.0;23.0;0.79;ENE;3.0555555555555554;0.0;1008.68;0.0;Partly Cloudy
1479276000;27.0;23.0;0.79;NE;2.5;0.0;1008.68;0.0;Fair
1479279600;27.0;23.0;0.79;ENE;2.5;0.0;1008.68;0.0;Partly Cloudy
1479283200;27.0;24.0;0.84;ENE;3.0555555555555554;0.0;1009.68;0.0;Partly Cloudy
1479286800;28.0;24.0;0.79;NE;3.611111111111111;0.0;1009.68;0.0;Partly Cloudy
1479290400;28.0;24.0;0.79;NE;3.611111111111111;0.0;1010.68;0.0;Mostly Cloudy
1479294000;29.0;24.0;0.74;ENE;5.277777777777778;0.0;1010.68;0.0;Mostly Cloudy
1479297600;29.0;24.0;0.74;ENE;5.277777777777778;0.0;1010.68;0.0;Mostly Cloudy
1479301200;30.0;24.0;0.7;ENE;4.722222222222222;0.0;1010.68;0.0;Partly Cloudy
1479304800;29.0;24.0;0.74;ENE;5.277777777777778;0.0;1009.68;0.0;Partly Cloudy
1479308400;29.0;24.0;0.74;ENE;5.277777777777778;0.0;1009.68;0.0;Partly Cloudy
1479312000;30.0;24.0;0.7;ENE;4.166666666666667;0.0;1008.68;0.0;Mostly Cloudy
1479315600;30.0;24.0;0.7;ENE;3.611111111111111;0.0;1008.68;0.0;Partly Cloudy
1479319200;28.0;23.0;0.74;ENE;4.166666666666667;0.0;1008.68;0.0;Partly Cloudy
1479322800;28.0;24.0;0.79;ENE;4.166666666666667;0.0;1008.68;0.0;Partly Cloudy
1479326400;28.0;24.0;0.79;ENE;3.611111111111111;0.0;1009.68;0.0;Partly Cloudy
1479330000;28.0;24.0;0.79;ENE;3.611111111111111;0.0;1009.68;0.0;Partly Cloudy
1479333600;27.0;24.0;0.84;ENE;3.611111111111111;0.0;1010.68;0.0;Partly Cloudy
1479337200;27.0;24.0;0.84;ENE;3.0555555555555554;0.0;1010.68;0.0;Mostly Cloudy
1479340800;27.0;24.0;0.84;ENE;2.5;0.0;1010.68;0.0;Mostly Cloudy
1479344400;27.0;24.0;0.84;ENE;1.9444444444444444;0.0;1010.68;0.0;Partly Cloudy
1479434400;27.0;23.0;0.79;E;3.611111111111111;0.0;1009.68;0.0;Partly Cloudy
1479438000;27.0;23.0;0.79;E;2.5;0.0;1008.68;0.0;Partly Cloudy
1479441600;27.0;23.0;0.79;E;3.0555555555555554;0.0;1008.68;0.0;Partly Cloudy
1479445200;27.0;24.0;0.84;E;2.5;0.0;1007.68;0.0;Partly Cloudy
1479448800;27.0;23.0;0.79;E;2.5;0.0;1008.68;0.0;Partly Cloudy
1479452400;27.0;23.0;0.79;E;3.611111111111111;0.0;1008.68;0.0;Partly Cloudy
1479456000;27.0;24.0;0.84;E;3.0555555555555554;0.0;1008.68;0.0;Fair
1479459600;28.0;24.0;0.79;E;3.0555555555555554;0.0;1009.68;0.0;Partly Cloudy
1479463200;29.0;24.0;0.74;E;4.166666666666667;0.0;1009.68;0.0;Partly Cloudy
1479466800;30.0;24.0;0.7;E;3.611111111111111;0.0;1009.68;0.0;Partly Cloudy
1479470400;30.0;24.0;0.7;E;4.166666666666667;0.0;1008.68;0.0;Partly Cloudy
1479474000;31.0;24.0;0.66;ESE;4.166666666666667;0.0;1008.68;0.0;Partly Cloudy
1479477600;29.0;24.0;0.74;E;4.722222222222222;0.0;1007.68;0.0;Partly Cloudy
1479481200;30.0;24.0;0.7;E;3.0555555555555554;0.0;1006.69;0.0;Partly Cloudy
1479484800;29.0;24.0;0.74;E;4.722222222222222;0.0;1006.69;0.0;Partly Cloudy
1479488400;29.0;23.0;0.7;E;3.611111111111111;0.0;1005.69;0.0;Partly Cloudy
1479492000;28.0;23.0;0.74;E;4.166666666666667;0.0;1005.69;0.0;Partly Cloudy
1479495600;28.0;24.0;0.79;E;3.611111111111111;0.0;1006.69;0.0;Partly Cloudy
1479499200;28.0;23.0;0.74;E;3.0555555555555554;0.0;1006.69;0.0;Partly Cloudy
1479502800;27.0;23.0;0.79;ENE;3.0555555555555554;0.0;1007.68;0.0;Partly Cloudy
1479506400;27.0;23.0;0.79;ENE;3.0555555555555554;0.0;1008.68;0.0;Partly Cloudy
1479510000;27.0;23.0;0.79;ENE;2.5;0.0;1008.68;0.0;Partly Cloudy
1479513600;27.0;23.0;0.79;ENE;3.0555555555555554;0.0;1008.68;0.0;Partly Cloudy
1479517200;27.0;23.0;0.79;ENE;2.5;0.0;1008.68;0.0;Partly Cloudy
1479520800;27.0;22.0;0.74;ENE;1.9444444444444444;0.0;1008.68;0.0;Fair
1479524400;26.0;23.0;0.83;NNE;1.1111111111111112;0.0;1007.68;0.0;Fair
1479528000;27.0;23.0;0.79;NNE;1.6666666666666665;0.0;1007.68;0.0;Mostly Cloudy
1479531600;26.0;24.0;0.89;NE;1.9444444444444444;0.0;1007.68;0.0;Fair
1479535200;26.0;23.0;0.83;NE;2.5;0.0;1007.68;0.0;Partly Cloudy
1479538800;27.0;24.0;0.84;NE;1.9444444444444444;0.0;1007.68;0.0;Partly Cloudy
1479542400;27.0;24.0;0.84;NE;1.9444444444444444;0.0;1008.68;0.0;Partly Cloudy
1479546000;27.0;24.0;0.84;NE;3.611111111111111;0.0;1009.68;0.0;Mostly Cloudy
1479549600;28.0;23.0;0.74;NE;4.722222222222222;0.0;1009.68;0.0;Partly Cloudy
1479553200;29.0;24.0;0.74;NE;5.277777777777778;0.0;1009.68;0.0;Partly Cloudy
1479556800;30.0;24.0;0.7;NNE;6.111111111111111;0.0;1009.68;0.0;Mostly Cloudy
1479560400;31.0;24.0;0.66;NE;5.277777777777778;0.0;1009.68;0.0;Partly Cloudy
1479564000;31.0;24.0;0.66;ENE;6.111111111111111;0.0;1008.68;0.0;Partly Cloudy
1479567600;30.0;23.0;0.66;NE;6.666666666666666;0.0;1007.68;0.0;Mostly Cloudy
1479571200;31.0;24.0;0.66;NE;4.722222222222222;0.0;1006.69;0.0;Partly Cloudy
1479574800;30.0;23.0;0.66;ENE;4.722222222222222;0.0;1006.69;0.0;Partly Cloudy
1479578400;29.0;23.0;0.7;ENE;5.277777777777778;0.0;1006.69;0.0;Fair
1479582000;28.0;23.0;0.74;NE;4.722222222222222;0.0;1006.69;0.0;Fair
1479585600;28.0;23.0;0.74;NE;4.722222222222222;0.0;1007.68;0.0;Fair
1479589200;28.0;23.0;0.74;NE;3.0555555555555554;0.0;1008.68;0.0;Fair
1479592800;27.0;23.0;0.79;NE;3.0555555555555554;0.0;1009.68;0.0;Fair
1479596400;27.0;23.0;0.79;NE;3.611111111111111;0.0;1009.68;0.0;Fair
1479600000;27.0;23.0;0.79;NE;3.0555555555555554;0.0;1009.68;0.0;Fair
1479603600;27.0;23.0;0.79;ENE;3.0555555555555554;0.0;1009.68;0.0;Fair
1479607200;27.0;23.0;0.79;NE;3.0555555555555554;0.0;1008.68;0.0;Fair
1479610800;27.0;23.0;0.79;NE;3.0555555555555554;0.0;1008.68;0.0;Partly Cloudy
1479614400;27.0;23.0;0.79;NE;4.166666666666667;0.0;1008.68;0.0;Partly Cloudy
1479618000;27.0;23.0;0.79;NE;3.0555555555555554;0.0;1008.68;0.0;Fair
1479621600;27.0;23.0;0.79;NE;3.0555555555555554;0.0;1008.68;0.0;Fair
1479625200;27.0;23.0;0.79;ENE;2.5;0.0;1008.68;0.0;Partly Cloudy
1479628800;27.0;23.0;0.79;NE;3.0555555555555554;0.0;1009.68;0.0;Fair
1479632400;28.0;23.0;0.74;ENE;4.166666666666667;0.0;1010.68;0.0;Partly Cloudy
1479636000;28.0;23.0;0.74;ENE;4.166666666666667;0.0;1010.68;0.0;Partly Cloudy
1479639600;29.0;23.0;0.7;NE;4.722222222222222;0.0;1010.68;0.0;Partly Cloudy
1479643200;31.0;24.0;0.66;ENE;5.277777777777778;0.0;1010.68;0.0;Partly Cloudy
1479646800;30.0;23.0;0.66;E;6.111111111111111;0.0;1010.68;0.0;Partly Cloudy
1479650400;31.0;23.0;0.62;ENE;4.166666666666667;0.0;1009.68;0.0;Partly Cloudy
1479654000;30.0;23.0;0.66;ENE;5.277777777777778;0.0;1009.68;0.0;Partly Cloudy
1479657600;31.0;23.0;0.62;ENE;4.722222222222222;0.0;1008.68;0.0;Partly Cloudy
1479661200;30.0;24.0;0.7;ENE;5.277777777777778;0.0;1008.68;0.0;Partly Cloudy
1479664800;29.0;23.0;0.7;ENE;3.0555555555555554;0.0;1008.68;0.0;Partly Cloudy
1479668400;28.0;23.0;0.74;ENE;3.611111111111111;0.0;1008.68;0.0;Fair
1479672000;28.0;23.0;0.74;ENE;2.5;0.0;1009.68;0.0;Fair
1479675600;27.0;23.0;0.79;NE;2.5;0.0;1010.68;0.0;Partly Cloudy
1479679200;27.0;23.0;0.79;ENE;3.0555555555555554;0.0;1010.68;0.0;Fair
1479682800;27.0;23.0;0.79;NE;2.5;0.0;1011.68;0.0;Fair
1479686400;27.0;23.0;0.79;E;1.9444444444444444;0.0;1011.68;0.0;Partly Cloudy
1479690000;27.0;23.0;0.79;E;2.5;0.0;1010.68;0.0;Partly Cloudy
1479693600;27.0;23.0;0.79;E;1.9444444444444444;0.0;1010.68;0.0;Partly Cloudy
1479697200;27.0;23.0;0.79;E;2.5;0.0;1009.68;0.0;Partly Cloudy
1479700800;27.0;23.0;0.79;E;2.5;0.0;1009.68;0.0;Fair
1479704400;26.0;23.0;0.83;ESE;2.5;0.0;1009.68;0.0;Fair
1479708000;27.0;23.0;0.79;E;1.9444444444444444;0.0;1009.68;0.0;Partly Cloudy
1479711600;27.0;23.0;0.79;ESE;3.0555555555555554;0.0;1010.68;0.0;Partly Cloudy
1479715200;27.0;23.0;0.79;ESE;3.611111111111111;0.0;1010.68;0.0;Partly Cloudy
1479718800;28.0;23.0;0.74;SE;4.722222222222222;0.0;1011.68;0.0;Partly Cloudy
1479722400;29.0;23.0;0.7;ESE;3.0555555555555554;0.0;1011.68;0.0;Partly Cloudy
1479726000;29.0;23.0;0.7;ESE;5.277777777777778;0.0;1012.68;0.0;Partly Cloudy
1479729600;30.0;23.0;0.66;ESE;4.722222222222222;0.0;1012.68;0.0;Partly Cloudy
1479733200;30.0;23.0;0.66;ESE;4.722222222222222;0.0;1011.68;0.0;Fair
1479736800;30.0;22.0;0.62;ESE;4.166666666666667;0.0;1011.68;0.0;Fair
1479740400;30.0;23.0;0.66;SE;5.555555555555555;0.0;1010.68;0.0;Fair
1479744000;29.0;23.0;0.7;SE;4.722222222222222;0.0;1010.68;0.0;Fair
1479747600;29.0;23.0;0.7;SE;4.722222222222222;0.0;1010.68;0.0;Fair
1479751200;28.0;23.0;0.74;SE;5.277777777777778;0.0;1010.68;0.0;Fair
1479754800;28.0;23.0;0.74;SE;3.611111111111111;0.0;1010.68;0.0;Fair
1479758400;28.0;23.0;0.74;SE;4.722222222222222;0.0;1011.68;0.0;Partly Cloudy
1479762000;27.0;23.0;0.79;SSE;4.722222222222222;0.0;1011.68;0.0;Fair
1479765600;27.0;23.0;0.79;SE;4.722222222222222;0.0;1012.68;0.0;Fair
1479769200;27.0;23.0;0.79;SE;4.722222222222222;0.0;1012.68;0.0;Fair
1479772800;27.0;23.0;0.79;SE;4.166666666666667;0.0;1012.68;0.0;Partly Cloudy
1479776400;26.0;23.0;0.83;SE;4.166666666666667;0.0;1011.68;0.0;Partly Cloudy
1479866400;27.0;22.0;0.74;E;2.5;0.0;1009.68;0.0;Partly Cloudy
1479870000;27.0;22.0;0.74;ESE;1.9444444444444444;0.0;1009.68;0.0;Fair
1479873600;27.0;23.0;0.79;SE;1.9444444444444444;0.0;1009.68;0.0;Partly Cloudy
1479877200;27.0;23.0;0.79;ESE;3.0555555555555554;0.0;1009.68;0.0;Partly Cloudy
1479880800;26.0;22.0;0.78;SE;1.6666666666666665;0.0;1009.68;0.0;Partly Cloudy
1479884400;27.0;23.0;0.79;E;3.611111111111111;0.0;1010.68;0.0;Mostly Cloudy
1479888000;27.0;23.0;0.79;E;1.6666666666666665;0.0;1011.68;0.0;Partly Cloudy
1479891600;28.0;23.0;0.74;E;4.166666666666667;0.0;1011.68;0.0;Partly Cloudy
1479895200;29.0;23.0;0.7;ESE;4.722222222222222;0.0;1012.68;0.0;Fair
1479898800;29.0;22.0;0.66;ESE;4.166666666666667;0.0;1012.68;0.0;Mostly Cloudy
1479902400;30.0;22.0;0.62;ESE;3.611111111111111;0.0;1011.68;0.0;Partly Cloudy
1479906000;30.0;23.0;0.66;ESE;5.555555555555555;0.0;1011.68;0.0;Partly Cloudy
1479909600;29.0;22.0;0.66;ESE;5.277777777777778;0.0;1010.68;0.0;Mostly Cloudy
1479913200;30.0;23.0;0.66;SE;6.111111111111111;0.0;1010.68;0.0;Partly Cloudy
1479916800;29.0;23.0;0.7;ESE;5.277777777777778;0.0;1009.68;0.0;Partly Cloudy
1479920400;29.0;23.0;0.7;ESE;4.166666666666667;0.0;1009.68;0.0;Partly Cloudy
1479924000;29.0;23.0;0.7;ESE;4.722222222222222;0.0;1009.68;0.0;Partly Cloudy
1479927600;28.0;23.0;0.74;ESE;4.722222222222222;0.0;1009.68;0.0;Fair
1479931200;28.0;23.0;0.74;E;3.0555555555555554;0.0;1010.68;0.0;Fair
1479934800;28.0;23.0;0.74;E;3.611111111111111;0.0;1010.68;0.0;Fair
1479938400;28.0;24.0;0.79;ESE;3.0555555555555554;0.0;1011.68;0.0;Fair
1479942000;27.0;23.0;0.79;E;3.611111111111111;0.0;1011.68;0.0;Fair
1479945600;28.0;23.0;0.74;E;3.0555555555555554;0.0;1011.68;0.0;Mostly Cloudy
1479949200;27.0;23.0;0.79;E;3.611111111111111;0.0;1011.68;0.0;Partly Cloudy
1479952800;27.0;23.0;0.79;ENE;2.5;0.0;1010.68;0.0;Fair
1479956400;27.0;23.0;0.79;ENE;1.9444444444444444;0.0;1010.68;0.0;Mostly Cloudy
1479960000;27.0;23.0;0.79;ENE;1.9444444444444444;0.0;1010.68;0.0;Partly Cloudy
1479963600;27.0;23.0;0.79;ENE;2.5;0.0;1010.68;0.0;Partly Cloudy
1479967200;27.0;22.0;0.74;E;3.611111111111111;0.0;1010.68;0.0;Fair
1479970800;27.0;22.0;0.74;E;3.0555555555555554;0.0;1011.68;0.0;Fair
1479974400;27.0;23.0;0.79;E;2.5;0.0;1011.68;0.0;Fair
1479978000;28.0;23.0;0.74;E;2.5;0.0;1012.68;0.0;Fair
1479981600;28.0;23.0;0.74;E;3.611111111111111;0.0;1012.68;0.0;Partly Cloudy
1479985200;29.0;23.0;0.7;E;4.166666666666667;0.0;1012.68;0.0;Partly Cloudy
1479988800;31.0;22.0;0.58;E;3.611111111111111;0.0;1012.68;0.0;Mostly Cloudy
1479992400;29.0;23.0;0.7;E;4.722222222222222;0.0;1012.68;0.0;Mostly Cloudy
1479996000;30.0;23.0;0.66;E;4.722222222222222;0.0;1011.68;0.0;Partly Cloudy
1479999600;30.0;23.0;0.66;E;4.166666666666667;0.0;1011.68;0.0;Partly Cloudy
1480003200;29.0;23.0;0.7;E;3.611111111111111;0.0;1010.68;0.0;Partly Cloudy
1480006800;29.0;22.0;0.66;ESE;4.166666666666667;0.0;1010.68;0.0;Partly Cloudy
1480010400;29.0;23.0;0.7;ESE;4.166666666666667;0.0;1010.68;0.0;Partly Cloudy
1480014000;28.0;23.0;0.74;E;3.611111111111111;0.0;1011.68;0.0;Partly Cloudy
1480017600;28.0;23.0;0.74;E;3.0555555555555554;0.0;1011.68;0.0;Fair
1480021200;27.0;23.0;0.79;E;2.5;0.0;1011.68;0.0;Fair
1480024800;27.0;23.0;0.79;E;2.5;0.0;1012.68;0.0;Fair
1480028400;27.0;23.0;0.79;ENE;1.9444444444444444;0.0;1012.68;0.0;Partly Cloudy
1480032000;27.0;23.0;0.79;E;2.5;0.0;1012.68;0.0;Partly Cloudy
1480035600;27.0;23.0;0.79;E;2.5;0.0;1012.68;0.0;Partly Cloudy
1480039200;27.0;23.0;0.79;E;2.5;0.0;1011.68;0.0;Partly Cloudy
1480042800;27.0;23.0;0.79;E;1.6666666666666665;0.0;1010.68;0.0;Fair
1480046400;27.0;22.0;0.74;ENE;1.1111111111111112;0.0;1010.68;0.0;Fair
1480050000;27.0;22.0;0.74;E;2.5;0.0;1010.68;0.0;Fair
1480053600;26.0;22.0;0.78;E;1.6666666666666665;0.0;1010.68;0.0;Fair
1480057200;27.0;22.0;0.74;E;2.5;0.0;1011.68;0.0;Partly Cloudy
1480060800;27.0;22.0;0.74;E;3.611111111111111;0.0;1012.68;0.0;Partly Cloudy
1480064400;28.0;22.0;0.7;E;3.611111111111111;0.0;1012.68;0.0;Partly Cloudy
1480068000;29.0;22.0;0.66;E;4.722222222222222;0.0;1013.68;0.0;Partly Cloudy
1480071600;29.0;23.0;0.7;E;4.166666666666667;0.0;1013.68;0.0;Partly Cloudy
1480075200;29.0;23.0;0.7;E;4.722222222222222;0.0;1013.68;0.0;Fair
1480078800;30.0;23.0;0.66;E;4.722222222222222;0.0;1013.68;0.0;Fair
1480082400;30.0;23.0;0.66;SE;5.277777777777778;0.0;1012.68;0.0;Fair
1480086000;30.0;23.0;0.66;SE;4.722222222222222;0.0;1011.68;0.0;Fair
1480089600;30.0;23.0;0.66;ESE;5.555555555555555;0.0;1010.68;0.0;Partly Cloudy
1480093200;29.0;23.0;0.7;ESE;5.277777777777778;0.0;1010.68;0.0;Partly Cloudy
1480096800;29.0;22.0;0.66;E;6.111111111111111;0.0;1010.68;0.0;Partly Cloudy
1480100400;28.0;23.0;0.74;ESE;3.611111111111111;0.0;1010.68;0.0;Partly Cloudy
1480104000;27.0;23.0;0.79;SE;4.722222222222222;0.0;1011.68;0.0;Mostly Cloudy
1480107600;27.0;22.0;0.74;SE;4.722222222222222;0.0;1011.68;0.0;Partly Cloudy
1480111200;27.0;22.0;0.74;SSE;4.166666666666667;0.0;1012.68;0.0;Partly Cloudy
1480114800;27.0;22.0;0.74;SE;4.166666666666667;0.0;1012.68;0.0;Partly Cloudy
1480118400;27.0;23.0;0.79;SE;4.722222222222222;0.0;1012.68;0.0;Partly Cloudy
1480122000;27.0;22.0;0.74;SE;4.722222222222222;0.0;1012.68;0.0;Partly Cloudy
1480125600;27.0;22.0;0.74;SE;4.166666666666667;0.0;1011.68;0.0;Partly Cloudy
1480129200;27.0;22.0;0.74;ESE;3.0555555555555554;0.0;1011.68;0.0;Partly Cloudy
1480132800;26.0;22.0;0.78;ESE;3.0555555555555554;0.0;1010.68;0.0;Fair
1480136400;26.0;21.0;0.74;SE;3.0555555555555554;0.0;1010.68;0.0;Fair
1480140000;26.0;21.0;0.74;SE;3.611111111111111;0.0;1011.68;0.0;Fair
1480143600;26.0;22.0;0.78;SE;3.0555555555555554;0.0;1011.68;0.0;Fair
1480147200;27.0;22.0;0.74;SE;4.166666666666667;0.0;1011.68;0.0;Partly Cloudy
1480150800;28.0;22.0;0.7;SE;4.722222222222222;0.0;1012.68;0.0;Mostly Cloudy
1480154400;29.0;22.0;0.66;ESE;5.277777777777778;0.0;1012.68;0.0;Fair
1480158000;29.0;22.0;0.66;SE;4.722222222222222;0.0;1012.68;0.0;Fair
1480161600;30.0;21.0;0.58;SE;5.555555555555555;0.0;1011.68;0.0;Fair
1480165200;30.0;22.0;0.62;SSE;5.277777777777778;0.0;1011.68;0.0;Fair
1480168800;30.0;22.0;0.62;SSE;6.111111111111111;0.0;1011.68;0.0;Fair
1480172400;30.0;23.0;0.66;SE;6.111111111111111;0.0;1010.68;0.0;Fair
1480176000;29.0;23.0;0.7;SSE;5.555555555555555;0.0;1009.68;0.0;Fair
1480179600;29.0;23.0;0.7;SSE;6.666666666666666;0.0;1009.68;0.0;Partly Cloudy
1480183200;28.0;23.0;0.74;SSE;6.666666666666666;0.0;1009.68;0.0;Partly Cloudy
1480186800;28.0;22.0;0.7;SSE;8.333333333333334;0.0;1010.68;0.0;Partly Cloudy
1480190400;27.0;22.0;0.74;SSE;6.666666666666666;0.0;1011.68;0.0;Partly Cloudy
1480194000;27.0;23.0;0.79;SSE;7.222222222222222;0.0;1011.68;0.0;Fair
1480197600;27.0;22.0;0.74;SE;5.277777777777778;0.0;1012.68;0.0;Fair
1480201200;27.0;23.0;0.79;SE;5.277777777777778;0.0;1012.68;0.0;Partly Cloudy
1480204800;27.0;23.0;0.79;SE;6.111111111111111;0.0;1012.68;0.0;Partly Cloudy
1480208400;27.0;23.0;0.79;SE;5.277777777777778;0.0;1012.68;0.0;Partly Cloudy
1480471200;27.0;23.0;0.79;ENE;3.611111111111111;0.0;1010.68;0.0;Partly Cloudy
1480474800;27.0;23.0;0.79;ENE;3.611111111111111;0.0;1009.68;0.0;Fair
1480478400;27.0;23.0;0.79;ENE;3.611111111111111;0.0;1009.68;0.0;Mostly Cloudy
1480482000;27.0;22.0;0.74;ENE;3.0555555555555554;0.0;1009.68;0.0;Partly Cloudy
1480485600;27.0;22.0;0.74;ENE;3.0555555555555554;0.0;1009.68;0.0;Partly Cloudy
1480489200;27.0;22.0;0.74;NE;2.5;0.0;1010.68;0.0;Fair
1480492800;27.0;22.0;0.74;ENE;2.5;0.0;1010.68;0.0;Fair
1480496400;28.0;23.0;0.74;E;3.611111111111111;0.0;1011.68;0.0;Mostly Cloudy
1480500000;28.0;23.0;0.74;E;3.0555555555555554;0.0;1011.68;0.0;Mostly Cloudy
1480503600;29.0;22.0;0.66;ENE;4.166666666666667;0.0;1011.68;0.0;Partly Cloudy
1480507200;31.0;23.0;0.62;ENE;4.722222222222222;0.0;1011.68;0.0;Partly Cloudy
1480510800;31.0;23.0;0.62;E;4.722222222222222;0.0;1011.68;0.0;Partly Cloudy
1480514400;31.0;23.0;0.62;ENE;3.611111111111111;0.0;1010.68;0.0;Partly Cloudy
1480518000;31.0;21.0;0.55;E;3.0555555555555554;0.0;1010.68;0.0;Partly Cloudy
1480521600;30.0;22.0;0.62;ESE;5.277777777777778;0.0;1009.68;0.0;Partly Cloudy
1480525200;30.0;22.0;0.62;E;3.611111111111111;0.0;1009.68;0.0;Fair
1480528800;29.0;23.0;0.7;E;4.166666666666667;0.0;1009.68;0.0;Fair
1480532400;28.0;24.0;0.79;E;3.0555555555555554;0.0;1009.68;0.0;Fair
1480536000;28.0;24.0;0.79;ENE;3.0555555555555554;0.0;1010.68;0.0;Partly Cloudy
1480539600;28.0;24.0;0.79;ENE;2.5;0.0;1010.68;0.0;Partly Cloudy
1480543200;28.0;24.0;0.79;ENE;3.0555555555555554;0.0;1011.68;0.0;Fair
1480546800;28.0;24.0;0.79;ENE;3.611111111111111;0.0;1011.68;0.0;Partly Cloudy
1480550400;27.0;24.0;0.84;ENE;3.611111111111111;0.0;1011.68;0.0;Partly Cloudy
1480554000;27.0;24.0;0.84;ENE;3.0555555555555554;0.0;1011.68;0.0;Partly Cloudy
1480557600;27.0;24.0;0.84;ENE;2.5;0.0;1011.68;0.0;Partly Cloudy
1480561200;27.0;24.0;0.84;ENE;3.611111111111111;0.0;1011.68;0.0;Partly Cloudy
1480564800;27.0;24.0;0.84;ENE;3.611111111111111;0.0;1010.68;0.0;Partly Cloudy
1480568400;27.0;24.0;0.84;ENE;3.0555555555555554;0.0;1010.68;0.0;Partly Cloudy
1480572000;27.0;24.0;0.84;NE;3.611111111111111;0.0;1010.68;0.0;Partly Cloudy
1480575600;27.0;23.0;0.79;ENE;3.611111111111111;0.0;1011.68;0.0;Mostly Cloudy
1480579200;27.0;23.0;0.79;ENE;4.166666666666667;0.0;1011.68;0.0;Partly Cloudy
1480582800;29.0;23.0;0.7;E;3.611111111111111;0.0;1012.68;0.0;Partly Cloudy
1480586400;29.0;23.0;0.7;ENE;4.722222222222222;0.0;1012.68;0.0;Partly Cloudy
1480590000;30.0;23.0;0.66;E;4.722222222222222;0.0;1013.68;0.0;Fair
1480593600;30.0;22.0;0.62;ENE;4.722222222222222;0.0;1013.68;0.0;Fair
1480597200;31.0;22.0;0.58;E;4.166666666666667;0.0;1012.68;0.0;Fair
1480600800;30.0;22.0;0.62;ESE;4.722222222222222;0.0;1012.68;0.0;Fair
1480604400;30.0;23.0;0.66;ESE;4.166666666666667;0.0;1011.68;0.0;Fair
1480608000;30.0;23.0;0.66;E;4.166666666666667;0.0;1010.68;0.0;Fair
1480611600;29.0;23.0;0.7;E;4.166666666666667;0.0;1010.68;0.0;Fair
1480615200;29.0;23.0;0.7;E;4.722222222222222;0.0;1010.68;0.0;Fair
1480618800;28.0;23.0;0.74;E;4.166666666666667;0.0;1011.68;0.0;Fair
1480622400;28.0;23.0;0.74;E;3.611111111111111;0.0;1011.68;0.0;Partly Cloudy
1480626000;28.0;23.0;0.74;E;3.611111111111111;0.0;1012.68;0.0;Partly Cloudy
1480629600;28.0;23.0;0.74;E;3.611111111111111;0.0;1012.68;0.0;Partly Cloudy
1480633200;27.0;23.0;0.79;E;4.166666666666667;0.0;1013.68;0.0;Partly Cloudy
1480636800;27.0;22.0;0.74;ESE;4.166666666666667;0.0;1013.68;0.0;Partly Cloudy
1480640400;27.0;22.0;0.74;E;4.166666666666667;0.0;1013.68;0.0;Partly Cloudy
1480730400;27.0;23.0;0.79;ESE;3.0555555555555554;0.0;1012.68;0.0;Partly Cloudy
1480734000;27.0;23.0;0.79;E;3.0555555555555554;0.0;1011.68;0.0;Partly Cloudy
1480737600;27.0;23.0;0.79;E;1.9444444444444444;0.0;1010.68;0.0;Fair
1480741200;27.0;23.0;0.79;E;3.0555555555555554;0.0;1010.68;0.0;Fair
1480744800;27.0;23.0;0.79;E;4.166666666666667;0.0;1010.68;0.0;Fair
1480748400;27.0;23.0;0.79;ESE;4.166666666666667;0.0;1010.68;0.0;Partly Cloudy
1480752000;28.0;23.0;0.74;E;3.611111111111111;0.0;1011.68;0.0;Partly Cloudy
1480755600;28.0;22.0;0.7;ESE;4.166666666666667;0.0;1011.68;0.0;Fair
1480759200;29.0;23.0;0.7;ESE;3.611111111111111;0.0;1011.68;0.0;Fair
1480762800;30.0;23.0;0.66;SE;5.277777777777778;0.0;1011.68;0.0;Partly Cloudy
1480766400;29.0;23.0;0.7;SE;5.277777777777778;0.0;1011.68;0.0;Partly Cloudy
1480770000;30.0;23.0;0.66;ESE;5.277777777777778;0.0;1011.68;0.0;Partly Cloudy
1480773600;30.0;23.0;0.66;SE;5.555555555555555;0.0;1010.68;0.0;Partly Cloudy
1480777200;30.0;23.0;0.66;E;4.166666666666667;0.0;1010.68;0.0;Partly Cloudy
1480780800;30.0;23.0;0.66;E;5.277777777777778;0.0;1009.68;0.0;Partly Cloudy
1480784400;30.0;23.0;0.66;E;3.0555555555555554;0.0;1009.68;0.0;Partly Cloudy
1480788000;29.0;23.0;0.7;SE;5.277777777777778;0.0;1009.68;0.0;Partly Cloudy
1480791600;28.0;22.0;0.7;SE;3.0555555555555554;0.0;1009.68;0.0;Fair
1480795200;28.0;22.0;0.7;ESE;2.5;0.0;1010.68;0.0;Fair
1480798800;27.0;22.0;0.74;E;1.6666666666666665;0.0;1010.68;0.0;Fair
1480802400;27.0;22.0;0.74;E;2.5;0.0;1011.68;0.0;Fair
1480806000;27.0;22.0;0.74;E;1.6666666666666665;0.0;1011.68;0.0;Fair
1480809600;27.0;22.0;0.74;E;2.5;0.0;1011.68;0.0;Fair
1480813200;27.0;22.0;0.74;ESE;2.5;0.0;1011.68;0.0;Fair
1480816800;27.0;23.0;0.79;ESE;3.0555555555555554;0.0;1010.68;0.0;Partly Cloudy
1480820400;27.0;23.0;0.79;E;2.5;0.0;1009.68;0.0;Fair
1480824000;27.0;23.0;0.79;ESE;1.9444444444444444;0.0;1009.68;0.0;Partly Cloudy
1480827600;27.0;23.0;0.79;E;2.5;0.0;1009.68;0.0;Partly Cloudy
1480831200;27.0;23.0;0.79;ESE;2.5;0.0;1009.68;0.0;Partly Cloudy
1480834800;27.0;23.0;0.79;E;2.5;0.0;1010.68;0.0;Fair
1480838400;27.0;24.0;0.84;E;1.9444444444444444;0.0;1010.68;0.0;Partly Cloudy
1480842000;28.0;24.0;0.79;E;3.0555555555555554;0.0;1010.68;0.0;Mostly Cloudy
1480845600;28.0;24.0;0.79;E;3.0555555555555554;0.0;1011.68;0.0;Mostly Cloudy
1480849200;30.0;24.0;0.7;E;3.611111111111111;0.0;1011.68;0.0;Mostly Cloudy
1480852800;30.0;23.0;0.66;E;5.277777777777778;0.0;1011.68;0.0;Partly Cloudy
1480856400;31.0;24.0;0.66;E;6.111111111111111;0.0;1010.68;0.0;Partly Cloudy
1480860000;31.0;24.0;0.66;E;5.277777777777778;0.0;1010.68;0.0;Partly Cloudy
1480863600;31.0;24.0;0.66;E;4.722222222222222;0.0;1009.68;0.0;Mostly Cloudy
1480867200;30.0;24.0;0.7;E;4.166666666666667;0.0;1009.68;0.0;Partly Cloudy
1480870800;29.0;24.0;0.74;ENE;5.277777777777778;0.0;1008.68;0.0;Partly Cloudy
1480874400;29.0;24.0;0.74;ENE;4.722222222222222;0.0;1008.68;0.0;Partly Cloudy
1480878000;28.0;23.0;0.74;ENE;4.166666666666667;0.0;1008.68;0.0;Partly Cloudy
1480881600;28.0;24.0;0.79;ENE;3.611111111111111;0.0;1009.68;0.0;Partly Cloudy
1480885200;28.0;23.0;0.74;ENE;4.166666666666667;0.0;1010.68;0.0;Partly Cloudy
1480888800;28.0;23.0;0.74;ENE;4.166666666666667;0.0;1010.68;0.0;Partly Cloudy
1480892400;27.0;23.0;0.79;ENE;3.611111111111111;0.0;1011.68;0.0;Partly Cloudy
1480896000;27.0;23.0;0.79;ENE;3.0555555555555554;0.0;1011.68;0.0;Mostly Cloudy
1480899600;27.0;23.0;0.79;ENE;1.6666666666666665;0.0;1011.68;0.0;Partly Cloudy
1480989600;27.0;23.0;0.79;NNE;1.9444444444444444;0.0;1011.68;0.0;Fair
1480993200;27.0;24.0;0.84;NE;1.9444444444444444;0.0;1010.68;0.0;Partly Cloudy
1480996800;26.0;23.0;0.83;WNW;1.1111111111111112;0.0;1010.68;0.0;Partly Cloudy
1481000400;26.0;24.0;0.89;NW;1.1111111111111112;0.0;1010.68;0.0;Fair
1481004000;26.0;23.0;0.83;NNW;1.1111111111111112;0.0;1010.68;0.0;Fair
1481007600;25.0;23.0;0.89;CALM;0.0;0.0;1011.68;0.0;Fair
1481011200;27.0;24.0;0.84;NNE;1.6666666666666665;0.0;1011.68;0.0;Partly Cloudy
1481014800;28.0;24.0;0.79;ENE;3.611111111111111;0.0;1012.68;0.0;Partly Cloudy
1481018400;29.0;24.0;0.74;ENE;3.611111111111111;0.0;1012.68;0.0;Partly Cloudy
1481022000;29.0;24.0;0.74;ENE;3.611111111111111;0.0;1013.68;0.0;Partly Cloudy
1481025600;30.0;24.0;0.7;ENE;3.611111111111111;0.0;1013.68;0.0;Partly Cloudy
1481029200;30.0;24.0;0.7;ENE;4.166666666666667;0.0;1012.68;0.0;Partly Cloudy
1481032800;30.0;24.0;0.7;NE;4.166666666666667;0.0;1012.68;0.0;Partly Cloudy
1481036400;30.0;24.0;0.7;E;4.722222222222222;0.0;1011.68;0.0;Mostly Cloudy
1481040000;30.0;24.0;0.7;ENE;5.277777777777778;0.0;1010.68;0.0;Partly Cloudy
1481043600;29.0;24.0;0.74;E;4.166666666666667;0.0;1010.68;0.0;Partly Cloudy
1481047200;29.0;24.0;0.74;ENE;4.166666666666667;0.0;1010.68;0.0;Fair
1481050800;29.0;24.0;0.74;NE;3.611111111111111;0.0;1010.68;0.0;Fair
1481054400;28.0;24.0;0.79;NE;3.611111111111111;0.0;1010.68;0.0;Fair
1481058000;28.0;24.0;0.79;NE;3.611111111111111;0.0;1010.68;0.0;Fair
1481061600;28.0;24.0;0.79;ENE;3.611111111111111;0.0;1011.68;0.0;Fair
1481065200;28.0;24.0;0.79;NE;3.611111111111111;0.0;1011.68;0.0;Fair
1481068800;27.0;24.0;0.84;ENE;2.5;0.0;1010.68;0.0;Partly Cloudy
1481072400;27.0;24.0;0.84;NE;3.0555555555555554;0.0;1010.68;0.0;Partly Cloudy
1481421600;27.0;23.0;0.79;NE;2.5;0.0;1010.68;0.0;Partly Cloudy
1481425200;27.0;23.0;0.79;NE;1.9444444444444444;0.0;1009.68;0.0;Partly Cloudy
1481428800;27.0;24.0;0.84;NE;2.5;0.0;1009.68;0.0;Partly Cloudy
1481432400;27.0;23.0;0.79;NE;1.9444444444444444;0.0;1009.68;0.0;Partly Cloudy
1481436000;27.0;23.0;0.79;NE;2.5;0.0;1009.68;0.0;Fair
1481439600;27.0;23.0;0.79;NE;2.5;0.0;1010.68;0.0;Partly Cloudy
1481443200;28.0;23.0;0.74;NE;3.0555555555555554;0.0;1010.68;0.0;Partly Cloudy
1481446800;29.0;23.0;0.7;NE;4.166666666666667;0.0;1010.68;0.0;Partly Cloudy
1481450400;29.0;23.0;0.7;ENE;4.722222222222222;0.0;1011.68;0.0;Mostly Cloudy
1481454000;30.0;23.0;0.66;ENE;5.277777777777778;0.0;1011.68;0.0;Partly Cloudy
1481457600;31.0;23.0;0.62;NE;4.722222222222222;0.0;1011.68;0.0;Fair
1481461200;31.0;24.0;0.66;ENE;5.277777777777778;0.0;1011.68;0.0;Fair
1481464800;31.0;24.0;0.66;ENE;4.722222222222222;0.0;1010.68;0.0;Partly Cloudy
1481468400;31.0;24.0;0.66;ENE;5.277777777777778;0.0;1010.68;0.0;Fair
1481472000;30.0;24.0;0.7;ENE;4.722222222222222;0.0;1009.68;0.0;Fair
1481475600;30.0;24.0;0.7;ENE;5.277777777777778;0.0;1009.68;0.0;Fair
1481479200;29.0;24.0;0.74;ENE;5.277777777777778;0.0;1008.68;0.0;Fair
1481482800;29.0;24.0;0.74;E;5.277777777777778;0.0;1008.68;0.0;Fair
1481486400;28.0;23.0;0.74;ENE;4.722222222222222;0.0;1008.68;0.0;Fair
1481490000;28.0;23.0;0.74;ENE;3.0555555555555554;0.0;1009.68;0.0;Mostly Cloudy
1481493600;28.0;24.0;0.79;ENE;4.166666666666667;0.0;1010.68;0.0;Partly Cloudy
1481497200;28.0;23.0;0.74;ENE;3.0555555555555554;0.0;1010.68;0.0;Partly Cloudy
1481500800;27.0;23.0;0.79;ENE;3.0555555555555554;0.0;1010.68;0.0;Partly Cloudy
1481504400;27.0;24.0;0.84;NE;3.0555555555555554;0.0;1010.68;0.0;Partly Cloudy
1481594400;27.0;23.0;0.79;NE;2.5;0.0;1009.68;0.0;Partly Cloudy
1481598000;27.0;22.0;0.74;E;3.611111111111111;0.0;1008.68;0.0;Partly Cloudy
1481601600;27.0;22.0;0.74;ENE;4.166666666666667;0.0;1008.68;0.0;Mostly Cloudy
1481605200;27.0;23.0;0.79;ENE;3.611111111111111;0.0;1008.68;0.0;Partly Cloudy
1481608800;27.0;22.0;0.74;E;3.611111111111111;0.0;1009.68;0.0;Partly Cloudy
1481612400;27.0;23.0;0.79;E;3.0555555555555554;0.0;1009.68;0.0;Partly Cloudy
1481616000;28.0;22.0;0.7;ENE;3.611111111111111;0.0;1010.68;0.0;Fair
1481619600;29.0;22.0;0.66;ENE;4.166666666666667;0.0;1010.68;0.0;Fair
1481623200;29.0;22.0;0.66;ENE;4.722222222222222;0.0;1011.68;0.0;Fair
1481626800;29.0;22.0;0.66;ENE;5.277777777777778;0.0;1011.68;0.0;Partly Cloudy
1481630400;29.0;23.0;0.7;ENE;4.722222222222222;0.0;1011.68;0.0;Partly Cloudy
1481634000;30.0;22.0;0.62;E;5.555555555555555;0.0;1011.68;0.0;Partly Cloudy
1481637600;30.0;23.0;0.66;E;5.277777777777778;0.0;1010.68;0.0;Partly Cloudy
1481641200;30.0;23.0;0.66;E;5.555555555555555;0.0;1009.68;0.0;Partly Cloudy
1481644800;30.0;23.0;0.66;E;4.722222222222222;0.0;1009.68;0.0;Partly Cloudy
1481648400;30.0;23.0;0.66;E;4.722222222222222;0.0;1008.68;0.0;Partly Cloudy
1481652000;28.0;23.0;0.74;E;4.166666666666667;0.0;1008.68;0.0;Partly Cloudy
1481655600;29.0;22.0;0.66;E;3.611111111111111;0.0;1008.68;0.0;Fair
1481659200;28.0;22.0;0.7;ENE;3.0555555555555554;0.0;1008.68;0.0;Fair
1481662800;28.0;22.0;0.7;ENE;2.5;0.0;1009.68;0.0;Fair
1481666400;27.0;22.0;0.74;NE;2.5;0.0;1010.68;0.0;Fair
1481670000;27.0;23.0;0.79;ENE;3.611111111111111;0.0;1011.68;0.0;Partly Cloudy
1481673600;27.0;22.0;0.74;NE;2.5;0.0;1011.68;0.0;Partly Cloudy
1481677200;27.0;22.0;0.74;NE;1.6666666666666665;0.0;1011.68;0.0;Fair
1481680800;27.0;23.0;0.79;NE;1.6666666666666665;0.0;1010.68;0.0;Fair
1481684400;27.0;23.0;0.79;ENE;1.9444444444444444;0.0;1009.68;0.0;Partly Cloudy
1481688000;27.0;22.0;0.74;NE;1.9444444444444444;0.0;1009.68;0.0;Fair
1481691600;27.0;22.0;0.74;ENE;1.6666666666666665;0.0;1009.68;0.0;Fair
1481695200;25.0;22.0;0.83;NW;1.9444444444444444;0.0;1009.68;0.0;Fair
1481698800;24.0;22.0;0.89;NW;1.1111111111111112;0.0;1010.68;0.0;Partly Cloudy
1481702400;26.0;23.0;0.83;NW;1.1111111111111112;0.0;1011.68;0.0;Fair
1481706000;29.0;23.0;0.7;VAR;2.5;0.0;1011.68;0.0;Partly Cloudy
1481709600;29.0;23.0;0.7;E;3.611111111111111;0.0;1012.68;0.0;Mostly Cloudy
1481713200;29.0;23.0;0.7;E;4.166666666666667;0.0;1012.68;0.0;Partly Cloudy
1481716800;30.0;23.0;0.66;E;3.611111111111111;0.0;1012.68;0.0;Partly Cloudy
1481720400;31.0;24.0;0.66;E;4.166666666666667;0.0;1012.68;0.0;Partly Cloudy
1481724000;31.0;23.0;0.62;ESE;5.277777777777778;0.0;1011.68;0.0;Partly Cloudy
1481727600;32.0;24.0;0.62;E;3.611111111111111;0.0;1010.68;0.0;Partly Cloudy
1481731200;31.0;23.0;0.62;E;4.722222222222222;0.0;1010.68;0.0;Partly Cloudy
1481734800;30.0;23.0;0.66;E;4.722222222222222;0.0;1009.68;0.0;Fair
1481738400;29.0;24.0;0.74;ESE;4.166666666666667;0.0;1009.68;0.0;Fair
1481742000;29.0;23.0;0.7;ESE;4.166666666666667;0.0;1010.68;0.0;Fair
1481745600;28.0;24.0;0.79;E;3.0555555555555554;0.0;1010.68;0.0;Partly Cloudy
1481749200;28.0;24.0;0.79;E;3.0555555555555554;0.0;1010.68;0.0;Fair
1481752800;28.0;24.0;0.79;E;2.5;0.0;1011.68;0.0;Partly Cloudy
1481756400;28.0;24.0;0.79;E;2.5;0.0;1011.68;0.0;Partly Cloudy
1481760000;28.0;24.0;0.79;ESE;3.611111111111111;0.0;1011.68;0.0;Partly Cloudy
1481763600;28.0;24.0;0.79;ESE;4.166666666666667;0.0;1011.68;0.0;Partly Cloudy
1481767200;28.0;24.0;0.79;ESE;3.611111111111111;0.0;1010.68;0.0;Partly Cloudy
1481770800;27.0;24.0;0.84;E;2.5;0.0;1009.68;0.0;Partly Cloudy
1481774400;27.0;24.0;0.84;ESE;3.611111111111111;0.0;1009.68;0.0;Mostly Cloudy
1481778000;27.0;24.0;0.84;ESE;3.0555555555555554;0.0;1009.68;0.0;Mostly Cloudy
1481781600;28.0;24.0;0.79;ESE;3.611111111111111;0.0;1010.68;0.0;Partly Cloudy
1481785200;27.0;24.0;0.84;ESE;4.166666666666667;0.0;1010.68;0.0;Partly Cloudy
1481788800;28.0;23.0;0.74;ESE;4.722222222222222;0.0;1011.68;0.0;Partly Cloudy
1481792400;28.0;24.0;0.79;ESE;4.166666666666667;0.0;1011.68;0.0;Showers in the Vicinity
1481796000;28.0;23.0;0.74;E;5.277777777777778;0.0;1012.68;0.0;Mostly Cloudy
1481799600;27.0;24.0;0.84;SE;5.277777777777778;0.0;0.0;0.0;Light Rain Shower
1481803200;29.0;24.0;0.74;ESE;4.722222222222222;0.0;1012.68;0.0;Partly Cloudy
1481806800;27.0;24.0;0.84;E;3.611111111111111;0.0;0.0;0.0;Showers in the Vicinity
1481810400;31.0;24.0;0.66;ESE;5.277777777777778;0.0;1012.68;0.0;Partly Cloudy
1481814000;31.0;24.0;0.66;E;6.111111111111111;0.0;1011.68;0.0;Partly Cloudy
1481817600;30.0;24.0;0.7;ESE;6.666666666666666;0.0;1010.68;0.0;Partly Cloudy
1481821200;29.0;24.0;0.74;E;4.722222222222222;0.0;1010.68;0.0;Partly Cloudy
1481824800;29.0;24.0;0.74;ESE;4.166666666666667;0.0;1010.68;0.0;Partly Cloudy
1481828400;29.0;24.0;0.74;E;3.611111111111111;0.0;1010.68;0.0;Fair
1481832000;28.0;24.0;0.79;E;3.611111111111111;0.0;1011.68;0.0;Partly Cloudy
1481835600;28.0;23.0;0.74;ESE;3.611111111111111;0.0;1011.68;0.0;Partly Cloudy
1481839200;28.0;24.0;0.79;ESE;3.611111111111111;0.0;1012.68;0.0;Partly Cloudy
1481842800;28.0;23.0;0.74;ESE;3.0555555555555554;0.0;1012.68;0.0;Partly Cloudy
1481846400;28.0;23.0;0.74;ESE;3.0555555555555554;0.0;1012.68;0.0;Partly Cloudy
1481850000;27.0;23.0;0.79;ESE;4.166666666666667;0.0;1012.68;0.0;Partly Cloudy
1481940000;27.0;23.0;0.79;ESE;5.277777777777778;0.0;1010.68;0.0;Partly Cloudy
1481943600;27.0;24.0;0.84;SE;3.611111111111111;0.0;1010.68;0.0;Partly Cloudy
1481947200;27.0;24.0;0.84;ESE;2.5;0.0;1010.68;0.0;Mostly Cloudy
1481950800;26.0;23.0;0.83;ESE;5.277777777777778;0.0;1010.68;0.0;Showers in the Vicinity
1481954400;26.0;24.0;0.89;SE;2.5;0.0;1010.68;0.0;Partly Cloudy
1481958000;26.0;23.0;0.83;SE;5.277777777777778;0.0;1010.68;0.0;Showers in the Vicinity
1481961600;26.0;23.0;0.83;SE;6.111111111111111;0.0;1010.68;0.0;Showers in the Vicinity
1481965200;27.0;23.0;0.79;SE;6.666666666666666;0.0;1011.68;0.0;Mostly Cloudy
1481968800;28.0;23.0;0.74;SE;6.666666666666666;0.0;1012.68;0.0;Mostly Cloudy
1481972400;29.0;23.0;0.7;SE;5.555555555555555;0.0;1012.68;0.0;Mostly Cloudy
1481976000;29.0;22.0;0.66;SE;6.111111111111111;0.0;1012.68;0.0;Showers in the Vicinity
1481976600;28.0;24.0;0.79;SE;6.666666666666666;0.0;1012.68;0.0;Rain Shower
1481978100;28.0;24.0;0.79;SSE;5.277777777777778;0.0;1011.68;0.0;Mostly Cloudy
1481979600;28.0;24.0;0.79;SSE;4.722222222222222;0.0;1011.68;0.0;Mostly Cloudy
1481983200;30.0;23.0;0.66;SE;6.111111111111111;0.0;1011.68;0.0;Mostly Cloudy
1481986800;30.0;23.0;0.66;SE;7.222222222222222;0.0;0.0;0.0;Showers in the Vicinity
1481990400;28.0;24.0;0.79;ESE;7.222222222222222;12.222222222222221;1010.68;0.0;Showers in the Vicinity
1481991300;25.0;23.0;0.89;ESE;4.722222222222222;0.0;1010.68;0.0;Rain
1481992800;24.0;24.0;1.0;SSW;3.611111111111111;0.0;1009.68;0.0;Light Rain
1481994000;25.0;24.0;0.94;SW;2.5;0.0;1009.68;0.0;Light Rain
1481997600;27.0;24.0;0.84;SSE;6.111111111111111;0.0;1009.68;0.0;Showers in the Vicinity
1482001200;27.0;0.0;0.0;SSE;5.555555555555555;0.0;1009.68;0.0;Showers in the Vicinity
1482004800;27.0;24.0;0.84;SE;4.166666666666667;0.0;1010.68;0.0;Partly Cloudy
1482008400;27.0;23.0;0.79;SE;5.555555555555555;0.0;1010.68;0.0;Mostly Cloudy
1482012000;27.0;23.0;0.79;SE;5.277777777777778;0.0;1011.68;0.0;Partly Cloudy
1482015600;27.0;23.0;0.79;SE;4.722222222222222;0.0;1011.68;0.0;Mostly Cloudy
1482019200;27.0;23.0;0.79;SE;5.277777777777778;0.0;1011.68;0.0;Partly Cloudy
1482022800;27.0;23.0;0.79;SE;5.277777777777778;0.0;1011.68;0.0;Partly Cloudy
1482026400;27.0;23.0;0.79;SE;5.277777777777778;0.0;1010.68;0.0;Partly Cloudy
1482030000;27.0;23.0;0.79;SE;5.277777777777778;0.0;1010.68;0.0;Partly Cloudy
1482033600;27.0;22.0;0.74;SE;4.722222222222222;0.0;1009.68;0.0;Partly Cloudy
1482037200;27.0;23.0;0.79;SE;5.277777777777778;0.0;1009.68;0.0;Partly Cloudy
1482040800;27.0;23.0;0.79;SE;4.722222222222222;0.0;1009.68;0.0;Partly Cloudy
1482044400;27.0;23.0;0.79;SE;4.166666666666667;0.0;1009.68;0.0;Mostly Cloudy
1482048000;27.0;23.0;0.79;SE;4.722222222222222;0.0;1010.68;0.0;Partly Cloudy
1482051600;28.0;23.0;0.74;SE;5.555555555555555;0.0;1010.68;0.0;Showers in the Vicinity
1482055200;28.0;24.0;0.79;SE;6.111111111111111;0.0;1011.68;0.0;Showers in the Vicinity
1482058800;29.0;24.0;0.74;SE;5.277777777777778;0.0;1011.68;0.0;Partly Cloudy
1482062400;29.0;23.0;0.7;SE;5.277777777777778;0.0;1011.68;0.0;Partly Cloudy
1482066000;31.0;24.0;0.66;SE;6.111111111111111;0.0;1011.68;0.0;Partly Cloudy
1482069600;30.0;24.0;0.7;ESE;5.555555555555555;0.0;1010.68;0.0;Partly Cloudy
1482073200;30.0;23.0;0.66;ESE;5.277777777777778;0.0;1010.68;0.0;Fair
1482076800;29.0;23.0;0.7;ESE;4.722222222222222;0.0;1009.68;0.0;Mostly Cloudy
1482080400;29.0;23.0;0.7;SE;6.111111111111111;0.0;1009.68;0.0;Partly Cloudy
1482084000;29.0;22.0;0.66;ESE;4.722222222222222;0.0;1009.68;0.0;Fair
1482087600;28.0;23.0;0.74;SE;4.722222222222222;0.0;1009.68;0.0;Partly Cloudy
1482091200;28.0;23.0;0.74;SE;4.722222222222222;0.0;1010.68;0.0;Partly Cloudy
1482094800;28.0;23.0;0.74;SE;5.277777777777778;0.0;1010.68;0.0;Partly Cloudy
1482098400;28.0;23.0;0.74;ESE;4.166666666666667;0.0;1010.68;0.0;Fair
1482102000;27.0;23.0;0.79;SE;4.166666666666667;0.0;1011.68;0.0;Partly Cloudy
1482105600;27.0;23.0;0.79;ESE;4.722222222222222;0.0;1011.68;0.0;Partly Cloudy
1482109200;27.0;22.0;0.74;SE;4.722222222222222;0.0;1010.68;0.0;Partly Cloudy
1482285600;26.0;24.0;0.89;ESE;4.166666666666667;0.0;1009.68;0.0;Mostly Cloudy
1482289200;25.0;23.0;0.89;SE;5.277777777777778;0.0;1008.68;0.0;Partly Cloudy
1482292800;25.0;23.0;0.89;S;1.6666666666666665;0.0;1008.68;0.0;Partly Cloudy
1482296400;26.0;23.0;0.83;SE;3.0555555555555554;0.0;1007.68;0.0;Light Rain
1482300000;26.0;21.0;0.74;ESE;4.166666666666667;0.0;1007.68;0.0;Partly Cloudy
1482303600;27.0;22.0;0.74;ESE;3.0555555555555554;0.0;1008.68;0.0;Partly Cloudy
1482307200;27.0;22.0;0.74;SE;4.166666666666667;0.0;1008.68;0.0;Partly Cloudy
1482310800;27.0;23.0;0.79;SE;4.166666666666667;0.0;1009.68;0.0;Fair
1482314400;28.0;22.0;0.7;ESE;4.722222222222222;0.0;1009.68;0.0;Fair
1482318000;29.0;22.0;0.66;ESE;5.277777777777778;0.0;1010.68;0.0;Partly Cloudy
1482321600;29.0;23.0;0.7;SE;5.277777777777778;0.0;1009.68;0.0;Partly Cloudy
1482325200;29.0;23.0;0.7;ESE;5.555555555555555;0.0;1009.68;0.0;Partly Cloudy
1482328800;30.0;23.0;0.66;SE;5.277777777777778;0.0;1009.68;0.0;Partly Cloudy
1482332400;30.0;23.0;0.66;ESE;4.722222222222222;0.0;1008.68;0.0;Partly Cloudy
1482336000;29.0;23.0;0.7;ESE;5.277777777777778;0.0;1008.68;0.0;Mostly Cloudy
1482339600;29.0;24.0;0.74;SE;5.277777777777778;0.0;1008.68;0.0;Mostly Cloudy
1482343200;28.0;24.0;0.79;SE;4.722222222222222;0.0;1008.68;0.0;Mostly Cloudy
1482346800;28.0;23.0;0.74;SE;5.277777777777778;0.0;1009.68;0.0;Mostly Cloudy
1482350400;28.0;24.0;0.79;SE;4.166666666666667;0.0;1009.68;0.0;Mostly Cloudy
1482354000;27.0;24.0;0.84;SE;5.277777777777778;0.0;1010.68;0.0;Mostly Cloudy
1482357600;28.0;24.0;0.79;SE;4.166666666666667;0.0;1010.68;0.0;Partly Cloudy
1482361200;28.0;24.0;0.79;SE;4.722222222222222;0.0;1011.68;0.0;Partly Cloudy
1482364800;28.0;24.0;0.79;SE;5.555555555555555;0.0;1011.68;0.0;Partly Cloudy
1482368400;27.0;24.0;0.84;SE;5.555555555555555;0.0;1010.68;0.0;Mostly Cloudy
1482372000;27.0;24.0;0.84;SE;5.555555555555555;0.0;1010.68;0.0;Mostly Cloudy
1482375600;27.0;24.0;0.84;SE;5.277777777777778;0.0;1009.68;0.0;Mostly Cloudy
1482378060;26.0;24.0;0.89;SE;4.722222222222222;10.277777777777777;1009.68;0.0;Rain Shower
1482379200;26.0;24.0;0.89;SSE;5.555555555555555;0.0;1008.68;0.0;Showers in the Vicinity
1482382800;27.0;23.0;0.79;SE;5.277777777777778;0.0;1008.68;0.0;Mostly Cloudy
1482386400;27.0;24.0;0.84;SE;5.555555555555555;0.0;1008.68;0.0;Mostly Cloudy
1482390000;27.0;24.0;0.84;SE;5.277777777777778;0.0;1009.68;0.0;Mostly Cloudy
1482393600;27.0;24.0;0.84;SE;4.722222222222222;0.0;1010.68;0.0;Mostly Cloudy
1482397200;28.0;24.0;0.79;SE;6.111111111111111;0.0;1010.68;0.0;Partly Cloudy
1482400800;28.0;24.0;0.79;SE;6.666666666666666;0.0;1011.68;0.0;Mostly Cloudy
1482404400;29.0;25.0;0.79;SE;6.111111111111111;0.0;1011.68;0.0;Mostly Cloudy
1482408000;29.0;24.0;0.74;SSE;7.777777777777778;0.0;1010.68;0.0;Mostly Cloudy
1482411600;31.0;25.0;0.7;SE;7.222222222222222;0.0;1010.68;0.0;Mostly Cloudy
1482415200;31.0;24.0;0.66;SE;7.777777777777778;0.0;1009.68;0.0;Mostly Cloudy
1482418800;31.0;24.0;0.66;SSE;8.333333333333334;0.0;1009.68;0.0;Partly Cloudy
1482422400;30.0;24.0;0.7;SSE;8.61111111111111;0.0;1008.68;0.0;Partly Cloudy
1482426000;29.0;24.0;0.74;SSE;8.61111111111111;0.0;1008.68;0.0;Mostly Cloudy
1482429600;29.0;24.0;0.74;SSE;7.777777777777778;0.0;1008.68;0.0;Mostly Cloudy
1482433200;28.0;23.0;0.74;SSE;7.777777777777778;0.0;1008.68;0.0;Mostly Cloudy
1482436800;28.0;24.0;0.79;SSE;7.222222222222222;0.0;1009.68;0.0;Mostly Cloudy
1482440400;28.0;24.0;0.79;SSE;7.777777777777778;0.0;1009.68;0.0;Mostly Cloudy
1482444000;28.0;23.0;0.74;SSE;8.333333333333334;0.0;1010.68;0.0;Mostly Cloudy
1482447600;28.0;24.0;0.79;SSE;6.666666666666666;0.0;1011.68;0.0;Cloudy
1482451200;27.0;23.0;0.79;SSE;6.111111111111111;0.0;1011.68;0.0;Showers in the Vicinity
1482454800;27.0;23.0;0.79;SE;6.111111111111111;0.0;1010.68;0.0;Partly Cloudy
1482458400;26.0;23.0;0.83;SE;5.277777777777778;0.0;1010.68;0.0;Partly Cloudy
1482462000;26.0;23.0;0.83;SSE;5.277777777777778;0.0;1009.68;0.0;Partly Cloudy
1482465600;26.0;23.0;0.83;SE;5.277777777777778;0.0;1009.68;0.0;Partly Cloudy
1482469200;25.0;23.0;0.89;SSE;5.277777777777778;0.0;1008.68;0.0;Showers in the Vicinity
1482472800;25.0;23.0;0.89;SE;6.111111111111111;0.0;1008.68;0.0;Showers in the Vicinity
1482476400;25.0;23.0;0.89;SE;5.277777777777778;0.0;1009.68;0.0;Showers in the Vicinity
1482480000;26.0;23.0;0.83;SE;5.277777777777778;0.0;1009.68;0.0;Mostly Cloudy
1482483600;27.0;23.0;0.79;SE;5.277777777777778;0.0;1010.68;0.0;Partly Cloudy
1482487200;29.0;23.0;0.7;SSE;6.666666666666666;0.0;1010.68;0.0;Partly Cloudy
1482490800;29.0;23.0;0.7;SSE;7.222222222222222;0.0;1011.68;0.0;Partly Cloudy
1482494400;29.0;23.0;0.7;SSE;7.222222222222222;0.0;1010.68;0.0;Partly Cloudy
1482498000;30.0;23.0;0.66;SE;6.111111111111111;0.0;1010.68;0.0;Partly Cloudy
1482501600;30.0;24.0;0.7;SE;6.111111111111111;0.0;1009.68;0.0;Partly Cloudy
1482505200;29.0;21.0;0.62;SSE;6.666666666666666;0.0;1009.68;0.0;Mostly Cloudy
1482508800;29.0;22.0;0.66;SSE;6.666666666666666;0.0;1008.68;0.0;Mostly Cloudy
1482512400;29.0;23.0;0.7;SSE;7.222222222222222;0.0;1008.68;0.0;Partly Cloudy
1482516000;29.0;23.0;0.7;SSE;6.666666666666666;0.0;1008.68;0.0;Mostly Cloudy
1482519600;28.0;23.0;0.74;SSE;6.666666666666666;0.0;1008.68;0.0;Partly Cloudy
1482523200;28.0;22.0;0.7;SSE;5.555555555555555;0.0;1009.68;0.0;Showers in the Vicinity
1482526800;28.0;22.0;0.7;SSE;5.555555555555555;0.0;1009.68;0.0;Showers in the Vicinity
1482530400;28.0;22.0;0.7;SE;5.555555555555555;0.0;1010.68;0.0;Mostly Cloudy
1482534000;28.0;22.0;0.7;SSE;6.111111111111111;0.0;1010.68;0.0;Mostly Cloudy
1482537600;27.0;22.0;0.74;SSE;5.555555555555555;0.0;1010.68;0.0;Partly Cloudy
1482541200;27.0;22.0;0.74;SSE;5.555555555555555;0.0;1010.68;0.0;Mostly Cloudy
1482544800;27.0;23.0;0.79;S;4.722222222222222;0.0;1009.68;0.0;Mostly Cloudy
1482548400;25.0;23.0;0.89;SSW;3.611111111111111;0.0;1008.68;0.0;Partly Cloudy
1482552000;26.0;23.0;0.83;SE;4.722222222222222;0.0;1008.68;0.0;Mostly Cloudy
1482555600;25.0;23.0;0.89;SSW;1.9444444444444444;0.0;1008.68;0.0;Cloudy
1482559200;25.0;23.0;0.89;E;3.611111111111111;0.0;1008.68;0.0;Cloudy
1482560100;25.0;23.0;0.89;VAR;1.1111111111111112;0.0;1008.68;0.0;Light Rain
1482561600;24.0;23.0;0.94;W;1.9444444444444444;0.0;0.0;0.0;Showers in the Vicinity
1482562800;24.0;23.0;0.94;W;2.5;0.0;1008.68;0.0;Showers in the Vicinity
1482566400;25.0;24.0;0.94;W;1.6666666666666665;0.0;0.0;0.0;Showers in the Vicinity
1482570000;26.0;23.0;0.83;ESE;3.611111111111111;0.0;0.0;0.0;Showers in the Vicinity
1482573600;27.0;24.0;0.84;SE;5.277777777777778;0.0;1010.68;0.0;Showers in the Vicinity
1482577200;29.0;23.0;0.7;SSE;5.555555555555555;0.0;1010.68;0.0;Mostly Cloudy
1482580800;30.0;23.0;0.66;SSE;5.555555555555555;0.0;1011.68;0.0;Partly Cloudy
1482584400;30.0;23.0;0.66;SE;5.555555555555555;0.0;1010.68;0.0;Partly Cloudy
1482588000;30.0;22.0;0.62;SSE;6.111111111111111;0.0;1010.68;0.0;Fair
1482591600;31.0;23.0;0.62;ESE;3.611111111111111;0.0;1009.68;0.0;Fair
1482595200;30.0;23.0;0.66;SE;5.555555555555555;0.0;1009.68;0.0;Fair
1482598800;29.0;23.0;0.7;SE;6.111111111111111;0.0;1008.68;0.0;Fair
1482602400;29.0;23.0;0.7;SE;5.277777777777778;0.0;1008.68;0.0;Fair
1482606000;28.0;22.0;0.7;SE;5.555555555555555;0.0;1008.68;0.0;Fair
1482609600;27.0;22.0;0.74;SE;5.277777777777778;0.0;1009.68;0.0;Fair
1482613200;27.0;22.0;0.74;SE;4.722222222222222;0.0;1009.68;0.0;Fair
1482616800;27.0;22.0;0.74;SE;4.166666666666667;0.0;1010.68;0.0;Fair
1482620400;27.0;23.0;0.79;SE;4.722222222222222;0.0;1010.68;0.0;Fair
1482624000;27.0;23.0;0.79;SE;3.611111111111111;0.0;1010.68;0.0;Partly Cloudy
1482627600;27.0;23.0;0.79;SE;3.611111111111111;0.0;1009.68;0.0;Fair
1482631200;27.0;23.0;0.79;ESE;3.611111111111111;0.0;1009.68;0.0;Fair
1482634800;27.0;23.0;0.79;ESE;2.5;0.0;1007.68;0.0;Fair
1482638400;27.0;24.0;0.84;SE;3.611111111111111;0.0;1007.68;0.0;Fair
1482642000;27.0;23.0;0.79;ESE;2.5;0.0;1007.68;0.0;Fair
1482645600;27.0;24.0;0.84;ESE;2.5;0.0;1007.68;0.0;Fair
1482649200;27.0;23.0;0.79;ESE;3.0555555555555554;0.0;1008.68;0.0;Fair
1482652800;27.0;23.0;0.79;SE;3.611111111111111;0.0;1009.68;0.0;Partly Cloudy
1482656400;28.0;23.0;0.74;E;3.611111111111111;0.0;1009.68;0.0;Partly Cloudy
1482660000;29.0;24.0;0.74;SE;5.277777777777778;0.0;1010.68;0.0;Partly Cloudy
1482663600;29.0;24.0;0.74;ESE;5.277777777777778;0.0;1010.68;0.0;Partly Cloudy
1482667200;30.0;23.0;0.66;SE;5.277777777777778;0.0;1010.68;0.0;Partly Cloudy
1482670800;30.0;24.0;0.7;SE;5.277777777777778;0.0;1010.68;0.0;Partly Cloudy
1482674400;30.0;24.0;0.7;ESE;5.277777777777778;0.0;1009.68;0.0;Partly Cloudy
1482678000;30.0;24.0;0.7;ESE;4.722222222222222;0.0;1009.68;0.0;Partly Cloudy
1482681600;30.0;24.0;0.7;SE;6.111111111111111;0.0;1008.68;0.0;Partly Cloudy
1482685200;30.0;24.0;0.7;ESE;4.722222222222222;0.0;1008.68;0.0;Partly Cloudy
1482688800;29.0;24.0;0.74;SE;5.277777777777778;0.0;1008.68;0.0;Partly Cloudy
1482692400;28.0;24.0;0.79;E;4.166666666666667;0.0;1008.68;0.0;Partly Cloudy
1482696000;27.0;24.0;0.84;SE;4.166666666666667;0.0;1008.68;0.0;Partly Cloudy
1482699600;27.0;25.0;0.89;SE;4.166666666666667;0.0;1009.68;0.0;Mostly Cloudy
1482703200;27.0;24.0;0.84;SE;4.166666666666667;0.0;1010.68;0.0;Partly Cloudy
1482706800;27.0;24.0;0.84;E;4.166666666666667;0.0;1010.68;0.0;Partly Cloudy
1482710400;28.0;24.0;0.79;ESE;4.166666666666667;0.0;1010.68;0.0;Partly Cloudy
1482714000;28.0;24.0;0.79;SE;5.277777777777778;0.0;1010.68;0.0;Partly Cloudy
1482717600;27.0;24.0;0.84;ESE;4.166666666666667;0.0;1009.68;0.0;Partly Cloudy
1482721200;27.0;24.0;0.84;ESE;3.0555555555555554;0.0;1009.68;0.0;Partly Cloudy
1482724800;27.0;24.0;0.84;ESE;3.0555555555555554;0.0;1008.68;0.0;Partly Cloudy
1482728400;27.0;24.0;0.84;ESE;3.0555555555555554;0.0;1009.68;0.0;Partly Cloudy
1482732000;27.0;24.0;0.84;ESE;3.0555555555555554;0.0;1008.68;0.0;Partly Cloudy
1482735600;27.0;24.0;0.84;ESE;3.611111111111111;0.0;1009.68;0.0;Mostly Cloudy
1482739200;27.0;24.0;0.84;ESE;3.611111111111111;0.0;1010.68;0.0;Partly Cloudy
1482742800;28.0;25.0;0.84;ESE;4.166666666666667;0.0;1010.68;0.0;Partly Cloudy
1482746400;29.0;24.0;0.74;SE;4.722222222222222;0.0;1011.68;0.0;Partly Cloudy
1482750000;29.0;24.0;0.74;ESE;4.722222222222222;0.0;1011.68;0.0;Partly Cloudy
1482753600;30.0;24.0;0.7;SE;5.555555555555555;0.0;1011.68;0.0;Partly Cloudy
1482757200;30.0;25.0;0.74;SE;5.555555555555555;0.0;1011.68;0.0;Mostly Cloudy
1482760800;30.0;24.0;0.7;SE;6.111111111111111;0.0;1011.68;0.0;Partly Cloudy
1482764400;30.0;24.0;0.7;SE;5.555555555555555;0.0;1010.68;0.0;Partly Cloudy
1482768000;30.0;24.0;0.7;SE;5.277777777777778;0.0;1009.68;0.0;Fair
1482771600;29.0;24.0;0.74;SE;5.277777777777778;0.0;1009.68;0.0;Partly Cloudy
1482775200;29.0;24.0;0.74;SE;4.722222222222222;0.0;1009.68;0.0;Partly Cloudy
1482778800;29.0;24.0;0.74;SE;4.166666666666667;0.0;1009.68;0.0;Partly Cloudy
1482782400;28.0;24.0;0.79;SE;4.722222222222222;0.0;1009.68;0.0;Partly Cloudy
1482786000;28.0;24.0;0.79;SE;4.722222222222222;0.0;1010.68;0.0;Partly Cloudy
1482789600;28.0;24.0;0.79;SE;5.277777777777778;0.0;1011.68;0.0;Partly Cloudy
1482793200;27.0;24.0;0.84;SE;5.277777777777778;0.0;1011.68;0.0;Partly Cloudy
1482796800;27.0;24.0;0.84;SE;4.166666666666667;0.0;1011.68;0.0;Mostly Cloudy
1482800400;27.0;24.0;0.84;ESE;3.611111111111111;0.0;1011.68;0.0;Partly Cloudy
1482804000;27.0;24.0;0.84;ESE;3.0555555555555554;0.0;1011.68;0.0;Partly Cloudy
1482807600;27.0;24.0;0.84;ESE;4.722222222222222;0.0;1010.68;0.0;Showers in the Vicinity
1482811200;27.0;24.0;0.84;SE;5.277777777777778;0.0;1010.68;0.0;Mostly Cloudy
1482814800;27.0;23.0;0.79;SE;5.277777777777778;0.0;1010.68;0.0;Partly Cloudy
1482818400;27.0;23.0;0.79;ESE;6.111111111111111;0.0;1010.68;0.0;Partly Cloudy
1482822000;26.0;23.0;0.83;SE;5.277777777777778;0.0;1011.68;0.0;Partly Cloudy
1482825600;26.0;24.0;0.89;ESE;6.111111111111111;0.0;1011.68;0.0;Partly Cloudy
1482829200;27.0;23.0;0.79;SE;6.666666666666666;0.0;1012.68;0.0;Partly Cloudy
1482832800;29.0;24.0;0.74;SE;5.555555555555555;0.0;1013.68;0.0;Partly Cloudy
1482836400;29.0;24.0;0.74;SE;7.222222222222222;0.0;1013.68;0.0;Partly Cloudy
1482840000;30.0;24.0;0.7;SE;6.666666666666666;0.0;1013.68;0.0;Mostly Cloudy
1482843600;30.0;24.0;0.7;SE;6.666666666666666;0.0;1013.68;0.0;Mostly Cloudy
1482847200;30.0;24.0;0.7;SE;6.666666666666666;0.0;1012.68;0.0;Partly Cloudy
1482850800;31.0;24.0;0.66;SE;6.111111111111111;0.0;1011.68;0.0;Fair
1482854400;30.0;23.0;0.66;SE;5.555555555555555;0.0;1011.68;0.0;Fair
1482858000;30.0;23.0;0.66;SE;6.111111111111111;0.0;1010.68;0.0;Fair
1482861600;29.0;23.0;0.7;SE;6.111111111111111;0.0;1010.68;0.0;Fair
1482865200;28.0;23.0;0.74;SSE;6.666666666666666;0.0;1010.68;0.0;Fair
1482868800;28.0;23.0;0.74;SE;5.555555555555555;0.0;1010.68;0.0;Partly Cloudy
1482872400;27.0;23.0;0.79;SE;5.555555555555555;0.0;1011.68;0.0;Fair
1482876000;28.0;23.0;0.74;SE;6.111111111111111;0.0;1011.68;0.0;Partly Cloudy
1482879600;28.0;23.0;0.74;SE;5.277777777777778;0.0;1012.68;0.0;Mostly Cloudy
1482883200;28.0;23.0;0.74;SE;5.555555555555555;0.0;1012.68;0.0;Mostly Cloudy
1482886800;27.0;23.0;0.79;SSE;5.277777777777778;0.0;1011.68;0.0;Mostly Cloudy
1482890400;27.0;23.0;0.79;SE;5.277777777777778;0.0;1010.68;0.0;Mostly Cloudy
1482894000;27.0;23.0;0.79;SE;4.722222222222222;0.0;1010.68;0.0;Mostly Cloudy
1482897600;27.0;24.0;0.84;SSE;5.555555555555555;0.0;1009.68;0.0;Partly Cloudy
1482901200;27.0;24.0;0.84;SSE;5.277777777777778;0.0;1009.68;0.0;Partly Cloudy
1482904800;27.0;24.0;0.84;SSE;7.222222222222222;0.0;1009.68;0.0;Showers in the Vicinity
1482908400;27.0;24.0;0.84;SE;6.666666666666666;0.0;1009.68;0.0;Showers in the Vicinity
1482912000;27.0;24.0;0.84;SE;6.666666666666666;0.0;1010.68;0.0;Showers in the Vicinity
1482915600;28.0;24.0;0.79;SE;6.111111111111111;0.0;1011.68;0.0;Mostly Cloudy
1482919200;28.0;24.0;0.79;SE;6.666666666666666;0.0;1011.68;0.0;Showers in the Vicinity
1482922800;29.0;24.0;0.74;SE;7.222222222222222;0.0;1012.68;0.0;Showers in the Vicinity
1482925320;28.0;25.0;0.84;SE;7.222222222222222;0.0;1012.68;0.0;Rain Shower
1482926400;28.0;25.0;0.84;SE;8.333333333333334;0.0;1012.68;0.0;Showers in the Vicinity
1482930000;28.0;24.0;0.79;SE;6.666666666666666;0.0;1012.68;0.0;Showers in the Vicinity
1482933600;29.0;24.0;0.74;SE;7.777777777777778;0.0;1011.68;0.0;Mostly Cloudy
1482937200;26.0;24.0;0.89;SSE;8.333333333333334;0.0;1011.68;0.0;Rain Shower
1482938100;27.0;25.0;0.89;SSE;5.555555555555555;0.0;1011.68;0.0;Showers in the Vicinity
1482940800;28.0;24.0;0.79;SE;5.277777777777778;0.0;1010.68;0.0;Mostly Cloudy
1482944400;28.0;24.0;0.79;SE;6.666666666666666;0.0;1010.68;0.0;Mostly Cloudy
1482948000;28.0;24.0;0.79;SE;7.777777777777778;0.0;1010.68;0.0;Mostly Cloudy
1482951600;28.0;24.0;0.79;SE;6.666666666666666;0.0;1010.68;0.0;Mostly Cloudy
1482955200;27.0;24.0;0.84;SE;5.555555555555555;0.0;1010.68;0.0;Showers in the Vicinity
1482958800;28.0;24.0;0.79;SE;5.555555555555555;0.0;1011.68;0.0;Mostly Cloudy
1482962400;28.0;24.0;0.79;SE;5.555555555555555;0.0;1012.68;0.0;Mostly Cloudy
1482966000;28.0;24.0;0.79;SE;5.555555555555555;0.0;1012.68;0.0;Partly Cloudy
1482969600;27.0;23.0;0.79;SE;6.111111111111111;0.0;1012.68;0.0;Mostly Cloudy
1482973200;27.0;24.0;0.84;ESE;4.722222222222222;0.0;1011.68;0.0;Cloudy
1483063200;27.0;23.0;0.79;SSE;5.277777777777778;0.0;1011.68;0.0;Partly Cloudy
1483064820;25.0;23.0;0.89;SE;4.166666666666667;0.0;1011.68;0.0;Light Rain
1483066800;25.0;23.0;0.89;SE;3.0555555555555554;0.0;1010.68;0.0;Showers in the Vicinity
1483067700;24.0;23.0;0.94;SE;7.777777777777778;0.0;1010.68;0.0;Light Rain
1483070400;25.0;23.0;0.89;E;3.611111111111111;0.0;1010.68;0.0;Showers in the Vicinity
1483074000;26.0;22.0;0.78;ESE;4.166666666666667;0.0;1010.68;0.0;Showers in the Vicinity
1483077600;26.0;22.0;0.78;ESE;4.166666666666667;0.0;1009.68;0.0;Mostly Cloudy
1483081200;26.0;21.0;0.74;SE;4.722222222222222;0.0;1010.68;0.0;Partly Cloudy
1483084800;26.0;21.0;0.74;SE;4.166666666666667;0.0;1010.68;0.0;Partly Cloudy
1483088400;27.0;22.0;0.74;SE;5.277777777777778;0.0;1011.68;0.0;Partly Cloudy
1483092000;28.0;22.0;0.7;SE;5.555555555555555;0.0;1012.68;0.0;Partly Cloudy
1483095600;29.0;22.0;0.66;SE;7.222222222222222;0.0;1012.68;0.0;Partly Cloudy
1483099200;30.0;22.0;0.62;SE;6.111111111111111;0.0;1012.68;0.0;Fair
1483102800;30.0;21.0;0.58;SE;6.666666666666666;0.0;1012.68;0.0;Fair
1483106400;30.0;22.0;0.62;SSE;7.777777777777778;0.0;1011.68;0.0;Fair
1483110000;30.0;22.0;0.62;SE;5.555555555555555;0.0;1011.68;0.0;Fair
1483113600;30.0;22.0;0.62;SSE;7.222222222222222;0.0;1010.68;0.0;Fair
1483117200;29.0;22.0;0.66;SE;6.111111111111111;0.0;1010.68;0.0;Partly Cloudy
1483120800;28.0;21.0;0.66;SE;6.111111111111111;0.0;1010.68;0.0;Partly Cloudy
1483124400;28.0;22.0;0.7;SSE;7.222222222222222;0.0;1010.68;0.0;Partly Cloudy
1483128000;27.0;22.0;0.74;SSE;7.222222222222222;0.0;1010.68;0.0;Partly Cloudy
1483131600;27.0;22.0;0.74;SSE;5.277777777777778;0.0;1011.68;0.0;Partly Cloudy
1483135200;27.0;23.0;0.79;SSE;6.111111111111111;0.0;1012.68;0.0;Mostly Cloudy
1483138800;27.0;21.0;0.7;SSE;6.111111111111111;0.0;1012.68;0.0;Partly Cloudy
1483142400;27.0;23.0;0.79;S;5.555555555555555;0.0;1013.68;0.0;Partly Cloudy
1483146000;27.0;22.0;0.74;S;4.722222222222222;0.0;1012.68;0.0;Partly Cloudy
1483236000;26.0;23.0;0.83;SE;4.166666666666667;0.0;1011.68;0.0;Partly Cloudy
1483239600;26.0;23.0;0.83;SE;4.722222222222222;0.0;1010.68;0.0;Partly Cloudy
1483243200;26.0;23.0;0.83;SE;4.166666666666667;0.0;1009.68;0.0;Partly Cloudy
1483246800;26.0;23.0;0.83;SE;4.722222222222222;0.0;1009.68;0.0;Partly Cloudy
1483250400;26.0;23.0;0.83;SE;5.277777777777778;0.0;1009.68;0.0;Mostly Cloudy
1483254000;26.0;23.0;0.83;SE;4.722222222222222;0.0;1010.68;0.0;Mostly Cloudy
1483257600;27.0;22.0;0.74;SE;4.722222222222222;0.0;1010.68;0.0;Partly Cloudy
1483261200;27.0;23.0;0.79;SE;5.277777777777778;0.0;1010.68;0.0;Partly Cloudy
1483264800;27.0;24.0;0.84;ESE;4.166666666666667;0.0;1011.68;0.0;Partly Cloudy
1483268400;30.0;24.0;0.7;SE;5.277777777777778;0.0;1012.68;0.0;Mostly Cloudy
1483272000;29.0;24.0;0.74;SE;6.111111111111111;0.0;1012.68;0.0;Partly Cloudy
1483275600;29.0;24.0;0.74;SE;6.666666666666666;0.0;1011.68;0.0;Mostly Cloudy
1483279200;30.0;24.0;0.7;SE;6.111111111111111;0.0;1011.68;0.0;Partly Cloudy
1483282800;30.0;23.0;0.66;SE;6.666666666666666;0.0;1010.68;0.0;Fair
1483286400;30.0;23.0;0.66;SSE;6.666666666666666;0.0;1010.68;0.0;Fair
1483290000;30.0;23.0;0.66;SSE;6.666666666666666;0.0;1010.68;0.0;Partly Cloudy
1483293600;29.0;23.0;0.7;SSE;6.666666666666666;0.0;1010.68;0.0;Partly Cloudy
1483297200;28.0;23.0;0.74;SSE;6.111111111111111;0.0;1010.68;0.0;Partly Cloudy
1483300800;28.0;23.0;0.74;SSE;6.111111111111111;0.0;1010.68;0.0;Mostly Cloudy
1483304400;28.0;23.0;0.74;SE;5.555555555555555;0.0;1011.68;0.0;Partly Cloudy
1483308000;27.0;23.0;0.79;SSE;6.111111111111111;0.0;1012.68;0.0;Partly Cloudy
1483311600;28.0;23.0;0.74;SE;4.722222222222222;0.0;1012.68;0.0;Partly Cloudy
1483315200;28.0;23.0;0.74;SE;5.277777777777778;0.0;1012.68;0.0;Partly Cloudy
1483318800;27.0;23.0;0.79;SSE;6.111111111111111;0.0;1012.68;0.0;Partly Cloudy
1483408800;27.0;23.0;0.79;SE;3.0555555555555554;0.0;1010.68;0.0;Fair
1483412400;27.0;23.0;0.79;SE;3.0555555555555554;0.0;1009.68;0.0;Fair
1483416000;27.0;23.0;0.79;SE;3.0555555555555554;0.0;1009.68;0.0;Partly Cloudy
1483419600;27.0;23.0;0.79;SE;3.611111111111111;0.0;1009.68;0.0;Mostly Cloudy
1483423200;27.0;22.0;0.74;ESE;3.0555555555555554;0.0;1009.68;0.0;Mostly Cloudy
1483426800;27.0;22.0;0.74;ESE;3.0555555555555554;0.0;1009.68;0.0;Partly Cloudy
1483430400;27.0;23.0;0.79;ESE;2.5;0.0;1010.68;0.0;Fair
1483434000;28.0;23.0;0.74;SE;3.611111111111111;0.0;1010.68;0.0;Fair
1483437600;29.0;22.0;0.66;ESE;4.166666666666667;0.0;1011.68;0.0;Partly Cloudy
1483441200;30.0;23.0;0.66;ESE;4.166666666666667;0.0;1011.68;0.0;Partly Cloudy
1483444800;29.0;23.0;0.7;SE;6.111111111111111;0.0;1011.68;0.0;Partly Cloudy
1483448400;30.0;23.0;0.66;ESE;4.722222222222222;0.0;1011.68;0.0;Partly Cloudy
1483452000;30.0;23.0;0.66;SE;4.722222222222222;0.0;1011.68;0.0;Partly Cloudy
1483455600;31.0;24.0;0.66;SE;3.611111111111111;0.0;1010.68;0.0;Partly Cloudy
1483459200;30.0;24.0;0.7;SE;6.111111111111111;0.0;1009.68;0.0;Partly Cloudy
1483462800;29.0;23.0;0.7;SE;4.166666666666667;0.0;1009.68;0.0;Partly Cloudy
1483466400;29.0;24.0;0.74;SE;4.722222222222222;0.0;1009.68;0.0;Partly Cloudy
1483470000;29.0;23.0;0.7;SE;4.166666666666667;0.0;1009.68;0.0;Partly Cloudy
1483473600;28.0;23.0;0.74;ESE;3.0555555555555554;0.0;1010.68;0.0;Partly Cloudy
1483477200;28.0;24.0;0.79;ESE;3.611111111111111;0.0;1010.68;0.0;Partly Cloudy
1483480800;28.0;24.0;0.79;ESE;4.166666666666667;0.0;1011.68;0.0;Partly Cloudy
1483484400;28.0;24.0;0.79;ESE;3.611111111111111;0.0;1011.68;0.0;Partly Cloudy
1483488000;28.0;24.0;0.79;ESE;3.0555555555555554;0.0;1011.68;0.0;Mostly Cloudy
1483491600;28.0;24.0;0.79;ESE;3.0555555555555554;0.0;1011.68;0.0;Mostly Cloudy
1483495200;28.0;24.0;0.79;ESE;3.611111111111111;0.0;1010.68;0.0;Partly Cloudy
1483498800;27.0;24.0;0.84;ESE;4.166666666666667;0.0;1010.68;0.0;Mostly Cloudy
1483502400;27.0;24.0;0.84;ESE;4.166666666666667;0.0;1010.68;0.0;Partly Cloudy
1483506000;27.0;24.0;0.84;ESE;2.5;0.0;1010.68;0.0;Mostly Cloudy
1483509600;27.0;24.0;0.84;ESE;2.5;0.0;1010.68;0.0;Mostly Cloudy
1483513200;27.0;24.0;0.84;E;3.0555555555555554;0.0;1011.68;0.0;Mostly Cloudy
1483516800;27.0;24.0;0.84;E;1.9444444444444444;0.0;1011.68;0.0;Partly Cloudy
1483520400;29.0;24.0;0.74;E;3.611111111111111;0.0;1011.68;0.0;Mostly Cloudy
1483524000;29.0;24.0;0.74;ESE;5.277777777777778;0.0;1012.68;0.0;Mostly Cloudy
1483527600;29.0;24.0;0.74;ESE;4.722222222222222;0.0;1012.68;0.0;Mostly Cloudy
1483531200;30.0;24.0;0.7;E;5.555555555555555;0.0;1012.68;0.0;Partly Cloudy
1483534800;30.0;23.0;0.66;SE;6.666666666666666;0.0;1012.68;0.0;Partly Cloudy
1483538400;30.0;24.0;0.7;SE;7.222222222222222;0.0;1012.68;0.0;Partly Cloudy
1483542000;31.0;24.0;0.66;SE;5.555555555555555;0.0;1011.68;0.0;Fair
1483545600;30.0;24.0;0.7;ESE;6.111111111111111;0.0;1010.68;0.0;Fair
1483549200;30.0;24.0;0.7;SE;6.111111111111111;0.0;1010.68;0.0;Partly Cloudy
1483552800;29.0;23.0;0.7;ESE;5.555555555555555;0.0;1010.68;0.0;Mostly Cloudy
1483556400;28.0;23.0;0.74;ESE;4.722222222222222;0.0;1011.68;0.0;Mostly Cloudy
1483560000;28.0;24.0;0.79;SE;5.277777777777778;0.0;1011.68;0.0;Partly Cloudy
1483563600;27.0;23.0;0.79;SE;5.277777777777778;0.0;1012.68;0.0;Partly Cloudy
1483567200;27.0;23.0;0.79;SE;5.277777777777778;0.0;1012.68;0.0;Partly Cloudy
1483570800;27.0;23.0;0.79;SSE;6.111111111111111;0.0;1012.68;0.0;Partly Cloudy
1483574400;28.0;23.0;0.74;ESE;3.611111111111111;0.0;1012.68;0.0;Partly Cloudy
1483578000;27.0;23.0;0.79;SE;5.277777777777778;0.0;1012.68;0.0;Partly Cloudy
1483581600;27.0;23.0;0.79;ESE;4.166666666666667;0.0;1011.68;0.0;Partly Cloudy
1483585200;27.0;22.0;0.74;ESE;5.555555555555555;0.0;1011.68;0.0;Fair
1483588800;27.0;22.0;0.74;ESE;4.722222222222222;0.0;1010.68;0.0;Fair
1483592400;27.0;22.0;0.74;SE;4.722222222222222;0.0;1010.68;0.0;Fair
1483596000;27.0;22.0;0.74;SE;3.611111111111111;0.0;1010.68;0.0;Partly Cloudy
1483599600;26.0;23.0;0.83;SE;5.555555555555555;0.0;1010.68;0.0;Showers in the Vicinity
1483603200;27.0;23.0;0.79;SSE;5.277777777777778;0.0;1011.68;0.0;Partly Cloudy
1483606800;26.0;24.0;0.89;SSE;5.555555555555555;0.0;1011.68;0.0;Mostly Cloudy
1483610400;29.0;24.0;0.74;SSE;6.666666666666666;0.0;1012.68;0.0;Mostly Cloudy
1483614000;29.0;24.0;0.74;ESE;5.277777777777778;0.0;1012.68;0.0;Mostly Cloudy
1483617600;29.0;24.0;0.74;SE;5.555555555555555;0.0;1012.68;0.0;Mostly Cloudy
1483621200;29.0;24.0;0.74;SE;5.555555555555555;0.0;1012.68;0.0;Mostly Cloudy
1483624800;30.0;24.0;0.7;SE;8.333333333333334;0.0;1012.68;0.0;Mostly Cloudy
1483628400;30.0;23.0;0.66;SE;7.777777777777778;0.0;1011.68;0.0;Partly Cloudy
1483632000;29.0;24.0;0.74;SE;8.61111111111111;0.0;1011.68;0.0;Mostly Cloudy
1483635600;29.0;23.0;0.7;SSE;8.61111111111111;0.0;1010.68;0.0;Partly Cloudy
1483639200;29.0;22.0;0.66;SE;8.333333333333334;0.0;1010.68;0.0;Partly Cloudy
1483642800;28.0;23.0;0.74;SSE;8.333333333333334;0.0;1010.68;0.0;Partly Cloudy
1483646400;28.0;22.0;0.7;SE;7.222222222222222;0.0;1011.68;0.0;Partly Cloudy
1483650000;28.0;22.0;0.7;SSE;7.222222222222222;0.0;1011.68;0.0;Partly Cloudy
1483653600;28.0;22.0;0.7;SSE;7.222222222222222;0.0;1012.68;0.0;Partly Cloudy
1483657200;27.0;22.0;0.74;SSE;6.666666666666666;0.0;1012.68;0.0;Fair
1483660800;27.0;22.0;0.74;SSE;6.111111111111111;0.0;1012.68;0.0;Partly Cloudy
1483664400;27.0;22.0;0.74;SSE;5.277777777777778;0.0;1011.68;0.0;Mostly Cloudy
1483668000;27.0;22.0;0.74;SSE;5.277777777777778;0.0;1011.68;0.0;Mostly Cloudy
1483671600;26.0;22.0;0.78;SE;4.722222222222222;0.0;1010.68;0.0;Partly Cloudy
1483675200;26.0;22.0;0.78;SSE;4.166666666666667;0.0;1010.68;0.0;Partly Cloudy
1483678800;26.0;22.0;0.78;SE;6.111111111111111;0.0;1009.68;0.0;Partly Cloudy
1483682400;26.0;22.0;0.78;SSE;4.722222222222222;0.0;1009.68;0.0;Partly Cloudy
1483686000;26.0;22.0;0.78;SE;4.722222222222222;0.0;1010.68;0.0;Partly Cloudy
1483689600;27.0;22.0;0.74;SSE;4.722222222222222;0.0;1010.68;0.0;Partly Cloudy
1483693200;27.0;22.0;0.74;SE;5.277777777777778;0.0;1011.68;0.0;Partly Cloudy
1483696800;28.0;23.0;0.74;SE;4.166666666666667;0.0;1012.68;0.0;Partly Cloudy
1483700400;28.0;23.0;0.74;SE;6.111111111111111;0.0;1012.68;0.0;Mostly Cloudy
1483704000;29.0;23.0;0.7;SSE;5.555555555555555;0.0;1012.68;0.0;Mostly Cloudy
1483707600;30.0;23.0;0.66;SSE;5.555555555555555;0.0;1011.68;0.0;Mostly Cloudy
1483711200;30.0;23.0;0.66;SE;6.666666666666666;0.0;1011.68;0.0;Partly Cloudy
1483714800;30.0;24.0;0.7;SE;6.111111111111111;0.0;1010.68;0.0;Partly Cloudy
1483718400;30.0;23.0;0.66;SE;6.111111111111111;0.0;1009.68;0.0;Partly Cloudy
1483722000;29.0;23.0;0.7;SSE;6.666666666666666;0.0;1009.68;0.0;Fair
1483725600;28.0;23.0;0.74;SE;6.111111111111111;0.0;1009.68;0.0;Fair
1483729200;28.0;22.0;0.7;SE;5.277777777777778;0.0;1009.68;0.0;Fair
1483732800;28.0;22.0;0.7;SE;4.722222222222222;0.0;1010.68;0.0;Partly Cloudy
1483736400;27.0;22.0;0.74;SE;4.166666666666667;0.0;1010.68;0.0;Fair
1483740000;27.0;23.0;0.79;SE;4.722222222222222;0.0;1011.68;0.0;Fair
1483743600;27.0;22.0;0.74;SE;5.277777777777778;0.0;1011.68;0.0;Fair
1483747200;27.0;23.0;0.79;SE;4.722222222222222;0.0;1011.68;0.0;Fair
1483750800;27.0;23.0;0.79;SSE;4.166666666666667;0.0;1011.68;0.0;Partly Cloudy
1483927200;27.0;24.0;0.84;SSE;4.722222222222222;0.0;1010.68;0.0;Mostly Cloudy
1483930800;27.0;24.0;0.84;SSE;3.611111111111111;0.0;1009.68;0.0;Mostly Cloudy
1483934400;27.0;24.0;0.84;SE;4.166666666666667;0.0;1009.68;0.0;Mostly Cloudy
1483938000;27.0;24.0;0.84;SE;3.611111111111111;0.0;1009.68;0.0;Mostly Cloudy
1483941600;27.0;24.0;0.84;SSE;4.722222222222222;0.0;1009.68;0.0;Mostly Cloudy
1483945200;26.0;24.0;0.89;SSE;4.722222222222222;0.0;1009.68;0.0;Partly Cloudy
1483948800;26.0;24.0;0.89;SSW;2.5;0.0;1010.68;0.0;Mostly Cloudy
1483952400;27.0;24.0;0.84;SSE;5.277777777777778;0.0;1010.68;0.0;Partly Cloudy
1483956000;27.0;25.0;0.89;E;3.611111111111111;0.0;1011.68;0.0;Partly Cloudy
1483959600;29.0;24.0;0.74;ESE;4.166666666666667;0.0;1011.68;0.0;Fair
1483963200;30.0;24.0;0.7;ESE;4.166666666666667;0.0;1011.68;0.0;Partly Cloudy
1483966800;29.0;25.0;0.79;SE;4.722222222222222;0.0;1011.68;0.0;Mostly Cloudy
1483970400;29.0;24.0;0.74;SE;5.277777777777778;0.0;1010.68;0.0;Partly Cloudy
1483974000;29.0;25.0;0.79;ESE;5.555555555555555;0.0;1010.68;0.0;Partly Cloudy
1483977600;29.0;24.0;0.74;SE;5.555555555555555;0.0;1009.68;0.0;Partly Cloudy
1483981200;30.0;25.0;0.74;ESE;5.277777777777778;0.0;1008.68;0.0;Partly Cloudy
1483984800;28.0;24.0;0.79;E;3.611111111111111;0.0;1009.68;0.0;Partly Cloudy
1483988400;26.0;24.0;0.89;E;4.722222222222222;0.0;1009.68;0.0;Showers in the Vicinity
1483992000;27.0;24.0;0.84;E;3.611111111111111;0.0;1010.68;0.0;Mostly Cloudy
1483995600;27.0;24.0;0.84;E;3.0555555555555554;0.0;1010.68;0.0;Showers in the Vicinity
1483999200;27.0;24.0;0.84;E;4.722222222222222;0.0;1011.68;0.0;Partly Cloudy
1484002800;27.0;24.0;0.84;E;4.166666666666667;0.0;1011.68;0.0;Showers in the Vicinity
1484006400;28.0;24.0;0.79;E;3.0555555555555554;0.0;1011.68;0.0;Mostly Cloudy
1484010000;28.0;24.0;0.79;E;4.166666666666667;0.0;1011.68;0.0;Mostly Cloudy
1484272800;27.0;22.0;0.74;SE;2.5;0.0;1009.68;0.0;Partly Cloudy
1484276400;27.0;23.0;0.79;ESE;2.5;0.0;1008.68;0.0;Partly Cloudy
1484280000;26.0;24.0;0.89;E;1.9444444444444444;0.0;1008.68;0.0;Partly Cloudy
1484283600;27.0;24.0;0.84;SE;2.5;0.0;1008.68;0.0;Partly Cloudy
1484287200;27.0;24.0;0.84;ESE;1.9444444444444444;0.0;1008.68;0.0;Showers in the Vicinity
1484290800;27.0;24.0;0.84;ESE;3.0555555555555554;0.0;1008.68;0.0;Mostly Cloudy
1484294400;27.0;23.0;0.79;ESE;4.166666666666667;0.0;1008.68;0.0;Partly Cloudy
1484298000;28.0;23.0;0.74;ESE;4.722222222222222;0.0;1009.68;0.0;Partly Cloudy
1484301600;28.0;24.0;0.79;SE;5.277777777777778;0.0;1010.68;0.0;Partly Cloudy
1484305200;29.0;23.0;0.7;E;4.166666666666667;0.0;1010.68;0.0;Mostly Cloudy
1484308800;30.0;23.0;0.66;ESE;4.722222222222222;0.0;1010.68;0.0;Mostly Cloudy
1484312400;29.0;23.0;0.7;ESE;4.722222222222222;0.0;1010.68;0.0;Showers in the Vicinity
1484316000;27.0;23.0;0.79;SE;3.611111111111111;0.0;1010.68;0.0;Showers in the Vicinity
1484319600;30.0;24.0;0.7;ESE;3.0555555555555554;0.0;1009.68;0.0;Partly Cloudy
1484323200;30.0;22.0;0.62;E;5.277777777777778;0.0;1008.68;0.0;Partly Cloudy
1484326800;29.0;23.0;0.7;ESE;4.722222222222222;0.0;1008.68;0.0;Partly Cloudy
1484330400;29.0;23.0;0.7;E;4.166666666666667;0.0;1008.68;0.0;Partly Cloudy
1484334000;28.0;23.0;0.74;ESE;5.277777777777778;0.0;1008.68;0.0;Fair
1484337600;28.0;23.0;0.74;ESE;2.5;0.0;1009.68;0.0;Fair
1484341200;28.0;22.0;0.7;ESE;3.611111111111111;0.0;1009.68;0.0;Fair
1484344800;28.0;22.0;0.7;ESE;3.0555555555555554;0.0;1009.68;0.0;Fair
1484348400;28.0;22.0;0.7;ESE;3.0555555555555554;0.0;1010.68;0.0;Fair
1484352000;27.0;23.0;0.79;ESE;3.0555555555555554;0.0;1010.68;0.0;Partly Cloudy
1484355600;27.0;23.0;0.79;SE;3.611111111111111;0.0;1010.68;0.0;Partly Cloudy
1484359200;27.0;23.0;0.79;ESE;3.611111111111111;0.0;1009.68;0.0;Mostly Cloudy
1484362800;27.0;22.0;0.74;ESE;3.611111111111111;0.0;1008.68;0.0;Partly Cloudy
1484366400;27.0;23.0;0.79;ESE;3.611111111111111;0.0;1008.68;0.0;Mostly Cloudy
1484370000;27.0;23.0;0.79;ESE;3.611111111111111;0.0;1008.68;0.0;Partly Cloudy
1484373600;27.0;23.0;0.79;ESE;1.9444444444444444;0.0;1008.68;0.0;Partly Cloudy
1484377200;27.0;23.0;0.79;E;2.5;0.0;1008.68;0.0;Partly Cloudy
1484380800;27.0;23.0;0.79;ESE;3.0555555555555554;0.0;1009.68;0.0;Partly Cloudy
1484384400;28.0;23.0;0.74;E;3.611111111111111;0.0;1009.68;0.0;Partly Cloudy
1484388000;29.0;23.0;0.7;E;3.611111111111111;0.0;1009.68;0.0;Partly Cloudy
1484391600;30.0;23.0;0.66;SE;4.166666666666667;0.0;1009.68;0.0;Mostly Cloudy
1484395200;30.0;23.0;0.66;E;3.611111111111111;0.0;1009.68;0.0;Partly Cloudy
1484398800;31.0;23.0;0.62;SE;5.277777777777778;0.0;1009.68;0.0;Partly Cloudy
1484402400;30.0;23.0;0.66;SE;5.277777777777778;0.0;1008.68;0.0;Partly Cloudy
1484406000;31.0;24.0;0.66;E;4.166666666666667;0.0;1007.68;0.0;Partly Cloudy
1484409600;30.0;23.0;0.66;SE;6.111111111111111;0.0;1007.68;0.0;Partly Cloudy
1484413200;30.0;24.0;0.7;SE;6.666666666666666;0.0;1006.69;0.0;Fair
1484416800;29.0;24.0;0.74;SE;6.666666666666666;0.0;1006.69;0.0;Fair
1484420400;29.0;24.0;0.74;SE;5.555555555555555;0.0;1007.68;0.0;Partly Cloudy
1484424000;28.0;24.0;0.79;E;4.722222222222222;0.0;1007.68;0.0;Partly Cloudy
1484427600;28.0;23.0;0.74;ESE;4.166666666666667;0.0;1007.68;0.0;Partly Cloudy
1484431200;28.0;24.0;0.79;ESE;3.611111111111111;0.0;1008.68;0.0;Partly Cloudy
1484434800;28.0;23.0;0.74;ESE;3.611111111111111;0.0;1008.68;0.0;Mostly Cloudy
1484438400;28.0;23.0;0.74;ESE;4.722222222222222;0.0;1009.68;0.0;Partly Cloudy
1484442000;28.0;23.0;0.74;SE;4.166666666666667;0.0;1009.68;0.0;Partly Cloudy
1484532000;26.0;23.0;0.83;E;2.5;0.0;1009.68;0.0;Partly Cloudy
1484535600;27.0;23.0;0.79;E;3.611111111111111;0.0;1008.68;0.0;Partly Cloudy
1484539200;26.0;23.0;0.83;ESE;3.0555555555555554;0.0;1008.68;0.0;Partly Cloudy
1484542800;26.0;22.0;0.78;ESE;4.166666666666667;0.0;1007.68;0.0;Mostly Cloudy
1484546400;26.0;22.0;0.78;SE;3.611111111111111;0.0;1008.68;0.0;Partly Cloudy
1484550000;27.0;22.0;0.74;SE;4.166666666666667;0.0;1008.68;0.0;Mostly Cloudy
1484553600;27.0;22.0;0.74;ESE;3.611111111111111;0.0;1009.68;0.0;Partly Cloudy
1484557200;27.0;22.0;0.74;SE;4.722222222222222;0.0;1009.68;0.0;Mostly Cloudy
1484560800;28.0;23.0;0.74;ESE;4.166666666666667;0.0;1010.68;0.0;Mostly Cloudy
1484564400;28.0;22.0;0.7;ESE;4.166666666666667;0.0;1010.68;0.0;Mostly Cloudy
1484568000;28.0;23.0;0.74;SE;4.166666666666667;0.0;1010.68;0.0;Mostly Cloudy
1484571600;31.0;23.0;0.62;SE;6.111111111111111;0.0;1010.68;0.0;Partly Cloudy
1484575200;30.0;23.0;0.66;SE;6.111111111111111;0.0;1009.68;0.0;Partly Cloudy
1484578800;30.0;22.0;0.62;SE;5.555555555555555;0.0;1009.68;0.0;Partly Cloudy
1484582400;30.0;22.0;0.62;SE;5.555555555555555;0.0;1008.68;0.0;Partly Cloudy
1484586000;30.0;22.0;0.62;ESE;4.722222222222222;0.0;1008.68;0.0;Fair
1484589600;29.0;21.0;0.62;SE;5.555555555555555;0.0;1008.68;0.0;Fair
1484593200;29.0;22.0;0.66;SE;4.166666666666667;0.0;1008.68;0.0;Fair
1484596800;28.0;22.0;0.7;ESE;4.166666666666667;0.0;1008.68;0.0;Fair
1484600400;28.0;22.0;0.7;SE;4.722222222222222;0.0;1009.68;0.0;Fair
1484604000;28.0;22.0;0.7;ESE;4.166666666666667;0.0;1009.68;0.0;Fair
1484607600;28.0;23.0;0.74;SE;4.722222222222222;0.0;1009.68;0.0;Partly Cloudy
1484611200;27.0;22.0;0.74;ESE;5.277777777777778;0.0;1009.68;0.0;Partly Cloudy
1484614800;27.0;22.0;0.74;ESE;4.722222222222222;0.0;1009.68;0.0;Fair
1484618400;27.0;22.0;0.74;SE;3.611111111111111;0.0;1009.68;0.0;Partly Cloudy
1484622000;27.0;22.0;0.74;ESE;4.166666666666667;0.0;1008.68;0.0;Partly Cloudy
1484625600;27.0;22.0;0.74;SE;4.166666666666667;0.0;1008.68;0.0;Partly Cloudy
1484629200;27.0;23.0;0.79;ESE;3.611111111111111;0.0;1008.68;0.0;Partly Cloudy
1484632800;27.0;23.0;0.79;ESE;3.611111111111111;0.0;1008.68;0.0;Partly Cloudy
1484636400;27.0;23.0;0.79;SE;3.611111111111111;0.0;1009.68;0.0;Partly Cloudy
1484640000;27.0;22.0;0.74;SE;3.611111111111111;0.0;1009.68;0.0;Partly Cloudy
1484643600;28.0;23.0;0.74;ESE;3.0555555555555554;0.0;1010.68;0.0;Partly Cloudy
1484647200;29.0;23.0;0.7;SE;4.166666666666667;0.0;1010.68;0.0;Mostly Cloudy
1484650800;29.0;23.0;0.7;SE;3.0555555555555554;0.0;1011.68;0.0;Partly Cloudy
1484654400;29.0;24.0;0.74;ESE;4.166666666666667;0.0;1011.68;0.0;Mostly Cloudy
1484658000;30.0;23.0;0.66;SE;4.722222222222222;0.0;1010.68;0.0;Partly Cloudy
1484661600;29.0;24.0;0.74;SE;5.277777777777778;0.0;1010.68;0.0;Fair
1484665200;31.0;23.0;0.62;SE;5.277777777777778;0.0;1009.68;0.0;Fair
1484668800;31.0;24.0;0.66;ESE;4.722222222222222;0.0;1008.68;0.0;Fair
1484672400;29.0;23.0;0.7;ESE;4.722222222222222;0.0;1008.68;0.0;Fair
1484676000;29.0;24.0;0.74;ESE;5.277777777777778;0.0;1008.68;0.0;Fair
1484679600;28.0;23.0;0.74;E;4.166666666666667;0.0;1008.68;0.0;Partly Cloudy
1484683200;28.0;23.0;0.74;ESE;4.166666666666667;0.0;1008.68;0.0;Mostly Cloudy
1484686800;28.0;23.0;0.74;ESE;4.166666666666667;0.0;1009.68;0.0;Mostly Cloudy
1484690400;28.0;23.0;0.74;E;3.611111111111111;0.0;1009.68;0.0;Partly Cloudy
1484694000;28.0;24.0;0.79;ESE;4.722222222222222;0.0;1010.68;0.0;Partly Cloudy
1484697600;28.0;23.0;0.74;ESE;4.722222222222222;0.0;1010.68;0.0;Partly Cloudy
1484701200;27.0;23.0;0.79;ESE;3.611111111111111;0.0;1009.68;0.0;Partly Cloudy
1484964000;27.0;22.0;0.74;E;3.0555555555555554;0.0;1011.68;0.0;Partly Cloudy
1484967600;27.0;22.0;0.74;E;2.5;0.0;1011.68;0.0;Partly Cloudy
1484971200;26.0;22.0;0.78;E;1.9444444444444444;0.0;1010.68;0.0;Partly Cloudy
1484974800;26.0;22.0;0.78;E;2.5;0.0;1010.68;0.0;Partly Cloudy
1484978400;26.0;23.0;0.83;E;2.5;0.0;1010.68;0.0;Partly Cloudy
1484982000;26.0;22.0;0.78;E;2.5;0.0;1010.68;0.0;Mostly Cloudy
1484985600;27.0;23.0;0.79;E;1.9444444444444444;0.0;1011.68;0.0;Mostly Cloudy
1484989200;27.0;23.0;0.79;E;3.611111111111111;0.0;1011.68;0.0;Partly Cloudy
1484992800;29.0;23.0;0.7;E;4.166666666666667;0.0;1012.68;0.0;Partly Cloudy
1484996400;30.0;23.0;0.66;E;4.166666666666667;0.0;1012.68;0.0;Partly Cloudy
1485000000;30.0;24.0;0.7;ESE;4.722222222222222;0.0;1012.68;0.0;Fair
1485003600;30.0;24.0;0.7;E;4.722222222222222;0.0;1012.68;0.0;Partly Cloudy
1485007200;30.0;24.0;0.7;ESE;5.277777777777778;0.0;1011.68;0.0;Fair
1485010800;31.0;24.0;0.66;SE;5.277777777777778;0.0;1010.68;0.0;Fair
1485014400;31.0;23.0;0.62;ESE;5.277777777777778;0.0;1009.68;0.0;Fair
1485018000;31.0;24.0;0.66;SE;6.111111111111111;0.0;1008.68;0.0;Fair
1485021600;29.0;24.0;0.74;ESE;4.166666666666667;0.0;1008.68;0.0;Fair
1485025200;29.0;24.0;0.74;SE;4.166666666666667;0.0;1009.68;0.0;Fair
1485028800;28.0;23.0;0.74;ESE;4.166666666666667;0.0;1009.68;0.0;Partly Cloudy
1485032400;28.0;24.0;0.79;SE;5.277777777777778;0.0;1010.68;0.0;Partly Cloudy
1485036000;28.0;23.0;0.74;SE;4.722222222222222;0.0;1010.68;0.0;Partly Cloudy
1485039600;28.0;23.0;0.74;ESE;4.166666666666667;0.0;1011.68;0.0;Fair
1485043200;28.0;23.0;0.74;ESE;4.722222222222222;0.0;1011.68;0.0;Partly Cloudy
1485046800;28.0;23.0;0.74;ESE;4.722222222222222;0.0;1010.68;0.0;Partly Cloudy
1485050400;28.0;23.0;0.74;SE;4.722222222222222;0.0;1010.68;0.0;Partly Cloudy
1485054000;28.0;24.0;0.79;SE;4.166666666666667;0.0;1009.68;0.0;Mostly Cloudy
1485057600;27.0;23.0;0.79;SE;3.611111111111111;0.0;1009.68;0.0;Partly Cloudy
1485061200;27.0;23.0;0.79;SE;3.611111111111111;0.0;1009.68;0.0;Fair
1485064800;27.0;24.0;0.84;SE;4.166666666666667;0.0;1009.68;0.0;Partly Cloudy
1485068400;27.0;23.0;0.79;SSE;5.555555555555555;0.0;1009.68;0.0;Mostly Cloudy
1485072000;27.0;24.0;0.84;SE;5.277777777777778;0.0;1010.68;0.0;Partly Cloudy
1485075600;28.0;24.0;0.79;SE;5.555555555555555;0.0;1011.68;0.0;Partly Cloudy
1485079200;29.0;24.0;0.74;SE;6.111111111111111;0.0;1011.68;0.0;Partly Cloudy
1485082800;30.0;24.0;0.7;SE;6.111111111111111;0.0;1011.68;0.0;Partly Cloudy
1485086400;29.0;24.0;0.74;SSE;7.222222222222222;0.0;1011.68;0.0;Partly Cloudy
1485090000;29.0;24.0;0.74;SSE;6.111111111111111;0.0;1011.68;0.0;Partly Cloudy
1485093600;29.0;24.0;0.74;SE;6.111111111111111;0.0;1011.68;0.0;Mostly Cloudy
1485097200;31.0;24.0;0.66;SE;5.555555555555555;0.0;1011.68;0.0;Mostly Cloudy
1485100800;28.0;24.0;0.79;E;5.555555555555555;0.0;1010.68;0.0;Mostly Cloudy
1485104400;29.0;23.0;0.7;SE;5.277777777777778;0.0;1010.68;0.0;Mostly Cloudy
1485108000;28.0;25.0;0.84;SE;5.555555555555555;0.0;1009.68;0.0;Mostly Cloudy
1485111600;28.0;24.0;0.79;SE;5.555555555555555;0.0;1010.68;0.0;Mostly Cloudy
1485115200;28.0;23.0;0.74;ESE;3.611111111111111;0.0;1010.68;0.0;Fair
1485118800;28.0;24.0;0.79;ESE;3.611111111111111;0.0;1011.68;0.0;Fair
1485122400;28.0;24.0;0.79;ESE;4.166666666666667;0.0;1011.68;0.0;Partly Cloudy
1485126000;28.0;24.0;0.79;E;3.0555555555555554;0.0;1012.68;0.0;Partly Cloudy
1485129600;28.0;24.0;0.79;ESE;2.5;0.0;1012.68;0.0;Partly Cloudy
1485133200;28.0;24.0;0.79;E;1.9444444444444444;0.0;1011.68;0.0;Mostly Cloudy
1485223200;28.0;25.0;0.84;ESE;3.0555555555555554;0.0;1011.68;0.0;Partly Cloudy
1485226800;27.0;25.0;0.89;E;4.166666666666667;0.0;1010.68;0.0;Partly Cloudy
1485230400;27.0;24.0;0.84;ESE;3.611111111111111;0.0;1010.68;0.0;Partly Cloudy
1485234000;28.0;24.0;0.79;E;3.611111111111111;0.0;1010.68;0.0;Mostly Cloudy
1485241200;27.0;23.0;0.79;ESE;3.611111111111111;0.0;1011.68;0.0;Fair
1485244800;28.0;24.0;0.79;E;3.0555555555555554;0.0;1011.68;0.0;Fair
1485248400;28.0;23.0;0.74;ESE;3.611111111111111;0.0;1012.68;0.0;Partly Cloudy
1485252000;29.0;24.0;0.74;ESE;4.166666666666667;0.0;1012.68;0.0;Partly Cloudy
1485255600;30.0;23.0;0.66;ESE;4.722222222222222;0.0;1013.68;0.0;Partly Cloudy
1485259200;30.0;23.0;0.66;ESE;4.722222222222222;0.0;1012.68;0.0;Partly Cloudy
1485262800;30.0;23.0;0.66;ESE;4.722222222222222;0.0;1012.68;0.0;Fair
1485266400;31.0;24.0;0.66;ESE;4.722222222222222;0.0;1011.68;0.0;Fair
1485270000;30.0;22.0;0.62;E;3.611111111111111;0.0;1011.68;0.0;Fair
1485273600;31.0;23.0;0.62;ESE;4.722222222222222;0.0;1010.68;0.0;Fair
1485277200;31.0;23.0;0.62;SE;5.277777777777778;0.0;1010.68;0.0;Fair
1485280800;30.0;23.0;0.66;ESE;6.111111111111111;0.0;1010.68;0.0;Fair
1485284400;29.0;23.0;0.7;SE;5.277777777777778;0.0;1010.68;0.0;Fair
1485288000;28.0;24.0;0.79;ESE;4.166666666666667;0.0;1011.68;0.0;Fair
1485291600;28.0;23.0;0.74;ESE;4.722222222222222;0.0;1011.68;0.0;Partly Cloudy
1485295200;27.0;23.0;0.79;ESE;4.166666666666667;0.0;1012.68;0.0;Partly Cloudy
1485298800;27.0;23.0;0.79;SE;4.166666666666667;0.0;1012.68;0.0;Partly Cloudy
1485302400;28.0;24.0;0.79;SE;5.277777777777778;0.0;1012.68;0.0;Mostly Cloudy
1485306000;28.0;24.0;0.79;ESE;5.277777777777778;0.0;1012.68;0.0;Partly Cloudy
1485309600;28.0;23.0;0.74;SE;4.722222222222222;0.0;1012.68;0.0;Partly Cloudy
1485313200;27.0;23.0;0.79;ESE;4.722222222222222;0.0;1011.68;0.0;Fair
1485316800;27.0;23.0;0.79;SE;3.611111111111111;0.0;1011.68;0.0;Fair
1485320400;27.0;23.0;0.79;ESE;3.611111111111111;0.0;1010.68;0.0;Partly Cloudy
1485324000;27.0;23.0;0.79;SE;3.611111111111111;0.0;1010.68;0.0;Partly Cloudy
1485327600;27.0;23.0;0.79;ESE;4.166666666666667;0.0;1011.68;0.0;Partly Cloudy
1485331200;28.0;23.0;0.74;SE;4.166666666666667;0.0;1012.68;0.0;Partly Cloudy
1485334800;28.0;23.0;0.74;SE;5.555555555555555;0.0;1012.68;0.0;Partly Cloudy
1485338400;29.0;23.0;0.7;SE;5.555555555555555;0.0;1013.68;0.0;Fair
1485342000;30.0;23.0;0.66;SE;5.555555555555555;0.0;1013.68;0.0;Partly Cloudy
1485345600;30.0;23.0;0.66;SE;5.555555555555555;0.0;1013.68;0.0;Fair
1485349200;30.0;24.0;0.7;SE;6.666666666666666;0.0;1012.68;0.0;Partly Cloudy
1485352800;30.0;23.0;0.66;SE;7.222222222222222;0.0;1012.68;0.0;Partly Cloudy
1485356400;30.0;23.0;0.66;ESE;5.277777777777778;0.0;1011.68;0.0;Partly Cloudy
1485360000;29.0;23.0;0.7;ESE;5.555555555555555;0.0;1010.68;0.0;Partly Cloudy
1485363600;30.0;23.0;0.66;SE;6.111111111111111;0.0;1010.68;0.0;Mostly Cloudy
1485367200;29.0;22.0;0.66;SE;5.555555555555555;0.0;1010.68;0.0;Partly Cloudy
1485370800;29.0;22.0;0.66;SE;5.277777777777778;0.0;1010.68;0.0;Partly Cloudy
1485374400;28.0;22.0;0.7;SE;4.722222222222222;0.0;1011.68;0.0;Partly Cloudy
1485378000;28.0;22.0;0.7;SE;4.722222222222222;0.0;1012.68;0.0;Partly Cloudy
1485381600;28.0;22.0;0.7;SE;4.722222222222222;0.0;1012.68;0.0;Fair
1485385200;28.0;22.0;0.7;SE;4.722222222222222;0.0;1013.68;0.0;Partly Cloudy
1485388800;27.0;22.0;0.74;SE;3.611111111111111;0.0;1013.68;0.0;Partly Cloudy
1485392400;27.0;22.0;0.74;ESE;4.722222222222222;0.0;1012.68;0.0;Partly Cloudy
1485396000;27.0;22.0;0.74;ESE;3.611111111111111;0.0;1011.68;0.0;Partly Cloudy
1485399600;25.0;24.0;0.94;SSE;5.277777777777778;0.0;1011.68;0.0;Light Rain Shower
1485403200;26.0;23.0;0.83;ESE;3.0555555555555554;0.0;1011.68;0.0;Mostly Cloudy
1485406800;26.0;22.0;0.78;ESE;3.611111111111111;0.0;1010.68;0.0;Partly Cloudy
1485410400;26.0;23.0;0.83;SE;3.611111111111111;0.0;1011.68;0.0;Partly Cloudy
1485414000;26.0;22.0;0.78;E;2.5;0.0;1011.68;0.0;Partly Cloudy
1485417600;26.0;22.0;0.78;ESE;3.0555555555555554;0.0;1012.68;0.0;Partly Cloudy
1485421200;27.0;23.0;0.79;ESE;3.611111111111111;0.0;1012.68;0.0;Partly Cloudy
1485424800;29.0;22.0;0.66;SE;3.611111111111111;0.0;1013.68;0.0;Partly Cloudy
1485428400;30.0;22.0;0.62;SE;3.611111111111111;0.0;1013.68;0.0;Fair
1485432000;30.0;22.0;0.62;SE;4.166666666666667;0.0;1013.68;0.0;Fair
1485435600;30.0;23.0;0.66;E;4.166666666666667;0.0;1013.68;0.0;Partly Cloudy
1485439200;31.0;23.0;0.62;ESE;3.611111111111111;0.0;1012.68;0.0;Fair
1485442800;30.0;23.0;0.66;E;3.0555555555555554;0.0;1012.68;0.0;Fair
1485446400;31.0;23.0;0.62;ESE;4.166666666666667;0.0;1011.68;0.0;Fair
1485450000;30.0;23.0;0.66;ESE;5.277777777777778;0.0;1010.68;0.0;Fair
1485453600;30.0;24.0;0.7;ESE;4.166666666666667;0.0;1010.68;0.0;Fair
1485457200;29.0;24.0;0.74;ESE;4.722222222222222;0.0;1011.68;0.0;Fair
1485460800;28.0;24.0;0.79;E;4.166666666666667;0.0;1011.68;0.0;Fair
1485464400;29.0;24.0;0.74;E;3.611111111111111;0.0;1012.68;0.0;Partly Cloudy
1485468000;28.0;24.0;0.79;E;4.166666666666667;0.0;1012.68;0.0;Mostly Cloudy
1485471600;28.0;24.0;0.79;E;4.166666666666667;0.0;1013.68;0.0;Mostly Cloudy
1485475200;28.0;24.0;0.79;E;3.0555555555555554;0.0;1013.68;0.0;Partly Cloudy
1485478800;28.0;24.0;0.79;E;3.611111111111111;0.0;1013.68;0.0;Partly Cloudy
1485568800;28.0;24.0;0.79;ESE;3.611111111111111;0.0;1013.68;0.0;Partly Cloudy
1485572400;28.0;24.0;0.79;ESE;4.166666666666667;0.0;1012.68;0.0;Partly Cloudy
1485576000;27.0;23.0;0.79;ESE;4.166666666666667;0.0;1012.68;0.0;Mostly Cloudy
1485579600;27.0;23.0;0.79;ESE;3.0555555555555554;0.0;1012.68;0.0;Partly Cloudy
1485583200;27.0;23.0;0.79;ESE;3.0555555555555554;0.0;1012.68;0.0;Partly Cloudy
1485586800;27.0;23.0;0.79;SE;4.166666666666667;0.0;1012.68;0.0;Partly Cloudy
1485590400;28.0;24.0;0.79;SE;4.722222222222222;0.0;1012.68;0.0;Partly Cloudy
1485594000;29.0;24.0;0.74;ESE;5.277777777777778;0.0;1013.68;0.0;Partly Cloudy
1485597600;28.0;24.0;0.79;ESE;5.277777777777778;0.0;1013.68;0.0;Mostly Cloudy
1485601200;30.0;24.0;0.7;ESE;6.111111111111111;0.0;1014.67;0.0;Mostly Cloudy
1485604800;30.0;24.0;0.7;ESE;5.277777777777778;0.0;1014.67;0.0;Mostly Cloudy
1485608400;31.0;24.0;0.66;E;6.111111111111111;0.0;1013.68;0.0;Mostly Cloudy
1485612000;31.0;24.0;0.66;ESE;6.111111111111111;0.0;1013.68;0.0;Partly Cloudy
1485615600;31.0;24.0;0.66;E;5.277777777777778;0.0;1012.68;0.0;Mostly Cloudy
1485619200;31.0;24.0;0.66;SE;6.111111111111111;0.0;1012.68;0.0;Mostly Cloudy
1485622800;30.0;24.0;0.7;ESE;3.611111111111111;0.0;1011.68;0.0;Partly Cloudy
1485626400;29.0;24.0;0.74;SE;6.111111111111111;0.0;1011.68;0.0;Fair
1485630000;29.0;23.0;0.7;ESE;4.166666666666667;0.0;1011.68;0.0;Partly Cloudy
1485633600;28.0;23.0;0.74;ESE;4.166666666666667;0.0;1011.68;0.0;Partly Cloudy
1485637200;28.0;23.0;0.74;SE;4.166666666666667;0.0;1012.68;0.0;Mostly Cloudy
1485640800;28.0;23.0;0.74;ESE;3.611111111111111;0.0;1012.68;0.0;Mostly Cloudy
1485644400;28.0;23.0;0.74;ESE;3.611111111111111;0.0;1013.68;0.0;Partly Cloudy
1485648000;28.0;24.0;0.79;ESE;2.5;0.0;1013.68;0.0;Partly Cloudy
1485651600;28.0;23.0;0.74;E;4.166666666666667;0.0;1012.68;0.0;Partly Cloudy
1485655200;28.0;23.0;0.74;ESE;3.611111111111111;0.0;1012.68;0.0;Partly Cloudy
1485658800;28.0;23.0;0.74;ESE;4.166666666666667;0.0;1011.68;0.0;Partly Cloudy
1485662400;28.0;23.0;0.74;SE;4.722222222222222;0.0;1011.68;0.0;Partly Cloudy
1485666000;27.0;23.0;0.79;ESE;3.611111111111111;0.0;1010.68;0.0;Partly Cloudy
1485669600;26.0;23.0;0.83;ESE;2.5;0.0;1010.68;0.0;Partly Cloudy
1485673200;27.0;24.0;0.84;SE;3.0555555555555554;0.0;1011.68;0.0;Partly Cloudy
1485676800;27.0;25.0;0.89;SE;1.6666666666666665;0.0;1011.68;0.0;Showers in the Vicinity
1485680400;28.0;24.0;0.79;SE;5.277777777777778;0.0;1012.68;0.0;Partly Cloudy
1485684000;29.0;24.0;0.74;ESE;4.166666666666667;0.0;1012.68;0.0;Partly Cloudy
1485687600;30.0;24.0;0.7;SE;6.111111111111111;0.0;1013.68;0.0;Partly Cloudy
1485691200;30.0;24.0;0.7;SE;5.277777777777778;0.0;1013.68;0.0;Showers in the Vicinity
1485694800;30.0;24.0;0.7;SE;5.277777777777778;0.0;1013.68;0.0;Partly Cloudy
1485698400;28.0;24.0;0.79;ESE;5.277777777777778;0.0;1012.68;0.0;Showers in the Vicinity
1485702000;30.0;24.0;0.7;ESE;6.111111111111111;0.0;1012.68;0.0;Partly Cloudy
1485705600;31.0;24.0;0.66;ESE;5.555555555555555;0.0;1011.68;0.0;Partly Cloudy
1485709200;30.0;23.0;0.66;ESE;6.111111111111111;0.0;1011.68;0.0;Partly Cloudy
1485712800;29.0;24.0;0.74;ESE;6.666666666666666;0.0;1011.68;0.0;Partly Cloudy
1485716400;27.0;24.0;0.84;ESE;7.777777777777778;0.0;1012.68;0.0;Light Rain Shower
1485718020;27.0;24.0;0.84;ESE;3.611111111111111;0.0;1012.68;0.0;Partly Cloudy
1485720000;27.0;24.0;0.84;ESE;3.611111111111111;0.0;1012.68;0.0;Showers in the Vicinity
1485723600;27.0;24.0;0.84;E;4.166666666666667;0.0;1012.68;0.0;Partly Cloudy
1485727200;27.0;24.0;0.84;SE;3.611111111111111;0.0;1013.68;0.0;Partly Cloudy
1485730800;27.0;24.0;0.84;E;3.0555555555555554;0.0;1013.68;0.0;Partly Cloudy
1485734400;28.0;24.0;0.79;ESE;4.166666666666667;0.0;1013.68;0.0;Partly Cloudy
1485738000;28.0;24.0;0.79;ESE;4.166666666666667;0.0;1013.68;0.0;Fair
1485741600;27.0;24.0;0.84;ESE;4.166666666666667;0.0;1012.68;0.0;Partly Cloudy
1485745200;27.0;24.0;0.84;ESE;3.611111111111111;0.0;1011.68;0.0;Partly Cloudy
1485748800;27.0;24.0;0.84;SE;3.611111111111111;0.0;1011.68;0.0;Partly Cloudy
1485752400;27.0;23.0;0.79;E;2.5;0.0;1011.68;0.0;Partly Cloudy
1485756000;27.0;24.0;0.84;ESE;3.0555555555555554;0.0;1011.68;0.0;Partly Cloudy
1485759600;27.0;24.0;0.84;SE;4.722222222222222;0.0;1011.68;0.0;Partly Cloudy
1485763200;27.0;24.0;0.84;ESE;4.166666666666667;0.0;1011.68;0.0;Partly Cloudy
1485766800;28.0;24.0;0.79;ESE;4.166666666666667;0.0;1012.68;0.0;Mostly Cloudy
1485770400;29.0;24.0;0.74;ESE;4.166666666666667;0.0;1012.68;0.0;Mostly Cloudy
1485774000;29.0;24.0;0.74;E;4.722222222222222;0.0;1012.68;0.0;Mostly Cloudy
1485777600;30.0;24.0;0.7;SE;6.111111111111111;0.0;1012.68;0.0;Partly Cloudy
1485781200;31.0;24.0;0.66;SE;5.555555555555555;0.0;1012.68;0.0;Showers in the Vicinity
1485784800;30.0;24.0;0.7;SE;6.111111111111111;0.0;1011.68;0.0;Partly Cloudy
1485788400;31.0;24.0;0.66;ESE;5.555555555555555;0.0;1011.68;0.0;Partly Cloudy
1485792000;30.0;24.0;0.7;ESE;5.555555555555555;0.0;1010.68;0.0;Fair
1485795600;30.0;24.0;0.7;SE;5.555555555555555;0.0;1010.68;0.0;Partly Cloudy
1485799200;29.0;23.0;0.7;SE;6.111111111111111;0.0;1010.68;0.0;Partly Cloudy
1485802800;29.0;23.0;0.7;ESE;4.166666666666667;0.0;1010.68;0.0;Partly Cloudy
1485806400;28.0;23.0;0.74;ESE;4.722222222222222;0.0;1011.68;0.0;Fair
1485810000;28.0;23.0;0.74;SE;4.166666666666667;0.0;1011.68;0.0;Fair
1485813600;28.0;23.0;0.74;ESE;4.166666666666667;0.0;1012.68;0.0;Fair
1485817200;28.0;23.0;0.74;ESE;5.277777777777778;0.0;1013.68;0.0;Partly Cloudy
1485820800;27.0;23.0;0.79;ESE;4.166666666666667;0.0;1013.68;0.0;Mostly Cloudy
1485824400;27.0;24.0;0.84;ESE;3.611111111111111;0.0;1012.68;0.0;Partly Cloudy
1485828000;27.0;22.0;0.74;SE;5.277777777777778;0.0;1012.68;0.0;Partly Cloudy
1485831600;27.0;23.0;0.79;SE;4.722222222222222;0.0;1011.68;0.0;Partly Cloudy
1485835200;27.0;23.0;0.79;ESE;4.166666666666667;0.0;1011.68;0.0;Partly Cloudy
1485838800;27.0;23.0;0.79;SE;4.722222222222222;0.0;1011.68;0.0;Partly Cloudy
1485842400;27.0;23.0;0.79;SE;4.722222222222222;0.0;1011.68;0.0;Partly Cloudy
1485846000;26.0;23.0;0.83;SE;5.277777777777778;0.0;1011.68;0.0;Mostly Cloudy
1485849600;27.0;22.0;0.74;SSE;5.277777777777778;0.0;1011.68;0.0;Partly Cloudy
1485853200;27.0;23.0;0.79;SE;4.722222222222222;0.0;1012.68;0.0;Partly Cloudy
1485856800;29.0;23.0;0.7;SE;4.722222222222222;0.0;1012.68;0.0;Mostly Cloudy
1485860400;29.0;24.0;0.74;SSE;6.111111111111111;0.0;1013.68;0.0;Mostly Cloudy
1485864000;30.0;24.0;0.7;SSE;6.111111111111111;0.0;1012.68;0.0;Mostly Cloudy
1485867600;30.0;24.0;0.7;SE;5.555555555555555;0.0;1012.68;0.0;Mostly Cloudy
1485871200;29.0;24.0;0.74;SE;5.277777777777778;0.0;1012.68;0.0;Mostly Cloudy
1485874800;30.0;25.0;0.74;ESE;3.611111111111111;0.0;1011.68;0.0;Mostly Cloudy
1485878400;29.0;24.0;0.74;ESE;4.722222222222222;0.0;1010.68;0.0;Mostly Cloudy
1485882000;29.0;24.0;0.74;SE;6.111111111111111;0.0;0.0;0.0;Showers in the Vicinity
1485885600;28.0;23.0;0.74;SE;5.277777777777778;0.0;1010.68;0.0;Mostly Cloudy
1485889200;29.0;23.0;0.7;ESE;4.166666666666667;0.0;1010.68;0.0;Partly Cloudy
1485892800;28.0;23.0;0.74;ESE;3.0555555555555554;0.0;1010.68;0.0;Partly Cloudy
1485896400;28.0;23.0;0.74;ESE;3.0555555555555554;0.0;1011.68;0.0;Partly Cloudy
1485900000;28.0;23.0;0.74;SE;4.166666666666667;0.0;1011.68;0.0;Partly Cloudy
1485903600;28.0;23.0;0.74;ESE;3.0555555555555554;0.0;1011.68;0.0;Mostly Cloudy
1485907200;27.0;24.0;0.84;E;3.0555555555555554;0.0;1011.68;0.0;Partly Cloudy
1485910800;27.0;24.0;0.84;ESE;4.166666666666667;0.0;1011.68;0.0;Partly Cloudy
1485914400;27.0;23.0;0.79;ESE;2.5;0.0;1010.68;0.0;Mostly Cloudy
1485918000;27.0;23.0;0.79;E;3.0555555555555554;0.0;1009.68;0.0;Partly Cloudy
1485921600;27.0;24.0;0.84;SE;2.5;0.0;1009.68;0.0;Partly Cloudy
1485925200;27.0;24.0;0.84;SSE;3.0555555555555554;0.0;1009.68;0.0;Partly Cloudy
1485928800;26.0;24.0;0.89;SE;5.277777777777778;0.0;1009.68;0.0;Showers in the Vicinity
1485932400;26.0;24.0;0.89;SSE;4.722222222222222;0.0;1009.68;0.0;Showers in the Vicinity
1485936000;26.0;24.0;0.89;E;3.611111111111111;0.0;1010.68;0.0;Showers in the Vicinity
1485939600;26.0;25.0;0.94;E;4.166666666666667;0.0;1011.68;0.0;Showers in the Vicinity
1485943200;28.0;24.0;0.79;E;4.166666666666667;0.0;1011.68;0.0;Mostly Cloudy
1485946800;28.0;24.0;0.79;E;3.611111111111111;0.0;1012.68;0.0;Showers in the Vicinity
1485950400;29.0;24.0;0.74;ESE;5.277777777777778;0.0;1012.68;0.0;Partly Cloudy
1485954000;30.0;23.0;0.66;E;4.722222222222222;0.0;1011.68;0.0;Partly Cloudy
1485957600;31.0;24.0;0.66;ESE;4.166666666666667;0.0;1011.68;0.0;Partly Cloudy
1485961200;30.0;24.0;0.7;E;4.722222222222222;0.0;1010.68;0.0;Partly Cloudy
1485964800;30.0;24.0;0.7;SE;5.555555555555555;0.0;1009.68;0.0;Partly Cloudy
1485968400;30.0;24.0;0.7;ESE;4.166666666666667;0.0;1009.68;0.0;Partly Cloudy
1485972000;29.0;24.0;0.74;ESE;4.166666666666667;0.0;1009.68;0.0;Partly Cloudy
1485975600;29.0;24.0;0.74;E;3.611111111111111;0.0;1009.68;0.0;Partly Cloudy
1485979200;28.0;24.0;0.79;ESE;3.611111111111111;0.0;1009.68;0.0;Partly Cloudy
1485982800;28.0;24.0;0.79;E;4.166666666666667;0.0;1010.68;0.0;Mostly Cloudy
1485986400;28.0;24.0;0.79;E;4.166666666666667;0.0;1010.68;0.0;Partly Cloudy
1485990000;28.0;24.0;0.79;E;3.611111111111111;0.0;1010.68;0.0;Mostly Cloudy
1485993600;28.0;24.0;0.79;E;3.611111111111111;0.0;1010.68;0.0;Partly Cloudy
1485997200;28.0;24.0;0.79;E;3.0555555555555554;0.0;1010.68;0.0;Mostly Cloudy
1486000800;28.0;24.0;0.79;E;3.0555555555555554;0.0;1010.68;0.0;Mostly Cloudy
1486004400;28.0;24.0;0.79;E;3.611111111111111;0.0;1009.68;0.0;Mostly Cloudy
1486008000;27.0;24.0;0.84;ESE;3.611111111111111;0.0;1009.68;0.0;Mostly Cloudy
1486011600;27.0;24.0;0.84;ESE;4.166666666666667;0.0;1008.68;0.0;Cloudy
1486015200;27.0;23.0;0.79;ESE;3.611111111111111;0.0;1009.68;0.0;Mostly Cloudy
1486018800;27.0;23.0;0.79;E;3.0555555555555554;0.0;1009.68;0.0;Mostly Cloudy
1486022400;28.0;24.0;0.79;ESE;3.611111111111111;0.0;1010.68;0.0;Partly Cloudy
1486026000;28.0;24.0;0.79;ESE;3.611111111111111;0.0;1010.68;0.0;Mostly Cloudy
1486029600;28.0;24.0;0.79;E;4.166666666666667;0.0;1011.68;0.0;Partly Cloudy
1486033200;29.0;23.0;0.7;E;4.722222222222222;0.0;1011.68;0.0;Partly Cloudy
1486036800;30.0;24.0;0.7;E;4.166666666666667;0.0;1011.68;0.0;Partly Cloudy
1486040400;31.0;24.0;0.66;E;4.166666666666667;0.0;1011.68;0.0;Partly Cloudy
1486044000;31.0;24.0;0.66;ESE;4.722222222222222;0.0;1010.68;0.0;Partly Cloudy
1486047600;31.0;24.0;0.66;E;5.277777777777778;0.0;1010.68;0.0;Mostly Cloudy
1486051200;31.0;23.0;0.62;ESE;5.277777777777778;0.0;1009.68;0.0;Partly Cloudy
1486054800;30.0;23.0;0.66;ESE;4.722222222222222;0.0;1009.68;0.0;Partly Cloudy
1486058400;29.0;23.0;0.7;ESE;4.722222222222222;0.0;1009.68;0.0;Partly Cloudy
1486062000;29.0;24.0;0.74;ESE;3.0555555555555554;0.0;1009.68;0.0;Partly Cloudy
1486065600;29.0;23.0;0.7;ESE;4.722222222222222;0.0;1010.68;0.0;Partly Cloudy
1486069200;28.0;23.0;0.74;ESE;3.611111111111111;0.0;1011.68;0.0;Partly Cloudy
1486072800;28.0;23.0;0.74;ESE;4.722222222222222;0.0;1011.68;0.0;Partly Cloudy
1486076400;28.0;24.0;0.79;ESE;4.166666666666667;0.0;1011.68;0.0;Partly Cloudy
1486080000;28.0;23.0;0.74;E;2.5;0.0;1011.68;0.0;Fair
1486083600;28.0;23.0;0.74;ESE;3.0555555555555554;0.0;1011.68;0.0;Partly Cloudy
1486173600;28.0;22.0;0.7;ESE;3.0555555555555554;0.0;1011.68;0.0;Partly Cloudy
1486177200;27.0;23.0;0.79;ESE;1.9444444444444444;0.0;1010.68;0.0;Partly Cloudy
1486180800;27.0;23.0;0.79;ESE;2.5;0.0;1010.68;0.0;Partly Cloudy
1486184400;27.0;23.0;0.79;ESE;1.9444444444444444;0.0;1010.68;0.0;Fair
1486188000;27.0;23.0;0.79;S;1.9444444444444444;0.0;1010.68;0.0;Partly Cloudy
1486191600;27.0;23.0;0.79;SE;4.166666666666667;0.0;1011.68;0.0;Fair
1486195200;28.0;22.0;0.7;SE;2.5;0.0;1011.68;0.0;Fair
1486198800;29.0;23.0;0.7;SSE;4.722222222222222;0.0;1011.68;0.0;Fair
1486202400;29.0;23.0;0.7;SSE;5.277777777777778;0.0;1012.68;0.0;Fair
1486206000;30.0;23.0;0.66;SE;5.555555555555555;0.0;1012.68;0.0;Fair
1486209600;30.0;23.0;0.66;SE;4.722222222222222;0.0;1011.68;0.0;Fair
1486213200;31.0;23.0;0.62;ESE;5.277777777777778;0.0;1011.68;0.0;Partly Cloudy
1486216800;31.0;23.0;0.62;SE;4.722222222222222;0.0;1010.68;0.0;Partly Cloudy
1486220400;29.0;24.0;0.74;ESE;5.555555555555555;0.0;1009.68;0.0;Mostly Cloudy
1486224000;30.0;24.0;0.7;SE;5.555555555555555;0.0;1008.68;0.0;Partly Cloudy
1486227600;30.0;23.0;0.66;SE;5.277777777777778;0.0;1008.68;0.0;Partly Cloudy
1486231200;29.0;23.0;0.7;SE;5.277777777777778;0.0;1008.68;0.0;Partly Cloudy
1486234800;29.0;23.0;0.7;E;3.611111111111111;0.0;1008.68;0.0;Partly Cloudy
1486238400;28.0;23.0;0.74;ESE;4.166666666666667;0.0;1009.68;0.0;Partly Cloudy
1486242000;27.0;23.0;0.79;SE;4.166666666666667;0.0;1010.68;0.0;Partly Cloudy
1486245600;27.0;23.0;0.79;SE;3.611111111111111;0.0;1010.68;0.0;Partly Cloudy
1486249200;27.0;23.0;0.79;E;3.611111111111111;0.0;1011.68;0.0;Partly Cloudy
1486252800;28.0;22.0;0.7;E;3.0555555555555554;0.0;1011.68;0.0;Partly Cloudy
1486256400;28.0;23.0;0.74;ESE;3.0555555555555554;0.0;1010.68;0.0;Partly Cloudy
1486260000;28.0;23.0;0.74;E;3.0555555555555554;0.0;1010.68;0.0;Partly Cloudy
1486263600;28.0;23.0;0.74;ESE;3.0555555555555554;0.0;1009.68;0.0;Partly Cloudy
1486267200;28.0;23.0;0.74;E;1.9444444444444444;0.0;1009.68;0.0;Partly Cloudy
1486270800;27.0;23.0;0.79;ESE;3.611111111111111;0.0;1009.68;0.0;Mostly Cloudy
1486274400;27.0;23.0;0.79;E;3.611111111111111;0.0;1009.68;0.0;Mostly Cloudy
1486278000;27.0;22.0;0.74;SE;3.611111111111111;0.0;1009.68;0.0;Partly Cloudy
1486281600;27.0;22.0;0.74;SE;3.0555555555555554;0.0;1010.68;0.0;Fair
1486285200;28.0;23.0;0.74;SE;4.166666666666667;0.0;1010.68;0.0;Fair
1486288800;29.0;23.0;0.7;SE;4.722222222222222;0.0;1011.68;0.0;Fair
1486292400;31.0;24.0;0.66;ESE;3.611111111111111;0.0;1011.68;0.0;Fair
1486296000;30.0;23.0;0.66;SE;4.722222222222222;0.0;1011.68;0.0;Fair
1486299600;31.0;24.0;0.66;SE;4.722222222222222;0.0;1010.68;0.0;Fair
1486303200;31.0;24.0;0.66;ESE;5.277777777777778;0.0;1010.68;0.0;Partly Cloudy
1486306800;30.0;24.0;0.7;ESE;4.722222222222222;0.0;1009.68;0.0;Fair
1486310400;30.0;24.0;0.7;ESE;4.722222222222222;0.0;1009.68;0.0;Partly Cloudy
1486314000;29.0;23.0;0.7;ESE;4.722222222222222;0.0;1008.68;0.0;Partly Cloudy
1486317600;29.0;24.0;0.74;ESE;4.166666666666667;0.0;1008.68;0.0;Partly Cloudy
1486321200;29.0;24.0;0.74;ESE;3.611111111111111;0.0;1008.68;0.0;Partly Cloudy
1486324800;29.0;24.0;0.74;ESE;2.5;0.0;1009.68;0.0;Partly Cloudy
1486328400;28.0;23.0;0.74;E;3.611111111111111;0.0;1009.68;0.0;Partly Cloudy
1486332000;28.0;23.0;0.74;E;3.0555555555555554;0.0;1010.68;0.0;Partly Cloudy
1486335600;28.0;24.0;0.79;E;3.611111111111111;0.0;1010.68;0.0;Partly Cloudy
1486339200;27.0;24.0;0.84;E;3.611111111111111;0.0;1010.68;0.0;Partly Cloudy
1486342800;27.0;24.0;0.84;ENE;3.0555555555555554;0.0;1010.68;0.0;Mostly Cloudy
1486605600;28.0;24.0;0.79;ESE;3.0555555555555554;0.0;1009.68;0.0;Partly Cloudy
1486609200;28.0;24.0;0.79;SE;3.0555555555555554;0.0;1009.68;0.0;Partly Cloudy
1486612800;28.0;24.0;0.79;SE;1.9444444444444444;0.0;1008.68;0.0;Partly Cloudy
1486616400;28.0;24.0;0.79;E;2.5;0.0;1008.68;0.0;Partly Cloudy
1486620000;28.0;24.0;0.79;E;3.0555555555555554;0.0;1008.68;0.0;Partly Cloudy
1486623600;28.0;24.0;0.79;E;2.5;0.0;1009.68;0.0;Fair
1486627200;28.0;24.0;0.79;E;1.9444444444444444;0.0;1009.68;0.0;Partly Cloudy
1486630800;29.0;24.0;0.74;E;3.611111111111111;0.0;1010.68;0.0;Partly Cloudy
1486634400;29.0;24.0;0.74;E;3.611111111111111;0.0;1010.68;0.0;Mostly Cloudy
1486638000;30.0;25.0;0.74;E;3.611111111111111;0.0;1010.68;0.0;Mostly Cloudy
1486641600;30.0;25.0;0.74;ESE;4.166666666666667;0.0;1010.68;0.0;Mostly Cloudy
1486645200;30.0;24.0;0.7;E;5.277777777777778;0.0;1010.68;0.0;Partly Cloudy
1486648800;31.0;24.0;0.66;ESE;5.277777777777778;0.0;1009.68;0.0;Mostly Cloudy
1486652400;31.0;25.0;0.7;ESE;5.555555555555555;0.0;1009.68;0.0;Partly Cloudy
1486656000;31.0;25.0;0.7;E;5.277777777777778;0.0;1008.68;0.0;Mostly Cloudy
1486659600;30.0;25.0;0.74;E;5.277777777777778;0.0;1007.68;0.0;Partly Cloudy
1486663200;30.0;25.0;0.74;ESE;5.277777777777778;0.0;1007.68;0.0;Partly Cloudy
1486666800;29.0;25.0;0.79;E;3.611111111111111;0.0;1007.68;0.0;Partly Cloudy
1486677600;28.0;24.0;0.79;E;4.166666666666667;0.0;1009.68;0.0;Mostly Cloudy
1486681200;28.0;24.0;0.79;E;3.611111111111111;0.0;1010.68;0.0;Partly Cloudy
1486684800;29.0;25.0;0.79;E;3.0555555555555554;0.0;1010.68;0.0;Mostly Cloudy
1486688400;28.0;24.0;0.79;E;2.5;0.0;1009.68;0.0;Partly Cloudy
1486778400;27.0;24.0;0.84;E;3.611111111111111;0.0;1008.68;0.0;Mostly Cloudy
1486779000;25.0;24.0;0.94;SE;5.277777777777778;0.0;1008.68;0.0;Light Rain
1486782000;26.0;24.0;0.89;E;3.611111111111111;0.0;1008.68;0.0;Showers in the Vicinity
1486785600;26.0;24.0;0.89;E;3.611111111111111;0.0;1007.68;0.0;Mostly Cloudy
1486789200;27.0;23.0;0.79;E;5.277777777777778;0.0;1007.68;0.0;Partly Cloudy
1486792800;27.0;23.0;0.79;SE;3.611111111111111;0.0;1007.68;0.0;Partly Cloudy
1486796400;27.0;23.0;0.79;ESE;2.5;0.0;1008.68;0.0;Showers in the Vicinity
1486800000;27.0;23.0;0.79;E;3.0555555555555554;0.0;1008.68;0.0;Mostly Cloudy
1486803600;27.0;23.0;0.79;ESE;4.722222222222222;0.0;1009.68;0.0;Showers in the Vicinity
1486807200;29.0;23.0;0.7;SE;4.722222222222222;0.0;1009.68;0.0;Partly Cloudy
1486810800;29.0;23.0;0.7;ESE;5.277777777777778;0.0;1009.68;0.0;Partly Cloudy
1486814400;29.0;23.0;0.7;ESE;5.277777777777778;0.0;1010.68;0.0;Partly Cloudy
1486818000;31.0;23.0;0.62;ESE;5.555555555555555;0.0;1009.68;0.0;Partly Cloudy
1486821600;30.0;23.0;0.66;ESE;6.111111111111111;0.0;1008.68;0.0;Partly Cloudy
1486825200;29.0;23.0;0.7;SE;6.666666666666666;0.0;1008.68;0.0;Partly Cloudy
1486828800;29.0;23.0;0.7;ESE;5.555555555555555;0.0;1007.68;0.0;Partly Cloudy
1486832400;29.0;22.0;0.66;SE;6.111111111111111;0.0;1007.68;0.0;Mostly Cloudy
1486836000;29.0;22.0;0.66;SE;5.277777777777778;0.0;1007.68;0.0;Mostly Cloudy
1486839600;28.0;22.0;0.7;SE;4.722222222222222;0.0;1007.68;0.0;Mostly Cloudy
1486843200;28.0;23.0;0.74;SE;5.277777777777778;0.0;1007.68;0.0;Partly Cloudy
1486846800;28.0;21.0;0.66;SE;5.277777777777778;0.0;1008.68;0.0;Fair
1486850400;28.0;22.0;0.7;SE;3.611111111111111;0.0;1008.68;0.0;Mostly Cloudy
1486854000;28.0;21.0;0.66;SE;4.166666666666667;0.0;1009.68;0.0;Partly Cloudy
1486857600;28.0;21.0;0.66;SE;4.166666666666667;0.0;1009.68;0.0;Fair
1486861200;28.0;22.0;0.7;SE;3.611111111111111;0.0;1009.68;0.0;Partly Cloudy
1486864800;28.0;22.0;0.7;ESE;2.5;0.0;1008.68;0.0;Mostly Cloudy
1486868400;28.0;22.0;0.7;ESE;4.166666666666667;0.0;1008.68;0.0;Mostly Cloudy
1486872000;27.0;22.0;0.74;ESE;4.166666666666667;0.0;1007.68;0.0;Mostly Cloudy
1486875600;27.0;22.0;0.74;ESE;3.0555555555555554;0.0;1007.68;0.0;Mostly Cloudy
1486879200;27.0;22.0;0.74;SE;2.5;0.0;1007.68;0.0;Partly Cloudy
1486882800;27.0;22.0;0.74;SE;3.611111111111111;0.0;1008.68;0.0;Mostly Cloudy
1486886400;28.0;21.0;0.66;SSE;5.277777777777778;0.0;1009.68;0.0;Partly Cloudy
1486890000;28.0;21.0;0.66;SE;4.722222222222222;0.0;1009.68;0.0;Fair
1486893600;29.0;21.0;0.62;SE;5.277777777777778;0.0;1009.68;0.0;Fair
1486897200;30.0;22.0;0.62;SE;5.555555555555555;0.0;1010.68;0.0;Mostly Cloudy
1486900800;29.0;21.0;0.62;ESE;5.555555555555555;0.0;1010.68;0.0;Partly Cloudy
1486904400;29.0;21.0;0.62;ESE;4.722222222222222;0.0;1010.68;0.0;Partly Cloudy
1486908000;30.0;22.0;0.62;ESE;5.555555555555555;0.0;1009.68;0.0;Partly Cloudy
1486911600;30.0;22.0;0.62;SE;5.277777777777778;0.0;1008.68;0.0;Partly Cloudy
1486915200;30.0;21.0;0.58;SE;5.277777777777778;0.0;1008.68;0.0;Partly Cloudy
1486918800;30.0;22.0;0.62;SE;5.277777777777778;0.0;1007.68;0.0;Fair
1486922400;29.0;21.0;0.62;ESE;4.722222222222222;0.0;1007.68;0.0;Fair
1486926000;29.0;21.0;0.62;ESE;3.611111111111111;0.0;1007.68;0.0;Fair
1486929600;28.0;20.0;0.62;ESE;3.611111111111111;0.0;1008.68;0.0;Fair
1486933200;28.0;21.0;0.66;ESE;3.0555555555555554;0.0;1008.68;0.0;Fair
1486936800;28.0;22.0;0.7;ESE;2.5;0.0;1009.68;0.0;Fair
1486940400;28.0;22.0;0.7;ESE;3.611111111111111;0.0;1009.68;0.0;Fair
1486944000;28.0;22.0;0.7;E;3.0555555555555554;0.0;1009.68;0.0;Partly Cloudy
1486947600;27.0;23.0;0.79;ESE;2.5;0.0;1009.68;0.0;Mostly Cloudy
1486951200;28.0;22.0;0.7;ESE;3.0555555555555554;0.0;1009.68;0.0;Mostly Cloudy
1486954800;28.0;22.0;0.7;E;2.5;0.0;1008.68;0.0;Partly Cloudy
1486958400;27.0;23.0;0.79;ESE;3.0555555555555554;0.0;1007.68;0.0;Mostly Cloudy
1486962000;27.0;23.0;0.79;SE;3.611111111111111;0.0;1007.68;0.0;Partly Cloudy
1486965600;27.0;22.0;0.74;ESE;4.166666666666667;0.0;1007.68;0.0;Fair
1486969200;28.0;22.0;0.7;ESE;4.722222222222222;0.0;1007.68;0.0;Partly Cloudy
1486972800;28.0;23.0;0.74;ESE;4.166666666666667;0.0;1008.68;0.0;Partly Cloudy
1486976400;29.0;22.0;0.66;ESE;4.166666666666667;0.0;1009.68;0.0;Mostly Cloudy
1486980000;28.0;23.0;0.74;E;5.277777777777778;0.0;1010.68;0.0;Showers in the Vicinity
1486983600;29.0;22.0;0.66;E;4.722222222222222;0.0;1010.68;0.0;Mostly Cloudy
1486987200;31.0;22.0;0.58;E;5.277777777777778;0.0;1010.68;0.0;Partly Cloudy
1486990800;30.0;23.0;0.66;E;5.277777777777778;0.0;1010.68;0.0;Partly Cloudy
1486994400;31.0;23.0;0.62;ESE;5.277777777777778;0.0;1009.68;0.0;Mostly Cloudy
1486998000;31.0;23.0;0.62;E;4.722222222222222;0.0;1009.68;0.0;Mostly Cloudy
1487001600;31.0;24.0;0.66;SE;5.277777777777778;0.0;1008.68;0.0;Mostly Cloudy
1487005200;30.0;23.0;0.66;ESE;4.722222222222222;0.0;1008.68;0.0;Mostly Cloudy
1487008800;29.0;24.0;0.74;SE;4.722222222222222;0.0;1008.68;0.0;Partly Cloudy
1487012400;29.0;24.0;0.74;SE;4.166666666666667;0.0;1008.68;0.0;Mostly Cloudy
1487016000;28.0;23.0;0.74;SE;5.277777777777778;0.0;1008.68;0.0;Partly Cloudy
1487019600;28.0;23.0;0.74;ESE;3.0555555555555554;0.0;1009.68;0.0;Partly Cloudy
1487023200;28.0;23.0;0.74;ESE;3.611111111111111;0.0;1010.68;0.0;Fair
1487026800;28.0;23.0;0.74;ESE;3.0555555555555554;0.0;1010.68;0.0;Partly Cloudy
1487030400;29.0;23.0;0.7;ESE;4.166666666666667;0.0;1011.68;0.0;Partly Cloudy
1487034000;28.0;23.0;0.74;ESE;3.611111111111111;0.0;1011.68;0.0;Partly Cloudy
1487037600;28.0;23.0;0.74;ESE;3.611111111111111;0.0;1010.68;0.0;Partly Cloudy
1487041200;28.0;23.0;0.74;ESE;4.166666666666667;0.0;1010.68;0.0;Partly Cloudy
1487044800;28.0;23.0;0.74;SE;4.166666666666667;0.0;1009.68;0.0;Fair
1487048400;28.0;23.0;0.74;ESE;4.166666666666667;0.0;1009.68;0.0;Fair
1487052000;28.0;23.0;0.74;SE;4.166666666666667;0.0;1009.68;0.0;Fair
1487055600;28.0;23.0;0.74;SE;4.722222222222222;0.0;1010.68;0.0;Partly Cloudy
1487059200;28.0;23.0;0.74;ESE;4.722222222222222;0.0;1010.68;0.0;Partly Cloudy
1487062800;28.0;24.0;0.79;ESE;5.277777777777778;0.0;1011.68;0.0;Partly Cloudy
1487066400;29.0;24.0;0.74;SE;6.666666666666666;0.0;1012.68;0.0;Partly Cloudy
1487070000;30.0;23.0;0.66;SE;5.277777777777778;0.0;1012.68;0.0;Partly Cloudy
1487073600;30.0;24.0;0.7;S;7.222222222222222;0.0;1012.68;0.0;Mostly Cloudy
1487077200;30.0;24.0;0.7;SSE;7.777777777777778;0.0;1012.68;0.0;Showers in the Vicinity
1487080800;30.0;24.0;0.7;SSE;7.222222222222222;0.0;1012.68;0.0;Mostly Cloudy
1487084400;30.0;24.0;0.7;SE;6.666666666666666;0.0;1011.68;0.0;Showers in the Vicinity
1487088000;29.0;24.0;0.74;SSE;7.777777777777778;0.0;1011.68;0.0;Showers in the Vicinity
1487091600;29.0;24.0;0.74;SE;6.111111111111111;0.0;1011.68;0.0;Cloudy
1487095200;29.0;23.0;0.7;SE;7.222222222222222;0.0;1011.68;0.0;Mostly Cloudy
1487098800;29.0;24.0;0.74;SSE;7.222222222222222;0.0;1011.68;0.0;Mostly Cloudy
1487102400;28.0;24.0;0.79;SE;6.111111111111111;0.0;1011.68;0.0;Partly Cloudy
1487106000;28.0;23.0;0.74;SE;6.111111111111111;0.0;1012.68;0.0;Mostly Cloudy
1487109600;28.0;22.0;0.7;SSE;5.555555555555555;0.0;1013.68;0.0;Fair
1487113200;28.0;23.0;0.74;SSE;6.111111111111111;0.0;1013.68;0.0;Partly Cloudy
1487116800;28.0;23.0;0.74;SE;5.277777777777778;0.0;1013.68;0.0;Partly Cloudy
1487120400;28.0;24.0;0.79;SE;5.277777777777778;0.0;1013.68;0.0;Partly Cloudy
1487124000;28.0;23.0;0.74;SE;5.277777777777778;0.0;1012.68;0.0;Partly Cloudy
1487127600;28.0;23.0;0.74;SE;5.555555555555555;0.0;1011.68;0.0;Mostly Cloudy
1487131200;28.0;23.0;0.74;SE;5.277777777777778;0.0;1011.68;0.0;Mostly Cloudy
1487134800;28.0;23.0;0.74;SE;4.722222222222222;0.0;1011.68;0.0;Mostly Cloudy
1487138400;28.0;23.0;0.74;SE;5.277777777777778;0.0;1011.68;0.0;Mostly Cloudy
1487142000;27.0;22.0;0.74;SE;5.277777777777778;0.0;1011.68;0.0;Partly Cloudy
1487145600;28.0;23.0;0.74;SSE;4.722222222222222;0.0;1012.68;0.0;Partly Cloudy
1487149200;28.0;23.0;0.74;SSE;6.111111111111111;0.0;1012.68;0.0;Fair
1487152800;29.0;23.0;0.7;SSE;6.111111111111111;0.0;1013.68;0.0;Mostly Cloudy
1487156400;31.0;24.0;0.66;SE;6.666666666666666;0.0;1013.68;0.0;Mostly Cloudy
1487160000;30.0;23.0;0.66;SSE;7.777777777777778;0.0;1013.68;0.0;Fair
1487163600;31.0;23.0;0.62;SSE;8.333333333333334;0.0;1013.68;0.0;Fair
1487167200;31.0;24.0;0.66;SSE;8.333333333333334;0.0;1012.68;0.0;Fair
1487170800;31.0;23.0;0.62;SSE;8.61111111111111;0.0;1012.68;0.0;Fair
1487174400;30.0;23.0;0.66;SSE;8.333333333333334;0.0;1011.68;0.0;Partly Cloudy
1487178000;31.0;23.0;0.62;SSE;9.166666666666666;0.0;1011.68;0.0;Partly Cloudy / Windy
1487181600;30.0;23.0;0.66;SSE;9.166666666666666;0.0;1011.68;0.0;Partly Cloudy / Windy
1487185200;29.0;23.0;0.7;SSE;7.777777777777778;0.0;1011.68;0.0;Partly Cloudy
1487188800;28.0;23.0;0.74;SSE;6.666666666666666;0.0;1012.68;0.0;Partly Cloudy
1487192400;28.0;22.0;0.7;SSE;7.777777777777778;0.0;1012.68;0.0;Fair
1487196000;28.0;23.0;0.74;S;6.111111111111111;0.0;1013.68;0.0;Partly Cloudy
1487199600;28.0;23.0;0.74;SSE;6.111111111111111;0.0;1013.68;0.0;Partly Cloudy
1487203200;27.0;23.0;0.79;S;6.111111111111111;0.0;1013.68;0.0;Partly Cloudy
1487206800;27.0;23.0;0.79;S;5.277777777777778;0.0;1012.68;0.0;Partly Cloudy
1487210400;26.0;23.0;0.83;S;4.166666666666667;0.0;1012.68;0.0;Partly Cloudy
1487214000;26.0;23.0;0.83;SSE;5.277777777777778;0.0;1011.68;0.0;Mostly Cloudy
1487217600;26.0;23.0;0.83;SE;5.277777777777778;0.0;1010.68;0.0;Partly Cloudy
1487221200;26.0;23.0;0.83;SSW;3.0555555555555554;0.0;1010.68;0.0;Partly Cloudy
1487224800;25.0;23.0;0.89;SW;2.5;0.0;1010.68;0.0;Partly Cloudy
1487228400;25.0;23.0;0.89;SW;2.5;0.0;1010.68;0.0;Mostly Cloudy
1487232000;25.0;23.0;0.89;SSW;2.5;0.0;1011.68;0.0;Showers in the Vicinity
1487235600;26.0;24.0;0.89;SSW;3.0555555555555554;0.0;1011.68;0.0;Partly Cloudy
1487239200;29.0;23.0;0.7;SE;6.111111111111111;0.0;1012.68;0.0;Partly Cloudy
1487242800;29.0;23.0;0.7;SSE;6.111111111111111;0.0;1012.68;0.0;Partly Cloudy
1487246400;31.0;23.0;0.62;SSE;6.666666666666666;0.0;1012.68;0.0;Partly Cloudy
1487250000;31.0;23.0;0.62;SSE;6.111111111111111;0.0;1011.68;0.0;Partly Cloudy
1487253600;31.0;24.0;0.66;SSE;6.111111111111111;0.0;1011.68;0.0;Fair
1487257200;31.0;24.0;0.66;SSE;7.222222222222222;0.0;1010.68;0.0;Fair
1487260800;31.0;23.0;0.62;SSE;6.666666666666666;0.0;1010.68;0.0;Fair
1487264400;30.0;23.0;0.66;SSE;7.222222222222222;0.0;1009.68;0.0;Fair
1487268000;29.0;23.0;0.7;SSE;7.222222222222222;0.0;1009.68;0.0;Fair
1487271600;29.0;23.0;0.7;SSE;6.111111111111111;0.0;1010.68;0.0;Fair
1487275200;28.0;23.0;0.74;SSE;6.111111111111111;0.0;1010.68;0.0;Fair
1487278800;28.0;24.0;0.79;SE;5.277777777777778;0.0;1010.68;0.0;Fair
1487282400;28.0;24.0;0.79;SSE;5.277777777777778;0.0;1011.68;0.0;Fair
1487286000;28.0;23.0;0.74;SSE;4.722222222222222;0.0;1011.68;0.0;Fair
1487289600;28.0;23.0;0.74;SSE;4.722222222222222;0.0;1011.68;0.0;Fair
1487293200;28.0;23.0;0.74;SSE;5.277777777777778;0.0;1011.68;0.0;Partly Cloudy
1487473200;28.0;24.0;0.79;SE;3.611111111111111;0.0;1012.68;0.0;Partly Cloudy
1487476800;26.0;24.0;0.89;S;4.722222222222222;0.0;1011.68;0.0;Partly Cloudy
1487480400;27.0;25.0;0.89;S;3.611111111111111;0.0;1010.68;0.0;Partly Cloudy
1487484000;28.0;24.0;0.79;ESE;4.722222222222222;0.0;1010.68;0.0;Partly Cloudy
1487487600;28.0;24.0;0.79;SE;4.166666666666667;0.0;1011.68;0.0;Light Rain
1487491200;26.0;24.0;0.89;S;1.9444444444444444;0.0;1011.68;0.0;Partly Cloudy
1487494800;27.0;24.0;0.84;SSE;2.5;0.0;1011.68;0.0;Partly Cloudy
1487498400;28.0;24.0;0.79;SE;3.611111111111111;0.0;1012.68;0.0;Mostly Cloudy
1487502000;29.0;23.0;0.7;E;1.9444444444444444;0.0;1012.68;0.0;Showers in the Vicinity
1487505600;28.0;24.0;0.79;SE;5.555555555555555;0.0;1013.68;0.0;Showers in the Vicinity
1487509200;30.0;24.0;0.7;ESE;3.611111111111111;0.0;1012.68;0.0;Mostly Cloudy
1487512800;32.0;24.0;0.62;SE;3.611111111111111;0.0;1012.68;0.0;Partly Cloudy
1487516400;30.0;24.0;0.7;ESE;3.0555555555555554;0.0;1011.68;0.0;Mostly Cloudy
1487520000;26.0;25.0;0.94;SE;5.277777777777778;0.0;1011.68;0.0;Light Rain
1487523600;29.0;25.0;0.79;ESE;2.5;0.0;1010.68;0.0;Mostly Cloudy
1487527200;29.0;24.0;0.74;E;4.722222222222222;0.0;1010.68;0.0;Partly Cloudy
1487530800;29.0;24.0;0.74;E;4.166666666666667;0.0;1010.68;0.0;Partly Cloudy
1487534400;28.0;24.0;0.79;E;4.166666666666667;0.0;1010.68;0.0;Partly Cloudy
1487538000;28.0;25.0;0.84;E;4.166666666666667;0.0;1010.68;0.0;Mostly Cloudy
1487541600;28.0;24.0;0.79;E;3.611111111111111;0.0;1010.68;0.0;Partly Cloudy
1487545200;28.0;24.0;0.79;E;3.0555555555555554;0.0;1011.68;0.0;Partly Cloudy
1487548800;28.0;24.0;0.79;ESE;3.611111111111111;0.0;1012.68;0.0;Mostly Cloudy
1487552400;28.0;24.0;0.79;E;3.0555555555555554;0.0;1012.68;0.0;Partly Cloudy
1487556000;28.0;24.0;0.79;ESE;3.0555555555555554;0.0;1011.68;0.0;Showers in the Vicinity
1487646000;27.0;24.0;0.84;E;2.5;0.0;1011.68;0.0;Mostly Cloudy
1487649600;27.0;24.0;0.84;E;3.0555555555555554;0.0;1010.68;0.0;Mostly Cloudy
1487653200;27.0;24.0;0.84;E;2.5;0.0;1010.68;0.0;Mostly Cloudy
1487656800;27.0;24.0;0.84;E;2.5;0.0;1010.68;0.0;Partly Cloudy
1487660400;26.0;24.0;0.89;E;2.5;0.0;1010.68;0.0;Showers in the Vicinity
1487664000;26.0;24.0;0.89;E;3.0555555555555554;0.0;1010.68;0.0;Partly Cloudy
1487667600;27.0;24.0;0.84;E;2.5;0.0;1010.68;0.0;Partly Cloudy
1487671200;27.0;24.0;0.84;E;2.5;0.0;1011.68;0.0;Showers in the Vicinity
1487674800;28.0;23.0;0.74;SE;5.555555555555555;0.0;1012.68;0.0;Partly Cloudy
1487678400;28.0;24.0;0.79;E;5.277777777777778;0.0;1012.68;0.0;Partly Cloudy
1487682000;30.0;24.0;0.7;ESE;4.722222222222222;0.0;1012.68;0.0;Partly Cloudy
1487685600;31.0;25.0;0.7;E;3.611111111111111;0.0;1011.68;0.0;Partly Cloudy
1487689200;31.0;25.0;0.7;ESE;4.722222222222222;0.0;1011.68;0.0;Partly Cloudy
1487692800;31.0;24.0;0.66;ESE;4.722222222222222;0.0;1010.68;0.0;Partly Cloudy
1487696400;30.0;24.0;0.7;ESE;4.166666666666667;0.0;1009.68;0.0;Partly Cloudy
1487700000;30.0;24.0;0.7;SE;5.277777777777778;0.0;1009.68;0.0;Fair
1487703600;29.0;24.0;0.74;ESE;4.722222222222222;0.0;1009.68;0.0;Partly Cloudy
1487707200;29.0;24.0;0.74;SE;5.277777777777778;0.0;1009.68;0.0;Partly Cloudy
1487710800;28.0;23.0;0.74;SE;4.722222222222222;0.0;1010.68;0.0;Fair
1487714400;28.0;23.0;0.74;SE;4.166666666666667;0.0;1010.68;0.0;Partly Cloudy
1487718000;28.0;24.0;0.79;SE;3.0555555555555554;0.0;1011.68;0.0;Mostly Cloudy
1487721600;28.0;24.0;0.79;SE;4.166666666666667;0.0;1011.68;0.0;Partly Cloudy
1487725200;28.0;24.0;0.79;SE;4.166666666666667;0.0;1012.68;0.0;Fair
1487728800;28.0;23.0;0.74;SE;3.611111111111111;0.0;1011.68;0.0;Fair
1487818800;28.0;22.0;0.7;ESE;4.166666666666667;0.0;1011.68;0.0;Fair
1487822400;27.0;22.0;0.74;SE;3.611111111111111;0.0;1010.68;0.0;Partly Cloudy
1487826000;27.0;22.0;0.74;SE;3.611111111111111;0.0;1010.68;0.0;Partly Cloudy
1487829600;27.0;22.0;0.74;SE;3.0555555555555554;0.0;1010.68;0.0;Partly Cloudy
1487833200;27.0;23.0;0.79;SSE;4.166666666666667;0.0;1010.68;0.0;Fair
1487836800;27.0;23.0;0.79;SE;3.0555555555555554;0.0;1010.68;0.0;Mostly Cloudy
1487840400;26.0;23.0;0.83;SW;1.9444444444444444;0.0;1010.68;0.0;Fair
1487844000;26.0;23.0;0.83;SW;2.5;0.0;1011.68;0.0;Partly Cloudy
1487847600;28.0;22.0;0.7;SE;5.277777777777778;0.0;1011.68;0.0;Partly Cloudy
1487851200;29.0;23.0;0.7;SE;5.277777777777778;0.0;1011.68;0.0;Partly Cloudy
1487854800;30.0;23.0;0.66;ESE;4.166666666666667;0.0;1011.68;0.0;Partly Cloudy
1487858400;31.0;24.0;0.66;SE;5.277777777777778;0.0;1011.68;0.0;Partly Cloudy
1487862000;31.0;23.0;0.62;SE;5.277777777777778;0.0;1010.68;0.0;Partly Cloudy
1487865600;31.0;24.0;0.66;SSE;6.111111111111111;0.0;1009.68;0.0;Mostly Cloudy
1487869200;31.0;24.0;0.66;SE;4.166666666666667;0.0;1009.68;0.0;Mostly Cloudy
1487872800;30.0;24.0;0.7;SSE;6.111111111111111;0.0;1009.68;0.0;Mostly Cloudy
1487876400;30.0;24.0;0.7;SE;5.277777777777778;0.0;1009.68;0.0;Partly Cloudy
1487880000;29.0;24.0;0.74;SE;4.722222222222222;0.0;1009.68;0.0;Partly Cloudy
1487883600;28.0;24.0;0.79;SE;5.277777777777778;0.0;1009.68;0.0;Partly Cloudy
1487887200;28.0;24.0;0.79;SE;5.555555555555555;0.0;1010.68;0.0;Fair
1487890800;28.0;24.0;0.79;SSE;6.111111111111111;0.0;1010.68;0.0;Fair
1487894400;28.0;24.0;0.79;SSE;4.722222222222222;0.0;1011.68;0.0;Fair
1487898000;28.0;24.0;0.79;SE;5.277777777777778;0.0;1011.68;0.0;Partly Cloudy
1487901600;28.0;24.0;0.79;SSE;5.555555555555555;0.0;1011.68;0.0;Partly Cloudy
1488078000;27.0;23.0;0.79;SE;3.611111111111111;0.0;1010.68;0.0;Partly Cloudy
1488081600;27.0;24.0;0.84;E;2.5;0.0;1010.68;0.0;Partly Cloudy
1488085200;27.0;23.0;0.79;ESE;1.9444444444444444;0.0;1009.68;0.0;Partly Cloudy
1488088800;26.0;23.0;0.83;SE;2.5;0.0;1010.68;0.0;Partly Cloudy
1488092400;26.0;23.0;0.83;SSE;1.9444444444444444;0.0;1009.68;0.0;Showers in the Vicinity
1488096000;26.0;23.0;0.83;SW;3.0555555555555554;0.0;1009.68;0.0;Partly Cloudy
1488099600;26.0;23.0;0.83;SW;2.5;0.0;1009.68;0.0;Partly Cloudy
1488103200;27.0;23.0;0.79;SSW;2.5;0.0;1010.68;0.0;Partly Cloudy
1488106800;29.0;23.0;0.7;S;1.9444444444444444;0.0;1010.68;0.0;Partly Cloudy
1488110400;29.0;22.0;0.66;SSE;4.166666666666667;0.0;1010.68;0.0;Partly Cloudy
1488114000;30.0;23.0;0.66;SSE;4.166666666666667;0.0;1010.68;0.0;Partly Cloudy
1488117600;31.0;23.0;0.62;ESE;5.277777777777778;0.0;1010.68;0.0;Partly Cloudy
1488121200;31.0;23.0;0.62;ESE;5.277777777777778;0.0;1010.68;0.0;Fair
1488124800;30.0;24.0;0.7;SE;5.555555555555555;0.0;1009.68;0.0;Fair
1488128400;30.0;23.0;0.66;ESE;5.555555555555555;0.0;1008.68;0.0;Fair
1488132000;30.0;24.0;0.7;ESE;5.277777777777778;0.0;1008.68;0.0;Fair
1488135600;30.0;23.0;0.66;SE;5.277777777777778;0.0;1008.68;0.0;Fair
1488139200;29.0;24.0;0.74;SE;4.166666666666667;0.0;1008.68;0.0;Fair
1488142800;28.0;24.0;0.79;SE;4.722222222222222;0.0;1009.68;0.0;Fair
1488146400;28.0;24.0;0.79;ESE;4.166666666666667;0.0;1009.68;0.0;Fair
1488150000;28.0;25.0;0.84;ESE;3.611111111111111;0.0;1010.68;0.0;Partly Cloudy
1488153600;28.0;25.0;0.84;SE;4.166666666666667;0.0;1010.68;0.0;Mostly Cloudy
1488157200;28.0;25.0;0.84;SE;3.611111111111111;0.0;1010.68;0.0;Mostly Cloudy
1488160800;28.0;25.0;0.84;ESE;3.611111111111111;0.0;1010.68;0.0;Partly Cloudy
1488337200;28.0;25.0;0.84;ESE;3.611111111111111;0.0;1008.68;0.0;Partly Cloudy
1488340800;28.0;25.0;0.84;ESE;2.5;0.0;1007.68;0.0;Partly Cloudy
1488344400;28.0;25.0;0.84;ESE;3.0555555555555554;0.0;1007.68;0.0;Partly Cloudy
1488348000;28.0;25.0;0.84;ESE;3.0555555555555554;0.0;1006.69;0.0;Partly Cloudy
1488351600;28.0;25.0;0.84;ESE;4.166666666666667;0.0;1006.69;0.0;Partly Cloudy
1488355200;28.0;25.0;0.84;SE;4.166666666666667;0.0;1007.68;0.0;Partly Cloudy
1488358800;28.0;25.0;0.84;ESE;3.611111111111111;0.0;1007.68;0.0;Showers in the Vicinity
1488362400;29.0;25.0;0.79;ESE;4.166666666666667;0.0;1008.68;0.0;Partly Cloudy
1488366000;29.0;25.0;0.79;ESE;4.166666666666667;0.0;1009.68;0.0;Mostly Cloudy
1488369600;30.0;25.0;0.74;SE;6.111111111111111;0.0;1009.68;0.0;Mostly Cloudy
1488373200;31.0;25.0;0.7;SE;5.555555555555555;0.0;1009.68;0.0;Mostly Cloudy
1488376800;32.0;25.0;0.66;E;4.722222222222222;0.0;1009.68;0.0;Partly Cloudy
1488380400;31.0;25.0;0.7;ESE;7.222222222222222;0.0;1009.68;0.0;Mostly Cloudy
1488384000;29.0;23.0;0.7;ESE;7.777777777777778;0.0;1008.68;0.0;Showers in the Vicinity
1488387600;30.0;25.0;0.74;SSE;5.555555555555555;0.0;1008.68;0.0;Partly Cloudy
1488391200;28.0;24.0;0.79;ESE;6.666666666666666;0.0;1008.68;0.0;Showers in the Vicinity
1488394800;28.0;25.0;0.84;SE;4.722222222222222;0.0;1008.68;0.0;Mostly Cloudy
1488398400;28.0;24.0;0.79;SE;5.277777777777778;0.0;1008.68;0.0;Mostly Cloudy
1488402000;28.0;25.0;0.84;SE;5.277777777777778;0.0;1009.68;0.0;Mostly Cloudy
1488405600;28.0;25.0;0.84;ESE;5.277777777777778;0.0;1009.68;0.0;Partly Cloudy
1488409200;28.0;25.0;0.84;SE;7.777777777777778;0.0;1010.68;0.0;Mostly Cloudy
1488412800;28.0;25.0;0.84;SE;5.277777777777778;0.0;1010.68;0.0;Partly Cloudy
1488416400;29.0;25.0;0.79;SE;4.166666666666667;0.0;1011.68;0.0;Partly Cloudy
1488420000;28.0;25.0;0.84;ESE;4.722222222222222;0.0;1010.68;0.0;Mostly Cloudy
1488423600;28.0;25.0;0.84;SE;3.611111111111111;0.0;1010.68;0.0;Mostly Cloudy
1488427200;28.0;25.0;0.84;SE;4.166666666666667;0.0;1009.68;0.0;Mostly Cloudy
1488430800;27.0;24.0;0.84;ESE;3.611111111111111;0.0;1008.68;0.0;Mostly Cloudy
1488434400;27.0;25.0;0.89;SE;2.5;0.0;1008.68;0.0;Mostly Cloudy
1488438000;27.0;24.0;0.84;SE;4.722222222222222;0.0;1008.68;0.0;Mostly Cloudy
1488441600;27.0;24.0;0.84;SSE;4.722222222222222;0.0;1008.68;0.0;Rain Shower
1488445200;27.0;24.0;0.84;SSE;5.555555555555555;0.0;1009.68;0.0;Showers in the Vicinity
1488448800;28.0;24.0;0.79;SSE;7.222222222222222;0.0;1010.68;0.0;Mostly Cloudy
1488452400;29.0;23.0;0.7;SE;5.555555555555555;0.0;1010.68;0.0;Mostly Cloudy
1488456000;29.0;24.0;0.74;SE;6.666666666666666;0.0;1011.68;0.0;Mostly Cloudy
1488459600;30.0;24.0;0.7;SE;7.222222222222222;0.0;1011.68;0.0;Mostly Cloudy
1488463200;30.0;24.0;0.7;SE;7.222222222222222;0.0;1011.68;0.0;Mostly Cloudy
1488466800;31.0;24.0;0.66;SE;7.222222222222222;0.0;1010.68;0.0;Mostly Cloudy
1488470400;30.0;23.0;0.66;SSE;6.666666666666666;0.0;1010.68;0.0;Mostly Cloudy
1488474000;30.0;23.0;0.66;SE;7.777777777777778;0.0;1009.68;0.0;Partly Cloudy
1488477600;31.0;23.0;0.62;SSE;7.222222222222222;0.0;1009.68;0.0;Partly Cloudy
1488481200;30.0;22.0;0.62;SE;5.555555555555555;0.0;1009.68;0.0;Partly Cloudy
1488484800;30.0;21.0;0.58;SE;5.555555555555555;0.0;1009.68;0.0;Mostly Cloudy
1488488400;29.0;22.0;0.66;SE;5.277777777777778;0.0;1010.68;0.0;Partly Cloudy
1488492000;29.0;23.0;0.7;SE;4.722222222222222;0.0;1010.68;0.0;Partly Cloudy
1488495600;28.0;23.0;0.74;SE;4.722222222222222;0.0;1011.68;0.0;Partly Cloudy
1488499200;28.0;23.0;0.74;SE;4.722222222222222;0.0;1011.68;0.0;Mostly Cloudy
1488502800;28.0;23.0;0.74;SE;5.277777777777778;0.0;1012.68;0.0;Partly Cloudy
1488506400;27.0;22.0;0.74;SE;4.166666666666667;0.0;1011.68;0.0;Partly Cloudy
1488596400;28.0;24.0;0.79;SE;4.166666666666667;0.0;1010.68;0.0;Partly Cloudy
1488600000;28.0;24.0;0.79;SE;5.277777777777778;0.0;1009.68;0.0;Mostly Cloudy
1488603600;27.0;24.0;0.84;SE;4.166666666666667;0.0;1009.68;0.0;Mostly Cloudy
1488607200;26.0;24.0;0.89;SW;2.5;0.0;1009.68;0.0;Mostly Cloudy
1488610800;25.0;24.0;0.94;SSW;1.9444444444444444;0.0;1009.68;0.0;Mostly Cloudy
1488611700;25.0;23.0;0.89;SSW;4.722222222222222;0.0;1009.68;0.0;Light Rain
1488614400;25.0;24.0;0.94;CALM;0.0;0.0;1009.68;0.0;Light Rain
1488615240;25.0;24.0;0.94;E;1.9444444444444444;0.0;1009.68;0.0;Rain
1488616500;25.0;24.0;0.94;NW;1.6666666666666665;0.0;1009.68;0.0;Light Rain
1488618000;25.0;24.0;0.94;WNW;1.6666666666666665;0.0;1009.68;0.0;Rain
1488619800;24.0;24.0;1.0;W;3.0555555555555554;0.0;1010.68;0.0;Heavy Rain
1488620700;0.0;0.0;0.0;W;3.611111111111111;0.0;1010.68;0.0;Light Rain
1488621600;24.0;24.0;1.0;WSW;2.5;0.0;1010.68;0.0;Light Rain
1488621780;24.0;24.0;1.0;WSW;1.6666666666666665;0.0;1010.68;0.0;Rain
1488623640;24.0;24.0;1.0;W;3.611111111111111;0.0;1010.68;0.0;Showers in the Vicinity
1488625200;24.0;24.0;1.0;WNW;3.0555555555555554;0.0;1010.68;0.0;Light Rain
1488626880;24.0;24.0;1.0;WSW;1.6666666666666665;0.0;1011.68;0.0;Light Rain
1488628800;24.0;24.0;1.0;W;2.5;0.0;1011.68;0.0;Light Rain
1488632400;25.0;24.0;0.94;SW;3.611111111111111;0.0;1011.68;0.0;Showers in the Vicinity
1488636000;24.0;23.0;0.94;SW;3.0555555555555554;0.0;1011.68;0.0;Light Rain
1488639600;26.0;24.0;0.89;NNE;1.9444444444444444;0.0;1010.68;0.0;Showers in the Vicinity
1488643200;29.0;25.0;0.79;SSE;1.1111111111111112;0.0;1009.68;0.0;Mostly Cloudy
1488646800;29.0;24.0;0.74;SE;4.166666666666667;0.0;1008.68;0.0;Mostly Cloudy
1488650400;29.0;24.0;0.74;ESE;4.166666666666667;0.0;1007.68;0.0;Mostly Cloudy
1488654000;29.0;24.0;0.74;ESE;3.611111111111111;0.0;1007.68;0.0;Mostly Cloudy
1488657600;29.0;24.0;0.74;ESE;3.611111111111111;0.0;1007.68;0.0;Mostly Cloudy
1488661200;28.0;24.0;0.79;ESE;4.166666666666667;0.0;1008.68;0.0;Mostly Cloudy
1488664800;28.0;24.0;0.79;SE;3.611111111111111;0.0;1008.68;0.0;Partly Cloudy
1488668400;28.0;24.0;0.79;ESE;3.611111111111111;0.0;1008.68;0.0;Partly Cloudy
1488672000;28.0;23.0;0.74;ESE;3.0555555555555554;0.0;1009.68;0.0;Fair
1488675600;28.0;23.0;0.74;ESE;3.0555555555555554;0.0;1009.68;0.0;Mostly Cloudy
1488679200;28.0;24.0;0.79;SE;4.166666666666667;0.0;1008.68;0.0;Partly Cloudy
1488769200;28.0;24.0;0.79;ENE;2.5;0.0;1008.68;0.0;Partly Cloudy
1488772800;28.0;24.0;0.79;ENE;1.9444444444444444;0.0;1008.68;0.0;Partly Cloudy
1488776400;28.0;24.0;0.79;E;1.9444444444444444;0.0;1007.68;0.0;Partly Cloudy
1488780000;28.0;24.0;0.79;E;1.6666666666666665;0.0;1007.68;0.0;Partly Cloudy
1488783600;28.0;24.0;0.79;ENE;1.9444444444444444;0.0;1008.68;0.0;Fair
1488787200;28.0;24.0;0.79;E;1.9444444444444444;0.0;1008.68;0.0;Fair
1488790800;28.0;24.0;0.79;NE;1.6666666666666665;0.0;1009.68;0.0;Partly Cloudy
1488794400;28.0;24.0;0.79;NE;1.9444444444444444;0.0;1010.68;0.0;Partly Cloudy
1488798000;28.0;24.0;0.79;ENE;2.5;0.0;1010.68;0.0;Showers in the Vicinity
1488801600;29.0;24.0;0.74;E;2.5;0.0;1011.68;0.0;Mostly Cloudy
1488805200;30.0;24.0;0.7;E;3.0555555555555554;0.0;1010.68;0.0;Mostly Cloudy
1488808800;30.0;24.0;0.7;E;3.611111111111111;0.0;1010.68;0.0;Mostly Cloudy
1488812400;31.0;25.0;0.7;E;3.611111111111111;0.0;1009.68;0.0;Partly Cloudy
1488816000;30.0;24.0;0.7;E;3.611111111111111;0.0;1008.68;0.0;Partly Cloudy
1488819600;30.0;24.0;0.7;E;4.166666666666667;0.0;1008.68;0.0;Partly Cloudy
1488823200;30.0;24.0;0.7;E;4.722222222222222;0.0;1008.68;0.0;Partly Cloudy
1488826800;29.0;24.0;0.74;ENE;3.611111111111111;0.0;1008.68;0.0;Fair
1488830400;29.0;24.0;0.74;E;4.166666666666667;0.0;1008.68;0.0;Fair
1488834000;29.0;24.0;0.74;E;3.611111111111111;0.0;1008.68;0.0;Fair
1488837600;29.0;24.0;0.74;E;4.166666666666667;0.0;1009.68;0.0;Partly Cloudy
1488841200;29.0;24.0;0.74;E;3.611111111111111;0.0;1010.68;0.0;Partly Cloudy
1488844800;28.0;25.0;0.84;E;2.5;0.0;1010.68;0.0;Partly Cloudy
1488848400;28.0;25.0;0.84;E;2.5;0.0;1010.68;0.0;Partly Cloudy
1488852000;28.0;24.0;0.79;E;3.0555555555555554;0.0;1010.68;0.0;Partly Cloudy
1488855600;28.0;24.0;0.79;E;3.0555555555555554;0.0;1009.68;0.0;Partly Cloudy
1488859200;28.0;24.0;0.79;E;3.0555555555555554;0.0;1008.68;0.0;Partly Cloudy
1488862800;28.0;24.0;0.79;E;2.5;0.0;1008.68;0.0;Fair
1488866400;28.0;24.0;0.79;ESE;1.6666666666666665;0.0;1008.68;0.0;Fair
1488870000;28.0;24.0;0.79;ESE;3.0555555555555554;0.0;1008.68;0.0;Partly Cloudy
1488873600;28.0;24.0;0.79;ESE;2.5;0.0;1009.68;0.0;Partly Cloudy
1488877200;28.0;24.0;0.79;E;1.6666666666666665;0.0;1009.68;0.0;Fair
1488880800;29.0;24.0;0.74;E;2.5;0.0;1010.68;0.0;Partly Cloudy
1488884400;30.0;25.0;0.74;E;3.0555555555555554;0.0;1011.68;0.0;Partly Cloudy
1488888000;30.0;25.0;0.74;SE;4.722222222222222;0.0;1011.68;0.0;Partly Cloudy
1488891600;30.0;25.0;0.74;SE;4.166666666666667;0.0;1011.68;0.0;Mostly Cloudy
1488895200;29.0;23.0;0.7;SSE;5.277777777777778;0.0;1010.68;0.0;Light Rain
1488896220;27.0;25.0;0.89;ENE;1.6666666666666665;0.0;1010.68;0.0;Showers in the Vicinity
1488898800;30.0;26.0;0.79;SE;3.611111111111111;0.0;1009.68;0.0;Partly Cloudy
1488902400;30.0;25.0;0.74;SE;4.166666666666667;0.0;1009.68;0.0;Partly Cloudy
1488906000;30.0;25.0;0.74;ESE;5.277777777777778;0.0;1008.68;0.0;Partly Cloudy
1488909600;30.0;25.0;0.74;ESE;5.277777777777778;0.0;1008.68;0.0;Mostly Cloudy
1488913200;30.0;24.0;0.7;SE;5.277777777777778;0.0;1008.68;0.0;Partly Cloudy
1488916800;29.0;24.0;0.74;E;4.166666666666667;0.0;1009.68;0.0;Mostly Cloudy
1488920400;28.0;24.0;0.79;ESE;5.277777777777778;0.0;1009.68;0.0;Mostly Cloudy
1488924000;28.0;24.0;0.79;ESE;4.166666666666667;0.0;1009.68;0.0;Partly Cloudy
1488927600;28.0;24.0;0.79;E;4.166666666666667;0.0;1010.68;0.0;Partly Cloudy
1488931200;28.0;24.0;0.79;E;3.611111111111111;0.0;1011.68;0.0;Mostly Cloudy
1488934800;28.0;24.0;0.79;ESE;3.611111111111111;0.0;1011.68;0.0;Partly Cloudy
1488938400;29.0;24.0;0.74;VAR;2.5;0.0;1010.68;0.0;Partly Cloudy
1489028400;27.0;25.0;0.89;SE;3.0555555555555554;0.0;1009.68;0.0;Showers in the Vicinity
1489032000;27.0;25.0;0.89;SE;3.0555555555555554;0.0;1008.68;0.0;Showers in the Vicinity
1489035600;27.0;25.0;0.89;SE;3.0555555555555554;0.0;1008.68;0.0;Mostly Cloudy
1489039200;27.0;25.0;0.89;SE;5.277777777777778;0.0;1007.68;0.0;Mostly Cloudy
1489042800;26.0;25.0;0.94;ESE;4.722222222222222;0.0;1008.68;0.0;Showers in the Vicinity
1489046400;26.0;25.0;0.94;SE;5.277777777777778;0.0;1008.68;0.0;Mostly Cloudy
1489050000;27.0;25.0;0.89;SE;5.277777777777778;0.0;1008.68;0.0;Showers in the Vicinity
1489053600;27.0;25.0;0.89;SE;5.277777777777778;0.0;1009.68;0.0;Partly Cloudy
1489057200;29.0;25.0;0.79;SE;6.111111111111111;0.0;1010.68;0.0;Partly Cloudy
1489060800;30.0;25.0;0.74;SSE;6.111111111111111;0.0;1010.68;0.0;Partly Cloudy
1489064400;30.0;25.0;0.74;SE;6.111111111111111;0.0;1010.68;0.0;Partly Cloudy
1489068000;31.0;25.0;0.7;ESE;5.555555555555555;0.0;1010.68;0.0;Mostly Cloudy
1489071600;30.0;25.0;0.74;ESE;5.277777777777778;0.0;1009.68;0.0;Mostly Cloudy
1489075200;30.0;25.0;0.74;ESE;5.555555555555555;0.0;1008.68;0.0;Partly Cloudy
1489078800;30.0;25.0;0.74;ESE;4.722222222222222;0.0;1008.68;0.0;Partly Cloudy
1489082400;30.0;25.0;0.74;ESE;5.555555555555555;0.0;1008.68;0.0;Partly Cloudy
1489086000;30.0;25.0;0.74;ESE;5.277777777777778;0.0;1007.68;0.0;Partly Cloudy
1489089600;29.0;24.0;0.74;SE;5.277777777777778;0.0;1007.68;0.0;Partly Cloudy
1489093200;29.0;24.0;0.74;SE;3.611111111111111;0.0;1008.68;0.0;Partly Cloudy
1489096800;28.0;25.0;0.84;SSE;5.555555555555555;0.0;1008.68;0.0;Partly Cloudy
1489100400;28.0;24.0;0.79;SE;5.555555555555555;0.0;1009.68;0.0;Partly Cloudy
1489104000;28.0;24.0;0.79;SE;5.277777777777778;0.0;1009.68;0.0;Partly Cloudy
1489107600;28.0;24.0;0.79;SE;4.166666666666667;0.0;1010.68;0.0;Mostly Cloudy
1489111200;28.0;24.0;0.79;SSE;5.555555555555555;0.0;1009.68;0.0;Mostly Cloudy
1489114800;28.0;24.0;0.79;SSE;5.555555555555555;0.0;1009.68;0.0;Partly Cloudy
1489118400;28.0;24.0;0.79;SE;4.722222222222222;0.0;1008.68;0.0;Mostly Cloudy
1489122000;28.0;24.0;0.79;SE;4.166666666666667;0.0;1008.68;0.0;Partly Cloudy
1489125600;28.0;24.0;0.79;SE;5.277777777777778;0.0;1008.68;0.0;Fair
1489129200;28.0;24.0;0.79;SE;4.166666666666667;0.0;1008.68;0.0;Mostly Cloudy
1489132800;28.0;24.0;0.79;SE;4.166666666666667;0.0;1008.68;0.0;Mostly Cloudy
1489136400;27.0;24.0;0.84;SE;4.166666666666667;0.0;1008.68;0.0;Mostly Cloudy
1489140000;26.0;24.0;0.89;S;6.111111111111111;0.0;1009.68;0.0;Mostly Cloudy
1489143600;28.0;24.0;0.79;S;3.0555555555555554;0.0;0.0;0.0;Showers in the Vicinity
1489147200;26.0;24.0;0.89;WSW;3.611111111111111;0.0;0.0;0.0;Mostly Cloudy
1489150800;30.0;24.0;0.7;S;5.277777777777778;0.0;0.0;0.0;Showers in the Vicinity
1489154400;31.0;24.0;0.66;SSE;7.222222222222222;0.0;1010.68;0.0;Showers in the Vicinity
1489158000;28.0;23.0;0.74;SSE;9.166666666666666;0.0;1010.68;0.0;Light Rain / Windy
1489161600;31.0;24.0;0.66;SSE;7.222222222222222;0.0;1008.68;0.0;Partly Cloudy
1489165200;31.0;21.0;0.55;SSE;5.555555555555555;0.0;1008.68;0.0;Fair
1489168800;30.0;22.0;0.62;SE;5.555555555555555;0.0;1008.68;0.0;Fair
1489172400;29.0;21.0;0.62;SSE;5.277777777777778;0.0;1007.68;0.0;Fair
1489176000;28.0;23.0;0.74;SE;4.722222222222222;0.0;1008.68;0.0;Fair
1489179600;28.0;23.0;0.74;SE;3.0555555555555554;0.0;1008.68;0.0;Fair
1489183200;28.0;23.0;0.74;SE;4.166666666666667;0.0;1009.68;0.0;Fair
1489186800;27.0;24.0;0.84;SSE;4.722222222222222;0.0;1009.68;0.0;Fair
1489190400;27.0;24.0;0.84;S;4.722222222222222;0.0;1010.68;0.0;Fair
1489194000;26.0;23.0;0.83;SW;2.5;0.0;1011.68;0.0;Partly Cloudy
1489197600;25.0;22.0;0.83;SW;1.6666666666666665;0.0;1010.68;0.0;Fair
1489287600;28.0;24.0;0.79;SE;3.611111111111111;0.0;1010.68;0.0;Partly Cloudy
1489291200;26.0;25.0;0.94;SSW;2.5;0.0;1009.68;0.0;Light Rain
1489294800;26.0;25.0;0.94;SSE;1.9444444444444444;0.0;1009.68;0.0;Showers in the Vicinity
1489298400;27.0;24.0;0.84;S;3.0555555555555554;0.0;1008.68;0.0;Showers in the Vicinity
1489302000;25.0;24.0;0.94;SW;2.5;0.0;1008.68;0.0;Mostly Cloudy
1489305600;25.0;25.0;1.0;SW;1.9444444444444444;0.0;1009.68;0.0;Mostly Cloudy
1489309200;26.0;25.0;0.94;SSW;3.0555555555555554;0.0;1009.68;0.0;Showers in the Vicinity
1489312800;27.0;25.0;0.89;E;3.611111111111111;0.0;1010.68;0.0;Showers in the Vicinity
1489316400;28.0;24.0;0.79;E;5.277777777777778;0.0;1010.68;0.0;Mostly Cloudy
1489320000;29.0;25.0;0.79;ESE;5.555555555555555;0.0;1010.68;0.0;Mostly Cloudy
1489323600;29.0;25.0;0.79;SE;6.111111111111111;0.0;1010.68;0.0;Partly Cloudy
1489327200;29.0;24.0;0.74;ESE;5.555555555555555;0.0;1010.68;0.0;Mostly Cloudy
1489330800;28.0;25.0;0.84;ESE;4.722222222222222;0.0;1009.68;0.0;Mostly Cloudy
1489334400;26.0;25.0;0.94;SE;6.111111111111111;0.0;1009.68;0.0;Light Rain
1489338000;28.0;24.0;0.79;ESE;4.166666666666667;0.0;1008.68;0.0;Mostly Cloudy
1489341600;27.0;24.0;0.84;E;3.611111111111111;0.0;0.0;0.0;Showers in the Vicinity
1489345200;28.0;24.0;0.79;SE;3.0555555555555554;0.0;1008.68;0.0;Mostly Cloudy
1489348800;26.0;24.0;0.89;SSE;7.777777777777778;0.0;1008.68;0.0;Light Rain
1489352400;26.0;24.0;0.89;CALM;0.0;0.0;1008.68;0.0;Showers in the Vicinity
1489356000;26.0;24.0;0.89;ESE;4.166666666666667;0.0;1009.68;0.0;Light Rain
1489359600;25.0;24.0;0.94;CALM;0.0;0.0;1009.68;0.0;Mostly Cloudy
1489363200;25.0;24.0;0.94;NW;2.5;0.0;1010.68;0.0;Showers in the Vicinity
1489366800;25.0;24.0;0.94;WSW;1.9444444444444444;0.0;1010.68;0.0;Mostly Cloudy
1489370400;25.0;24.0;0.94;CALM;0.0;0.0;1010.68;0.0;Mostly Cloudy
1489374000;24.0;24.0;1.0;CALM;0.0;0.0;1009.68;0.0;Mostly Cloudy
1489377600;25.0;24.0;0.94;WNW;1.9444444444444444;0.0;1009.68;0.0;Mostly Cloudy
1489381200;24.0;24.0;1.0;WNW;2.5;0.0;1008.68;0.0;Mostly Cloudy
1489383300;25.0;24.0;0.94;W;1.9444444444444444;0.0;1008.68;0.0;Light Rain Shower
1489384800;24.0;24.0;1.0;NW;3.611111111111111;0.0;1008.68;0.0;Light Rain
1489388400;24.0;24.0;1.0;VAR;0.5555555555555556;0.0;1008.68;0.0;Light Rain
1489392000;24.0;24.0;1.0;NNW;1.9444444444444444;0.0;1008.68;0.0;Mostly Cloudy
1489395600;24.0;24.0;1.0;WNW;1.1111111111111112;0.0;1009.68;0.0;Mostly Cloudy
1489399200;25.0;24.0;0.94;WSW;2.5;0.0;1010.68;0.0;Showers in the Vicinity
1489402800;25.0;24.0;0.94;N;1.6666666666666665;0.0;1011.68;0.0;Light Rain
1489406400;25.0;22.0;0.83;NW;1.9444444444444444;0.0;1011.68;0.0;Showers in the Vicinity
1489410000;27.0;24.0;0.84;N;1.6666666666666665;0.0;1011.68;0.0;Mostly Cloudy
1489413600;29.0;23.0;0.7;N;1.1111111111111112;0.0;1010.68;0.0;Mostly Cloudy
1489417200;30.0;22.0;0.62;ENE;2.5;0.0;1010.68;0.0;Partly Cloudy
1489420800;29.0;24.0;0.74;ESE;3.611111111111111;0.0;1009.68;0.0;Partly Cloudy
1489424400;29.0;24.0;0.74;ENE;3.611111111111111;0.0;1008.68;0.0;Partly Cloudy
1489428000;29.0;24.0;0.74;ENE;3.0555555555555554;0.0;1007.68;0.0;Fair
1489431600;29.0;24.0;0.74;E;3.611111111111111;0.0;1007.68;0.0;Mostly Cloudy
1489435200;28.0;24.0;0.79;ESE;3.611111111111111;0.0;1008.68;0.0;Mostly Cloudy
1489438800;28.0;24.0;0.79;ESE;3.0555555555555554;0.0;1008.68;0.0;Partly Cloudy
1489442400;28.0;24.0;0.79;SE;3.0555555555555554;0.0;1009.68;0.0;Mostly Cloudy
1489446000;28.0;24.0;0.79;SE;3.611111111111111;0.0;1009.68;0.0;Partly Cloudy
1489449600;28.0;23.0;0.74;SE;2.5;0.0;1009.68;0.0;Fair
1489453200;27.0;24.0;0.84;SE;2.5;0.0;1010.68;0.0;Partly Cloudy
1489456800;27.0;24.0;0.84;SE;2.5;0.0;1009.68;0.0;Partly Cloudy
1489460400;27.0;23.0;0.79;SE;2.5;0.0;1009.68;0.0;Partly Cloudy
1489464000;26.0;24.0;0.89;WSW;2.5;0.0;1009.68;0.0;Partly Cloudy
1489467600;26.0;24.0;0.89;WSW;3.0555555555555554;0.0;1008.68;0.0;Partly Cloudy
1489471200;26.0;23.0;0.83;SSE;5.277777777777778;0.0;1008.68;0.0;Showers in the Vicinity
1489474800;25.0;23.0;0.89;CALM;0.0;0.0;1008.68;0.0;Showers in the Vicinity
1489478400;25.0;24.0;0.94;SSE;2.5;0.0;1009.68;0.0;Light Rain
1489482000;25.0;24.0;0.94;CALM;0.0;0.0;1010.68;0.0;Showers in the Vicinity
1489482900;24.0;24.0;1.0;SSW;4.166666666666667;0.0;1010.68;0.0;Light Rain
1489485600;24.0;23.0;0.94;W;2.5;0.0;1010.68;0.0;Light Rain
1489489200;25.0;24.0;0.94;N;1.9444444444444444;0.0;1011.68;0.0;Mostly Cloudy
1489492800;27.0;24.0;0.84;NNW;1.9444444444444444;0.0;1011.68;0.0;Mostly Cloudy
1489496400;29.0;24.0;0.74;ESE;1.1111111111111112;0.0;1011.68;0.0;Mostly Cloudy
1489500000;29.0;24.0;0.74;E;2.5;0.0;1010.68;0.0;Mostly Cloudy
1489503600;29.0;24.0;0.74;E;3.611111111111111;0.0;1010.68;0.0;Mostly Cloudy
1489507200;29.0;24.0;0.74;ESE;4.166666666666667;0.0;1009.68;0.0;Mostly Cloudy
1489510800;30.0;24.0;0.7;E;4.166666666666667;0.0;1008.68;0.0;Mostly Cloudy
1489514400;29.0;24.0;0.74;ESE;3.611111111111111;0.0;1008.68;0.0;Partly Cloudy
1489518000;29.0;24.0;0.74;SE;4.722222222222222;0.0;1008.68;0.0;Partly Cloudy
1489521600;29.0;24.0;0.74;ESE;4.166666666666667;0.0;1008.68;0.0;Partly Cloudy
1489525200;29.0;24.0;0.74;ESE;3.611111111111111;0.0;1008.68;0.0;Fair
1489528800;29.0;23.0;0.7;SE;3.611111111111111;0.0;1009.68;0.0;Fair
1489532400;28.0;23.0;0.74;SE;4.166666666666667;0.0;1009.68;0.0;Partly Cloudy
1489536000;28.0;23.0;0.74;SE;3.611111111111111;0.0;1010.68;0.0;Partly Cloudy
1489539600;28.0;23.0;0.74;SE;3.611111111111111;0.0;1010.68;0.0;Fair
1489543200;29.0;23.0;0.7;SE;3.611111111111111;0.0;1010.68;0.0;Mostly Cloudy
1489546800;28.0;23.0;0.74;SE;3.611111111111111;0.0;1010.68;0.0;Partly Cloudy
1489550400;27.0;23.0;0.79;SSE;2.5;0.0;1009.68;0.0;Partly Cloudy
1489554000;26.0;23.0;0.83;WSW;1.6666666666666665;0.0;1009.68;0.0;Partly Cloudy
1489557600;25.0;23.0;0.89;SW;1.9444444444444444;0.0;1008.68;0.0;Partly Cloudy
1489561200;25.0;23.0;0.89;SSW;1.1111111111111112;0.0;1008.68;0.0;Fair
1489564800;25.0;23.0;0.89;SSW;1.6666666666666665;0.0;1008.68;0.0;Fair
1489568400;25.0;23.0;0.89;S;1.9444444444444444;0.0;1009.68;0.0;Partly Cloudy
1489572000;26.0;23.0;0.83;SW;1.6666666666666665;0.0;1009.68;0.0;Fair
1489575600;27.0;24.0;0.84;SSW;1.9444444444444444;0.0;1010.68;0.0;Light Rain
1489579200;29.0;24.0;0.74;SE;3.0555555555555554;0.0;1010.68;0.0;Partly Cloudy
1489582800;30.0;24.0;0.7;ESE;3.611111111111111;0.0;1010.68;0.0;Partly Cloudy
1489586400;30.0;24.0;0.7;SSE;5.277777777777778;0.0;1009.68;0.0;Fair
1489590000;30.0;23.0;0.66;SE;4.722222222222222;0.0;1009.68;0.0;Fair
1489593600;30.0;24.0;0.7;ESE;4.722222222222222;0.0;1008.68;0.0;Fair
1489597200;30.0;24.0;0.7;ESE;4.722222222222222;0.0;1008.68;0.0;Fair
1489600800;30.0;24.0;0.7;ESE;4.166666666666667;0.0;1007.68;0.0;Fair
1489604400;29.0;24.0;0.74;SE;5.277777777777778;0.0;1007.68;0.0;Fair
1489608000;29.0;24.0;0.74;SE;4.722222222222222;0.0;1008.68;0.0;Fair
1489611600;28.0;24.0;0.79;SE;4.166666666666667;0.0;1008.68;0.0;Fair
1489615200;28.0;24.0;0.79;SSE;5.277777777777778;0.0;1009.68;0.0;Fair
1489618800;28.0;24.0;0.79;SSE;5.277777777777778;0.0;1009.68;0.0;Fair
1489622400;28.0;24.0;0.79;SSE;5.277777777777778;0.0;1010.68;0.0;Fair
1489626000;28.0;24.0;0.79;SE;4.166666666666667;0.0;1011.68;0.0;Partly Cloudy
1489629600;28.0;24.0;0.79;SSE;4.166666666666667;0.0;1011.68;0.0;Partly Cloudy
1489892400;28.0;24.0;0.79;SE;2.5;0.0;1011.68;0.0;Fair
1489896000;28.0;25.0;0.84;SE;1.9444444444444444;0.0;1011.68;0.0;Partly Cloudy
1489899600;28.0;25.0;0.84;ESE;1.9444444444444444;0.0;1010.68;0.0;Partly Cloudy
1489903200;28.0;25.0;0.84;SE;2.5;0.0;1010.68;0.0;Partly Cloudy
1489906800;28.0;25.0;0.84;ESE;2.5;0.0;1010.68;0.0;Partly Cloudy
1489910400;28.0;25.0;0.84;ESE;3.0555555555555554;0.0;1010.68;0.0;Partly Cloudy
1489914000;28.0;24.0;0.79;SE;2.5;0.0;1011.68;0.0;Partly Cloudy
1489917600;29.0;25.0;0.79;SSE;3.611111111111111;0.0;1011.68;0.0;Partly Cloudy
1489921200;30.0;25.0;0.74;SE;4.166666666666667;0.0;1012.68;0.0;Partly Cloudy
1489924800;30.0;24.0;0.7;SE;5.277777777777778;0.0;1012.68;0.0;Partly Cloudy
1489928400;30.0;25.0;0.74;SE;4.722222222222222;0.0;1012.68;0.0;Partly Cloudy
1489932000;30.0;25.0;0.74;SE;5.277777777777778;0.0;1012.68;0.0;Partly Cloudy
1489935600;31.0;25.0;0.7;SE;5.277777777777778;0.0;1011.68;0.0;Partly Cloudy
1489939200;31.0;25.0;0.7;SE;5.277777777777778;0.0;1010.68;0.0;Partly Cloudy
1489942800;30.0;24.0;0.7;SE;6.111111111111111;0.0;1009.68;0.0;Partly Cloudy
1489946400;30.0;25.0;0.74;SE;5.555555555555555;0.0;1009.68;0.0;Fair
1489950000;30.0;24.0;0.7;SE;5.277777777777778;0.0;1009.68;0.0;Fair
1489953600;29.0;25.0;0.79;ESE;4.722222222222222;0.0;1009.68;0.0;Partly Cloudy
1489957200;29.0;24.0;0.74;SE;5.277777777777778;0.0;1010.68;0.0;Partly Cloudy
1489960800;29.0;25.0;0.79;ESE;3.611111111111111;0.0;1010.68;0.0;Partly Cloudy
1489964400;29.0;25.0;0.79;SE;5.277777777777778;0.0;1011.68;0.0;Partly Cloudy
1489968000;28.0;24.0;0.79;SE;4.166666666666667;0.0;1011.68;0.0;Partly Cloudy
1489971600;28.0;24.0;0.79;SE;4.166666666666667;0.0;1011.68;0.0;Partly Cloudy
1489975200;28.0;24.0;0.79;SE;3.611111111111111;0.0;1011.68;0.0;Partly Cloudy
1489978800;28.0;24.0;0.79;SE;3.611111111111111;0.0;1011.68;0.0;Fair
1489982400;28.0;24.0;0.79;SE;3.611111111111111;0.0;1010.68;0.0;Partly Cloudy
1489986000;28.0;23.0;0.74;SE;4.722222222222222;0.0;1010.68;0.0;Partly Cloudy
1489989600;28.0;24.0;0.79;SE;3.0555555555555554;0.0;1010.68;0.0;Partly Cloudy
1489993200;28.0;24.0;0.79;SE;3.611111111111111;0.0;1010.68;0.0;Partly Cloudy
1489996800;27.0;24.0;0.84;SE;3.611111111111111;0.0;1011.68;0.0;Partly Cloudy
1490000400;27.0;23.0;0.79;SE;3.611111111111111;0.0;1011.68;0.0;Fair
1490004000;28.0;24.0;0.79;SE;3.611111111111111;0.0;1012.68;0.0;Fair
1490007600;29.0;24.0;0.74;SE;4.166666666666667;0.0;1012.68;0.0;Showers in the Vicinity
1490011200;30.0;24.0;0.7;SE;4.722222222222222;0.0;1013.68;0.0;Partly Cloudy
1490014800;30.0;24.0;0.7;ESE;4.166666666666667;0.0;1012.68;0.0;Mostly Cloudy
1490018400;30.0;25.0;0.74;SSE;4.722222222222222;0.0;1012.68;0.0;Mostly Cloudy
1490022000;31.0;24.0;0.66;SSE;5.277777777777778;0.0;1011.68;0.0;Partly Cloudy
1490025600;30.0;24.0;0.7;SSE;4.722222222222222;0.0;1010.68;0.0;Partly Cloudy
1490029200;30.0;23.0;0.66;SE;5.277777777777778;0.0;1010.68;0.0;Partly Cloudy
1490032800;30.0;24.0;0.7;SE;5.277777777777778;0.0;1010.68;0.0;Fair
1490036400;30.0;24.0;0.7;SE;5.277777777777778;0.0;1010.68;0.0;Fair
1490040000;29.0;24.0;0.74;ESE;4.166666666666667;0.0;1010.68;0.0;Fair
1490043600;29.0;24.0;0.74;SE;2.5;0.0;1010.68;0.0;Fair
1490047200;29.0;24.0;0.74;ESE;2.5;0.0;1010.68;0.0;Fair
1490050800;28.0;24.0;0.79;ESE;3.0555555555555554;0.0;1011.68;0.0;Fair
1490054400;28.0;24.0;0.79;SE;3.0555555555555554;0.0;1011.68;0.0;Fair
1490058000;28.0;24.0;0.79;SE;3.611111111111111;0.0;1011.68;0.0;Fair
1490061600;28.0;24.0;0.79;ESE;2.5;0.0;1011.68;0.0;Partly Cloudy
1490065200;28.0;24.0;0.79;SE;3.611111111111111;0.0;1010.68;0.0;Partly Cloudy
1490068800;28.0;24.0;0.79;SE;2.5;0.0;1010.68;0.0;Partly Cloudy
1490072400;28.0;24.0;0.79;SE;2.5;0.0;1010.68;0.0;Fair
1490076000;28.0;24.0;0.79;SE;1.6666666666666665;0.0;1010.68;0.0;Fair
1490079600;26.0;24.0;0.89;WSW;1.9444444444444444;0.0;1010.68;0.0;Fair
1490083200;25.0;24.0;0.94;SW;1.6666666666666665;0.0;1011.68;0.0;Fair
1490086800;25.0;24.0;0.94;SSW;1.1111111111111112;0.0;1011.68;0.0;Fair
1490090400;27.0;24.0;0.84;S;2.5;0.0;1012.68;0.0;Partly Cloudy
1490094000;29.0;25.0;0.79;SE;2.5;0.0;1012.68;0.0;Mostly Cloudy
1490097600;30.0;24.0;0.7;SSE;4.722222222222222;0.0;1012.68;0.0;Partly Cloudy
1490101200;30.0;25.0;0.74;SSE;5.277777777777778;0.0;1012.68;0.0;Mostly Cloudy
1490104800;31.0;25.0;0.7;SE;5.277777777777778;0.0;1012.68;0.0;Mostly Cloudy
1490108400;31.0;25.0;0.7;SE;5.277777777777778;0.0;1011.68;0.0;Partly Cloudy
1490112000;31.0;25.0;0.7;SE;5.277777777777778;0.0;1011.68;0.0;Partly Cloudy
1490115600;31.0;24.0;0.66;SE;4.722222222222222;0.0;1010.68;0.0;Partly Cloudy
1490119200;30.0;25.0;0.74;SE;4.722222222222222;0.0;1010.68;0.0;Fair
1490122800;30.0;25.0;0.74;SE;5.555555555555555;0.0;1010.68;0.0;Fair
1490126400;29.0;25.0;0.79;SSE;5.555555555555555;0.0;1011.68;0.0;Fair
1490130000;29.0;25.0;0.79;SE;4.722222222222222;0.0;1011.68;0.0;Partly Cloudy
1490133600;29.0;25.0;0.79;SE;5.277777777777778;0.0;1012.68;0.0;Partly Cloudy
1490137200;28.0;25.0;0.84;SE;3.611111111111111;0.0;1012.68;0.0;Partly Cloudy
1490140800;28.0;25.0;0.84;SE;4.166666666666667;0.0;1012.68;0.0;Partly Cloudy
1490144400;28.0;25.0;0.84;SE;4.166666666666667;0.0;1012.68;0.0;Partly Cloudy
1490148000;29.0;25.0;0.79;SE;2.5;0.0;1012.68;0.0;Partly Cloudy
1490238000;27.0;25.0;0.89;S;5.277777777777778;0.0;1011.68;0.0;Mostly Cloudy
1490241600;28.0;24.0;0.79;SSE;4.722222222222222;0.0;1011.68;0.0;Mostly Cloudy
1490245200;27.0;23.0;0.79;S;4.722222222222222;0.0;1010.68;0.0;Mostly Cloudy
1490248800;27.0;23.0;0.79;S;7.222222222222222;0.0;1010.68;0.0;Mostly Cloudy
1490252400;27.0;23.0;0.79;S;3.0555555555555554;0.0;1010.68;0.0;Mostly Cloudy
1490256000;26.0;24.0;0.89;SW;3.611111111111111;0.0;1010.68;0.0;Light Rain
1490259600;25.0;24.0;0.94;SW;3.0555555555555554;0.0;1010.68;0.0;Mostly Cloudy
1490263200;26.0;25.0;0.94;SSW;1.6666666666666665;0.0;1011.68;0.0;Light Rain
1490266800;27.0;25.0;0.89;SSW;2.5;0.0;1011.68;0.0;Mostly Cloudy
1490270400;30.0;25.0;0.74;SE;6.111111111111111;0.0;1012.68;0.0;Partly Cloudy
1490274000;30.0;25.0;0.74;SE;5.277777777777778;0.0;1012.68;0.0;Partly Cloudy
1490277600;30.0;24.0;0.7;SSE;6.111111111111111;0.0;1011.68;0.0;Partly Cloudy
1490281200;31.0;25.0;0.7;SSE;6.111111111111111;0.0;1010.68;0.0;Fair
1490284800;30.0;25.0;0.74;SE;6.666666666666666;0.0;1009.68;0.0;Fair
1490288400;29.0;25.0;0.79;SSE;7.222222222222222;0.0;1008.68;0.0;Fair
1490292000;30.0;24.0;0.7;SSE;7.222222222222222;0.0;1008.68;0.0;Fair
1490295600;29.0;24.0;0.74;SSE;6.666666666666666;0.0;1008.68;0.0;Fair
1490299200;29.0;24.0;0.74;SSE;6.111111111111111;0.0;1008.68;0.0;Partly Cloudy
1490302800;28.0;24.0;0.79;SSE;5.555555555555555;0.0;1009.68;0.0;Fair
1490306400;28.0;23.0;0.74;SE;5.277777777777778;0.0;1010.68;0.0;Fair
1490310000;28.0;24.0;0.79;SSE;5.555555555555555;0.0;1010.68;0.0;Partly Cloudy
1490313600;28.0;24.0;0.79;SE;4.722222222222222;0.0;1011.68;0.0;Partly Cloudy
1490317200;27.0;24.0;0.84;SE;5.277777777777778;0.0;1011.68;0.0;Partly Cloudy
1490320800;27.0;23.0;0.79;SSE;4.722222222222222;0.0;1011.68;0.0;Partly Cloudy
1490497200;28.0;25.0;0.84;ESE;3.0555555555555554;0.0;1010.68;0.0;Partly Cloudy
1490500800;28.0;25.0;0.84;ESE;2.5;0.0;1009.68;0.0;Partly Cloudy
1490504400;28.0;24.0;0.79;E;3.0555555555555554;0.0;1009.68;0.0;Partly Cloudy
1490508000;28.0;24.0;0.79;ESE;2.5;0.0;1009.68;0.0;Partly Cloudy
1490511600;28.0;24.0;0.79;ESE;3.611111111111111;0.0;1009.68;0.0;Partly Cloudy
1490515200;28.0;24.0;0.79;ESE;2.5;0.0;1009.68;0.0;Fair
1490518800;28.0;24.0;0.79;SE;2.5;0.0;1009.68;0.0;Partly Cloudy
1490522400;29.0;25.0;0.79;SE;3.0555555555555554;0.0;1010.68;0.0;Partly Cloudy
1490526000;30.0;25.0;0.74;SE;3.611111111111111;0.0;1011.68;0.0;Mostly Cloudy
1490529600;30.0;25.0;0.74;E;3.0555555555555554;0.0;1011.68;0.0;Mostly Cloudy
1490533200;31.0;25.0;0.7;E;3.611111111111111;0.0;1011.68;0.0;Mostly Cloudy
1490536800;31.0;25.0;0.7;E;4.166666666666667;0.0;1011.68;0.0;Mostly Cloudy
1490540400;31.0;25.0;0.7;ESE;4.166666666666667;0.0;1010.68;0.0;Mostly Cloudy
1490544000;31.0;25.0;0.7;SE;5.277777777777778;0.0;1009.68;0.0;Mostly Cloudy
1490547600;31.0;25.0;0.7;E;3.611111111111111;0.0;1008.68;0.0;Mostly Cloudy
1490551200;30.0;25.0;0.74;ESE;3.611111111111111;0.0;1008.68;0.0;Fair
1490554800;30.0;25.0;0.74;E;3.0555555555555554;0.0;1008.68;0.0;Fair
1490558400;29.0;24.0;0.74;E;3.611111111111111;0.0;1008.68;0.0;Fair
1490562000;29.0;24.0;0.74;E;2.5;0.0;1009.68;0.0;Partly Cloudy
1490565600;29.0;25.0;0.79;ESE;2.5;0.0;1009.68;0.0;Partly Cloudy
1490569200;29.0;25.0;0.79;E;2.5;0.0;1010.68;0.0;Fair
1490572800;29.0;24.0;0.74;ENE;3.0555555555555554;0.0;1010.68;0.0;Partly Cloudy
1490576400;29.0;24.0;0.74;E;1.9444444444444444;0.0;1011.68;0.0;Fair
1490580000;29.0;25.0;0.79;E;2.5;0.0;1010.68;0.0;Fair
1490583600;29.0;25.0;0.79;ESE;2.5;0.0;1010.68;0.0;Partly Cloudy
1490587200;28.0;24.0;0.79;E;1.9444444444444444;0.0;1009.68;0.0;Partly Cloudy
1490590800;28.0;24.0;0.79;SE;1.9444444444444444;0.0;1009.68;0.0;Partly Cloudy
1490594400;28.0;24.0;0.79;ESE;2.5;0.0;1009.68;0.0;Partly Cloudy
1490598000;28.0;24.0;0.79;E;2.5;0.0;1009.68;0.0;Partly Cloudy
1490601600;28.0;25.0;0.84;SE;1.9444444444444444;0.0;1009.68;0.0;Partly Cloudy
1490605200;28.0;24.0;0.79;ESE;1.9444444444444444;0.0;1010.68;0.0;Partly Cloudy
1490608800;29.0;25.0;0.79;ESE;2.5;0.0;1011.68;0.0;Partly Cloudy
1490612400;29.0;25.0;0.79;ESE;3.611111111111111;0.0;1011.68;0.0;Mostly Cloudy
1490616000;29.0;24.0;0.74;E;3.611111111111111;0.0;1012.68;0.0;Mostly Cloudy
1490619600;30.0;25.0;0.74;E;3.611111111111111;0.0;1012.68;0.0;Mostly Cloudy
1490623200;31.0;25.0;0.7;E;4.166666666666667;0.0;1011.68;0.0;Partly Cloudy
1490626800;31.0;24.0;0.66;ESE;4.722222222222222;0.0;1010.68;0.0;Partly Cloudy
1490630400;31.0;25.0;0.7;E;3.611111111111111;0.0;1010.68;0.0;Partly Cloudy
1490634000;30.0;25.0;0.74;ESE;4.166666666666667;0.0;1009.68;0.0;Partly Cloudy
1490637600;31.0;25.0;0.7;E;4.166666666666667;0.0;1009.68;0.0;Partly Cloudy
1490641200;30.0;25.0;0.74;ESE;3.611111111111111;0.0;1009.68;0.0;Partly Cloudy
1490644800;29.0;25.0;0.79;E;3.611111111111111;0.0;1009.68;0.0;Partly Cloudy
1490648400;28.0;25.0;0.84;E;2.5;0.0;1009.68;0.0;Partly Cloudy
1490652000;28.0;25.0;0.84;E;4.166666666666667;0.0;1010.68;0.0;Partly Cloudy
1490655600;28.0;24.0;0.79;ENE;3.611111111111111;0.0;1010.68;0.0;Partly Cloudy
1490659200;29.0;25.0;0.79;ENE;2.5;0.0;1011.68;0.0;Fair
1490662800;29.0;25.0;0.79;ENE;2.5;0.0;1011.68;0.0;Partly Cloudy
1490666400;29.0;25.0;0.79;NE;2.5;0.0;1011.68;0.0;Partly Cloudy
1490670000;29.0;25.0;0.79;ENE;1.6666666666666665;0.0;1011.68;0.0;Partly Cloudy
1490673600;28.0;25.0;0.84;NE;1.9444444444444444;0.0;1010.68;0.0;Partly Cloudy
1490677200;27.0;25.0;0.89;WNW;1.6666666666666665;0.0;1009.68;0.0;Mostly Cloudy
1490680800;27.0;26.0;0.94;VAR;1.1111111111111112;0.0;1009.68;0.0;Mostly Cloudy
1490684400;28.0;25.0;0.84;E;3.0555555555555554;0.0;1009.68;0.0;Mostly Cloudy
1490688000;28.0;25.0;0.84;E;1.9444444444444444;0.0;1009.68;0.0;Mostly Cloudy
1490691600;28.0;25.0;0.84;E;1.9444444444444444;0.0;1010.68;0.0;Partly Cloudy
1490695200;29.0;25.0;0.79;E;2.5;0.0;1010.68;0.0;Fair
1490698800;30.0;25.0;0.74;E;3.0555555555555554;0.0;1011.68;0.0;Partly Cloudy
1490702400;30.0;24.0;0.7;E;3.0555555555555554;0.0;1011.68;0.0;Fair
1490706000;30.0;25.0;0.74;E;3.611111111111111;0.0;1012.68;0.0;Fair
1490709600;31.0;24.0;0.66;E;3.611111111111111;0.0;1011.68;0.0;Partly Cloudy
1490713200;31.0;24.0;0.66;E;4.722222222222222;0.0;1011.68;0.0;Partly Cloudy
1490716800;31.0;25.0;0.7;E;4.722222222222222;0.0;1010.68;0.0;Fair
1490720400;31.0;24.0;0.66;E;5.277777777777778;0.0;1009.68;0.0;Fair
1490724000;30.0;25.0;0.74;ENE;4.722222222222222;0.0;1008.68;0.0;Fair
1490727600;30.0;24.0;0.7;ENE;4.722222222222222;0.0;1008.68;0.0;Fair
1490731200;29.0;25.0;0.79;ENE;4.166666666666667;0.0;1008.68;0.0;Fair
1490734800;29.0;24.0;0.74;ENE;3.0555555555555554;0.0;1009.68;0.0;Fair
1490738400;29.0;25.0;0.79;ENE;2.5;0.0;1009.68;0.0;Partly Cloudy
1490742000;29.0;25.0;0.79;ENE;3.0555555555555554;0.0;1010.68;0.0;Partly Cloudy
1490745600;29.0;24.0;0.74;ENE;2.5;0.0;1010.68;0.0;Fair
1490749200;28.0;24.0;0.79;ENE;1.9444444444444444;0.0;1011.68;0.0;Partly Cloudy
1490752800;27.0;24.0;0.84;ENE;2.5;0.0;1011.68;0.0;Partly Cloudy
1490756400;27.0;24.0;0.84;E;2.5;0.0;1010.68;0.0;Partly Cloudy
1490760000;27.0;24.0;0.84;NE;1.6666666666666665;0.0;1010.68;0.0;Mostly Cloudy
1490763600;27.0;24.0;0.84;W;2.5;0.0;1010.68;0.0;Partly Cloudy
1490767200;26.0;24.0;0.89;NNW;3.0555555555555554;0.0;1008.68;0.0;Mostly Cloudy
1490770800;26.0;24.0;0.89;NW;2.5;0.0;1007.68;0.0;Partly Cloudy
1490774400;25.0;24.0;0.94;WNW;3.0555555555555554;0.0;1008.68;0.0;Partly Cloudy
1490778000;26.0;24.0;0.89;CALM;0.0;0.0;1009.68;0.0;Partly Cloudy
1490781600;27.0;24.0;0.84;CALM;0.0;0.0;1009.68;0.0;Partly Cloudy
1490785200;29.0;24.0;0.74;NNE;1.6666666666666665;0.0;1009.68;0.0;Partly Cloudy
1490788800;30.0;25.0;0.74;ESE;3.611111111111111;0.0;1010.68;0.0;Partly Cloudy
1490792400;31.0;25.0;0.7;ENE;4.166666666666667;0.0;1010.68;0.0;Partly Cloudy
1490796000;31.0;25.0;0.7;E;3.611111111111111;0.0;1010.68;0.0;Partly Cloudy
1490799600;31.0;26.0;0.75;ENE;3.611111111111111;0.0;1009.68;0.0;Partly Cloudy
1490803200;31.0;25.0;0.7;E;4.166666666666667;0.0;1009.68;0.0;Partly Cloudy
1490806800;31.0;25.0;0.7;E;3.611111111111111;0.0;1008.68;0.0;Fair
1490810400;31.0;26.0;0.75;E;4.166666666666667;0.0;1007.68;0.0;Fair
1490814000;30.0;25.0;0.74;E;4.166666666666667;0.0;1007.68;0.0;Fair
1490817600;30.0;25.0;0.74;E;3.611111111111111;0.0;1007.68;0.0;Fair
1490821200;29.0;25.0;0.79;E;2.5;0.0;1008.68;0.0;Fair
1490824800;29.0;25.0;0.79;E;2.5;0.0;1009.68;0.0;Partly Cloudy
1490828400;29.0;25.0;0.79;E;3.0555555555555554;0.0;1009.68;0.0;Fair
1490832000;29.0;25.0;0.79;E;3.0555555555555554;0.0;1009.68;0.0;Fair
1490835600;29.0;25.0;0.79;E;2.5;0.0;1010.68;0.0;Fair
1490839200;29.0;25.0;0.79;E;2.5;0.0;1009.68;0.0;Partly Cloudy
1490842800;29.0;25.0;0.79;E;2.5;0.0;1009.68;0.0;Partly Cloudy
1490846400;29.0;25.0;0.79;E;2.5;0.0;1008.68;0.0;Partly Cloudy
1490850000;28.0;26.0;0.89;E;3.0555555555555554;0.0;1008.68;0.0;Partly Cloudy
1490853600;28.0;26.0;0.89;ESE;2.5;0.0;1008.68;0.0;Showers in the Vicinity
1490857200;28.0;26.0;0.89;SE;1.9444444444444444;0.0;1008.68;0.0;Mostly Cloudy
1490860800;28.0;26.0;0.89;ESE;2.5;0.0;1008.68;0.0;Mostly Cloudy
1490864400;29.0;26.0;0.84;ESE;2.5;0.0;1008.68;0.0;Mostly Cloudy
1490868000;29.0;26.0;0.84;ESE;3.611111111111111;0.0;1009.68;0.0;Mostly Cloudy
1490871600;30.0;26.0;0.79;ESE;4.166666666666667;0.0;1010.68;0.0;Showers in the Vicinity
1490875200;30.0;26.0;0.79;E;3.611111111111111;0.0;1010.68;0.0;Partly Cloudy
1490878800;31.0;26.0;0.75;ESE;5.277777777777778;0.0;1010.68;0.0;Mostly Cloudy
1490882400;31.0;25.0;0.7;E;4.722222222222222;0.0;1010.68;0.0;Mostly Cloudy
1490886000;31.0;26.0;0.75;ESE;4.722222222222222;0.0;1010.68;0.0;Partly Cloudy
1490889600;31.0;26.0;0.75;ESE;5.555555555555555;0.0;1009.68;0.0;Partly Cloudy
1490893200;31.0;26.0;0.75;ESE;5.277777777777778;0.0;1008.68;0.0;Partly Cloudy
1490896800;30.0;26.0;0.79;ESE;5.277777777777778;0.0;1007.68;0.0;Partly Cloudy
1490900400;30.0;26.0;0.79;ESE;5.277777777777778;0.0;1007.68;0.0;Mostly Cloudy
1490904000;29.0;26.0;0.84;ESE;4.722222222222222;0.0;1008.68;0.0;Mostly Cloudy
1490907600;29.0;26.0;0.84;ESE;3.0555555555555554;0.0;1008.68;0.0;Partly Cloudy
1490911200;29.0;25.0;0.79;SE;5.555555555555555;0.0;1009.68;0.0;Partly Cloudy
1490914800;29.0;26.0;0.84;ESE;4.166666666666667;0.0;1009.68;0.0;Partly Cloudy
1490918400;29.0;26.0;0.84;ESE;4.722222222222222;0.0;1010.68;0.0;Partly Cloudy
1490922000;29.0;25.0;0.79;ESE;4.166666666666667;0.0;1010.68;0.0;Partly Cloudy
1490925600;29.0;25.0;0.79;SE;4.166666666666667;0.0;1010.68;0.0;Showers in the Vicinity
1491015600;28.0;24.0;0.79;SE;2.5;0.0;1011.68;0.0;Fair
1491019200;28.0;25.0;0.84;SE;3.611111111111111;0.0;1010.68;0.0;Partly Cloudy
1491022800;28.0;22.0;0.7;ESE;3.611111111111111;0.0;1010.68;0.0;Partly Cloudy
1491026400;28.0;24.0;0.79;SE;3.0555555555555554;0.0;1010.68;0.0;Partly Cloudy
1491030000;28.0;24.0;0.79;SE;3.0555555555555554;0.0;1009.68;0.0;Partly Cloudy
1491033600;27.0;25.0;0.89;SSE;3.0555555555555554;0.0;1009.68;0.0;Partly Cloudy
1491037200;28.0;24.0;0.79;SE;4.166666666666667;0.0;1010.68;0.0;Partly Cloudy
1491040800;29.0;24.0;0.74;SE;4.166666666666667;0.0;1010.68;0.0;Partly Cloudy
1491044400;28.0;25.0;0.84;SE;3.611111111111111;0.0;1011.68;0.0;Mostly Cloudy
1491048000;30.0;25.0;0.74;SE;5.277777777777778;0.0;1011.68;0.0;Mostly Cloudy
1491051600;31.0;25.0;0.7;ESE;4.722222222222222;0.0;1012.68;0.0;Mostly Cloudy
1491055200;31.0;24.0;0.66;ESE;5.277777777777778;0.0;1011.68;0.0;Partly Cloudy
1491058800;32.0;25.0;0.66;ESE;4.722222222222222;0.0;1011.68;0.0;Partly Cloudy
1491062400;31.0;24.0;0.66;SE;6.111111111111111;0.0;1010.68;0.0;Partly Cloudy
1491066000;30.0;24.0;0.7;ESE;5.277777777777778;0.0;1010.68;0.0;Partly Cloudy
1491069600;30.0;24.0;0.7;SE;5.555555555555555;0.0;1009.68;0.0;Partly Cloudy
1491073200;30.0;24.0;0.7;ESE;5.277777777777778;0.0;1009.68;0.0;Partly Cloudy
1491076800;29.0;23.0;0.7;SE;5.277777777777778;0.0;1010.68;0.0;Mostly Cloudy
1491080400;29.0;24.0;0.74;SE;4.722222222222222;0.0;1010.68;0.0;Mostly Cloudy
1491084000;29.0;24.0;0.74;SE;3.0555555555555554;0.0;1010.68;0.0;Partly Cloudy
1491087600;29.0;24.0;0.74;ESE;3.0555555555555554;0.0;1011.68;0.0;Partly Cloudy
1491091200;28.0;25.0;0.84;ESE;4.722222222222222;0.0;1011.68;0.0;Partly Cloudy
1491094800;28.0;25.0;0.84;ESE;3.611111111111111;0.0;1012.68;0.0;Partly Cloudy
1491098400;28.0;24.0;0.79;ESE;3.611111111111111;0.0;1011.68;0.0;Fair
1491102000;28.0;25.0;0.84;ESE;3.611111111111111;0.0;1011.68;0.0;Partly Cloudy
1491105600;28.0;25.0;0.84;ESE;3.0555555555555554;0.0;1010.68;0.0;Partly Cloudy
1491109200;28.0;25.0;0.84;ESE;3.0555555555555554;0.0;1009.68;0.0;Mostly Cloudy
1491112800;28.0;25.0;0.84;SE;4.166666666666667;0.0;1009.68;0.0;Mostly Cloudy
1491116400;28.0;25.0;0.84;ESE;4.722222222222222;0.0;1009.68;0.0;Mostly Cloudy
1491120000;28.0;24.0;0.79;ESE;3.611111111111111;0.0;1009.68;0.0;Mostly Cloudy
1491123600;28.0;25.0;0.84;ESE;3.0555555555555554;0.0;1010.68;0.0;Mostly Cloudy
1491127200;27.0;24.0;0.84;ESE;5.277777777777778;0.0;1011.68;0.0;Light Rain
1491129300;25.0;24.0;0.94;E;3.0555555555555554;0.0;1012.68;0.0;Light Rain
1491130800;25.0;24.0;0.94;ESE;3.0555555555555554;0.0;1012.68;0.0;Light Rain
1491134400;26.0;24.0;0.89;SW;1.9444444444444444;0.0;1012.68;0.0;Showers in the Vicinity
1491138000;27.0;25.0;0.89;WSW;1.9444444444444444;0.0;1012.68;0.0;Mostly Cloudy
1491140880;26.0;25.0;0.94;NNW;4.166666666666667;0.0;1012.68;0.0;Rain
1491141600;24.0;24.0;1.0;WNW;6.111111111111111;0.0;1012.68;0.0;Light Rain
1491145200;25.0;24.0;0.94;W;1.1111111111111112;0.0;1011.68;0.0;Showers in the Vicinity
1491148800;26.0;25.0;0.94;W;1.1111111111111112;0.0;1009.68;0.0;Cloudy
1491152400;28.0;25.0;0.84;SSW;1.6666666666666665;0.0;1009.68;0.0;Mostly Cloudy
1491156000;27.0;26.0;0.94;SSE;2.5;0.0;1008.68;0.0;Showers in the Vicinity
1491159600;28.0;25.0;0.84;ESE;4.722222222222222;0.0;1008.68;0.0;Mostly Cloudy
1491163200;28.0;25.0;0.84;ESE;4.166666666666667;0.0;1008.68;0.0;Showers in the Vicinity
1491166800;27.0;25.0;0.89;ESE;4.166666666666667;0.0;1009.68;0.0;Showers in the Vicinity
1491170400;27.0;25.0;0.89;E;4.166666666666667;0.0;1009.68;0.0;Mostly Cloudy
1491174000;27.0;25.0;0.89;ESE;5.277777777777778;0.0;1010.68;0.0;Partly Cloudy
1491177600;27.0;25.0;0.89;E;4.722222222222222;0.0;1011.68;0.0;Partly Cloudy
1491181200;28.0;25.0;0.84;ESE;4.722222222222222;0.0;1011.68;0.0;Mostly Cloudy
1491184800;29.0;25.0;0.79;ESE;3.0555555555555554;0.0;1011.68;0.0;Partly Cloudy
1491361200;25.0;24.0;0.94;SSW;3.611111111111111;0.0;1011.68;0.0;Showers in the Vicinity
1491364800;25.0;24.0;0.94;SSW;1.6666666666666665;0.0;1010.68;0.0;Showers in the Vicinity
1491368400;25.0;24.0;0.94;WSW;1.9444444444444444;0.0;1010.68;0.0;Light Rain
1491372000;25.0;25.0;1.0;W;1.1111111111111112;0.0;1010.68;0.0;Showers in the Vicinity
1491375600;25.0;24.0;0.94;NW;1.6666666666666665;0.0;1010.68;0.0;Partly Cloudy
1491379200;28.0;24.0;0.79;E;3.0555555555555554;0.0;1011.68;0.0;Mostly Cloudy
1491382800;28.0;24.0;0.79;E;3.0555555555555554;0.0;1011.68;0.0;Partly Cloudy
1491386400;29.0;25.0;0.79;ESE;4.166666666666667;0.0;1012.68;0.0;Mostly Cloudy
1491390000;30.0;24.0;0.7;E;4.166666666666667;0.0;1012.68;0.0;Fair
1491393600;30.0;24.0;0.7;ESE;5.555555555555555;0.0;1013.68;0.0;Fair
1491397200;30.0;25.0;0.74;SE;5.555555555555555;0.0;1013.68;0.0;Partly Cloudy
1491400800;29.0;26.0;0.84;ESE;2.5;0.0;1012.68;0.0;Mostly Cloudy
1491404400;31.0;25.0;0.7;SE;6.111111111111111;0.0;1011.68;0.0;Partly Cloudy
1491408000;31.0;25.0;0.7;ESE;6.111111111111111;0.0;1010.68;0.0;Mostly Cloudy
1491411600;30.0;24.0;0.7;ESE;6.666666666666666;0.0;1010.68;0.0;Partly Cloudy
1491415200;30.0;24.0;0.7;ESE;4.722222222222222;0.0;1010.68;0.0;Partly Cloudy
1491418800;30.0;25.0;0.74;ESE;5.277777777777778;0.0;1010.68;0.0;Showers in the Vicinity
1491422400;28.0;25.0;0.84;ESE;3.611111111111111;0.0;1010.68;0.0;Light Rain
1491426000;29.0;24.0;0.74;SE;4.722222222222222;0.0;1011.68;0.0;Mostly Cloudy
1491429600;29.0;23.0;0.7;ESE;4.722222222222222;0.0;1011.68;0.0;Partly Cloudy
1491433200;29.0;24.0;0.74;ESE;3.611111111111111;0.0;1012.68;0.0;Partly Cloudy
1491436800;28.0;25.0;0.84;ESE;4.166666666666667;0.0;1012.68;0.0;Partly Cloudy
1491440400;29.0;24.0;0.74;ESE;4.166666666666667;0.0;1012.68;0.0;Partly Cloudy
1491444000;29.0;24.0;0.74;SE;4.722222222222222;0.0;1012.68;0.0;Partly Cloudy
1491447600;28.0;23.0;0.74;ESE;4.722222222222222;0.0;1011.68;0.0;Partly Cloudy
1491451200;28.0;23.0;0.74;SE;4.166666666666667;0.0;1011.68;0.0;Fair
1491454800;28.0;23.0;0.74;SE;3.611111111111111;0.0;1010.68;0.0;Fair
1491458400;28.0;23.0;0.74;SE;3.611111111111111;0.0;1010.68;0.0;Fair
1491462000;28.0;23.0;0.74;SE;4.166666666666667;0.0;1011.68;0.0;Fair
1491465600;28.0;23.0;0.74;SE;3.0555555555555554;0.0;1011.68;0.0;Partly Cloudy
1491469200;28.0;23.0;0.74;SE;3.0555555555555554;0.0;1012.68;0.0;Fair
1491472800;29.0;23.0;0.7;SE;4.166666666666667;0.0;1012.68;0.0;Fair
1491476400;30.0;23.0;0.66;SE;5.277777777777778;0.0;1013.68;0.0;Partly Cloudy
1491480000;30.0;23.0;0.66;SSE;5.555555555555555;0.0;1013.68;0.0;Fair
1491483600;30.0;24.0;0.7;SSE;4.722222222222222;0.0;1013.68;0.0;Fair
1491487200;31.0;24.0;0.66;SE;5.555555555555555;0.0;1012.68;0.0;Fair
1491490800;30.0;24.0;0.7;SSE;5.277777777777778;0.0;1011.68;0.0;Fair
1491494400;30.0;24.0;0.7;SE;4.166666666666667;0.0;1010.68;0.0;Partly Cloudy
1491498000;29.0;24.0;0.74;S;5.277777777777778;0.0;1010.68;0.0;Partly Cloudy
1491501600;30.0;25.0;0.74;SSE;5.277777777777778;0.0;1009.68;0.0;Fair
1491505200;30.0;24.0;0.7;SSE;5.277777777777778;0.0;1009.68;0.0;Partly Cloudy
1491508800;28.0;24.0;0.79;S;6.666666666666666;0.0;1010.68;0.0;Partly Cloudy
1491512400;28.0;25.0;0.84;S;4.722222222222222;0.0;1010.68;0.0;Mostly Cloudy
1491516000;28.0;25.0;0.84;S;5.277777777777778;0.0;1010.68;0.0;Mostly Cloudy
1491519600;27.0;24.0;0.84;S;4.722222222222222;0.0;1011.68;0.0;Partly Cloudy
1491523200;26.0;24.0;0.89;SW;2.5;0.0;1011.68;0.0;Partly Cloudy
1491526800;26.0;24.0;0.89;SSW;1.9444444444444444;0.0;1011.68;0.0;Mostly Cloudy
1491530400;27.0;24.0;0.84;SW;1.9444444444444444;0.0;1010.68;0.0;Mostly Cloudy
1491534000;26.0;24.0;0.89;ESE;4.722222222222222;0.0;1010.68;0.0;Mostly Cloudy
1491537600;27.0;24.0;0.84;SE;4.722222222222222;0.0;1009.68;0.0;Mostly Cloudy
1491541200;27.0;24.0;0.84;SE;3.611111111111111;0.0;1009.68;0.0;Mostly Cloudy
1491544800;27.0;24.0;0.84;S;2.5;0.0;1009.68;0.0;Partly Cloudy
1491548400;28.0;24.0;0.79;SE;4.166666666666667;0.0;1009.68;0.0;Partly Cloudy
1491552000;27.0;23.0;0.79;SE;5.277777777777778;0.0;1009.68;0.0;Partly Cloudy
1491555600;26.0;23.0;0.83;SSW;1.9444444444444444;0.0;1010.68;0.0;Mostly Cloudy
1491559200;28.0;24.0;0.79;SE;4.166666666666667;0.0;1010.68;0.0;Partly Cloudy
1491562800;28.0;24.0;0.79;SE;4.722222222222222;0.0;1011.68;0.0;Mostly Cloudy
1491566400;30.0;24.0;0.7;ESE;3.0555555555555554;0.0;1011.68;0.0;Fair
1491570000;30.0;24.0;0.7;SSE;5.555555555555555;0.0;1011.68;0.0;Partly Cloudy
1491573600;31.0;25.0;0.7;SE;4.722222222222222;0.0;1010.68;0.0;Partly Cloudy
1491577200;31.0;25.0;0.7;SE;5.277777777777778;0.0;1010.68;0.0;Partly Cloudy
1491580800;31.0;25.0;0.7;SE;5.277777777777778;0.0;1009.68;0.0;Partly Cloudy
1491584400;31.0;24.0;0.66;SSE;5.277777777777778;0.0;1008.68;0.0;Partly Cloudy
1491588000;30.0;24.0;0.7;S;6.666666666666666;0.0;1008.68;0.0;Partly Cloudy
1491591600;29.0;24.0;0.74;S;6.666666666666666;0.0;1008.68;0.0;Partly Cloudy
1491595200;29.0;24.0;0.74;SSE;6.111111111111111;0.0;1008.68;0.0;Partly Cloudy
1491598800;28.0;24.0;0.79;S;6.111111111111111;0.0;1009.68;0.0;Partly Cloudy
1491602400;28.0;24.0;0.79;SSE;6.111111111111111;0.0;1009.68;0.0;Partly Cloudy
1491606000;28.0;23.0;0.74;SSE;5.277777777777778;0.0;1010.68;0.0;Partly Cloudy
1491609600;28.0;24.0;0.79;SSE;5.277777777777778;0.0;1011.68;0.0;Partly Cloudy
1491613200;29.0;24.0;0.74;SSE;4.166666666666667;0.0;1011.68;0.0;Partly Cloudy
1491616800;29.0;24.0;0.74;SSE;3.611111111111111;0.0;1010.68;0.0;Partly Cloudy
1491966000;26.0;25.0;0.94;VAR;1.1111111111111112;0.0;1010.68;0.0;Mostly Cloudy
1491969600;26.0;25.0;0.94;CALM;0.0;0.0;1009.68;0.0;Partly Cloudy
1491973200;25.0;25.0;1.0;CALM;0.0;0.0;1009.68;0.0;Fair
1491976800;25.0;25.0;1.0;VAR;0.5555555555555556;0.0;1009.68;0.0;Partly Cloudy
1491980400;25.0;25.0;1.0;VAR;1.1111111111111112;0.0;1008.68;0.0;Mostly Cloudy
1491984000;25.0;24.0;0.94;CALM;0.0;0.0;1009.68;0.0;Mostly Cloudy
1491987600;26.0;25.0;0.94;CALM;0.0;0.0;1009.68;0.0;Mostly Cloudy
1491991200;26.0;25.0;0.94;VAR;1.1111111111111112;0.0;1010.68;0.0;Partly Cloudy
1491994800;28.0;26.0;0.89;S;1.6666666666666665;0.0;1011.68;0.0;Partly Cloudy
1491998400;28.0;25.0;0.84;SSE;2.5;0.0;1011.68;0.0;Mostly Cloudy
1492002000;27.0;26.0;0.94;S;2.5;0.0;1011.68;0.0;Mostly Cloudy
1492005600;29.0;26.0;0.84;SSE;5.277777777777778;0.0;1010.68;0.0;Mostly Cloudy
1492009200;29.0;25.0;0.79;SSE;4.166666666666667;0.0;1010.68;0.0;Mostly Cloudy
1492012800;30.0;25.0;0.74;SSE;4.722222222222222;0.0;1009.68;0.0;Mostly Cloudy
1492016400;28.0;24.0;0.79;VAR;4.722222222222222;0.0;1008.68;0.0;Partly Cloudy
1492020000;29.0;24.0;0.74;E;2.5;0.0;1008.68;0.0;Partly Cloudy
1492023600;29.0;25.0;0.79;SE;4.166666666666667;0.0;1008.68;0.0;Partly Cloudy
1492027200;28.0;26.0;0.89;SE;3.611111111111111;0.0;1008.68;0.0;Partly Cloudy
1492030800;28.0;26.0;0.89;ESE;3.0555555555555554;0.0;1009.68;0.0;Showers in the Vicinity
1492034400;28.0;26.0;0.89;SE;5.277777777777778;0.0;1010.68;0.0;Mostly Cloudy
1492038000;27.0;26.0;0.94;E;3.0555555555555554;0.0;1010.68;0.0;Partly Cloudy
1492041600;27.0;25.0;0.89;E;2.5;0.0;1011.68;0.0;Partly Cloudy
1492045200;27.0;26.0;0.94;SSE;3.611111111111111;0.0;1011.68;0.0;Fair
1492048800;27.0;25.0;0.89;SE;2.5;0.0;1011.68;0.0;Partly Cloudy
1492225200;28.0;26.0;0.89;ESE;3.0555555555555554;0.0;1011.68;0.0;Partly Cloudy
1492228800;28.0;25.0;0.84;ESE;4.166666666666667;0.0;1010.68;0.0;Partly Cloudy
1492232400;28.0;25.0;0.84;E;3.611111111111111;0.0;1010.68;0.0;Partly Cloudy
1492236000;28.0;25.0;0.84;ESE;3.0555555555555554;0.0;1010.68;0.0;Mostly Cloudy
1492239600;28.0;25.0;0.84;ESE;3.0555555555555554;0.0;1009.68;0.0;Partly Cloudy
1492243200;28.0;25.0;0.84;ESE;3.611111111111111;0.0;1010.68;0.0;Partly Cloudy
1492246800;28.0;25.0;0.84;ESE;3.611111111111111;0.0;1010.68;0.0;Partly Cloudy
1492250400;29.0;25.0;0.79;ESE;3.611111111111111;0.0;1011.68;0.0;Partly Cloudy
1492254000;30.0;25.0;0.74;E;4.166666666666667;0.0;1011.68;0.0;Partly Cloudy
1492257600;30.0;24.0;0.7;ESE;5.555555555555555;0.0;1011.68;0.0;Partly Cloudy
1492261200;30.0;25.0;0.74;ESE;4.722222222222222;0.0;1011.68;0.0;Partly Cloudy
1492264800;30.0;25.0;0.74;SE;6.111111111111111;0.0;1011.68;0.0;Partly Cloudy
1492268400;30.0;25.0;0.74;SE;6.111111111111111;0.0;1010.68;0.0;Partly Cloudy
1492272000;30.0;25.0;0.74;SE;5.555555555555555;0.0;1010.68;0.0;Partly Cloudy
1492275600;30.0;25.0;0.74;ESE;5.277777777777778;0.0;1009.68;0.0;Partly Cloudy
1492279200;31.0;25.0;0.7;ESE;3.611111111111111;0.0;1009.68;0.0;Partly Cloudy
1492282800;29.0;24.0;0.74;ESE;3.611111111111111;0.0;1009.68;0.0;Fair
1492286400;29.0;25.0;0.79;ESE;4.722222222222222;0.0;1009.68;0.0;Fair
1492290000;29.0;24.0;0.74;ESE;4.166666666666667;0.0;1010.68;0.0;Partly Cloudy
1492293600;29.0;24.0;0.74;SE;3.611111111111111;0.0;1010.68;0.0;Fair
1492297200;28.0;24.0;0.79;SE;4.166666666666667;0.0;1011.68;0.0;Partly Cloudy
1492300800;28.0;24.0;0.79;SE;4.722222222222222;0.0;1011.68;0.0;Partly Cloudy
1492304400;28.0;24.0;0.79;SE;4.722222222222222;0.0;1011.68;0.0;Partly Cloudy
1492308000;28.0;24.0;0.79;SE;4.166666666666667;0.0;1011.68;0.0;Partly Cloudy
1492398000;26.0;25.0;0.94;SSE;4.722222222222222;0.0;1009.68;0.0;Light Rain
1492400100;26.0;25.0;0.94;SE;1.1111111111111112;0.0;1009.68;0.0;Rain
1492401600;25.0;25.0;1.0;S;2.5;0.0;1009.68;0.0;Light Rain
1492402800;26.0;25.0;0.94;WNW;1.6666666666666665;0.0;1008.68;0.0;Cloudy
1492405200;26.0;25.0;0.94;WSW;1.1111111111111112;0.0;1008.68;0.0;Cloudy
1492405500;25.0;25.0;1.0;SW;1.9444444444444444;0.0;1008.68;0.0;Light Rain
1492408800;25.0;25.0;1.0;SSW;1.1111111111111112;0.0;1008.68;0.0;Mostly Cloudy
1492412400;25.0;25.0;1.0;S;1.6666666666666665;0.0;1008.68;0.0;Showers in the Vicinity
1492416000;25.0;25.0;1.0;VAR;1.6666666666666665;0.0;1009.68;0.0;Cloudy
1492418400;25.0;25.0;1.0;SW;2.5;0.0;1009.68;0.0;Rain
1492419600;25.0;25.0;1.0;SE;3.611111111111111;0.0;1009.68;0.0;Light Rain
1492420200;25.0;25.0;1.0;WSW;1.6666666666666665;0.0;1010.68;0.0;Rain
1492421400;25.0;25.0;1.0;SSW;1.9444444444444444;0.0;1010.68;0.0;Light Rain
1492423200;26.0;25.0;0.94;SSW;3.0555555555555554;0.0;1010.68;0.0;Light Rain
1492426800;26.0;25.0;0.94;SW;3.0555555555555554;0.0;1011.68;0.0;Showers in the Vicinity
1492430400;28.0;24.0;0.79;SW;1.1111111111111112;0.0;1011.68;0.0;Mostly Cloudy
1492434000;28.0;25.0;0.84;SSW;3.611111111111111;0.0;1011.68;0.0;Mostly Cloudy
1492437600;27.0;25.0;0.89;S;4.166666666666667;0.0;1011.68;0.0;Showers in the Vicinity
1492441200;30.0;25.0;0.74;SSE;1.9444444444444444;0.0;1010.68;0.0;Mostly Cloudy
1492444800;29.0;25.0;0.79;SSW;5.277777777777778;0.0;1009.68;0.0;Mostly Cloudy
1492448400;29.0;25.0;0.79;S;4.166666666666667;0.0;1009.68;0.0;Partly Cloudy
1492452000;29.0;25.0;0.79;SSE;4.166666666666667;0.0;1008.68;0.0;Partly Cloudy
1492455600;28.0;25.0;0.84;SSE;4.166666666666667;0.0;1008.68;0.0;Partly Cloudy
1492459200;27.0;24.0;0.84;SSE;5.277777777777778;0.0;1009.68;0.0;Partly Cloudy
1492462800;27.0;24.0;0.84;S;3.611111111111111;0.0;1009.68;0.0;Partly Cloudy
1492466400;26.0;24.0;0.89;SSW;2.5;0.0;1009.68;0.0;Partly Cloudy
1492470000;26.0;24.0;0.89;SSW;2.5;0.0;1010.68;0.0;Partly Cloudy
1492473600;26.0;24.0;0.89;SW;2.5;0.0;1010.68;0.0;Partly Cloudy
1492477200;25.0;24.0;0.94;CALM;0.0;0.0;1010.68;0.0;Fair
1492480800;25.0;24.0;0.94;SSW;1.6666666666666665;0.0;1010.68;0.0;Fair
1492484400;25.0;24.0;0.94;CALM;0.0;0.0;1010.68;0.0;Fair
1492488000;25.0;24.0;0.94;WSW;1.6666666666666665;0.0;1009.68;0.0;Fair
1492491600;24.0;24.0;1.0;CALM;0.0;0.0;1009.68;0.0;Fair
1492495200;24.0;23.0;0.94;CALM;0.0;0.0;1009.68;0.0;Fair
1492498800;24.0;23.0;0.94;WSW;1.6666666666666665;0.0;1009.68;0.0;Fair
1492502400;24.0;23.0;0.94;SW;1.1111111111111112;0.0;1009.68;0.0;Fair
1492506000;24.0;23.0;0.94;CALM;0.0;0.0;1009.68;0.0;Fair
1492509600;27.0;24.0;0.84;CALM;0.0;0.0;1010.68;0.0;Fair
1492513200;28.0;25.0;0.84;SSE;2.5;0.0;1011.68;0.0;Partly Cloudy
1492516800;29.0;25.0;0.79;SSE;3.0555555555555554;0.0;1011.68;0.0;Partly Cloudy
1492520400;29.0;25.0;0.79;SSE;3.611111111111111;0.0;1011.68;0.0;Partly Cloudy
1492524000;30.0;25.0;0.74;SE;3.611111111111111;0.0;1010.68;0.0;Mostly Cloudy
1492527600;30.0;25.0;0.74;SE;4.166666666666667;0.0;1010.68;0.0;Mostly Cloudy
1492531200;30.0;25.0;0.74;SSE;5.277777777777778;0.0;1009.68;0.0;Partly Cloudy
1492534800;30.0;25.0;0.74;SE;5.277777777777778;0.0;1008.68;0.0;Partly Cloudy
1492538400;30.0;25.0;0.74;SSE;5.555555555555555;0.0;1008.68;0.0;Partly Cloudy
1492542000;29.0;24.0;0.74;SE;5.277777777777778;0.0;1008.68;0.0;Fair
1492545600;29.0;25.0;0.79;SSE;5.555555555555555;0.0;1009.68;0.0;Partly Cloudy
1492549200;28.0;24.0;0.79;SE;4.166666666666667;0.0;1009.68;0.0;Fair
1492552800;28.0;24.0;0.79;SE;3.611111111111111;0.0;1010.68;0.0;Fair
1492556400;28.0;25.0;0.84;SE;4.166666666666667;0.0;1010.68;0.0;Partly Cloudy
1492560000;28.0;25.0;0.84;SE;4.722222222222222;0.0;1010.68;0.0;Partly Cloudy
1492563600;27.0;24.0;0.84;SSE;4.722222222222222;0.0;1010.68;0.0;Partly Cloudy
1492567200;27.0;24.0;0.84;SE;3.611111111111111;0.0;1010.68;0.0;Partly Cloudy
1492743600;26.0;24.0;0.89;SW;1.9444444444444444;0.0;1009.68;0.0;Fair
1492747200;25.0;24.0;0.94;SW;1.9444444444444444;0.0;1009.68;0.0;Mostly Cloudy
1492750800;25.0;23.0;0.89;SW;1.6666666666666665;0.0;1008.68;0.0;Partly Cloudy
1492754400;25.0;23.0;0.89;SW;1.1111111111111112;0.0;1008.68;0.0;Fair
1492758000;24.0;23.0;0.94;SSW;1.1111111111111112;0.0;1008.68;0.0;Fair
1492761600;24.0;23.0;0.94;S;1.1111111111111112;0.0;1009.68;0.0;Fair
1492765200;25.0;23.0;0.89;SW;1.6666666666666665;0.0;1009.68;0.0;Fair
1492768800;26.0;24.0;0.89;SW;1.6666666666666665;0.0;1010.68;0.0;Fair
1492772400;28.0;24.0;0.79;SSW;3.0555555555555554;0.0;1011.68;0.0;Fair
1492776000;29.0;23.0;0.7;SE;3.0555555555555554;0.0;1011.68;0.0;Fair
1492779600;30.0;24.0;0.7;SSE;3.0555555555555554;0.0;1011.68;0.0;Fair
1492783200;30.0;24.0;0.7;SSE;4.722222222222222;0.0;1011.68;0.0;Fair
1492786800;31.0;24.0;0.66;SSE;4.722222222222222;0.0;1010.68;0.0;Fair
1492790400;30.0;24.0;0.7;SSE;5.277777777777778;0.0;1009.68;0.0;Fair
1492794000;30.0;25.0;0.74;SSE;4.722222222222222;0.0;1009.68;0.0;Fair
1492797600;29.0;25.0;0.79;SE;5.555555555555555;0.0;1009.68;0.0;Fair
1492801200;29.0;25.0;0.79;SE;4.722222222222222;0.0;1009.68;0.0;Fair
1492804800;29.0;24.0;0.74;SE;4.722222222222222;0.0;1009.68;0.0;Partly Cloudy
1492808400;28.0;25.0;0.84;SSE;4.166666666666667;0.0;1010.68;0.0;Partly Cloudy
1492812000;28.0;25.0;0.84;SSE;5.277777777777778;0.0;1010.68;0.0;Partly Cloudy
1492815600;28.0;25.0;0.84;SE;4.166666666666667;0.0;1011.68;0.0;Mostly Cloudy
1492819200;28.0;25.0;0.84;SSE;4.166666666666667;0.0;1011.68;0.0;Partly Cloudy
1492822800;28.0;25.0;0.84;SE;3.611111111111111;0.0;1011.68;0.0;Partly Cloudy
1492826400;28.0;25.0;0.84;SSE;4.166666666666667;0.0;1011.68;0.0;Partly Cloudy
1493002800;27.0;24.0;0.84;SE;4.166666666666667;0.0;1011.68;0.0;Partly Cloudy
1493006400;27.0;24.0;0.84;SE;4.722222222222222;0.0;1010.68;0.0;Partly Cloudy
1493010000;27.0;24.0;0.84;SSE;4.166666666666667;0.0;1010.68;0.0;Partly Cloudy
1493013600;27.0;24.0;0.84;SE;6.111111111111111;0.0;1010.68;0.0;Mostly Cloudy
1493017200;26.0;24.0;0.89;SE;5.277777777777778;0.0;1010.68;0.0;Mostly Cloudy
1493020800;26.0;24.0;0.89;SSE;4.166666666666667;0.0;1010.68;0.0;Partly Cloudy
1493024400;27.0;24.0;0.84;SE;4.722222222222222;0.0;1011.68;0.0;Partly Cloudy
1493028000;28.0;24.0;0.79;ESE;4.722222222222222;0.0;1012.68;0.0;Partly Cloudy
1493031600;29.0;24.0;0.74;ESE;4.166666666666667;0.0;1012.68;0.0;Mostly Cloudy
1493035200;30.0;24.0;0.7;ESE;4.722222222222222;0.0;1013.68;0.0;Partly Cloudy
1493038800;30.0;23.0;0.66;ESE;4.722222222222222;0.0;1013.68;0.0;Partly Cloudy
1493042400;30.0;24.0;0.7;SE;4.722222222222222;0.0;1012.68;0.0;Partly Cloudy
1493046000;30.0;24.0;0.7;ESE;4.166666666666667;0.0;1012.68;0.0;Partly Cloudy
1493049600;30.0;24.0;0.7;SE;4.166666666666667;0.0;1011.68;0.0;Partly Cloudy
1493053200;30.0;23.0;0.66;SE;4.166666666666667;0.0;1010.68;0.0;Partly Cloudy
1493056800;30.0;24.0;0.7;ESE;3.0555555555555554;0.0;1009.68;0.0;Fair
1493060400;30.0;24.0;0.7;SE;4.166666666666667;0.0;1009.68;0.0;Fair
1493064000;28.0;24.0;0.79;SSE;4.722222222222222;0.0;1009.68;0.0;Fair
1493067600;29.0;23.0;0.7;SSE;4.722222222222222;0.0;1010.68;0.0;Fair
1493071200;28.0;24.0;0.79;SSE;5.277777777777778;0.0;1010.68;0.0;Partly Cloudy
1493074800;28.0;24.0;0.79;S;5.277777777777778;0.0;1011.68;0.0;Partly Cloudy
1493078400;28.0;24.0;0.79;SSE;5.277777777777778;0.0;1011.68;0.0;Partly Cloudy
1493082000;28.0;24.0;0.79;SE;5.277777777777778;0.0;1011.68;0.0;Partly Cloudy
1493085600;27.0;23.0;0.79;SSE;3.611111111111111;0.0;1011.68;0.0;Partly Cloudy
1493175600;28.0;23.0;0.74;SE;3.611111111111111;0.0;1010.68;0.0;Fair
1493179200;28.0;23.0;0.74;SE;3.611111111111111;0.0;1009.68;0.0;Partly Cloudy
1493182800;27.0;23.0;0.79;SE;3.0555555555555554;0.0;1009.68;0.0;Fair
1493186400;27.0;23.0;0.79;SE;3.0555555555555554;0.0;1009.68;0.0;Fair
1493190000;27.0;23.0;0.79;SE;3.0555555555555554;0.0;1009.68;0.0;Fair
1493193600;25.0;23.0;0.89;SSW;2.5;0.0;1009.68;0.0;Fair
1493197200;25.0;24.0;0.94;SW;1.1111111111111112;0.0;1010.68;0.0;Partly Cloudy
1493200800;27.0;24.0;0.84;SW;1.1111111111111112;0.0;1010.68;0.0;Partly Cloudy
1493204400;27.0;24.0;0.84;SSW;2.5;0.0;1011.68;0.0;Mostly Cloudy
1493208000;30.0;24.0;0.7;SSE;4.166666666666667;0.0;1011.68;0.0;Partly Cloudy
1493211600;29.0;24.0;0.74;SE;4.722222222222222;0.0;1011.68;0.0;Partly Cloudy
1493215200;30.0;24.0;0.7;SSE;5.277777777777778;0.0;1011.68;0.0;Partly Cloudy
1493218800;30.0;24.0;0.7;SE;5.277777777777778;0.0;1009.68;0.0;Partly Cloudy
1493222400;30.0;24.0;0.7;SSE;5.277777777777778;0.0;1009.68;0.0;Fair
1493226000;30.0;23.0;0.66;SSE;5.555555555555555;0.0;1008.68;0.0;Fair
1493229600;29.0;23.0;0.7;SSE;5.277777777777778;0.0;1008.68;0.0;Fair
1493233200;29.0;22.0;0.66;SE;5.277777777777778;0.0;1008.68;0.0;Fair
1493236800;28.0;22.0;0.7;SE;4.722222222222222;0.0;1009.68;0.0;Fair
1493240400;28.0;23.0;0.74;SE;3.0555555555555554;0.0;1009.68;0.0;Fair
1493244000;28.0;23.0;0.74;SE;4.166666666666667;0.0;1010.68;0.0;Fair
1493247600;28.0;23.0;0.74;SSE;4.722222222222222;0.0;1010.68;0.0;Fair
1493251200;28.0;23.0;0.74;SE;4.166666666666667;0.0;1010.68;0.0;Fair
1493254800;28.0;24.0;0.79;SE;3.611111111111111;0.0;1010.68;0.0;Fair
1493258400;28.0;24.0;0.79;SE;2.5;0.0;1010.68;0.0;Partly Cloudy
1493348400;28.0;24.0;0.79;E;3.0555555555555554;0.0;1011.68;0.0;Partly Cloudy
1493352000;29.0;25.0;0.79;E;3.0555555555555554;0.0;1010.68;0.0;Mostly Cloudy
1493355600;28.0;24.0;0.79;ESE;2.5;0.0;1010.68;0.0;Partly Cloudy
1493359200;28.0;24.0;0.79;ESE;1.9444444444444444;0.0;1009.68;0.0;Partly Cloudy
1493362800;28.0;24.0;0.79;SE;2.5;0.0;1009.68;0.0;Partly Cloudy
1493366400;27.0;24.0;0.84;SE;1.9444444444444444;0.0;1010.68;0.0;Partly Cloudy
1493370000;27.0;25.0;0.89;SSW;1.6666666666666665;0.0;1010.68;0.0;Partly Cloudy
1493373600;27.0;25.0;0.89;SSW;2.5;0.0;1011.68;0.0;Partly Cloudy
1493377200;29.0;25.0;0.79;E;3.611111111111111;0.0;1012.68;0.0;Partly Cloudy
1493380800;30.0;25.0;0.74;ESE;4.166666666666667;0.0;1012.68;0.0;Partly Cloudy
1493384400;30.0;25.0;0.74;SE;4.722222222222222;0.0;0.0;0.0;Showers in the Vicinity
1493388000;30.0;26.0;0.79;SSE;5.277777777777778;0.0;1012.68;0.0;Mostly Cloudy
1493391600;30.0;26.0;0.79;SSE;6.111111111111111;0.0;1011.68;0.0;Partly Cloudy
1493395200;29.0;26.0;0.84;SSE;7.777777777777778;0.0;1010.68;0.0;Mostly Cloudy
1493398800;28.0;24.0;0.79;SSE;7.222222222222222;0.0;1010.68;0.0;Showers in the Vicinity
1493402400;29.0;25.0;0.79;SE;6.111111111111111;0.0;1009.68;0.0;Mostly Cloudy
1493406000;29.0;25.0;0.79;SSE;6.111111111111111;0.0;1009.68;0.0;Partly Cloudy
1493409600;29.0;24.0;0.74;SE;6.111111111111111;0.0;1010.68;0.0;Partly Cloudy
1493413200;28.0;24.0;0.79;ESE;5.277777777777778;0.0;1011.68;0.0;Partly Cloudy
1493416800;28.0;24.0;0.79;SE;5.277777777777778;0.0;1011.68;0.0;Fair
1493420400;28.0;24.0;0.79;SE;4.166666666666667;0.0;1011.68;0.0;Partly Cloudy
1493424000;28.0;24.0;0.79;SSE;4.166666666666667;0.0;1012.68;0.0;Partly Cloudy
1493427600;27.0;24.0;0.84;SSE;5.277777777777778;0.0;1012.68;0.0;Partly Cloudy
1493431200;27.0;24.0;0.84;SW;2.5;0.0;1012.68;0.0;Partly Cloudy
1493434800;26.0;24.0;0.89;SW;2.5;0.0;1012.68;0.0;Partly Cloudy
1493438400;26.0;24.0;0.89;SSW;2.5;0.0;1011.68;0.0;Partly Cloudy
1493442000;26.0;24.0;0.89;SSW;2.5;0.0;1011.68;0.0;Partly Cloudy
1493445600;25.0;23.0;0.89;SSE;1.9444444444444444;0.0;1010.68;0.0;Partly Cloudy
1493449200;25.0;23.0;0.89;SW;2.5;0.0;1010.68;0.0;Mostly Cloudy
1493452800;25.0;23.0;0.89;SW;2.5;0.0;1010.68;0.0;Partly Cloudy
1493456400;25.0;24.0;0.94;S;3.0555555555555554;0.0;1011.68;0.0;Partly Cloudy
1493460000;26.0;24.0;0.89;SSW;3.0555555555555554;0.0;1011.68;0.0;Partly Cloudy
1493463600;29.0;25.0;0.79;S;3.0555555555555554;0.0;1012.68;0.0;Fair
1493467200;29.0;24.0;0.74;SE;4.166666666666667;0.0;1012.68;0.0;Mostly Cloudy
1493470800;30.0;25.0;0.74;SSE;4.722222222222222;0.0;1012.68;0.0;Partly Cloudy
1493474400;30.0;25.0;0.74;SE;5.277777777777778;0.0;1011.68;0.0;Partly Cloudy
1493478000;30.0;25.0;0.74;SE;6.111111111111111;0.0;1011.68;0.0;Partly Cloudy
1493481600;28.0;25.0;0.84;SE;6.666666666666666;0.0;1010.68;0.0;Showers in the Vicinity
1493485200;30.0;25.0;0.74;SSE;5.555555555555555;0.0;1009.68;0.0;Partly Cloudy
1493488800;29.0;25.0;0.79;SSE;5.277777777777778;0.0;1009.68;0.0;Partly Cloudy
1493492400;27.0;26.0;0.94;SSE;6.111111111111111;0.0;0.0;0.0;Showers in the Vicinity
1493496000;28.0;24.0;0.79;SSE;6.666666666666666;0.0;1010.68;0.0;Partly Cloudy
1493499600;28.0;25.0;0.84;SE;5.555555555555555;0.0;1010.68;0.0;Partly Cloudy
1493503200;27.0;25.0;0.89;SE;3.611111111111111;0.0;1011.68;0.0;Showers in the Vicinity
1493506800;27.0;25.0;0.89;ESE;5.277777777777778;0.0;1011.68;0.0;Mostly Cloudy
1493510400;27.0;25.0;0.89;SE;4.166666666666667;0.0;1012.68;0.0;Mostly Cloudy
1493514000;25.0;25.0;1.0;ESE;4.166666666666667;0.0;1012.68;0.0;Light Rain
1493517600;25.0;25.0;1.0;E;1.9444444444444444;0.0;1012.68;0.0;Rain
1493607600;27.0;24.0;0.84;SE;5.277777777777778;0.0;1012.68;0.0;Partly Cloudy
1493611200;27.0;24.0;0.84;SE;5.555555555555555;0.0;1011.68;0.0;Partly Cloudy
1493614800;25.0;24.0;0.94;S;6.666666666666666;0.0;1011.68;0.0;Showers in the Vicinity
1493618400;25.0;24.0;0.94;SW;3.0555555555555554;0.0;1011.68;0.0;Showers in the Vicinity
1493622000;26.0;24.0;0.89;S;3.611111111111111;0.0;1011.68;0.0;Partly Cloudy
1493625600;27.0;23.0;0.79;S;6.111111111111111;0.0;1011.68;0.0;Partly Cloudy
1493629200;25.0;24.0;0.94;WSW;1.9444444444444444;0.0;1012.68;0.0;Partly Cloudy
1493632800;28.0;23.0;0.74;SSE;5.555555555555555;0.0;1012.68;0.0;Partly Cloudy
1493636400;28.0;23.0;0.74;S;5.555555555555555;0.0;1012.68;0.0;Mostly Cloudy
1493640000;29.0;24.0;0.74;SSE;6.666666666666666;0.0;1013.68;0.0;Partly Cloudy
1493643600;30.0;24.0;0.7;SSE;7.222222222222222;0.0;1013.68;0.0;Partly Cloudy
1493647200;30.0;24.0;0.7;SSE;7.777777777777778;0.0;1012.68;0.0;Partly Cloudy
1493650800;30.0;23.0;0.66;SSE;7.777777777777778;0.0;1012.68;0.0;Fair
1493654400;30.0;23.0;0.66;SSE;7.777777777777778;0.0;1011.68;0.0;Fair
1493658000;29.0;23.0;0.7;SSE;7.777777777777778;0.0;1010.68;0.0;Fair
1493661600;29.0;22.0;0.66;SSE;6.666666666666666;0.0;1010.68;0.0;Fair
1493665200;28.0;21.0;0.66;S;6.666666666666666;0.0;1010.68;0.0;Fair
1493668800;28.0;21.0;0.66;S;6.111111111111111;0.0;1011.68;0.0;Fair
1493672400;28.0;21.0;0.66;S;5.555555555555555;0.0;1011.68;0.0;Fair
1493676000;27.0;20.0;0.65;SSE;5.555555555555555;0.0;1012.68;0.0;Fair
1493679600;27.0;21.0;0.7;S;4.166666666666667;0.0;1012.68;0.0;Fair
1493683200;26.0;21.0;0.74;SW;2.5;0.0;1012.68;0.0;Partly Cloudy
1493686800;26.0;21.0;0.74;SW;3.0555555555555554;0.0;1012.68;0.0;Mostly Cloudy
1493690400;26.0;22.0;0.78;S;4.722222222222222;0.0;1012.68;0.0;Mostly Cloudy
1493694000;25.0;22.0;0.83;SW;2.5;0.0;1011.68;0.0;Mostly Cloudy
1493697600;25.0;22.0;0.83;SSW;3.0555555555555554;0.0;1011.68;0.0;Mostly Cloudy
1493701200;24.0;22.0;0.89;SW;1.9444444444444444;0.0;1010.68;0.0;Partly Cloudy
1493704800;24.0;22.0;0.89;SW;1.9444444444444444;0.0;1010.68;0.0;Partly Cloudy
1493708400;25.0;22.0;0.83;SSW;2.5;0.0;1010.68;0.0;Partly Cloudy
1493712000;24.0;22.0;0.89;SSW;1.6666666666666665;0.0;1010.68;0.0;Partly Cloudy
1493715600;25.0;22.0;0.83;SSW;2.5;0.0;1011.68;0.0;Mostly Cloudy
1493719200;26.0;23.0;0.83;SW;3.0555555555555554;0.0;1011.68;0.0;Partly Cloudy
1493722800;27.0;23.0;0.79;SW;3.611111111111111;0.0;1012.68;0.0;Mostly Cloudy
1493726400;28.0;23.0;0.74;ESE;4.722222222222222;0.0;1012.68;0.0;Showers in the Vicinity
1493730000;29.0;24.0;0.74;SE;4.722222222222222;0.0;1012.68;0.0;Mostly Cloudy
1493733600;26.0;25.0;0.94;E;5.277777777777778;0.0;1012.68;0.0;Light Rain
1493734380;25.0;25.0;1.0;ESE;1.6666666666666665;0.0;1012.68;0.0;Light Rain
1493737200;25.0;24.0;0.94;SE;4.722222222222222;0.0;1011.68;0.0;Light Rain
1493740800;27.0;25.0;0.89;SSW;2.5;0.0;1010.68;0.0;Mostly Cloudy
1493744400;27.0;26.0;0.94;SSW;2.5;0.0;1010.68;0.0;Mostly Cloudy
1493745480;26.0;25.0;0.94;SSW;3.611111111111111;0.0;1010.68;0.0;Light Rain
1493748000;26.0;25.0;0.94;SSW;2.5;0.0;1010.68;0.0;Light Rain
1493751600;26.0;24.0;0.89;S;3.0555555555555554;0.0;1010.68;0.0;Mostly Cloudy
1493755200;25.0;23.0;0.89;SSW;2.5;0.0;1010.68;0.0;Showers in the Vicinity
1493758800;25.0;24.0;0.94;S;3.0555555555555554;0.0;1011.68;0.0;Showers in the Vicinity
1493762400;25.0;24.0;0.94;WSW;2.5;0.0;1011.68;0.0;Mostly Cloudy
1493766000;25.0;24.0;0.94;S;3.0555555555555554;0.0;1012.68;0.0;Light Rain
1493769600;25.0;24.0;0.94;S;2.5;0.0;1012.68;0.0;Showers in the Vicinity
1493772420;24.0;24.0;1.0;ESE;2.5;0.0;1012.68;0.0;Light Rain
1493773200;24.0;24.0;1.0;S;1.9444444444444444;0.0;1012.68;0.0;Light Rain
1493774700;24.0;24.0;1.0;SSW;3.611111111111111;0.0;1012.68;0.0;Showers in the Vicinity
1493776800;24.0;24.0;1.0;SSW;3.0555555555555554;0.0;1011.68;0.0;Showers in the Vicinity
1493780400;24.0;24.0;1.0;E;1.9444444444444444;0.0;1011.68;0.0;Light Rain
1493781540;24.0;24.0;1.0;SW;1.6666666666666665;0.0;1011.68;0.0;Light Rain
1493784000;24.0;24.0;1.0;SW;2.5;0.0;1010.68;0.0;Showers in the Vicinity
1493787600;24.0;24.0;1.0;SSW;2.5;0.0;1010.68;0.0;Mostly Cloudy
1493791200;25.0;24.0;0.94;S;2.5;0.0;1010.68;0.0;Mostly Cloudy
1493794800;25.0;24.0;0.94;SSW;1.9444444444444444;0.0;1010.68;0.0;Mostly Cloudy
1493798400;25.0;24.0;0.94;SW;1.6666666666666665;0.0;1010.68;0.0;Mostly Cloudy
1493802000;24.0;24.0;1.0;WSW;2.5;0.0;1011.68;0.0;Mostly Cloudy
1493805600;25.0;24.0;0.94;SSW;1.9444444444444444;0.0;1011.68;0.0;Mostly Cloudy
1493809200;25.0;24.0;0.94;SSW;2.5;0.0;0.0;0.0;Showers in the Vicinity
1493812800;27.0;25.0;0.89;S;4.722222222222222;0.0;1012.68;0.0;Showers in the Vicinity
1493816400;28.0;26.0;0.89;SSE;7.222222222222222;0.0;0.0;0.0;Showers in the Vicinity
1493820000;29.0;25.0;0.79;SSE;7.222222222222222;0.0;1011.68;0.0;Partly Cloudy
1493823600;30.0;24.0;0.7;SE;6.666666666666666;0.0;1010.68;0.0;Partly Cloudy
1493827200;30.0;25.0;0.74;SE;7.777777777777778;0.0;1010.68;0.0;Mostly Cloudy
1493830800;30.0;25.0;0.74;SSE;7.777777777777778;0.0;1010.68;0.0;Mostly Cloudy
1493834400;30.0;25.0;0.74;SSE;6.666666666666666;0.0;1009.68;0.0;Partly Cloudy
1493838000;29.0;24.0;0.74;SSE;7.222222222222222;0.0;1010.68;0.0;Partly Cloudy
1493845200;28.0;23.0;0.74;SSE;5.555555555555555;0.0;1011.68;0.0;Partly Cloudy
1493848800;28.0;24.0;0.79;SSE;6.111111111111111;0.0;1011.68;0.0;Partly Cloudy
1493852400;28.0;23.0;0.74;SSE;5.555555555555555;0.0;1012.68;0.0;Partly Cloudy
1493856000;27.0;23.0;0.79;SSE;5.277777777777778;0.0;1012.68;0.0;Partly Cloudy
1493859600;27.0;23.0;0.79;SE;5.277777777777778;0.0;1011.68;0.0;Partly Cloudy
1493863200;27.0;24.0;0.84;SE;4.166666666666667;0.0;1011.68;0.0;Partly Cloudy
1493866800;27.0;23.0;0.79;SE;4.722222222222222;0.0;1011.68;0.0;Partly Cloudy
1493870400;27.0;23.0;0.79;SE;3.611111111111111;0.0;1010.68;0.0;Partly Cloudy
1493874000;27.0;23.0;0.79;SE;4.166666666666667;0.0;1010.68;0.0;Partly Cloudy
1493877600;27.0;24.0;0.84;SE;4.722222222222222;0.0;1009.68;0.0;Mostly Cloudy
1493881200;27.0;23.0;0.79;SE;3.0555555555555554;0.0;1009.68;0.0;Partly Cloudy
1493884800;27.0;23.0;0.79;SE;4.166666666666667;0.0;1009.68;0.0;Partly Cloudy
1493888400;27.0;24.0;0.84;SE;4.166666666666667;0.0;1010.68;0.0;Partly Cloudy
1493892000;28.0;24.0;0.79;SE;4.722222222222222;0.0;1010.68;0.0;Mostly Cloudy
1493895600;28.0;24.0;0.79;SSE;6.111111111111111;0.0;1011.68;0.0;Mostly Cloudy
1493899200;29.0;24.0;0.74;SE;5.555555555555555;0.0;1012.68;0.0;Partly Cloudy
1493902800;29.0;24.0;0.74;SE;6.111111111111111;0.0;1011.68;0.0;Partly Cloudy
1493906400;30.0;24.0;0.7;SE;5.555555555555555;0.0;1011.68;0.0;Partly Cloudy
1493910000;30.0;25.0;0.74;SSE;6.666666666666666;0.0;1010.68;0.0;Partly Cloudy
1493913600;29.0;24.0;0.74;SSE;5.555555555555555;0.0;1009.68;0.0;Partly Cloudy
1493917200;30.0;24.0;0.7;SE;4.722222222222222;0.0;1009.68;0.0;Partly Cloudy
1493920800;29.0;24.0;0.74;SE;6.111111111111111;0.0;1008.68;0.0;Partly Cloudy
1493924400;29.0;23.0;0.7;SE;6.666666666666666;0.0;1009.68;0.0;Partly Cloudy
1493928000;28.0;23.0;0.74;SE;6.111111111111111;0.0;1009.68;0.0;Partly Cloudy
1493931600;29.0;23.0;0.7;SE;5.277777777777778;0.0;1010.68;0.0;Fair
1493935200;28.0;22.0;0.7;SE;4.722222222222222;0.0;1010.68;0.0;Fair
1493938800;28.0;23.0;0.74;SE;5.277777777777778;0.0;1011.68;0.0;Fair
1493942400;27.0;24.0;0.84;SE;5.277777777777778;0.0;1011.68;0.0;Partly Cloudy
1493946000;28.0;23.0;0.74;SE;4.166666666666667;0.0;1011.68;0.0;Partly Cloudy
1493949600;28.0;22.0;0.7;SE;2.5;0.0;1011.68;0.0;Partly Cloudy
1493953200;27.0;23.0;0.79;SE;4.166666666666667;0.0;1010.68;0.0;Fair
1493956800;28.0;23.0;0.74;SE;3.0555555555555554;0.0;1010.68;0.0;Partly Cloudy
1493960400;27.0;22.0;0.74;SE;4.166666666666667;0.0;1009.68;0.0;Fair
1493964000;27.0;22.0;0.74;SE;3.611111111111111;0.0;1009.68;0.0;Fair
1493967600;27.0;23.0;0.79;SE;3.611111111111111;0.0;1009.68;0.0;Fair
1493971200;27.0;23.0;0.79;ESE;3.0555555555555554;0.0;1009.68;0.0;Partly Cloudy
1493974800;28.0;23.0;0.74;SE;3.0555555555555554;0.0;1010.68;0.0;Mostly Cloudy
1493978400;29.0;23.0;0.7;ESE;4.166666666666667;0.0;1010.68;0.0;Partly Cloudy
1493982000;29.0;23.0;0.7;ESE;3.611111111111111;0.0;1011.68;0.0;Partly Cloudy
1493985600;29.0;25.0;0.79;SE;5.555555555555555;0.0;1011.68;0.0;Partly Cloudy
1493989200;29.0;24.0;0.74;ESE;1.9444444444444444;0.0;1012.68;0.0;Partly Cloudy
1493992800;30.0;24.0;0.7;SE;5.555555555555555;0.0;1011.68;0.0;Partly Cloudy
1493996400;30.0;24.0;0.7;SE;4.166666666666667;0.0;1010.68;0.0;Partly Cloudy
1494000000;30.0;23.0;0.66;SE;5.555555555555555;0.0;1010.68;0.0;Partly Cloudy
1494003600;30.0;24.0;0.7;SE;3.611111111111111;0.0;1009.68;0.0;Partly Cloudy
1494007200;29.0;23.0;0.7;SE;4.722222222222222;0.0;1009.68;0.0;Fair
1494010800;29.0;23.0;0.7;SSE;4.722222222222222;0.0;1009.68;0.0;Fair
1494014400;28.0;24.0;0.79;SSE;4.722222222222222;0.0;1009.68;0.0;Fair
1494018000;28.0;23.0;0.74;SE;4.166666666666667;0.0;1010.68;0.0;Fair
1494021600;28.0;24.0;0.79;SSE;4.166666666666667;0.0;1010.68;0.0;Fair
1494025200;28.0;25.0;0.84;SSE;4.722222222222222;0.0;1011.68;0.0;Partly Cloudy
1494028800;28.0;24.0;0.79;SE;4.166666666666667;0.0;1011.68;0.0;Fair
1494032400;27.0;24.0;0.84;SSE;4.722222222222222;0.0;1011.68;0.0;Fair
1494036000;27.0;24.0;0.84;SE;4.722222222222222;0.0;1011.68;0.0;Fair
1494126000;26.0;24.0;0.89;SE;4.722222222222222;0.0;1011.68;0.0;Light Rain
1494129600;25.0;24.0;0.94;S;1.9444444444444444;0.0;1010.68;0.0;Light Rain
1494133200;24.0;23.0;0.94;S;3.611111111111111;0.0;1009.68;0.0;Light Rain
1494136800;24.0;24.0;1.0;S;3.611111111111111;0.0;1009.68;0.0;Light Rain
1494140400;24.0;24.0;1.0;SSW;3.611111111111111;0.0;1009.68;0.0;Cloudy
1494144000;25.0;24.0;0.94;S;2.5;0.0;1009.68;0.0;Mostly Cloudy
1494147600;25.0;24.0;0.94;SSW;2.5;0.0;1010.68;0.0;Mostly Cloudy
1494151200;25.0;24.0;0.94;SSW;1.9444444444444444;0.0;1010.68;0.0;Mostly Cloudy
1494154800;26.0;24.0;0.89;S;1.6666666666666665;0.0;1011.68;0.0;Mostly Cloudy
1494158400;28.0;25.0;0.84;SSE;5.277777777777778;0.0;1011.68;0.0;Mostly Cloudy
1494162000;29.0;25.0;0.79;S;4.722222222222222;0.0;1011.68;0.0;Mostly Cloudy
1494165600;30.0;24.0;0.7;S;5.277777777777778;0.0;1010.68;0.0;Partly Cloudy
1494169200;30.0;24.0;0.7;SSE;5.277777777777778;0.0;1009.68;0.0;Fair
1494172800;29.0;25.0;0.79;SSE;7.222222222222222;0.0;1008.68;0.0;Mostly Cloudy
1494176400;29.0;24.0;0.74;SE;5.277777777777778;0.0;1008.68;0.0;Partly Cloudy
1494180000;28.0;25.0;0.84;SSE;5.277777777777778;0.0;0.0;0.0;Showers in the Vicinity
1494180900;26.0;25.0;0.94;E;5.277777777777778;0.0;1008.68;0.0;Light Rain
1494183600;26.0;25.0;0.94;SE;3.611111111111111;0.0;1008.68;0.0;Showers in the Vicinity
1494187200;26.0;25.0;0.94;SE;3.611111111111111;0.0;1008.68;0.0;Mostly Cloudy
1494190800;26.0;25.0;0.94;SSE;5.277777777777778;0.0;1009.68;0.0;Showers in the Vicinity
1494194400;26.0;25.0;0.94;SSE;5.277777777777778;0.0;1009.68;0.0;Partly Cloudy
1494198000;26.0;24.0;0.89;S;2.5;0.0;1010.68;0.0;Partly Cloudy
1494201600;26.0;24.0;0.89;SSW;2.5;0.0;1010.68;0.0;Partly Cloudy
1494205200;25.0;25.0;1.0;SW;1.9444444444444444;0.0;1010.68;0.0;Mostly Cloudy
1494208800;25.0;25.0;1.0;SSW;1.9444444444444444;0.0;1010.68;0.0;Mostly Cloudy
1494298800;25.0;24.0;0.94;WSW;1.6666666666666665;0.0;1010.68;0.0;Mostly Cloudy
1494302400;25.0;24.0;0.94;CALM;0.0;0.0;1009.68;0.0;Mostly Cloudy
1494306000;25.0;24.0;0.94;SSW;2.5;0.0;1009.68;0.0;Mostly Cloudy
1494309600;25.0;24.0;0.94;CALM;0.0;0.0;1009.68;0.0;Mostly Cloudy
1494313200;25.0;24.0;0.94;CALM;0.0;0.0;1009.68;0.0;Mostly Cloudy
1494316800;25.0;24.0;0.94;SW;1.9444444444444444;0.0;1009.68;0.0;Mostly Cloudy
1494320400;25.0;24.0;0.94;SW;3.0555555555555554;0.0;1010.68;0.0;Mostly Cloudy
1494322680;25.0;25.0;1.0;CALM;0.0;0.0;1010.68;0.0;Thunder
1494324000;25.0;24.0;0.94;CALM;0.0;0.0;0.0;0.0;T-Storm
1494325260;24.0;24.0;1.0;SSE;2.5;0.0;0.0;0.0;Heavy Rain
1494326220;24.0;24.0;1.0;SW;1.6666666666666665;0.0;0.0;0.0;Rain
1494327600;24.0;24.0;1.0;WSW;1.9444444444444444;0.0;1011.68;0.0;Light Rain
1494331200;26.0;25.0;0.94;SSW;1.9444444444444444;0.0;1012.68;0.0;Light Rain
1494334800;27.0;26.0;0.94;SSW;3.0555555555555554;0.0;1012.68;0.0;Showers in the Vicinity
1494338400;28.0;25.0;0.84;SE;3.0555555555555554;0.0;0.0;0.0;Showers in the Vicinity
1494341160;26.0;25.0;0.94;SE;4.722222222222222;0.0;1011.68;0.0;Rain Shower
1494342000;25.0;25.0;1.0;SE;6.666666666666666;0.0;0.0;0.0;Heavy Rain Shower
1494345600;24.0;24.0;1.0;SE;4.166666666666667;0.0;1010.68;0.0;Rain
1494346680;25.0;25.0;1.0;SSE;3.611111111111111;0.0;1010.68;0.0;Light Rain
1494349200;26.0;25.0;0.94;S;3.0555555555555554;0.0;1009.68;0.0;Light Rain
1494352800;27.0;25.0;0.89;S;4.166666666666667;0.0;1009.68;0.0;Mostly Cloudy
1494356400;27.0;25.0;0.89;SSE;3.611111111111111;0.0;1009.68;0.0;Mostly Cloudy
1494360000;26.0;25.0;0.94;SE;4.722222222222222;0.0;1010.68;0.0;Showers in the Vicinity
1494363600;26.0;24.0;0.89;SE;2.5;0.0;1009.68;0.0;Partly Cloudy
1494367200;26.0;24.0;0.89;SE;1.9444444444444444;0.0;1010.68;0.0;Partly Cloudy
1494370800;26.0;24.0;0.89;SE;2.5;0.0;1010.68;0.0;Partly Cloudy
1494374400;25.0;24.0;0.94;WSW;1.6666666666666665;0.0;1011.68;0.0;Fair
1494378000;25.0;25.0;1.0;SW;1.6666666666666665;0.0;1011.68;0.0;Fair
1494381600;25.0;25.0;1.0;SSW;1.9444444444444444;0.0;1011.68;0.0;Partly Cloudy
1494385200;25.0;24.0;0.94;SSW;1.6666666666666665;0.0;1010.68;0.0;Partly Cloudy
1494388800;25.0;24.0;0.94;WSW;1.6666666666666665;0.0;1010.68;0.0;Partly Cloudy
1494392400;25.0;24.0;0.94;S;1.1111111111111112;0.0;1010.68;0.0;Light Rain
1494396000;25.0;24.0;0.94;SSW;1.9444444444444444;0.0;1009.68;0.0;Showers in the Vicinity
1494399600;25.0;24.0;0.94;SSW;1.6666666666666665;0.0;1009.68;0.0;Mostly Cloudy
1494403200;25.0;24.0;0.94;SW;1.1111111111111112;0.0;1009.68;0.0;Mostly Cloudy
1494406800;25.0;24.0;0.94;SSW;1.1111111111111112;0.0;1010.68;0.0;Partly Cloudy
1494410400;25.0;25.0;1.0;S;3.0555555555555554;0.0;1011.68;0.0;Light Rain
1494414000;26.0;25.0;0.94;S;1.9444444444444444;0.0;1012.68;0.0;Mostly Cloudy
1494417600;27.0;26.0;0.94;S;3.0555555555555554;0.0;1012.68;0.0;Showers in the Vicinity
1494421200;28.0;26.0;0.89;SE;2.5;0.0;1012.68;0.0;Showers in the Vicinity
1494424800;29.0;25.0;0.79;SE;4.722222222222222;0.0;1011.68;0.0;Mostly Cloudy
1494428400;28.0;25.0;0.84;SE;5.277777777777778;0.0;1011.68;0.0;Partly Cloudy
1494432000;29.0;24.0;0.74;SE;3.611111111111111;0.0;1010.68;0.0;Partly Cloudy
1494435600;28.0;24.0;0.79;SE;3.611111111111111;0.0;1009.68;0.0;Mostly Cloudy
1494439200;28.0;25.0;0.84;E;3.0555555555555554;0.0;1009.68;0.0;Partly Cloudy
1494442800;28.0;25.0;0.84;ESE;3.0555555555555554;0.0;1009.68;0.0;Partly Cloudy
1494446400;27.0;24.0;0.84;SSE;2.5;0.0;1009.68;0.0;Fair
1494450000;27.0;25.0;0.89;SE;3.0555555555555554;0.0;1009.68;0.0;Fair
1494453600;27.0;25.0;0.89;SE;3.611111111111111;0.0;1010.68;0.0;Fair
1494457200;27.0;25.0;0.89;SE;2.5;0.0;1010.68;0.0;Fair
1494460800;27.0;25.0;0.89;SSE;3.0555555555555554;0.0;1011.68;0.0;Fair
1494464400;27.0;25.0;0.89;SSE;3.0555555555555554;0.0;1011.68;0.0;Partly Cloudy
1494468000;28.0;25.0;0.84;SE;2.5;0.0;1011.68;0.0;Partly Cloudy
1494471600;26.0;25.0;0.94;SW;1.9444444444444444;0.0;1011.68;0.0;Light Rain
1494475200;26.0;25.0;0.94;SW;1.6666666666666665;0.0;1010.68;0.0;Partly Cloudy
1494478800;26.0;25.0;0.94;SW;1.9444444444444444;0.0;1010.68;0.0;Partly Cloudy
1494482400;25.0;25.0;1.0;SW;2.5;0.0;1009.68;0.0;Mostly Cloudy
1494486000;25.0;25.0;1.0;WSW;1.1111111111111112;0.0;1009.68;0.0;Partly Cloudy
1494489600;25.0;25.0;1.0;WSW;1.1111111111111112;0.0;1010.68;0.0;Partly Cloudy
1494493200;25.0;25.0;1.0;W;1.1111111111111112;0.0;1010.68;0.0;Partly Cloudy
1494496800;26.0;25.0;0.94;SE;1.1111111111111112;0.0;1011.68;0.0;Partly Cloudy
1494500400;28.0;26.0;0.89;SSW;1.6666666666666665;0.0;1011.68;0.0;Partly Cloudy
1494504000;29.0;25.0;0.79;SSE;4.166666666666667;0.0;1011.68;0.0;Mostly Cloudy
1494507600;28.0;25.0;0.84;SSE;5.555555555555555;0.0;1011.68;0.0;Light Rain Shower
1494511200;30.0;26.0;0.79;SE;4.166666666666667;0.0;1011.68;0.0;Showers in the Vicinity
1494514800;30.0;25.0;0.74;SSE;4.722222222222222;0.0;1010.68;0.0;Fair
1494518400;30.0;25.0;0.74;SE;5.277777777777778;0.0;1009.68;0.0;Fair
1494522000;28.0;25.0;0.84;SSE;6.666666666666666;0.0;1009.68;0.0;Mostly Cloudy
1494525600;29.0;25.0;0.79;S;6.111111111111111;0.0;1009.68;0.0;Fair
1494529200;29.0;26.0;0.84;S;6.666666666666666;0.0;1009.68;0.0;Partly Cloudy
1494532800;29.0;24.0;0.74;S;4.722222222222222;0.0;1009.68;0.0;Mostly Cloudy
1494536400;28.0;24.0;0.79;SSW;3.611111111111111;0.0;1009.68;0.0;Mostly Cloudy
1494540000;27.0;25.0;0.89;SSW;3.0555555555555554;0.0;1010.68;0.0;Mostly Cloudy
1494543600;27.0;25.0;0.89;SSW;3.0555555555555554;0.0;1011.68;0.0;Fair
1494547200;26.0;25.0;0.94;SSW;2.5;0.0;1011.68;0.0;Fair
1494550800;26.0;25.0;0.94;S;3.0555555555555554;0.0;1012.68;0.0;Partly Cloudy
1494554400;26.0;25.0;0.94;S;2.5;0.0;1012.68;0.0;Partly Cloudy
1494558000;26.0;25.0;0.94;ESE;1.9444444444444444;0.0;1011.68;0.0;Partly Cloudy
1494561600;25.0;25.0;1.0;SSW;1.1111111111111112;0.0;1011.68;0.0;Partly Cloudy
1494565200;26.0;24.0;0.89;SW;3.0555555555555554;0.0;1011.68;0.0;Partly Cloudy
1494568800;26.0;24.0;0.89;SW;3.0555555555555554;0.0;1010.68;0.0;Partly Cloudy
1494572400;26.0;24.0;0.89;SSW;3.0555555555555554;0.0;1010.68;0.0;Mostly Cloudy
1494576000;25.0;24.0;0.94;SSW;3.611111111111111;0.0;1011.68;0.0;Mostly Cloudy
1494579600;25.0;23.0;0.89;SW;2.5;0.0;1011.68;0.0;Partly Cloudy
1494583200;26.0;24.0;0.89;SSW;2.5;0.0;1012.68;0.0;Fair
1494586800;28.0;24.0;0.79;SSW;4.722222222222222;0.0;1013.68;0.0;Fair
1494590400;29.0;24.0;0.74;S;6.111111111111111;0.0;1013.68;0.0;Partly Cloudy
1494594000;30.0;22.0;0.62;S;7.777777777777778;0.0;1013.68;0.0;Fair
1494597600;30.0;23.0;0.66;S;7.222222222222222;0.0;1012.68;0.0;Partly Cloudy
1494601200;31.0;23.0;0.62;SSE;7.222222222222222;0.0;1012.68;0.0;Fair
1494604800;30.0;23.0;0.66;SSE;7.777777777777778;0.0;1011.68;0.0;Fair
1494608400;30.0;23.0;0.66;S;7.777777777777778;0.0;1011.68;0.0;Partly Cloudy
1494612000;29.0;23.0;0.7;S;7.222222222222222;0.0;1010.68;0.0;Fair
1494615600;29.0;24.0;0.74;S;6.666666666666666;0.0;1011.68;0.0;Fair
1494619200;28.0;23.0;0.74;S;6.111111111111111;0.0;1011.68;0.0;Partly Cloudy
1494622800;28.0;23.0;0.74;ESE;6.111111111111111;0.0;1011.68;0.0;Partly Cloudy
1494626400;27.0;23.0;0.79;S;5.277777777777778;0.0;1012.68;0.0;Partly Cloudy
1494630000;27.0;23.0;0.79;SSW;4.166666666666667;0.0;1013.68;0.0;Partly Cloudy
1494633600;26.0;23.0;0.83;SW;3.0555555555555554;0.0;1013.68;0.0;Partly Cloudy
1494637200;26.0;23.0;0.83;SSW;3.0555555555555554;0.0;1013.68;0.0;Partly Cloudy
1494640800;26.0;23.0;0.83;SSW;2.5;0.0;1013.68;0.0;Mostly Cloudy
1494730800;27.0;23.0;0.79;SSE;4.722222222222222;0.0;1013.68;0.0;Fair
1494734400;26.0;23.0;0.83;SSW;2.5;0.0;1012.68;0.0;Fair
1494738000;25.0;23.0;0.89;SSW;1.9444444444444444;0.0;1011.68;0.0;Fair
1494741600;25.0;23.0;0.89;SW;1.9444444444444444;0.0;1011.68;0.0;Partly Cloudy
1494745200;25.0;23.0;0.89;SSW;1.6666666666666665;0.0;1011.68;0.0;Mostly Cloudy
1494748800;24.0;23.0;0.94;SSW;1.6666666666666665;0.0;1011.68;0.0;Partly Cloudy
1494752400;24.0;23.0;0.94;S;1.1111111111111112;0.0;1012.68;0.0;Fair
1494756000;26.0;23.0;0.83;SSW;1.1111111111111112;0.0;1012.68;0.0;Fair
1494759600;28.0;24.0;0.79;WSW;1.1111111111111112;0.0;1013.68;0.0;Fair
1494763200;29.0;23.0;0.7;SSE;4.166666666666667;0.0;1013.68;0.0;Fair
1494766800;30.0;23.0;0.66;SSE;3.611111111111111;0.0;1013.68;0.0;Fair
1494770400;30.0;24.0;0.7;SSE;3.611111111111111;0.0;1013.68;0.0;Fair
1494774000;30.0;23.0;0.66;SE;4.166666666666667;0.0;1012.68;0.0;Fair
1494777600;30.0;23.0;0.66;SSE;4.166666666666667;0.0;1011.68;0.0;Fair
1494781200;30.0;24.0;0.7;SE;4.166666666666667;0.0;1010.68;0.0;Fair
1494784800;29.0;24.0;0.74;ESE;3.611111111111111;0.0;1010.68;0.0;Fair
1494788400;29.0;24.0;0.74;ESE;2.5;0.0;1010.68;0.0;Fair
1494792000;28.0;24.0;0.79;SE;2.5;0.0;1010.68;0.0;Fair
1494795600;28.0;24.0;0.79;ESE;2.5;0.0;1010.68;0.0;Fair
1494799200;28.0;24.0;0.79;E;1.9444444444444444;0.0;1011.68;0.0;Fair
1494802800;28.0;24.0;0.79;E;1.9444444444444444;0.0;1011.68;0.0;Fair
1494806400;28.0;24.0;0.79;E;1.9444444444444444;0.0;1012.68;0.0;Fair
1494810000;28.0;24.0;0.79;E;2.5;0.0;1012.68;0.0;Fair
1494813600;28.0;24.0;0.79;E;2.5;0.0;1012.68;0.0;Partly Cloudy
1494817200;28.0;25.0;0.84;E;1.9444444444444444;0.0;1011.68;0.0;Partly Cloudy
1494820800;28.0;25.0;0.84;E;1.9444444444444444;0.0;1011.68;0.0;Partly Cloudy
1494824400;28.0;24.0;0.79;E;1.6666666666666665;0.0;1011.68;0.0;Partly Cloudy
1494828000;25.0;24.0;0.94;NW;1.6666666666666665;0.0;1011.68;0.0;Partly Cloudy
1494831600;25.0;24.0;0.94;NW;1.9444444444444444;0.0;1011.68;0.0;Partly Cloudy
1494835200;25.0;24.0;0.94;WNW;1.1111111111111112;0.0;1011.68;0.0;Partly Cloudy
1494838800;25.0;24.0;0.94;NW;1.1111111111111112;0.0;1011.68;0.0;Partly Cloudy
1494842400;26.0;25.0;0.94;NNW;1.6666666666666665;0.0;1012.68;0.0;Fair
1494846000;28.0;25.0;0.84;WNW;1.9444444444444444;0.0;1013.68;0.0;Fair
1494849600;29.0;25.0;0.79;NNW;1.6666666666666665;0.0;1013.68;0.0;Partly Cloudy
1494853200;29.0;24.0;0.74;ENE;1.9444444444444444;0.0;1013.68;0.0;Fair
1494856800;31.0;25.0;0.7;ENE;3.0555555555555554;0.0;1012.68;0.0;Partly Cloudy
1494860400;31.0;25.0;0.7;ENE;4.722222222222222;0.0;1011.68;0.0;Fair
1494864000;30.0;25.0;0.74;ENE;4.166666666666667;0.0;1011.68;0.0;Fair
1494867600;30.0;24.0;0.7;ENE;4.722222222222222;0.0;1010.68;0.0;Fair
1494871200;30.0;25.0;0.74;E;4.166666666666667;0.0;1010.68;0.0;Fair
1494874800;30.0;25.0;0.74;E;3.0555555555555554;0.0;1010.68;0.0;Fair
1494878400;30.0;25.0;0.74;ENE;3.0555555555555554;0.0;1010.68;0.0;Fair
1494882000;29.0;25.0;0.79;ENE;3.0555555555555554;0.0;1011.68;0.0;Fair
1494885600;29.0;26.0;0.84;ENE;3.0555555555555554;0.0;1011.68;0.0;Fair
1494889200;29.0;25.0;0.79;ENE;3.0555555555555554;0.0;1011.68;0.0;Partly Cloudy
1494892800;28.0;25.0;0.84;NE;3.0555555555555554;0.0;1012.68;0.0;Partly Cloudy
1494896400;28.0;25.0;0.84;NE;1.9444444444444444;0.0;1012.68;0.0;Partly Cloudy
1494900000;28.0;25.0;0.84;NNE;1.9444444444444444;0.0;1011.68;0.0;Fair
1495076400;28.0;26.0;0.89;ESE;3.611111111111111;0.0;1011.68;0.0;Partly Cloudy
1495080000;28.0;25.0;0.84;ESE;3.0555555555555554;0.0;1010.68;0.0;Partly Cloudy
1495083600;28.0;25.0;0.84;ESE;3.611111111111111;0.0;1010.68;0.0;Partly Cloudy
1495087200;28.0;25.0;0.84;SE;1.9444444444444444;0.0;1010.68;0.0;Partly Cloudy
1495090800;28.0;25.0;0.84;ESE;1.9444444444444444;0.0;1010.68;0.0;Fair
1495094400;27.0;24.0;0.84;SE;1.9444444444444444;0.0;1010.68;0.0;Partly Cloudy
1495098000;28.0;25.0;0.84;ESE;2.5;0.0;1010.68;0.0;Partly Cloudy
1495101600;28.0;25.0;0.84;SE;3.611111111111111;0.0;1011.68;0.0;Partly Cloudy
1495105200;29.0;25.0;0.79;SE;3.611111111111111;0.0;1012.68;0.0;Mostly Cloudy
1495108800;29.0;25.0;0.79;E;4.166666666666667;0.0;1012.68;0.0;Mostly Cloudy
1495112400;30.0;25.0;0.74;SE;4.722222222222222;0.0;1011.68;0.0;Partly Cloudy
1495116000;30.0;25.0;0.74;ESE;4.166666666666667;0.0;1011.68;0.0;Partly Cloudy
1495119600;31.0;25.0;0.7;E;5.277777777777778;0.0;1010.68;0.0;Partly Cloudy
1495123200;30.0;25.0;0.74;ESE;5.277777777777778;0.0;1009.68;0.0;Partly Cloudy
1495126800;29.0;25.0;0.79;SE;4.722222222222222;0.0;1009.68;0.0;Mostly Cloudy
1495130400;29.0;25.0;0.79;ESE;4.166666666666667;0.0;1008.68;0.0;Partly Cloudy
1495134000;29.0;25.0;0.79;SE;4.166666666666667;0.0;1009.68;0.0;Partly Cloudy
1495137600;29.0;25.0;0.79;SE;4.166666666666667;0.0;1009.68;0.0;Partly Cloudy
1495141200;29.0;25.0;0.79;SE;4.166666666666667;0.0;1009.68;0.0;Fair
1495144800;28.0;25.0;0.84;SE;4.722222222222222;0.0;1010.68;0.0;Partly Cloudy
1495148400;28.0;25.0;0.84;SE;4.722222222222222;0.0;1010.68;0.0;Partly Cloudy
1495152000;27.0;25.0;0.89;SE;4.166666666666667;0.0;1010.68;0.0;Partly Cloudy
1495155600;27.0;25.0;0.89;SE;4.166666666666667;0.0;1010.68;0.0;Partly Cloudy
1495159200;27.0;25.0;0.89;SE;4.722222222222222;0.0;1010.68;0.0;Partly Cloudy
1495162800;27.0;24.0;0.84;SE;4.166666666666667;0.0;1010.68;0.0;Partly Cloudy
1495166400;27.0;24.0;0.84;SE;4.166666666666667;0.0;1009.68;0.0;Partly Cloudy
1495170000;27.0;25.0;0.89;SE;3.611111111111111;0.0;1009.68;0.0;Partly Cloudy
1495173600;27.0;24.0;0.84;SE;3.611111111111111;0.0;1008.68;0.0;Mostly Cloudy
1495177200;27.0;24.0;0.84;SSE;4.722222222222222;0.0;1009.68;0.0;Mostly Cloudy
1495180800;26.0;24.0;0.89;SSE;2.5;0.0;1009.68;0.0;Partly Cloudy
1495184400;25.0;24.0;0.94;W;2.5;0.0;1009.68;0.0;Partly Cloudy
1495188000;27.0;24.0;0.84;W;2.5;0.0;1010.68;0.0;Partly Cloudy
1495191600;29.0;24.0;0.74;SE;4.166666666666667;0.0;1010.68;0.0;Partly Cloudy
1495195200;29.0;24.0;0.74;SE;4.722222222222222;0.0;1010.68;0.0;Partly Cloudy
1495198800;30.0;24.0;0.7;SE;4.166666666666667;0.0;1010.68;0.0;Fair
1495202400;30.0;25.0;0.74;SE;5.277777777777778;0.0;1010.68;0.0;Fair
1495206000;30.0;25.0;0.74;SE;4.722222222222222;0.0;1009.68;0.0;Fair
1495209600;30.0;24.0;0.7;SE;5.555555555555555;0.0;1008.68;0.0;Partly Cloudy
1495213200;30.0;24.0;0.7;SE;6.111111111111111;0.0;1008.68;0.0;Partly Cloudy
1495216800;29.0;24.0;0.74;SSE;5.555555555555555;0.0;1008.68;0.0;Fair
1495220400;29.0;24.0;0.74;SE;4.722222222222222;0.0;1008.68;0.0;Fair
1495224000;28.0;23.0;0.74;SSE;5.555555555555555;0.0;1009.68;0.0;Partly Cloudy
1495227600;29.0;24.0;0.74;SSE;5.277777777777778;0.0;1009.68;0.0;Partly Cloudy
1495231200;29.0;24.0;0.74;SE;5.277777777777778;0.0;1010.68;0.0;Partly Cloudy
1495234800;28.0;24.0;0.79;SSE;4.722222222222222;0.0;1010.68;0.0;Partly Cloudy
1495238400;28.0;24.0;0.79;SE;4.722222222222222;0.0;1010.68;0.0;Partly Cloudy
1495242000;28.0;24.0;0.79;SE;5.277777777777778;0.0;1010.68;0.0;Partly Cloudy
1495245600;28.0;25.0;0.84;SSE;4.166666666666667;0.0;1010.68;0.0;Partly Cloudy
1495335600;27.0;25.0;0.89;ENE;1.1111111111111112;0.0;1011.68;0.0;Partly Cloudy
1495339200;27.0;24.0;0.84;E;1.6666666666666665;0.0;1011.68;0.0;Partly Cloudy
1495342800;27.0;24.0;0.84;E;2.5;0.0;1010.68;0.0;Partly Cloudy
1495346400;28.0;24.0;0.79;E;1.9444444444444444;0.0;1010.68;0.0;Partly Cloudy
1495350000;27.0;24.0;0.84;E;2.5;0.0;1010.68;0.0;Fair
1495353600;26.0;24.0;0.89;E;1.6666666666666665;0.0;1011.68;0.0;Partly Cloudy
1495357200;28.0;24.0;0.79;E;3.0555555555555554;0.0;1011.68;0.0;Partly Cloudy
1495360800;28.0;24.0;0.79;ESE;2.5;0.0;1012.68;0.0;Partly Cloudy
1495364400;29.0;24.0;0.74;ESE;3.611111111111111;0.0;1013.68;0.0;Partly Cloudy
1495368000;30.0;23.0;0.66;E;4.166666666666667;0.0;1013.68;0.0;Partly Cloudy
1495371600;29.0;24.0;0.74;E;5.277777777777778;0.0;1013.68;0.0;Partly Cloudy
1495375200;30.0;24.0;0.7;E;4.166666666666667;0.0;1012.68;0.0;Partly Cloudy
1495378800;30.0;24.0;0.7;E;4.166666666666667;0.0;1012.68;0.0;Partly Cloudy
1495382400;30.0;24.0;0.7;ESE;5.277777777777778;0.0;1011.68;0.0;Partly Cloudy
1495386000;30.0;24.0;0.7;E;3.611111111111111;0.0;1011.68;0.0;Partly Cloudy
1495389600;30.0;23.0;0.66;ESE;3.611111111111111;0.0;1010.68;0.0;Fair
1495393200;29.0;23.0;0.7;SE;4.166666666666667;0.0;1011.68;0.0;Mostly Cloudy
1495396800;29.0;24.0;0.74;SE;4.166666666666667;0.0;1011.68;0.0;Mostly Cloudy
1495400400;28.0;23.0;0.74;SE;3.611111111111111;0.0;1011.68;0.0;Mostly Cloudy
1495404000;28.0;24.0;0.79;SE;4.166666666666667;0.0;1011.68;0.0;Mostly Cloudy
1495407600;27.0;25.0;0.89;E;1.9444444444444444;0.0;1012.68;0.0;Partly Cloudy
1495411200;28.0;24.0;0.79;ESE;2.5;0.0;1012.68;0.0;Mostly Cloudy
1495414800;27.0;25.0;0.89;ESE;3.0555555555555554;0.0;1012.68;0.0;Partly Cloudy
1495418400;26.0;25.0;0.94;ESE;3.611111111111111;0.0;1012.68;0.0;Rain Shower
1495419600;26.0;25.0;0.94;ESE;1.6666666666666665;0.0;1012.68;0.0;Light Rain
1495508400;28.0;23.0;0.74;ENE;2.5;0.0;1011.68;0.0;Fair
1495512000;28.0;23.0;0.74;ENE;1.9444444444444444;0.0;1011.68;0.0;Partly Cloudy
1495515600;28.0;23.0;0.74;NE;1.6666666666666665;0.0;1010.68;0.0;Partly Cloudy
1495519200;25.0;23.0;0.89;WNW;1.1111111111111112;0.0;1010.68;0.0;Fair
1495522800;25.0;23.0;0.89;WNW;1.1111111111111112;0.0;1010.68;0.0;Mostly Cloudy
1495526400;24.0;23.0;0.94;NW;1.6666666666666665;0.0;1011.68;0.0;Partly Cloudy
1495530000;24.0;23.0;0.94;NW;1.1111111111111112;0.0;1011.68;0.0;Mostly Cloudy
1495533600;25.0;24.0;0.94;NW;1.6666666666666665;0.0;1012.68;0.0;Mostly Cloudy
1495537200;28.0;24.0;0.79;NW;2.5;0.0;1012.68;0.0;Partly Cloudy
1495540800;29.0;23.0;0.7;E;3.611111111111111;0.0;1013.68;0.0;Mostly Cloudy
1495544400;30.0;24.0;0.7;E;3.0555555555555554;0.0;1013.68;0.0;Mostly Cloudy
1495548000;30.0;23.0;0.66;SE;3.0555555555555554;0.0;1012.68;0.0;Partly Cloudy
1495551600;30.0;23.0;0.66;E;2.5;0.0;1012.68;0.0;Partly Cloudy
1495555200;30.0;24.0;0.7;E;3.0555555555555554;0.0;1011.68;0.0;Partly Cloudy
1495558800;30.0;23.0;0.66;E;2.5;0.0;1010.68;0.0;Partly Cloudy
1495562400;29.0;23.0;0.7;E;3.0555555555555554;0.0;1010.68;0.0;Fair
1495566000;29.0;23.0;0.7;ESE;2.5;0.0;1010.68;0.0;Fair
1495569600;28.0;23.0;0.74;SE;2.5;0.0;1011.68;0.0;Partly Cloudy
1495573200;28.0;23.0;0.74;SE;2.5;0.0;1011.68;0.0;Partly Cloudy
1495576800;28.0;23.0;0.74;SSE;3.0555555555555554;0.0;1012.68;0.0;Partly Cloudy
1495580400;28.0;24.0;0.79;SE;3.611111111111111;0.0;1013.68;0.0;Partly Cloudy
1495584000;26.0;24.0;0.89;SSW;3.611111111111111;0.0;1013.68;0.0;Partly Cloudy
1495587600;26.0;24.0;0.89;SSW;3.0555555555555554;0.0;1013.68;0.0;Partly Cloudy
1495591200;25.0;24.0;0.94;SW;2.5;0.0;1013.68;0.0;Partly Cloudy
1495854000;24.0;23.0;0.94;SW;2.5;0.0;1012.68;0.0;Fair
1495857600;24.0;24.0;1.0;SW;1.6666666666666665;0.0;1011.68;0.0;Fair
1495861200;24.0;23.0;0.94;SW;1.1111111111111112;0.0;1011.68;0.0;Partly Cloudy
1495864800;24.0;23.0;0.94;SW;1.6666666666666665;0.0;1011.68;0.0;Partly Cloudy
1495868400;24.0;23.0;0.94;SW;1.9444444444444444;0.0;1011.68;0.0;Fair
1495872000;24.0;23.0;0.94;CALM;0.0;0.0;1011.68;0.0;Mostly Cloudy
1495875600;24.0;23.0;0.94;SW;1.6666666666666665;0.0;1012.68;0.0;Partly Cloudy
1495879200;26.0;24.0;0.89;SSW;2.5;0.0;1012.68;0.0;Fair
1495882800;27.0;24.0;0.84;SSW;3.611111111111111;0.0;1013.68;0.0;Partly Cloudy
1495886400;29.0;26.0;0.84;S;3.611111111111111;0.0;1013.68;0.0;Partly Cloudy
1495890000;29.0;25.0;0.79;SSE;4.166666666666667;0.0;1013.68;0.0;Partly Cloudy
1495893600;28.0;25.0;0.84;SSE;5.277777777777778;0.0;1013.68;0.0;Partly Cloudy
1495897200;29.0;25.0;0.79;SE;5.555555555555555;0.0;1012.68;0.0;Partly Cloudy
1495900800;30.0;25.0;0.74;SE;5.277777777777778;0.0;1011.68;0.0;Mostly Cloudy
1495904400;28.0;25.0;0.84;SE;5.277777777777778;0.0;1011.68;0.0;Showers in the Vicinity
1495908000;28.0;25.0;0.84;ESE;5.277777777777778;0.0;1010.68;0.0;Showers in the Vicinity
1495911600;27.0;25.0;0.89;ESE;3.0555555555555554;0.0;1011.68;0.0;Partly Cloudy
1495915200;27.0;24.0;0.84;SE;3.611111111111111;0.0;1011.68;0.0;Partly Cloudy
1495918800;26.0;25.0;0.94;E;3.0555555555555554;0.0;1011.68;0.0;Showers in the Vicinity
1495922400;26.0;25.0;0.94;SE;3.0555555555555554;0.0;1012.68;0.0;Partly Cloudy
1495926000;27.0;25.0;0.89;SE;2.5;0.0;1012.68;0.0;Partly Cloudy
1495929600;26.0;25.0;0.94;SE;1.9444444444444444;0.0;1013.68;0.0;Showers in the Vicinity
1495933200;26.0;25.0;0.94;S;3.0555555555555554;0.0;1013.68;0.0;Showers in the Vicinity
1495935120;25.0;25.0;1.0;SE;5.277777777777778;0.0;1013.68;0.0;Light Rain
1495936800;25.0;25.0;1.0;SSE;4.166666666666667;0.0;1013.68;0.0;Showers in the Vicinity
1496286000;25.0;24.0;0.94;SSW;1.9444444444444444;0.0;1013.68;0.0;Showers in the Vicinity
1496289600;25.0;24.0;0.94;SSW;1.6666666666666665;0.0;1012.68;0.0;Showers in the Vicinity
1496293200;25.0;24.0;0.94;WNW;1.6666666666666665;0.0;1012.68;0.0;Partly Cloudy
1496296800;25.0;24.0;0.94;WSW;3.0555555555555554;0.0;1012.68;0.0;Partly Cloudy
1496300400;24.0;24.0;1.0;SW;1.6666666666666665;0.0;1012.68;0.0;Fair
1496304000;24.0;24.0;1.0;CALM;0.0;0.0;1013.68;0.0;Fair
1496307600;24.0;24.0;1.0;SW;1.9444444444444444;0.0;1013.68;0.0;Fair
1496311200;26.0;24.0;0.89;SW;3.0555555555555554;0.0;1013.68;0.0;Fair
1496314800;27.0;24.0;0.84;SW;4.722222222222222;0.0;1014.67;0.0;Fair
1496318400;28.0;24.0;0.79;SSW;3.611111111111111;0.0;1015.67;0.0;Fair
1496322000;29.0;25.0;0.79;S;3.611111111111111;0.0;1014.67;0.0;Partly Cloudy
1496325600;29.0;25.0;0.79;S;3.611111111111111;0.0;1014.67;0.0;Mostly Cloudy
1496329200;29.0;25.0;0.79;SE;6.111111111111111;0.0;1013.68;0.0;Mostly Cloudy
1496332800;28.0;25.0;0.84;ESE;4.166666666666667;0.0;1013.68;0.0;Mostly Cloudy
1496336400;27.0;26.0;0.94;E;4.722222222222222;0.0;1013.68;0.0;Light Rain
1496340000;26.0;25.0;0.94;E;4.722222222222222;0.0;1012.68;0.0;Showers in the Vicinity
1496343600;26.0;24.0;0.89;E;4.722222222222222;0.0;1013.68;0.0;Mostly Cloudy
1496347200;26.0;24.0;0.89;E;2.5;0.0;1013.68;0.0;Mostly Cloudy
1496350800;26.0;24.0;0.89;ESE;3.0555555555555554;0.0;1013.68;0.0;Partly Cloudy
1496354400;26.0;24.0;0.89;CALM;0.0;0.0;1013.68;0.0;Partly Cloudy
1496358000;25.0;24.0;0.94;CALM;0.0;0.0;1013.68;0.0;Partly Cloudy
1496361600;25.0;24.0;0.94;CALM;0.0;0.0;1014.67;0.0;Partly Cloudy
1496365200;25.0;24.0;0.94;NW;1.1111111111111112;0.0;1014.67;0.0;Fair
1496368800;24.0;24.0;1.0;WNW;1.6666666666666665;0.0;1014.67;0.0;Mostly Cloudy
1496458800;25.0;24.0;0.94;SW;2.5;0.0;1013.68;0.0;Partly Cloudy
1496462400;25.0;21.0;0.78;SSW;3.0555555555555554;0.0;1013.68;0.0;Partly Cloudy
1496466000;25.0;24.0;0.94;SW;2.5;0.0;1012.68;0.0;Partly Cloudy
1496469600;25.0;24.0;0.94;SW;2.5;0.0;1012.68;0.0;Partly Cloudy
1496473200;25.0;24.0;0.94;SW;2.5;0.0;1012.68;0.0;Mostly Cloudy
1496476800;25.0;24.0;0.94;SSW;2.5;0.0;1012.68;0.0;Partly Cloudy
1496480400;25.0;24.0;0.94;SSW;2.5;0.0;1012.68;0.0;Mostly Cloudy
1496484000;25.0;24.0;0.94;SSW;2.5;0.0;1013.68;0.0;Mostly Cloudy
1496487600;27.0;25.0;0.89;SSW;1.9444444444444444;0.0;1014.67;0.0;Partly Cloudy
1496491200;29.0;25.0;0.79;S;4.166666666666667;0.0;1014.67;0.0;Mostly Cloudy
1496494800;29.0;25.0;0.79;SSE;5.555555555555555;0.0;1014.67;0.0;Mostly Cloudy
1496498400;30.0;25.0;0.74;SSE;6.111111111111111;0.0;1014.67;0.0;Partly Cloudy
1496502000;29.0;25.0;0.79;SSE;7.222222222222222;0.0;1013.68;0.0;Partly Cloudy
1496505600;28.0;25.0;0.84;SSE;7.222222222222222;0.0;1012.68;0.0;Light Rain
1496509200;27.0;24.0;0.84;S;6.111111111111111;0.0;1012.68;0.0;Partly Cloudy
1496512800;25.0;25.0;1.0;ESE;3.0555555555555554;0.0;1012.68;0.0;Rain
1496513400;25.0;25.0;1.0;CALM;0.0;0.0;1012.68;0.0;Light Rain
1496516400;26.0;24.0;0.89;SSE;2.5;0.0;1012.68;0.0;Showers in the Vicinity
1496520000;27.0;25.0;0.89;S;4.722222222222222;0.0;1012.68;0.0;Showers in the Vicinity
1496523600;27.0;25.0;0.89;S;3.611111111111111;0.0;1013.68;0.0;Partly Cloudy
1496527200;26.0;25.0;0.94;S;3.611111111111111;0.0;1013.68;0.0;Showers in the Vicinity
1496530800;25.0;24.0;0.94;SSW;2.5;0.0;1014.67;0.0;Mostly Cloudy
1496534400;25.0;24.0;0.94;SSW;2.5;0.0;1014.67;0.0;Partly Cloudy
1496538000;25.0;24.0;0.94;SSW;2.5;0.0;1014.67;0.0;Mostly Cloudy
1496541600;25.0;24.0;0.94;S;1.6666666666666665;0.0;1014.67;0.0;Partly Cloudy
1496545200;25.0;24.0;0.94;SW;1.9444444444444444;0.0;1014.67;0.0;Mostly Cloudy
1496548800;25.0;24.0;0.94;S;3.611111111111111;0.0;1013.68;0.0;Mostly Cloudy
1496552400;26.0;24.0;0.89;SSE;4.722222222222222;0.0;1013.68;0.0;Fair
1496556000;26.0;24.0;0.89;SSE;5.277777777777778;0.0;1012.68;0.0;Fair
1496559600;25.0;24.0;0.94;SSE;3.611111111111111;0.0;1013.68;0.0;Mostly Cloudy
1496563200;27.0;24.0;0.84;SE;5.555555555555555;0.0;1013.68;0.0;Fair
1496566800;27.0;23.0;0.79;SE;4.722222222222222;0.0;1013.68;0.0;Partly Cloudy
1496570400;27.0;24.0;0.84;SE;4.722222222222222;0.0;1014.67;0.0;Fair
1496574000;29.0;24.0;0.74;SE;5.555555555555555;0.0;1014.67;0.0;Partly Cloudy
1496577600;29.0;24.0;0.74;SE;6.111111111111111;0.0;1014.67;0.0;Partly Cloudy
1496581200;30.0;24.0;0.7;ESE;6.111111111111111;0.0;1014.67;0.0;Partly Cloudy
1496584800;29.0;24.0;0.74;SE;6.666666666666666;0.0;1014.67;0.0;Mostly Cloudy
1496588400;30.0;23.0;0.66;SE;7.222222222222222;0.0;1013.68;0.0;Partly Cloudy
1496592000;30.0;23.0;0.66;SE;6.666666666666666;0.0;1012.68;0.0;Partly Cloudy
1496595600;29.0;24.0;0.74;SE;6.111111111111111;0.0;1012.68;0.0;Partly Cloudy
1496599200;29.0;24.0;0.74;SSE;6.111111111111111;0.0;1011.68;0.0;Partly Cloudy
1496602800;29.0;23.0;0.7;SE;5.555555555555555;0.0;1012.68;0.0;Fair
1496606400;28.0;23.0;0.74;SE;5.277777777777778;0.0;1012.68;0.0;Partly Cloudy
1496610000;28.0;23.0;0.74;SE;5.277777777777778;0.0;1012.68;0.0;Fair
1496613600;27.0;23.0;0.79;SSE;5.277777777777778;0.0;1013.68;0.0;Fair
1496617200;26.0;24.0;0.89;SE;4.166666666666667;0.0;1013.68;0.0;Partly Cloudy
1496620800;25.0;23.0;0.89;SSE;2.5;0.0;1013.68;0.0;Fair
1496624400;27.0;24.0;0.84;SSE;6.111111111111111;0.0;1014.67;0.0;Showers in the Vicinity
1496628000;27.0;24.0;0.84;SSE;5.277777777777778;0.0;1014.67;0.0;Partly Cloudy
1496804400;27.0;23.0;0.79;ESE;4.722222222222222;0.0;1012.68;0.0;Partly Cloudy
1496808000;27.0;23.0;0.79;SE;4.166666666666667;0.0;1011.68;0.0;Fair
1496811600;27.0;24.0;0.84;SE;4.722222222222222;0.0;1011.68;0.0;Fair
1496815200;27.0;22.0;0.74;ESE;4.722222222222222;0.0;1011.68;0.0;Fair
1496818800;26.0;24.0;0.89;SE;7.222222222222222;0.0;1011.68;0.0;Showers in the Vicinity
1496822400;26.0;23.0;0.83;SE;3.0555555555555554;0.0;1011.68;0.0;Mostly Cloudy
1496826000;26.0;23.0;0.83;SSE;3.0555555555555554;0.0;1011.68;0.0;Partly Cloudy
1496829600;28.0;24.0;0.79;SE;4.722222222222222;0.0;1011.68;0.0;Partly Cloudy
1496833200;27.0;24.0;0.84;ESE;5.555555555555555;0.0;1012.68;0.0;Showers in the Vicinity
1496836800;28.0;24.0;0.79;ESE;5.277777777777778;0.0;1012.68;0.0;Mostly Cloudy
1496840400;28.0;24.0;0.79;SSE;7.222222222222222;0.0;1012.68;0.0;Showers in the Vicinity
1496844000;29.0;24.0;0.74;SE;5.555555555555555;0.0;1011.68;0.0;Partly Cloudy
1496847600;30.0;24.0;0.7;SE;7.222222222222222;0.0;1011.68;0.0;Showers in the Vicinity
1496851200;30.0;24.0;0.7;SE;6.111111111111111;0.0;1010.68;0.0;Partly Cloudy
1496854800;30.0;23.0;0.66;SE;6.666666666666666;0.0;1010.68;0.0;Partly Cloudy
1496858400;29.0;24.0;0.74;SE;5.555555555555555;0.0;1009.68;0.0;Partly Cloudy
1496862000;28.0;24.0;0.79;SE;5.555555555555555;0.0;1009.68;0.0;Partly Cloudy
1496865600;28.0;23.0;0.74;SE;5.277777777777778;0.0;1009.68;0.0;Partly Cloudy
1496869200;28.0;24.0;0.79;ESE;3.611111111111111;0.0;1010.68;0.0;Partly Cloudy
1496872800;27.0;23.0;0.79;SE;4.166666666666667;0.0;1010.68;0.0;Partly Cloudy
1496876400;27.0;23.0;0.79;SE;5.277777777777778;0.0;1011.68;0.0;Partly Cloudy
1496880000;27.0;23.0;0.79;SE;3.0555555555555554;0.0;1011.68;0.0;Partly Cloudy
1496883600;27.0;24.0;0.84;SSE;5.277777777777778;0.0;1011.68;0.0;Mostly Cloudy
1496887200;27.0;24.0;0.84;SE;3.611111111111111;0.0;1011.68;0.0;Partly Cloudy
1496977200;27.0;23.0;0.79;SE;4.166666666666667;0.0;1012.68;0.0;Partly Cloudy
1496980800;27.0;23.0;0.79;SSE;3.611111111111111;0.0;1011.68;0.0;Partly Cloudy
1496984400;26.0;24.0;0.89;SSW;2.5;0.0;1011.68;0.0;Partly Cloudy
1496988000;27.0;23.0;0.79;SSE;4.166666666666667;0.0;1011.68;0.0;Partly Cloudy
1496991600;25.0;23.0;0.89;ESE;3.0555555555555554;0.0;1011.68;0.0;Showers in the Vicinity
1496995200;25.0;24.0;0.94;S;3.0555555555555554;0.0;1011.68;0.0;Mostly Cloudy
1496998800;25.0;24.0;0.94;SSW;1.6666666666666665;0.0;1012.68;0.0;Partly Cloudy
1497002400;25.0;24.0;0.94;S;1.9444444444444444;0.0;1012.68;0.0;Partly Cloudy
1497006000;26.0;25.0;0.94;SSW;1.9444444444444444;0.0;1013.68;0.0;Mostly Cloudy
1497009600;28.0;25.0;0.84;S;3.611111111111111;0.0;1014.67;0.0;Partly Cloudy
1497013200;29.0;25.0;0.79;SSE;5.277777777777778;0.0;1014.67;0.0;Partly Cloudy
1497016800;29.0;24.0;0.74;SSE;6.111111111111111;0.0;1013.68;0.0;Partly Cloudy
1497020400;30.0;25.0;0.74;SSE;6.111111111111111;0.0;1012.68;0.0;Partly Cloudy
1497024000;29.0;25.0;0.79;S;6.111111111111111;0.0;1011.68;0.0;Partly Cloudy
1497027600;29.0;25.0;0.79;SSE;5.555555555555555;0.0;1011.68;0.0;Partly Cloudy
1497031200;28.0;24.0;0.79;SSE;5.277777777777778;0.0;1010.68;0.0;Mostly Cloudy
1497034800;29.0;24.0;0.74;SE;6.111111111111111;0.0;1011.68;0.0;Partly Cloudy
1497038400;27.0;25.0;0.89;SE;5.277777777777778;0.0;1011.68;0.0;Showers in the Vicinity
1497042000;26.0;25.0;0.94;SE;6.111111111111111;0.0;1012.68;0.0;Light Rain
1497045600;25.0;24.0;0.94;SE;4.166666666666667;0.0;1012.68;0.0;Showers in the Vicinity
1497046800;24.0;24.0;1.0;SSE;5.277777777777778;0.0;1013.68;0.0;Light Rain
1497049200;24.0;23.0;0.94;S;4.166666666666667;0.0;1013.68;0.0;Light Rain
1497052800;24.0;23.0;0.94;SSW;3.0555555555555554;0.0;1013.68;0.0;Showers in the Vicinity
1497056400;24.0;23.0;0.94;SSW;3.0555555555555554;0.0;1013.68;0.0;Mostly Cloudy
1497060000;24.0;24.0;1.0;SSW;1.9444444444444444;0.0;1013.68;0.0;Light Rain
1497150000;25.0;23.0;0.89;CALM;0.0;0.0;1013.68;0.0;Partly Cloudy
1497153600;25.0;23.0;0.89;CALM;0.0;0.0;1013.68;0.0;Partly Cloudy
1497157200;24.0;23.0;0.94;N;2.5;0.0;1012.68;0.0;Partly Cloudy
1497160800;24.0;23.0;0.94;CALM;0.0;0.0;1012.68;0.0;Partly Cloudy
1497164400;24.0;23.0;0.94;SW;2.5;0.0;1012.68;0.0;Partly Cloudy
1497168000;24.0;23.0;0.94;CALM;0.0;0.0;1012.68;0.0;Showers in the Vicinity
1497171600;24.0;23.0;0.94;CALM;0.0;0.0;1013.68;0.0;Mostly Cloudy
1497175200;25.0;23.0;0.89;CALM;0.0;0.0;1013.68;0.0;Showers in the Vicinity
1497178800;26.0;24.0;0.89;SW;1.1111111111111112;0.0;1014.67;0.0;Mostly Cloudy
1497182400;29.0;25.0;0.79;SSE;3.611111111111111;0.0;1014.67;0.0;Partly Cloudy
1497186000;29.0;24.0;0.74;ESE;3.611111111111111;0.0;1014.67;0.0;Fair
1497189600;29.0;25.0;0.79;ESE;3.611111111111111;0.0;1014.67;0.0;Fair
1497193200;29.0;24.0;0.74;E;3.0555555555555554;0.0;1013.68;0.0;Partly Cloudy
1497196800;29.0;24.0;0.74;ESE;5.277777777777778;0.0;1012.68;0.0;Partly Cloudy
1497200400;29.0;24.0;0.74;SE;4.722222222222222;0.0;1012.68;0.0;Partly Cloudy
1497204000;29.0;24.0;0.74;ESE;5.277777777777778;0.0;1012.68;0.0;Partly Cloudy
1497207600;28.0;23.0;0.74;SE;5.277777777777778;0.0;1012.68;0.0;Fair
1497211200;28.0;23.0;0.74;SSE;5.277777777777778;0.0;1012.68;0.0;Partly Cloudy
1497214800;28.0;24.0;0.79;SSE;5.277777777777778;0.0;1013.68;0.0;Partly Cloudy
1497218400;26.0;22.0;0.78;S;5.555555555555555;0.0;1013.68;0.0;Partly Cloudy
1497222000;24.0;22.0;0.89;SSW;2.5;0.0;1014.67;0.0;Partly Cloudy
1497225600;24.0;23.0;0.94;SSW;1.6666666666666665;0.0;1014.67;0.0;Partly Cloudy
1497229200;24.0;23.0;0.94;S;1.9444444444444444;0.0;1014.67;0.0;Partly Cloudy
1497232800;24.0;22.0;0.89;WSW;1.6666666666666665;0.0;1015.67;0.0;Fair
1497409200;27.0;22.0;0.74;SE;4.722222222222222;0.0;1013.68;0.0;Partly Cloudy
1497412800;27.0;22.0;0.74;SE;5.555555555555555;0.0;1013.68;0.0;Partly Cloudy
1497416400;25.0;21.0;0.78;E;4.722222222222222;0.0;1013.68;0.0;Partly Cloudy
1497420000;26.0;22.0;0.78;SE;3.0555555555555554;0.0;1012.68;0.0;Mostly Cloudy
1497423600;26.0;21.0;0.74;SSE;5.555555555555555;0.0;1012.68;0.0;Light Rain
1497427200;23.0;22.0;0.94;S;5.555555555555555;0.0;1013.68;0.0;Light Rain
1497430800;23.0;22.0;0.94;SSW;3.0555555555555554;0.0;1013.68;0.0;Light Rain
1497434400;24.0;24.0;1.0;S;2.5;0.0;1013.68;0.0;Showers in the Vicinity
1497438000;24.0;24.0;1.0;SSW;4.166666666666667;0.0;1014.67;0.0;Light Rain
1497441600;25.0;24.0;0.94;SSE;5.555555555555555;0.0;1014.67;0.0;Light Rain
1497445200;26.0;24.0;0.89;S;5.555555555555555;0.0;1014.67;0.0;Showers in the Vicinity
1497446100;26.0;24.0;0.89;S;6.111111111111111;0.0;1014.67;0.0;Light Rain
1497447180;26.0;24.0;0.89;SE;3.611111111111111;0.0;1014.67;0.0;Showers in the Vicinity
1497448800;28.0;24.0;0.79;SSE;6.666666666666666;0.0;1014.67;0.0;Mostly Cloudy
1497452400;28.0;24.0;0.79;S;7.222222222222222;0.0;1013.68;0.0;Partly Cloudy
1497456000;28.0;24.0;0.79;SSE;6.666666666666666;0.0;1013.68;0.0;Partly Cloudy
1497459600;29.0;25.0;0.79;SSE;6.666666666666666;0.0;1012.68;0.0;Partly Cloudy
1497463200;28.0;23.0;0.74;S;7.222222222222222;0.0;1012.68;0.0;Showers in the Vicinity
1497466800;27.0;24.0;0.84;SE;4.166666666666667;0.0;1012.68;0.0;Showers in the Vicinity
1497470400;26.0;23.0;0.83;S;7.222222222222222;0.0;1012.68;0.0;Partly Cloudy
1497474000;25.0;23.0;0.89;S;5.277777777777778;0.0;1013.68;0.0;Partly Cloudy
1497477600;24.0;23.0;0.94;S;4.722222222222222;0.0;1013.68;0.0;Partly Cloudy
1497481200;24.0;22.0;0.89;SSW;3.611111111111111;0.0;1013.68;0.0;Partly Cloudy
1497484800;24.0;23.0;0.94;SSW;3.611111111111111;0.0;1014.67;0.0;Partly Cloudy
1497488400;24.0;22.0;0.89;S;1.1111111111111112;0.0;1014.67;0.0;Partly Cloudy
1497492000;24.0;22.0;0.89;SW;1.6666666666666665;0.0;1013.68;0.0;Partly Cloudy
1497582000;23.0;23.0;1.0;SSW;2.5;0.0;1014.67;0.0;Mostly Cloudy
1497585600;23.0;22.0;0.94;SSW;2.5;0.0;1014.67;0.0;Mostly Cloudy
1497589200;23.0;22.0;0.94;SSW;2.5;0.0;1013.68;0.0;Partly Cloudy
1497592800;23.0;22.0;0.94;WSW;1.6666666666666665;0.0;1013.68;0.0;Mostly Cloudy
1497596400;23.0;22.0;0.94;SW;1.6666666666666665;0.0;1013.68;0.0;Mostly Cloudy
1497600000;22.0;22.0;1.0;WSW;1.1111111111111112;0.0;1013.68;0.0;Partly Cloudy
1497603600;23.0;22.0;0.94;SW;0.5555555555555556;0.0;1013.68;0.0;Partly Cloudy
1497607200;24.0;22.0;0.89;SSW;1.6666666666666665;0.0;1014.67;0.0;Partly Cloudy
1497610800;24.0;24.0;1.0;SSW;2.5;0.0;1014.67;0.0;Light Rain
1497614400;25.0;24.0;0.94;SSW;3.0555555555555554;0.0;1014.67;0.0;Showers in the Vicinity
1497618000;27.0;24.0;0.84;SSW;3.0555555555555554;0.0;1014.67;0.0;Mostly Cloudy
1497621600;28.0;25.0;0.84;S;4.722222222222222;0.0;1014.67;0.0;Mostly Cloudy
1497625200;28.0;24.0;0.79;SE;4.166666666666667;0.0;1013.68;0.0;Mostly Cloudy
1497628800;30.0;22.0;0.62;ESE;3.0555555555555554;0.0;1012.68;0.0;Mostly Cloudy
1497632400;28.0;23.0;0.74;SE;6.111111111111111;0.0;1012.68;0.0;Mostly Cloudy
1497636000;28.0;23.0;0.74;SE;5.277777777777778;0.0;1012.68;0.0;Mostly Cloudy
1497639600;28.0;24.0;0.79;SSE;5.277777777777778;0.0;1012.68;0.0;Mostly Cloudy
1497643200;27.0;24.0;0.84;S;5.277777777777778;0.0;0.0;0.0;Showers in the Vicinity
1497646800;26.0;23.0;0.83;S;3.0555555555555554;0.0;1013.68;0.0;Mostly Cloudy
1497650400;26.0;24.0;0.89;WSW;2.5;0.0;1013.68;0.0;Partly Cloudy
1497654000;27.0;23.0;0.79;SSE;4.722222222222222;0.0;1013.68;0.0;Partly Cloudy
1497657600;27.0;24.0;0.84;SE;4.722222222222222;0.0;1013.68;0.0;Partly Cloudy
1497661200;27.0;23.0;0.79;SSE;5.277777777777778;0.0;1013.68;0.0;Partly Cloudy
1497664800;27.0;23.0;0.79;SE;3.611111111111111;0.0;1013.68;0.0;Mostly Cloudy
1497927600;23.0;23.0;1.0;SW;2.5;0.0;1013.68;0.0;Partly Cloudy
1497931200;23.0;22.0;0.94;SW;2.5;0.0;1012.68;0.0;Partly Cloudy
1497934800;23.0;23.0;1.0;SW;3.611111111111111;0.0;1012.68;0.0;Light Rain
1497938400;23.0;22.0;0.94;WSW;1.6666666666666665;0.0;1012.68;0.0;Partly Cloudy
1497942000;23.0;22.0;0.94;SW;2.5;0.0;1013.68;0.0;Partly Cloudy
1497945600;23.0;23.0;1.0;SW;2.5;0.0;1013.68;0.0;Partly Cloudy
1497949200;23.0;23.0;1.0;SW;1.9444444444444444;0.0;1013.68;0.0;Light Rain
1497952800;24.0;23.0;0.94;SW;2.5;0.0;1014.67;0.0;Showers in the Vicinity
1497956400;24.0;23.0;0.94;S;3.0555555555555554;0.0;1014.67;0.0;Light Rain
1497960000;25.0;24.0;0.94;SW;1.9444444444444444;0.0;1014.67;0.0;Partly Cloudy
1497963600;26.0;24.0;0.89;S;3.0555555555555554;0.0;1014.67;0.0;Light Rain
1497967200;28.0;24.0;0.79;SSE;3.611111111111111;0.0;1013.68;0.0;Partly Cloudy
1497970800;28.0;25.0;0.84;SSE;4.166666666666667;0.0;1012.68;0.0;Fair
1497974400;29.0;25.0;0.79;SSE;5.277777777777778;0.0;1012.68;0.0;Fair
1497978000;29.0;25.0;0.79;SE;5.277777777777778;0.0;1011.68;0.0;Partly Cloudy
1497981600;28.0;25.0;0.84;SE;5.277777777777778;0.0;1011.68;0.0;Mostly Cloudy
1497985200;27.0;24.0;0.84;SE;5.277777777777778;0.0;1011.68;0.0;Partly Cloudy
1497988800;27.0;24.0;0.84;SE;4.166666666666667;0.0;1011.68;0.0;Fair
1497992400;27.0;24.0;0.84;SE;3.611111111111111;0.0;1012.68;0.0;Partly Cloudy
1497996000;27.0;24.0;0.84;SE;5.277777777777778;0.0;1012.68;0.0;Partly Cloudy
1497999600;27.0;23.0;0.79;SE;4.166666666666667;0.0;1013.68;0.0;Mostly Cloudy
1498003200;26.0;24.0;0.89;SE;2.5;0.0;1013.68;0.0;Partly Cloudy
1498006800;27.0;24.0;0.84;SE;4.166666666666667;0.0;1013.68;0.0;Showers in the Vicinity
1498008120;25.0;24.0;0.94;ESE;4.166666666666667;11.38888888888889;1013.68;0.0;Rain Shower
1498010400;26.0;24.0;0.89;ESE;3.0555555555555554;0.0;1013.68;0.0;Showers in the Vicinity
1498014000;25.0;24.0;0.94;ESE;3.0555555555555554;0.0;1013.68;0.0;Partly Cloudy
1498017600;25.0;24.0;0.94;SE;2.5;0.0;1012.68;0.0;Mostly Cloudy
1498021200;27.0;23.0;0.79;ESE;5.555555555555555;0.0;1011.68;0.0;Showers in the Vicinity
1498024800;27.0;22.0;0.74;ESE;4.722222222222222;0.0;1011.68;0.0;Partly Cloudy
1498028400;27.0;22.0;0.74;ESE;4.722222222222222;0.0;1012.68;0.0;Partly Cloudy
1498032000;27.0;23.0;0.79;SE;4.722222222222222;0.0;1012.68;0.0;Partly Cloudy
1498035600;27.0;23.0;0.79;SE;4.166666666666667;0.0;1012.68;0.0;Partly Cloudy
1498039200;27.0;23.0;0.79;SE;5.555555555555555;0.0;1013.68;0.0;Partly Cloudy
1498042800;26.0;24.0;0.89;SSE;4.722222222222222;0.0;1013.68;0.0;Mostly Cloudy
1498046400;27.0;24.0;0.84;ESE;4.722222222222222;0.0;1014.67;0.0;Partly Cloudy
1498050000;29.0;24.0;0.74;SE;6.666666666666666;0.0;1014.67;0.0;Mostly Cloudy
1498053600;29.0;23.0;0.7;SE;6.666666666666666;0.0;1013.68;0.0;Partly Cloudy
1498057200;29.0;23.0;0.7;SSE;7.777777777777778;0.0;1013.68;0.0;Partly Cloudy
1498060800;29.0;23.0;0.7;SE;6.666666666666666;0.0;1012.68;0.0;Partly Cloudy
1498064400;29.0;24.0;0.74;SE;6.666666666666666;0.0;1012.68;0.0;Partly Cloudy
1498068000;28.0;23.0;0.74;SSE;7.777777777777778;0.0;1011.68;0.0;Mostly Cloudy
1498071600;27.0;22.0;0.74;SE;6.666666666666666;0.0;1012.68;0.0;Showers in the Vicinity
1498075200;27.0;23.0;0.79;SSE;6.111111111111111;0.0;1012.68;0.0;Showers in the Vicinity
1498075800;24.0;23.0;0.94;S;7.777777777777778;0.0;1012.68;0.0;Light Rain Shower
1498078800;24.0;23.0;0.94;SSW;4.166666666666667;0.0;1012.68;0.0;Showers in the Vicinity
1498082400;24.0;23.0;0.94;SSW;2.5;0.0;1013.68;0.0;Mostly Cloudy
1498086000;24.0;23.0;0.94;SW;3.0555555555555554;0.0;1013.68;0.0;Mostly Cloudy
1498089600;25.0;23.0;0.89;S;3.0555555555555554;0.0;1013.68;0.0;Mostly Cloudy
1498093200;25.0;23.0;0.89;S;2.5;0.0;1013.68;0.0;Partly Cloudy
1498096800;26.0;23.0;0.83;SE;6.111111111111111;0.0;1013.68;0.0;Partly Cloudy
1498100400;26.0;22.0;0.78;SSE;6.666666666666666;0.0;1013.68;0.0;Partly Cloudy
1498104000;26.0;23.0;0.83;SSE;6.111111111111111;0.0;1012.68;0.0;Partly Cloudy
1498107600;25.0;22.0;0.83;SE;3.611111111111111;0.0;1012.68;0.0;Light Rain
1498111200;26.0;22.0;0.78;SSE;6.666666666666666;0.0;1011.68;0.0;Partly Cloudy
1498114800;26.0;22.0;0.78;SSE;6.111111111111111;0.0;1011.68;0.0;Partly Cloudy
1498118400;25.0;22.0;0.83;SSE;5.555555555555555;0.0;1011.68;0.0;Partly Cloudy
1498122000;24.0;22.0;0.89;SW;2.5;0.0;1011.68;0.0;Fair
1498125600;24.0;22.0;0.89;SSW;3.0555555555555554;0.0;1012.68;0.0;Partly Cloudy
1498129200;27.0;22.0;0.74;SSW;4.166666666666667;0.0;1013.68;0.0;Partly Cloudy
1498132800;28.0;21.0;0.66;S;7.777777777777778;0.0;1013.68;0.0;Partly Cloudy
1498136400;29.0;22.0;0.66;S;7.777777777777778;0.0;1013.68;0.0;Partly Cloudy
1498140000;29.0;22.0;0.66;SSE;8.333333333333334;0.0;1012.68;0.0;Partly Cloudy
1498143600;29.0;23.0;0.7;S;7.777777777777778;0.0;1012.68;0.0;Partly Cloudy
1498147200;28.0;23.0;0.74;S;7.777777777777778;0.0;1011.68;0.0;Partly Cloudy
1498150800;28.0;23.0;0.74;S;7.777777777777778;0.0;1010.68;0.0;Mostly Cloudy
1498154400;28.0;23.0;0.74;S;7.222222222222222;0.0;1010.68;0.0;Partly Cloudy
1498158000;27.0;23.0;0.79;S;6.666666666666666;0.0;1010.68;0.0;Partly Cloudy
1498161600;26.0;23.0;0.83;S;7.222222222222222;0.0;1010.68;0.0;Partly Cloudy
1498165200;26.0;23.0;0.83;S;5.555555555555555;0.0;1010.68;0.0;Partly Cloudy
1498168800;24.0;23.0;0.94;SSW;4.166666666666667;0.0;1011.68;0.0;Partly Cloudy
1498172400;24.0;23.0;0.94;SSW;3.0555555555555554;0.0;1012.68;0.0;Fair
1498176000;24.0;23.0;0.94;SSW;3.611111111111111;0.0;1012.68;0.0;Mostly Cloudy
1498179600;24.0;23.0;0.94;S;3.0555555555555554;0.0;1012.68;0.0;Showers in the Vicinity
1498183200;24.0;23.0;0.94;SSW;2.5;0.0;1012.68;0.0;Mostly Cloudy
1498359600;26.0;23.0;0.83;S;5.277777777777778;0.0;1013.68;0.0;Mostly Cloudy
1498363200;24.0;24.0;1.0;S;5.555555555555555;0.0;1012.68;0.0;Showers in the Vicinity
1498366800;24.0;23.0;0.94;S;5.555555555555555;0.0;1012.68;0.0;Showers in the Vicinity
1498370400;23.0;23.0;1.0;SSW;4.722222222222222;0.0;1012.68;0.0;Showers in the Vicinity
1498374000;23.0;22.0;0.94;S;4.166666666666667;0.0;1012.68;0.0;Showers in the Vicinity
1498377600;24.0;23.0;0.94;SSE;3.0555555555555554;0.0;1012.68;0.0;Mostly Cloudy
1498381200;25.0;22.0;0.83;SE;4.722222222222222;0.0;1012.68;0.0;Mostly Cloudy
1498384800;26.0;23.0;0.83;SSE;6.666666666666666;0.0;1013.68;0.0;Mostly Cloudy
1498388400;26.0;23.0;0.83;SSE;7.777777777777778;0.0;1014.67;0.0;Showers in the Vicinity
1498392000;27.0;24.0;0.84;SSE;8.333333333333334;0.0;1014.67;0.0;Mostly Cloudy
1498395600;28.0;24.0;0.79;SSE;9.722222222222221;0.0;1014.67;0.0;Mostly Cloudy / Windy
1498399200;28.0;23.0;0.74;S;8.61111111111111;0.0;1014.67;0.0;Mostly Cloudy
1498402800;28.0;24.0;0.79;S;8.333333333333334;0.0;1013.68;0.0;Mostly Cloudy
1498406400;28.0;23.0;0.74;S;9.166666666666666;0.0;1013.68;0.0;Mostly Cloudy / Windy
1498410000;28.0;23.0;0.74;S;8.61111111111111;0.0;1012.68;0.0;Mostly Cloudy
1498413600;28.0;23.0;0.74;S;8.333333333333334;0.0;1012.68;0.0;Mostly Cloudy
1498417200;27.0;23.0;0.79;S;6.111111111111111;0.0;1012.68;0.0;Fair
1498420800;27.0;23.0;0.79;S;7.222222222222222;0.0;1012.68;0.0;Mostly Cloudy
1498424400;26.0;22.0;0.78;S;4.722222222222222;0.0;1012.68;0.0;Mostly Cloudy
1498428000;26.0;22.0;0.78;S;4.166666666666667;0.0;1013.68;0.0;Partly Cloudy
1498431600;25.0;22.0;0.83;SSW;3.0555555555555554;0.0;1013.68;0.0;Mostly Cloudy
1498435200;25.0;23.0;0.89;SSW;3.0555555555555554;0.0;1013.68;0.0;Partly Cloudy
1498438800;24.0;22.0;0.89;SSW;3.0555555555555554;0.0;1013.68;0.0;Mostly Cloudy
1498442400;24.0;23.0;0.94;SSW;3.611111111111111;0.0;1013.68;0.0;Mostly Cloudy
1498618800;24.0;23.0;0.94;SSE;5.277777777777778;0.0;1014.67;0.0;Light Rain
1498622400;24.0;23.0;0.94;S;3.611111111111111;0.0;1013.68;0.0;Light Rain
1498626000;24.0;23.0;0.94;S;5.277777777777778;0.0;1013.68;0.0;Light Rain
1498629600;24.0;23.0;0.94;S;6.111111111111111;0.0;1012.68;0.0;Showers in the Vicinity
1498633200;25.0;23.0;0.89;SSE;6.111111111111111;0.0;1013.68;0.0;Showers in the Vicinity
1498636800;25.0;23.0;0.89;S;5.277777777777778;0.0;1013.68;0.0;Mostly Cloudy
1498640400;24.0;23.0;0.94;SSW;3.611111111111111;0.0;1013.68;0.0;Showers in the Vicinity
1498641300;24.0;23.0;0.94;S;4.722222222222222;0.0;1013.68;0.0;Rain
1498644000;23.0;23.0;1.0;SSW;3.611111111111111;0.0;1014.67;0.0;Light Rain
1498647600;24.0;23.0;0.94;SSW;4.166666666666667;0.0;0.0;0.0;Showers in the Vicinity
1498648800;24.0;23.0;0.94;S;3.611111111111111;0.0;0.0;0.0;Rain
1498651200;23.0;23.0;1.0;SSE;7.777777777777778;0.0;1015.67;0.0;Light Rain
1498654800;25.0;23.0;0.89;S;3.611111111111111;0.0;1015.67;0.0;Showers in the Vicinity
1498655940;23.0;23.0;1.0;SE;5.555555555555555;0.0;1015.67;0.0;Light Rain
1498658400;24.0;24.0;1.0;S;7.222222222222222;0.0;1014.67;0.0;Light Rain
1498662000;25.0;24.0;0.94;S;6.666666666666666;0.0;1014.67;0.0;Light Rain
1498665600;24.0;24.0;1.0;SSE;3.611111111111111;0.0;1014.67;0.0;Light Rain
1498669200;25.0;24.0;0.94;SSE;5.555555555555555;0.0;1013.68;0.0;Light Rain
1498672800;24.0;24.0;1.0;SE;6.111111111111111;0.0;1013.68;0.0;Showers in the Vicinity
1498676400;26.0;24.0;0.89;SE;6.111111111111111;0.0;1013.68;0.0;Showers in the Vicinity
1498680000;25.0;24.0;0.94;SSE;7.222222222222222;0.0;1013.68;0.0;Showers in the Vicinity
1498683600;25.0;23.0;0.89;S;4.722222222222222;0.0;1013.68;0.0;Showers in the Vicinity
1498684200;24.0;24.0;1.0;S;4.166666666666667;0.0;1014.67;0.0;Light Rain
1498687200;24.0;24.0;1.0;S;3.611111111111111;0.0;1013.68;0.0;Light Rain
1498690800;24.0;24.0;1.0;SSW;1.9444444444444444;0.0;1014.67;0.0;Light Rain
1498694400;24.0;24.0;1.0;E;1.6666666666666665;0.0;1014.67;0.0;Light Rain
1498698000;24.0;24.0;1.0;SSW;1.6666666666666665;0.0;1014.67;0.0;Showers in the Vicinity
1498701600;25.0;24.0;0.94;SSE;4.166666666666667;0.0;1014.67;0.0;Mostly Cloudy
1498705200;25.0;24.0;0.94;S;1.9444444444444444;0.0;1013.68;0.0;Showers in the Vicinity
1498708800;24.0;24.0;1.0;SSE;1.1111111111111112;0.0;1013.68;0.0;Light Rain
1498712400;25.0;24.0;0.94;ENE;1.6666666666666665;0.0;1012.68;0.0;Showers in the Vicinity
1498716000;24.0;24.0;1.0;SW;1.6666666666666665;0.0;1012.68;0.0;Mostly Cloudy
1498719600;24.0;24.0;1.0;W;1.1111111111111112;0.0;1012.68;0.0;Light Rain
1498723200;24.0;24.0;1.0;WSW;1.9444444444444444;0.0;1012.68;0.0;Light Rain
1498726800;24.0;24.0;1.0;SW;1.6666666666666665;0.0;1013.68;0.0;Light Rain
1498730400;24.0;24.0;1.0;SW;1.9444444444444444;0.0;1013.68;0.0;Light Rain
1498734000;25.0;24.0;0.94;SW;3.0555555555555554;0.0;1014.67;0.0;Light Rain
1498737600;25.0;24.0;0.94;SSW;3.611111111111111;0.0;1015.67;0.0;Light Rain
1498739580;24.0;24.0;1.0;SSE;5.555555555555555;0.0;1014.67;0.0;Light Rain
1498740000;24.0;24.0;1.0;S;6.111111111111111;0.0;1014.67;0.0;Light Rain
1498741200;25.0;24.0;0.94;SSE;5.277777777777778;0.0;1015.67;0.0;Light Rain
1498742340;24.0;24.0;1.0;S;4.166666666666667;0.0;0.0;0.0;Light Rain
1498744800;24.0;24.0;1.0;S;6.111111111111111;0.0;0.0;0.0;Light Rain
1498745040;24.0;24.0;1.0;S;5.555555555555555;0.0;0.0;0.0;Rain
1498745340;24.0;24.0;1.0;S;5.277777777777778;0.0;0.0;0.0;Rain
1498746300;24.0;24.0;1.0;S;5.277777777777778;0.0;1014.67;0.0;Light Rain
1498747080;24.0;24.0;1.0;SSE;5.555555555555555;0.0;1014.67;0.0;Light Rain
1498748400;25.0;24.0;0.94;SSE;6.111111111111111;0.0;1014.67;0.0;Light Rain
1498749900;25.0;25.0;1.0;SE;5.555555555555555;0.0;1013.68;0.0;Light Rain
1498752000;25.0;24.0;0.94;SSE;5.555555555555555;0.0;1013.68;0.0;Light Rain
1498755600;26.0;24.0;0.89;SE;3.0555555555555554;0.0;1013.68;0.0;Mostly Cloudy
1498759200;26.0;24.0;0.89;SSE;3.611111111111111;0.0;1013.68;0.0;Mostly Cloudy
1498762800;25.0;24.0;0.94;SSE;3.611111111111111;0.0;1013.68;0.0;Rain
1498763820;24.0;24.0;1.0;SE;1.6666666666666665;0.0;1013.68;0.0;Rain
1498766400;24.0;24.0;1.0;SSE;1.9444444444444444;0.0;1013.68;0.0;Light Rain
1498770000;24.0;24.0;1.0;CALM;0.0;0.0;1013.68;0.0;Light Rain
1498773600;24.0;24.0;1.0;SSW;1.6666666666666665;0.0;1013.68;0.0;Light Rain
1498777200;24.0;24.0;1.0;S;1.9444444444444444;0.0;1014.67;0.0;Light Rain
1498780800;24.0;24.0;1.0;SSW;1.9444444444444444;0.0;1014.67;0.0;Light Rain
1498783200;24.0;24.0;1.0;ESE;1.6666666666666665;0.0;1014.67;0.0;Light Rain
1498784400;24.0;24.0;1.0;ESE;1.9444444444444444;0.0;1014.67;0.0;Light Rain
1498786320;24.0;23.0;0.94;WSW;1.6666666666666665;0.0;1014.67;0.0;Mostly Cloudy
1498788000;24.0;23.0;0.94;SSW;1.9444444444444444;0.0;1014.67;0.0;Mostly Cloudy
1498791600;24.0;23.0;0.94;SSW;1.9444444444444444;0.0;1014.67;0.0;Mostly Cloudy
1498795200;24.0;23.0;0.94;SSW;1.1111111111111112;0.0;1013.68;0.0;Mostly Cloudy
1498798800;24.0;23.0;0.94;NNE;1.6666666666666665;0.0;1013.68;0.0;Mostly Cloudy
1498802400;24.0;24.0;1.0;SW;1.1111111111111112;0.0;1012.68;0.0;Light Rain
1498806000;25.0;23.0;0.89;ESE;3.611111111111111;0.0;1013.68;0.0;Mostly Cloudy
1498809600;24.0;23.0;0.94;S;1.6666666666666665;0.0;1013.68;0.0;Mostly Cloudy
1498813200;24.0;24.0;1.0;SSW;1.1111111111111112;0.0;1013.68;0.0;Mostly Cloudy
1498816800;24.0;24.0;1.0;SW;1.6666666666666665;0.0;1014.67;0.0;Showers in the Vicinity
1498820400;25.0;24.0;0.94;SSW;3.611111111111111;0.0;1014.67;0.0;Light Rain
1498824000;26.0;25.0;0.94;S;2.5;0.0;1014.67;0.0;Showers in the Vicinity
1498827600;25.0;24.0;0.94;SSW;3.0555555555555554;0.0;1014.67;0.0;Mostly Cloudy
1498831200;26.0;25.0;0.94;SSE;5.555555555555555;0.0;1014.67;0.0;Light Rain
1498834800;27.0;25.0;0.89;S;4.722222222222222;0.0;1013.68;0.0;Showers in the Vicinity
1498838400;26.0;24.0;0.89;SSE;4.722222222222222;0.0;1013.68;0.0;Mostly Cloudy
1498842000;27.0;24.0;0.84;SSE;3.611111111111111;0.0;1012.68;0.0;Partly Cloudy
1498845600;27.0;24.0;0.84;SE;5.277777777777778;0.0;1012.68;0.0;Partly Cloudy
1498849200;26.0;24.0;0.89;ESE;3.611111111111111;0.0;1013.68;0.0;Mostly Cloudy
1498852800;26.0;24.0;0.89;ESE;1.9444444444444444;0.0;1013.68;0.0;Mostly Cloudy
1498856400;25.0;24.0;0.94;SE;3.611111111111111;0.0;1013.68;0.0;Mostly Cloudy
1498860000;25.0;24.0;0.94;SE;4.166666666666667;0.0;1014.67;0.0;Mostly Cloudy
1498860900;24.0;24.0;1.0;SE;4.722222222222222;0.0;1014.67;0.0;Light Rain
1498863600;25.0;24.0;0.94;SE;6.111111111111111;0.0;1014.67;0.0;Showers in the Vicinity
1498867200;25.0;23.0;0.89;SE;5.277777777777778;0.0;1015.67;0.0;Showers in the Vicinity
1498870800;25.0;24.0;0.94;SSE;4.722222222222222;0.0;1014.67;0.0;Mostly Cloudy
1498874400;25.0;23.0;0.89;SSE;3.0555555555555554;0.0;1014.67;0.0;Mostly Cloudy
1498878000;24.0;24.0;1.0;SW;2.5;0.0;1014.67;0.0;Light Rain
1498881600;24.0;23.0;0.94;SW;2.5;0.0;1013.68;0.0;Showers in the Vicinity
1498885200;24.0;23.0;0.94;SSW;1.9444444444444444;0.0;1013.68;0.0;Light Rain
1498885800;23.0;23.0;1.0;SSE;5.277777777777778;0.0;1013.68;0.0;Rain
1498888800;23.0;23.0;1.0;S;3.611111111111111;0.0;1013.68;0.0;Light Rain
1498892400;23.0;23.0;1.0;WSW;2.5;0.0;1013.68;0.0;Light Rain
1498896000;23.0;23.0;1.0;S;3.0555555555555554;0.0;1014.67;0.0;Showers in the Vicinity
1498899600;24.0;23.0;0.94;CALM;0.0;0.0;1014.67;0.0;Showers in the Vicinity
1498903200;24.0;23.0;0.94;S;2.5;0.0;1014.67;0.0;Light Rain
1498906800;25.0;23.0;0.89;SSW;1.6666666666666665;0.0;1015.67;0.0;Cloudy
1498910400;28.0;24.0;0.79;SSE;4.166666666666667;0.0;1015.67;0.0;Mostly Cloudy
1498914000;27.0;25.0;0.89;S;3.611111111111111;0.0;1015.67;0.0;Mostly Cloudy
1498917600;28.0;25.0;0.84;SSE;5.277777777777778;0.0;1015.67;0.0;Mostly Cloudy
1498921200;25.0;24.0;0.94;S;5.555555555555555;0.0;1014.67;0.0;Light Rain
1498924800;25.0;24.0;0.94;SSW;4.166666666666667;0.0;1014.67;0.0;Light Rain
1498928400;25.0;24.0;0.94;SSW;3.611111111111111;0.0;1013.68;0.0;Mostly Cloudy
1498932000;25.0;24.0;0.94;SW;2.5;0.0;1013.68;0.0;Light Rain
1498935600;24.0;23.0;0.94;SSW;4.166666666666667;0.0;1013.68;0.0;Mostly Cloudy
1498939200;24.0;23.0;0.94;SSW;2.5;0.0;1014.67;0.0;Mostly Cloudy
1498942800;24.0;23.0;0.94;SW;3.0555555555555554;0.0;1014.67;0.0;Mostly Cloudy
1498946400;24.0;22.0;0.89;SSW;4.166666666666667;0.0;1014.67;0.0;Mostly Cloudy
1498950000;23.0;22.0;0.94;SSW;2.5;0.0;1015.67;0.0;Mostly Cloudy
1498953600;23.0;22.0;0.94;SW;1.9444444444444444;0.0;1015.67;0.0;Mostly Cloudy
1498957200;23.0;22.0;0.94;SSW;1.6666666666666665;0.0;1015.67;0.0;Fair
1498960800;23.0;22.0;0.94;SSW;1.1111111111111112;0.0;1015.67;0.0;Mostly Cloudy
1498964400;23.0;22.0;0.94;SSE;2.5;0.0;1015.67;0.0;Light Rain
1498968000;22.0;22.0;1.0;S;1.1111111111111112;0.0;1015.67;0.0;Light Drizzle
1498971600;22.0;22.0;1.0;S;1.6666666666666665;0.0;1014.67;0.0;Light Drizzle
1498975200;22.0;22.0;1.0;SSW;1.9444444444444444;0.0;1014.67;0.0;Showers in the Vicinity
1498978800;23.0;22.0;0.94;SSW;1.6666666666666665;0.0;1014.67;0.0;Mostly Cloudy
1498982400;23.0;22.0;0.94;SSW;2.5;0.0;1014.67;0.0;Fair
1498986000;23.0;22.0;0.94;SSW;3.0555555555555554;0.0;1014.67;0.0;Mostly Cloudy
1498989600;24.0;23.0;0.94;SSW;3.0555555555555554;0.0;1015.67;0.0;Mostly Cloudy
1498993200;25.0;23.0;0.89;S;5.277777777777778;0.0;1015.67;0.0;Showers in the Vicinity
1498994760;24.0;23.0;0.94;S;5.277777777777778;0.0;1016.67;0.0;Light Rain
1498996800;25.0;23.0;0.89;S;5.277777777777778;0.0;1014.67;0.0;Showers in the Vicinity
1499000400;27.0;24.0;0.84;S;5.277777777777778;0.0;1015.67;0.0;Partly Cloudy
1499004000;27.0;23.0;0.79;S;5.277777777777778;0.0;1015.67;0.0;Partly Cloudy
1499007600;28.0;24.0;0.79;SSE;6.111111111111111;0.0;1014.67;0.0;Partly Cloudy
1499011200;28.0;24.0;0.79;SSE;6.666666666666666;0.0;1014.67;0.0;Mostly Cloudy
1499014800;28.0;24.0;0.79;SSE;6.666666666666666;0.0;1013.68;0.0;Partly Cloudy
1499018400;27.0;24.0;0.84;SSE;7.222222222222222;0.0;1013.68;0.0;Mostly Cloudy
1499022000;27.0;23.0;0.79;SSE;6.666666666666666;0.0;1014.67;0.0;Partly Cloudy
1499025600;26.0;23.0;0.83;SSE;6.111111111111111;0.0;1014.67;0.0;Partly Cloudy
1499029200;26.0;23.0;0.83;S;4.722222222222222;0.0;1015.67;0.0;Partly Cloudy
1499032800;26.0;23.0;0.83;S;5.277777777777778;0.0;1015.67;0.0;Partly Cloudy
1499036400;26.0;23.0;0.83;S;6.666666666666666;0.0;1015.67;0.0;Partly Cloudy
1499040000;24.0;23.0;0.94;S;4.722222222222222;0.0;1016.67;0.0;Light Rain
1499043600;24.0;23.0;0.94;S;4.722222222222222;0.0;1016.67;0.0;Mostly Cloudy
1499047200;23.0;22.0;0.94;SSW;4.166666666666667;0.0;1016.67;0.0;Showers in the Vicinity
1499050800;23.0;22.0;0.94;SSW;4.166666666666667;0.0;1016.67;0.0;Mostly Cloudy
1499054400;23.0;23.0;1.0;SW;3.611111111111111;0.0;1015.67;0.0;Showers in the Vicinity
1499058000;23.0;22.0;0.94;SSW;2.5;0.0;1015.67;0.0;Mostly Cloudy
1499061600;23.0;23.0;1.0;SSW;4.166666666666667;0.0;1015.67;0.0;Light Rain
1499065200;23.0;23.0;1.0;SW;3.0555555555555554;0.0;1015.67;0.0;Light Rain
1499068800;23.0;22.0;0.94;SSE;5.277777777777778;0.0;1015.67;0.0;Light Rain
1499072400;22.0;22.0;1.0;S;4.722222222222222;0.0;1015.67;0.0;Light Rain
1499076000;23.0;22.0;0.94;S;6.666666666666666;0.0;1016.67;0.0;Light Rain
1499077020;24.0;22.0;0.89;S;5.555555555555555;0.0;1016.67;0.0;Light Rain
1499079600;23.0;22.0;0.94;S;5.555555555555555;0.0;1017.67;0.0;Showers in the Vicinity
1499083200;22.0;22.0;1.0;S;7.777777777777778;0.0;1017.67;0.0;Light Rain
1499086800;23.0;22.0;0.94;SSW;6.111111111111111;0.0;1017.67;0.0;Mostly Cloudy
1499090400;25.0;23.0;0.89;S;3.611111111111111;0.0;1016.67;0.0;Mostly Cloudy
1499094000;26.0;23.0;0.83;S;6.111111111111111;0.0;1016.67;0.0;Mostly Cloudy
1499097600;27.0;23.0;0.79;SSE;7.777777777777778;0.0;1015.67;0.0;Mostly Cloudy
1499101200;27.0;23.0;0.79;S;9.166666666666666;0.0;1014.67;0.0;Mostly Cloudy / Windy
1499104800;27.0;22.0;0.74;SSE;7.777777777777778;0.0;1014.67;0.0;Partly Cloudy
1499108400;27.0;22.0;0.74;SSE;8.333333333333334;0.0;1015.67;0.0;Partly Cloudy
1499111040;23.0;23.0;1.0;SSE;8.333333333333334;0.0;1015.67;0.0;Rain
1499112000;23.0;23.0;1.0;S;10.277777777777777;0.0;1016.67;0.0;Light Rain / Windy
1499113020;23.0;22.0;0.94;SSE;9.722222222222221;0.0;1016.67;0.0;Light Rain / Windy
1499113980;22.0;21.0;0.94;SSE;8.333333333333334;0.0;1016.67;0.0;Light Rain
1499115600;23.0;22.0;0.94;SSE;3.611111111111111;0.0;1016.67;0.0;Showers in the Vicinity
1499119200;23.0;22.0;0.94;SSW;2.5;0.0;1016.67;0.0;Fair
1499122800;22.0;22.0;1.0;S;1.6666666666666665;0.0;1016.67;0.0;Partly Cloudy
1499126400;22.0;22.0;1.0;SSW;1.9444444444444444;0.0;1016.67;0.0;Mostly Cloudy
1499130000;23.0;22.0;0.94;SW;2.5;0.0;1016.67;0.0;Showers in the Vicinity
1499133600;23.0;22.0;0.94;SSW;4.166666666666667;0.0;1016.67;0.0;Partly Cloudy
1499137200;24.0;22.0;0.89;S;4.166666666666667;0.0;1016.67;0.0;Partly Cloudy
1499140800;25.0;22.0;0.83;S;6.111111111111111;0.0;1015.67;0.0;Partly Cloudy
1499144400;24.0;22.0;0.89;SSE;5.555555555555555;0.0;1015.67;0.0;Showers in the Vicinity
1499148000;24.0;22.0;0.89;SSE;8.333333333333334;0.0;1015.67;0.0;Showers in the Vicinity
1499151600;25.0;21.0;0.78;S;7.777777777777778;0.0;1014.67;0.0;Partly Cloudy
1499155200;25.0;21.0;0.78;SSE;7.777777777777778;0.0;1015.67;0.0;Partly Cloudy
1499158800;25.0;22.0;0.83;SSE;7.777777777777778;0.0;1015.67;0.0;Partly Cloudy
1499162400;24.0;22.0;0.89;S;4.722222222222222;0.0;1016.67;0.0;Partly Cloudy
1499166000;26.0;23.0;0.83;S;8.61111111111111;0.0;1016.67;0.0;Partly Cloudy
1499169600;27.0;22.0;0.74;S;9.166666666666666;0.0;1017.67;0.0;Partly Cloudy / Windy
1499173200;26.0;23.0;0.83;SSE;10.277777777777777;0.0;1017.67;0.0;Showers in the Vicinity
1499176800;27.0;23.0;0.79;SSE;10.277777777777777;0.0;1016.67;0.0;Mostly Cloudy / Windy
1499180400;27.0;23.0;0.79;SSE;7.777777777777778;0.0;1016.67;0.0;Mostly Cloudy
1499184000;27.0;24.0;0.84;SSE;8.333333333333334;0.0;1015.67;0.0;Partly Cloudy
1499187600;28.0;23.0;0.74;SSE;9.722222222222221;0.0;1014.67;0.0;Light Rain / Windy
1499191200;25.0;22.0;0.83;S;9.166666666666666;0.0;1014.67;0.0;Mostly Cloudy / Windy
1499194800;26.0;23.0;0.83;S;8.61111111111111;0.0;1014.67;0.0;Fair
1499198400;24.0;22.0;0.89;SSE;10.277777777777777;16.38888888888889;1015.67;0.0;Light Rain / Windy
1499202000;25.0;23.0;0.89;S;8.333333333333334;0.0;1015.67;0.0;Partly Cloudy
1499205600;25.0;22.0;0.83;SSE;7.777777777777778;0.0;1015.67;0.0;Partly Cloudy
1499209200;24.0;23.0;0.94;S;6.666666666666666;0.0;1016.67;0.0;Showers in the Vicinity
1499212800;25.0;23.0;0.89;SSE;9.722222222222221;0.0;1016.67;0.0;Mostly Cloudy / Windy
1499216400;23.0;23.0;1.0;S;7.222222222222222;0.0;1017.67;0.0;Light Rain
1499220000;24.0;22.0;0.89;SSE;9.722222222222221;0.0;1017.67;0.0;Light Rain / Windy
1499569200;23.0;22.0;0.94;SE;8.61111111111111;0.0;1015.67;0.0;Light Rain
1499570280;23.0;23.0;1.0;ESE;5.277777777777778;0.0;1015.67;0.0;Light Rain
1499572800;23.0;22.0;0.94;SE;8.61111111111111;0.0;1015.67;0.0;Light Rain
1499576400;23.0;22.0;0.94;SE;7.222222222222222;0.0;1015.67;0.0;Light Rain
1499580000;23.0;21.0;0.88;SSW;3.0555555555555554;0.0;1014.67;0.0;Showers in the Vicinity
1499583600;25.0;21.0;0.78;S;8.333333333333334;0.0;1014.67;0.0;Mostly Cloudy
1499587200;24.0;22.0;0.89;SSE;7.777777777777778;0.0;1014.67;0.0;Mostly Cloudy
1499590800;24.0;22.0;0.89;S;4.166666666666667;0.0;1014.67;0.0;Showers in the Vicinity
1499594400;23.0;22.0;0.94;SSE;7.777777777777778;0.0;1015.67;0.0;Light Rain
1499598000;24.0;22.0;0.89;SSE;8.61111111111111;0.0;1016.67;0.0;Showers in the Vicinity
1499601600;24.0;23.0;0.94;SSE;7.222222222222222;0.0;1016.67;0.0;Showers in the Vicinity
1499605200;25.0;24.0;0.94;SSE;7.777777777777778;0.0;1016.67;0.0;Mostly Cloudy
1499608800;26.0;23.0;0.83;SSE;7.777777777777778;0.0;1016.67;0.0;Cloudy
1499612400;26.0;22.0;0.78;SSE;7.777777777777778;0.0;1015.67;0.0;Cloudy
1499616000;27.0;22.0;0.74;SSE;9.166666666666666;0.0;1015.67;0.0;Cloudy / Windy
1499619600;25.0;23.0;0.89;SE;7.222222222222222;0.0;1014.67;0.0;Showers in the Vicinity
1499621700;24.0;23.0;0.94;SSE;7.777777777777778;0.0;1014.67;0.0;Rain
1499623200;23.0;23.0;1.0;SE;6.666666666666666;0.0;1014.67;0.0;Light Rain
1499626800;25.0;22.0;0.83;S;5.555555555555555;0.0;1014.67;0.0;Mostly Cloudy
1499630400;25.0;23.0;0.89;S;6.111111111111111;0.0;1014.67;0.0;Mostly Cloudy
1499634000;23.0;22.0;0.94;S;5.277777777777778;0.0;1015.67;0.0;Light Rain
1499634600;23.0;23.0;1.0;S;4.166666666666667;0.0;1015.67;0.0;Rain
1499636100;23.0;23.0;1.0;SSW;4.166666666666667;0.0;1015.67;0.0;Showers in the Vicinity
1499637600;23.0;23.0;1.0;SSW;4.722222222222222;0.0;1015.67;0.0;Rain
1499638800;23.0;23.0;1.0;S;6.666666666666666;0.0;1015.67;0.0;Light Rain
1499641200;24.0;23.0;0.94;S;3.0555555555555554;0.0;1015.67;0.0;Cloudy
1499643600;24.0;24.0;1.0;ESE;5.277777777777778;0.0;1016.67;0.0;Rain
1499644800;24.0;23.0;0.94;ESE;5.277777777777778;0.0;1016.67;0.0;Light Rain
1499648400;24.0;23.0;0.94;SSE;8.333333333333334;0.0;1016.67;0.0;Showers in the Vicinity
1499652000;24.0;23.0;0.94;SSE;4.722222222222222;0.0;1016.67;0.0;Light Rain
1499653020;23.0;23.0;1.0;ESE;5.555555555555555;0.0;1016.67;0.0;Light Rain
1500001200;24.0;21.0;0.83;SSW;4.166666666666667;0.0;1015.67;0.0;Partly Cloudy
1500004800;23.0;21.0;0.88;SSW;4.166666666666667;0.0;1015.67;0.0;Partly Cloudy
1500008400;22.0;21.0;0.94;SSW;3.0555555555555554;0.0;1014.67;0.0;Fair
1500012000;22.0;20.0;0.88;SSW;3.611111111111111;0.0;1014.67;0.0;Fair
1500015600;22.0;20.0;0.88;SSW;3.0555555555555554;0.0;1014.67;0.0;Fair
1500019200;22.0;20.0;0.88;SSW;2.5;0.0;1014.67;0.0;Fair
1500022800;21.0;20.0;0.94;SSW;1.9444444444444444;0.0;1015.67;0.0;Fair
1500026400;23.0;20.0;0.83;SSW;3.611111111111111;0.0;1015.67;0.0;Fair
1500030000;24.0;21.0;0.83;SSW;3.611111111111111;0.0;1015.67;0.0;Fair
1500033600;27.0;22.0;0.74;S;6.111111111111111;0.0;1016.67;0.0;Partly Cloudy
1500037200;26.0;23.0;0.83;S;5.555555555555555;0.0;1016.67;0.0;Mostly Cloudy
1500040800;26.0;23.0;0.83;SSE;8.333333333333334;0.0;1015.67;0.0;Mostly Cloudy
1500044400;28.0;23.0;0.74;SSE;9.722222222222221;0.0;1015.67;0.0;Partly Cloudy / Windy
1500048000;27.0;21.0;0.7;SSE;9.722222222222221;0.0;1015.67;0.0;Partly Cloudy / Windy
1500051600;28.0;21.0;0.66;SSE;9.166666666666666;0.0;1014.67;0.0;Fair / Windy
1500055200;27.0;21.0;0.7;S;8.61111111111111;0.0;1014.67;0.0;Partly Cloudy
1500058800;27.0;21.0;0.7;S;7.222222222222222;0.0;1014.67;0.0;Partly Cloudy
1500062400;25.0;22.0;0.83;S;6.111111111111111;0.0;1014.67;0.0;Partly Cloudy
1500066000;25.0;22.0;0.83;S;6.666666666666666;0.0;1015.67;0.0;Partly Cloudy
1500069600;24.0;21.0;0.83;S;4.166666666666667;0.0;1015.67;0.0;Partly Cloudy
1500073200;24.0;21.0;0.83;SSE;7.222222222222222;0.0;1015.67;0.0;Mostly Cloudy
1500076800;25.0;21.0;0.78;SSE;6.111111111111111;0.0;1016.67;0.0;Fair
1500080400;25.0;21.0;0.78;SSE;7.222222222222222;0.0;1016.67;0.0;Partly Cloudy
1500084000;25.0;22.0;0.83;SSE;6.111111111111111;0.0;1016.67;0.0;Light Rain
1500260400;25.0;21.0;0.78;SE;8.333333333333334;0.0;1015.67;0.0;Showers in the Vicinity
1500264000;25.0;21.0;0.78;SE;7.222222222222222;0.0;1014.67;0.0;Mostly Cloudy
1500267600;25.0;21.0;0.78;SSE;6.666666666666666;0.0;1013.68;0.0;Mostly Cloudy
1500271200;25.0;20.0;0.74;SSE;7.222222222222222;0.0;1013.68;0.0;Partly Cloudy
1500274800;25.0;21.0;0.78;SSE;7.777777777777778;0.0;1013.68;0.0;Partly Cloudy
1500278400;25.0;21.0;0.78;SSE;8.333333333333334;0.0;1014.67;0.0;Partly Cloudy
1500282000;25.0;21.0;0.78;SSE;6.666666666666666;0.0;1014.67;0.0;Showers in the Vicinity
1500285600;25.0;20.0;0.74;SSE;8.333333333333334;0.0;1014.67;0.0;Partly Cloudy
1500289200;27.0;21.0;0.7;SSE;7.777777777777778;0.0;1015.67;0.0;Partly Cloudy
1500292800;24.0;18.0;0.69;SE;7.222222222222222;0.0;1016.67;0.0;Showers in the Vicinity
1500296400;27.0;21.0;0.7;SSE;7.777777777777778;0.0;1016.67;0.0;Partly Cloudy
1500300000;27.0;21.0;0.7;SSE;7.777777777777778;0.0;1015.67;0.0;Partly Cloudy
1500303600;25.0;20.0;0.74;SSE;7.222222222222222;0.0;1015.67;0.0;Mostly Cloudy
1500307200;25.0;22.0;0.83;S;4.722222222222222;0.0;1014.67;0.0;Mostly Cloudy
1500310800;23.0;21.0;0.88;SSE;6.666666666666666;0.0;1014.67;0.0;Light Rain
1500312180;23.0;21.0;0.88;S;5.555555555555555;0.0;1014.67;0.0;Light Rain
1500314400;22.0;20.0;0.88;S;2.5;0.0;1014.67;0.0;Showers in the Vicinity
1500318000;24.0;21.0;0.83;SSW;4.166666666666667;0.0;1014.67;0.0;Showers in the Vicinity
1500321600;23.0;21.0;0.88;SSW;4.722222222222222;0.0;1014.67;0.0;Showers in the Vicinity
1500321900;23.0;21.0;0.88;SSW;4.166666666666667;0.0;0.0;0.0;Light Rain
1500323220;22.0;21.0;0.94;SSW;1.9444444444444444;0.0;1015.67;0.0;Showers in the Vicinity
1500325200;23.0;21.0;0.88;SSW;1.9444444444444444;0.0;1015.67;0.0;Partly Cloudy
1500328800;23.0;21.0;0.88;SSW;2.5;0.0;1015.67;0.0;Showers in the Vicinity
1500332400;23.0;21.0;0.88;S;3.611111111111111;0.0;1015.67;0.0;Mostly Cloudy
1500336000;23.0;21.0;0.88;SSW;3.0555555555555554;0.0;1016.67;0.0;Partly Cloudy
1500339600;24.0;22.0;0.89;SSE;4.166666666666667;0.0;1015.67;0.0;Mostly Cloudy
1500343200;23.0;21.0;0.88;S;1.9444444444444444;0.0;1015.67;0.0;Mostly Cloudy
1500346800;23.0;21.0;0.88;SW;3.0555555555555554;0.0;1014.67;0.0;Mostly Cloudy
1500350400;22.0;21.0;0.94;SSW;3.0555555555555554;0.0;1014.67;0.0;Showers in the Vicinity
1500354000;22.0;21.0;0.94;SSW;1.9444444444444444;0.0;1014.67;0.0;Mostly Cloudy
1500357600;22.0;21.0;0.94;SSW;1.9444444444444444;0.0;1013.68;0.0;Showers in the Vicinity
1500361200;23.0;21.0;0.88;S;4.722222222222222;0.0;1014.67;0.0;Mostly Cloudy
1500364800;22.0;21.0;0.94;S;4.722222222222222;0.0;1014.67;0.0;Mostly Cloudy
1500368400;22.0;21.0;0.94;SSW;3.611111111111111;0.0;1014.67;0.0;Mostly Cloudy
1500372000;22.0;21.0;0.94;SSW;2.5;0.0;1015.67;0.0;Showers in the Vicinity
1500375600;24.0;22.0;0.89;S;4.722222222222222;0.0;1016.67;0.0;Showers in the Vicinity
1500379200;26.0;22.0;0.78;SSE;6.111111111111111;0.0;1016.67;0.0;Partly Cloudy
1500382800;27.0;22.0;0.74;SSE;7.222222222222222;0.0;1016.67;0.0;Partly Cloudy
1500386400;27.0;22.0;0.74;SSE;7.222222222222222;0.0;1016.67;0.0;Partly Cloudy
1500390000;28.0;22.0;0.7;SE;6.666666666666666;0.0;1015.67;0.0;Partly Cloudy
1500393600;28.0;22.0;0.7;SSE;6.666666666666666;0.0;1015.67;0.0;Partly Cloudy
1500397200;27.0;22.0;0.74;SSE;6.666666666666666;0.0;1014.67;0.0;Fair
1500400800;26.0;22.0;0.78;SSE;6.666666666666666;0.0;1014.67;0.0;Fair
1500404400;26.0;21.0;0.74;SSE;7.222222222222222;0.0;1014.67;0.0;Fair
1500408000;26.0;22.0;0.78;S;5.555555555555555;0.0;1014.67;0.0;Fair
1500411600;25.0;22.0;0.83;S;4.166666666666667;0.0;1014.67;0.0;Fair
1500415200;25.0;21.0;0.78;S;5.277777777777778;0.0;1015.67;0.0;Partly Cloudy
1500418800;25.0;21.0;0.78;S;5.555555555555555;0.0;1015.67;0.0;Partly Cloudy
1500422400;25.0;21.0;0.78;S;5.277777777777778;0.0;1015.67;0.0;Partly Cloudy
1500426000;24.0;21.0;0.83;SW;2.5;0.0;1015.67;0.0;Partly Cloudy
1500429600;24.0;21.0;0.83;SSW;2.5;0.0;1015.67;0.0;Partly Cloudy
1500433200;23.0;21.0;0.88;SSW;3.0555555555555554;0.0;1015.67;0.0;Partly Cloudy
1500436800;23.0;21.0;0.88;SSW;2.5;0.0;1014.67;0.0;Showers in the Vicinity
1500440400;23.0;21.0;0.88;CALM;0.0;0.0;1014.67;0.0;Showers in the Vicinity
1500444000;23.0;21.0;0.88;SSW;2.5;0.0;1014.67;0.0;Mostly Cloudy
1500447600;23.0;21.0;0.88;SSW;3.0555555555555554;0.0;1014.67;0.0;Partly Cloudy
1500451200;23.0;21.0;0.88;WSW;1.6666666666666665;0.0;1014.67;0.0;Showers in the Vicinity
1500454800;23.0;22.0;0.94;S;2.5;0.0;1014.67;0.0;Light Rain
1500458400;22.0;21.0;0.94;SSW;2.5;0.0;1016.67;0.0;Light Rain
1500462000;23.0;22.0;0.94;SSW;2.5;0.0;1016.67;0.0;Light Drizzle
1500465600;24.0;23.0;0.94;SSW;3.0555555555555554;0.0;1016.67;0.0;Showers in the Vicinity
1500469200;24.0;23.0;0.94;S;4.166666666666667;0.0;1016.67;0.0;Showers in the Vicinity
1500472800;24.0;23.0;0.94;S;5.555555555555555;0.0;1016.67;0.0;Light Drizzle
1500476400;24.0;22.0;0.89;S;7.222222222222222;0.0;1015.67;0.0;Light Drizzle
1500480000;25.0;23.0;0.89;S;7.222222222222222;0.0;1014.67;0.0;Mostly Cloudy
1500483600;25.0;22.0;0.83;S;7.777777777777778;0.0;1014.67;0.0;Mostly Cloudy
1500487200;25.0;22.0;0.83;S;7.222222222222222;0.0;1013.68;0.0;Light Drizzle
1500489180;24.0;22.0;0.89;S;5.555555555555555;0.0;1014.67;0.0;Light Drizzle
1500490800;23.0;22.0;0.94;S;5.555555555555555;0.0;0.0;0.0;Light Drizzle
1500492480;23.0;23.0;1.0;S;4.722222222222222;0.0;0.0;0.0;Light Rain
1500494400;23.0;23.0;1.0;S;5.277777777777778;0.0;1014.67;0.0;Light Rain
1500495120;23.0;23.0;1.0;S;4.722222222222222;0.0;0.0;0.0;Light Rain
1500498000;23.0;23.0;1.0;S;4.722222222222222;0.0;1014.67;0.0;Light Rain
1500501600;23.0;23.0;1.0;S;4.722222222222222;0.0;1015.67;0.0;Cloudy
1500505200;23.0;23.0;1.0;S;4.166666666666667;0.0;1015.67;0.0;Light Drizzle
1500508800;23.0;23.0;1.0;SSW;4.166666666666667;0.0;1016.67;0.0;Light Drizzle
1500512400;23.0;23.0;1.0;SW;3.0555555555555554;0.0;1016.67;0.0;Light Drizzle
1500516000;23.0;23.0;1.0;SSW;2.5;0.0;1015.67;0.0;Light Rain
1500692400;23.0;23.0;1.0;SSW;2.5;0.0;1016.67;0.0;Mostly Cloudy
1500696000;23.0;23.0;1.0;S;3.0555555555555554;0.0;1015.67;0.0;Light Rain
1500699600;23.0;23.0;1.0;SSW;2.5;0.0;1015.67;0.0;Showers in the Vicinity
1500703200;23.0;23.0;1.0;CALM;0.0;0.0;1014.67;0.0;Light Rain
1500706800;23.0;23.0;1.0;S;2.5;0.0;1014.67;0.0;Light Rain
1500710400;24.0;23.0;0.94;SSW;2.5;0.0;1014.67;0.0;Mostly Cloudy
1500714000;24.0;22.0;0.89;S;4.166666666666667;0.0;1015.67;0.0;Showers in the Vicinity
1500717600;24.0;23.0;0.94;SW;2.5;0.0;1016.67;0.0;Showers in the Vicinity
1500721200;24.0;23.0;0.94;SW;2.5;0.0;1016.67;0.0;Showers in the Vicinity
1500724800;24.0;23.0;0.94;SSE;4.722222222222222;0.0;1017.67;0.0;Showers in the Vicinity
1500728400;25.0;24.0;0.94;SE;4.722222222222222;0.0;1017.67;0.0;Light Rain
1500732000;26.0;23.0;0.83;SSE;5.277777777777778;0.0;1016.67;0.0;Mostly Cloudy
1500735600;26.0;23.0;0.83;SSE;6.111111111111111;0.0;1015.67;0.0;Light Rain
1500739200;27.0;24.0;0.84;SSE;7.777777777777778;0.0;1014.67;0.0;Partly Cloudy
1500742800;28.0;24.0;0.79;SSE;6.666666666666666;0.0;1013.68;0.0;Partly Cloudy
1500746400;27.0;22.0;0.74;SSE;7.222222222222222;0.0;1013.68;0.0;Partly Cloudy
1500750000;26.0;22.0;0.78;SSE;6.111111111111111;0.0;1014.67;0.0;Showers in the Vicinity
1500753600;25.0;22.0;0.83;E;2.5;0.0;1014.67;0.0;Showers in the Vicinity
1500757200;25.0;22.0;0.83;S;3.611111111111111;0.0;1015.67;0.0;Partly Cloudy
1500760800;24.0;22.0;0.89;S;3.611111111111111;0.0;1015.67;0.0;Partly Cloudy
1500764400;24.0;22.0;0.89;SE;1.1111111111111112;0.0;1016.67;0.0;Mostly Cloudy
1500768000;24.0;22.0;0.89;WSW;1.6666666666666665;0.0;1016.67;0.0;Partly Cloudy
1500771600;23.0;22.0;0.94;SSW;1.6666666666666665;0.0;1016.67;0.0;Partly Cloudy
1500775200;23.0;22.0;0.94;WSW;1.1111111111111112;0.0;1016.67;0.0;Partly Cloudy
1500865200;25.0;22.0;0.83;SSE;4.722222222222222;0.0;1017.67;0.0;Partly Cloudy
1500868800;23.0;22.0;0.94;S;6.666666666666666;0.0;1016.67;0.0;Showers in the Vicinity
1500872400;25.0;22.0;0.83;SE;6.111111111111111;0.0;1016.67;0.0;Partly Cloudy
1500876000;25.0;21.0;0.78;SE;5.277777777777778;0.0;1016.67;0.0;Fair
1500879600;25.0;21.0;0.78;SE;4.722222222222222;0.0;1016.67;0.0;Partly Cloudy
1500883200;25.0;21.0;0.78;SE;4.166666666666667;0.0;1016.67;0.0;Fair
1500886800;25.0;21.0;0.78;SE;4.722222222222222;0.0;1016.67;0.0;Fair
1500890400;26.0;21.0;0.74;SE;4.722222222222222;0.0;1017.67;0.0;Partly Cloudy
1500894000;27.0;21.0;0.7;SE;5.277777777777778;0.0;1018.67;0.0;Partly Cloudy
1500897600;27.0;21.0;0.7;SE;5.555555555555555;0.0;1018.67;0.0;Partly Cloudy
1500901200;28.0;22.0;0.7;SE;5.277777777777778;0.0;1019.67;0.0;Partly Cloudy
1500904800;28.0;22.0;0.7;SSE;6.666666666666666;0.0;1018.67;0.0;Mostly Cloudy
1500908400;28.0;23.0;0.74;SSE;7.222222222222222;0.0;1017.67;0.0;Partly Cloudy
1500912000;27.0;23.0;0.79;SSE;7.777777777777778;0.0;1017.67;0.0;Partly Cloudy
1500915600;28.0;23.0;0.74;SSE;7.777777777777778;0.0;1016.67;0.0;Partly Cloudy
1500919200;27.0;22.0;0.74;SSE;8.333333333333334;0.0;1016.67;0.0;Partly Cloudy
1500922800;26.0;23.0;0.83;SSE;7.777777777777778;0.0;1016.67;0.0;Fair
1500926400;26.0;23.0;0.83;S;6.111111111111111;0.0;1016.67;0.0;Partly Cloudy
1500930000;26.0;23.0;0.83;S;6.666666666666666;0.0;1016.67;0.0;Mostly Cloudy
1500933600;26.0;23.0;0.83;S;6.111111111111111;0.0;1017.67;0.0;Cloudy
1500933960;24.0;23.0;0.94;S;7.222222222222222;0.0;1017.67;0.0;Rain
1500935100;23.0;22.0;0.94;S;7.222222222222222;0.0;1017.67;0.0;Cloudy
1500937200;23.0;22.0;0.94;S;3.611111111111111;0.0;1017.67;0.0;Mostly Cloudy
1500940800;23.0;22.0;0.94;SSW;2.5;0.0;1017.67;0.0;Mostly Cloudy
1500944400;25.0;22.0;0.83;SSE;4.722222222222222;0.0;1017.67;0.0;Mostly Cloudy
1500948000;24.0;23.0;0.94;SE;1.9444444444444444;0.0;1017.67;0.0;Showers in the Vicinity
1500951600;23.0;23.0;1.0;S;4.166666666666667;0.0;1017.67;0.0;Showers in the Vicinity
1500955200;24.0;23.0;0.94;SE;5.277777777777778;0.0;1016.67;0.0;Showers in the Vicinity
1500958800;24.0;23.0;0.94;SSE;6.666666666666666;0.0;1016.67;0.0;Mostly Cloudy
1500962400;24.0;23.0;0.94;SE;5.555555555555555;0.0;1016.67;0.0;Mostly Cloudy
1500966000;24.0;23.0;0.94;SE;4.722222222222222;0.0;1016.67;0.0;Showers in the Vicinity
1500969600;24.0;22.0;0.89;SE;5.555555555555555;0.0;1016.67;0.0;Mostly Cloudy
1500973200;24.0;22.0;0.89;SE;8.333333333333334;0.0;1016.67;0.0;Mostly Cloudy
1500976800;24.0;22.0;0.89;SSE;7.777777777777778;0.0;1017.67;0.0;Mostly Cloudy
1500980400;26.0;22.0;0.78;SSE;6.666666666666666;0.0;1017.67;0.0;Mostly Cloudy
1500984000;27.0;22.0;0.74;SSE;8.333333333333334;0.0;1017.67;0.0;Partly Cloudy
1500987600;27.0;23.0;0.79;SSE;8.61111111111111;0.0;1017.67;0.0;Partly Cloudy
1500991200;27.0;23.0;0.79;SSE;9.166666666666666;0.0;1017.67;0.0;Partly Cloudy / Windy
1500994800;28.0;22.0;0.7;SSE;9.722222222222221;0.0;1016.67;0.0;Partly Cloudy / Windy
1500998400;28.0;22.0;0.7;S;9.166666666666666;0.0;1016.67;0.0;Partly Cloudy / Windy
1501002000;28.0;23.0;0.74;SSE;9.722222222222221;0.0;1015.67;0.0;Partly Cloudy / Windy
1501005600;27.0;22.0;0.74;SSE;9.166666666666666;0.0;1015.67;0.0;Mostly Cloudy / Windy
1501009200;26.0;22.0;0.78;S;7.777777777777778;0.0;1015.67;0.0;Mostly Cloudy
1501012800;25.0;23.0;0.89;S;7.222222222222222;0.0;1015.67;0.0;Mostly Cloudy
1501016400;25.0;21.0;0.78;S;7.777777777777778;0.0;1015.67;0.0;Partly Cloudy
1501020000;25.0;22.0;0.83;S;7.222222222222222;0.0;1016.67;0.0;Mostly Cloudy
1501023600;25.0;22.0;0.83;SSE;9.166666666666666;0.0;1016.67;0.0;Showers in the Vicinity
1501027200;25.0;22.0;0.83;SSE;8.333333333333334;0.0;1016.67;0.0;Mostly Cloudy
1501030800;25.0;21.0;0.78;S;8.333333333333334;0.0;1016.67;0.0;Cloudy
1501034400;23.0;22.0;0.94;SSW;4.166666666666667;0.0;1016.67;0.0;Showers in the Vicinity
1501210800;22.0;22.0;1.0;S;7.222222222222222;0.0;1014.67;0.0;Light Rain
1501214400;22.0;22.0;1.0;SSW;3.611111111111111;0.0;1014.67;0.0;Light Rain
1501218000;22.0;22.0;1.0;S;4.166666666666667;0.0;1013.68;0.0;Light Rain
1501221600;22.0;22.0;1.0;S;6.666666666666666;0.0;1013.68;0.0;Light Rain
1501225200;22.0;22.0;1.0;S;6.111111111111111;0.0;1013.68;0.0;Light Rain
1501228800;22.0;22.0;1.0;S;6.666666666666666;0.0;1013.68;0.0;Light Rain
1501232400;23.0;23.0;1.0;SSE;7.222222222222222;0.0;1014.67;0.0;Rain
1501236000;23.0;23.0;1.0;SSE;8.61111111111111;0.0;1015.67;0.0;Light Rain
1501239600;22.0;22.0;1.0;SSE;9.722222222222221;0.0;0.0;0.0;Light Rain / Windy
1501243200;23.0;22.0;0.94;SE;8.333333333333334;0.0;0.0;0.0;Light Rain
1501246800;24.0;21.0;0.83;SE;5.277777777777778;0.0;1016.67;0.0;Light Rain
1501250400;23.0;21.0;0.88;SSE;7.222222222222222;0.0;1016.67;0.0;Light Rain
1501254000;24.0;19.0;0.73;SSE;7.777777777777778;0.0;1016.67;0.0;Light Rain
1501257600;26.0;22.0;0.78;SSE;3.611111111111111;0.0;1015.67;0.0;Showers in the Vicinity
1501261200;26.0;23.0;0.83;SSE;7.222222222222222;0.0;1015.67;0.0;Mostly Cloudy
1501264800;26.0;22.0;0.78;SSE;7.777777777777778;0.0;1014.67;0.0;Mostly Cloudy
1501268400;26.0;22.0;0.78;S;6.666666666666666;0.0;1015.67;0.0;Mostly Cloudy
1501272000;25.0;22.0;0.83;S;5.555555555555555;0.0;1015.67;0.0;Mostly Cloudy
1501275600;25.0;22.0;0.83;S;5.555555555555555;0.0;1015.67;0.0;Mostly Cloudy
1501279200;25.0;22.0;0.83;S;4.722222222222222;0.0;1016.67;0.0;Mostly Cloudy
1501282800;25.0;22.0;0.83;SSW;4.166666666666667;0.0;1016.67;0.0;Mostly Cloudy
1501286400;24.0;21.0;0.83;SSW;3.0555555555555554;0.0;1016.67;0.0;Partly Cloudy
1501290000;23.0;21.0;0.88;SSW;3.0555555555555554;0.0;1016.67;0.0;Partly Cloudy
1501293600;24.0;23.0;0.94;S;5.555555555555555;0.0;1016.67;0.0;Partly Cloudy
1501383600;25.0;20.0;0.74;SE;7.222222222222222;0.0;1017.67;0.0;Fair
1501387200;25.0;19.0;0.69;SE;7.222222222222222;0.0;1016.67;0.0;Fair
1501390800;25.0;20.0;0.74;SE;6.666666666666666;0.0;1016.67;0.0;Fair
1501394400;25.0;19.0;0.69;SE;5.555555555555555;0.0;1016.67;0.0;Fair
1501398000;25.0;20.0;0.74;SSE;6.666666666666666;0.0;1015.67;0.0;Partly Cloudy
1501401600;25.0;20.0;0.74;SE;6.111111111111111;0.0;1015.67;0.0;Partly Cloudy
1501405200;25.0;21.0;0.78;SE;6.111111111111111;11.944444444444445;1015.67;0.0;Mostly Cloudy
1501408800;25.0;22.0;0.83;SSE;6.111111111111111;0.0;1016.67;0.0;Mostly Cloudy
1501412400;25.0;22.0;0.83;SE;5.555555555555555;0.0;1017.67;0.0;Showers in the Vicinity
1501414020;25.0;22.0;0.83;ESE;6.111111111111111;12.222222222222221;0.0;0.0;Rain
1501416000;25.0;23.0;0.89;ESE;4.722222222222222;0.0;1017.67;0.0;Showers in the Vicinity
1501419600;26.0;23.0;0.83;SE;6.666666666666666;0.0;1017.67;0.0;Partly Cloudy
1501423200;26.0;23.0;0.83;SSE;8.333333333333334;0.0;1017.67;0.0;Showers in the Vicinity
1501424820;25.0;23.0;0.89;SE;8.61111111111111;15.555555555555555;1017.67;0.0;Light Rain Shower
1501426800;25.0;23.0;0.89;SE;8.61111111111111;13.88888888888889;0.0;0.0;Light Rain Shower
1501428000;0.0;0.0;0.0;SE;7.222222222222222;0.0;1016.67;0.0;Showers in the Vicinity
1501430400;26.0;23.0;0.83;SE;8.333333333333334;0.0;0.0;0.0;Showers in the Vicinity
1501434000;24.0;22.0;0.89;SE;8.61111111111111;0.0;1015.67;0.0;Showers in the Vicinity
1501437600;25.0;22.0;0.83;SSE;8.333333333333334;0.0;1015.67;0.0;Partly Cloudy
1501438860;24.0;22.0;0.89;SSE;10.277777777777777;0.0;0.0;0.0;Light Rain Shower / Windy
1501441200;25.0;22.0;0.83;SSE;7.222222222222222;0.0;1015.67;0.0;Showers in the Vicinity
1501444800;25.0;21.0;0.78;SSE;9.166666666666666;0.0;1015.67;0.0;Showers in the Vicinity
1501448400;25.0;20.0;0.74;SSE;8.61111111111111;0.0;1015.67;0.0;Showers in the Vicinity
1501452000;25.0;20.0;0.74;SSE;8.333333333333334;0.0;1016.67;0.0;Mostly Cloudy
1501455600;25.0;21.0;0.78;S;7.222222222222222;0.0;1016.67;0.0;Mostly Cloudy
1501459200;24.0;21.0;0.83;S;7.222222222222222;0.0;1017.67;0.0;Mostly Cloudy
1501462800;25.0;20.0;0.74;SSE;8.333333333333334;0.0;1017.67;0.0;Mostly Cloudy
1501466400;25.0;21.0;0.78;SSE;7.777777777777778;0.0;1017.67;0.0;Cloudy
1501556400;22.0;22.0;1.0;S;3.611111111111111;0.0;1015.67;0.0;Light Rain
1501560000;22.0;22.0;1.0;SSW;3.611111111111111;0.0;1014.67;0.0;Showers in the Vicinity
1501563600;22.0;22.0;1.0;S;3.0555555555555554;0.0;1014.67;0.0;Mostly Cloudy
1501567200;22.0;22.0;1.0;SSW;3.0555555555555554;0.0;1014.67;0.0;Mostly Cloudy
1501570800;22.0;22.0;1.0;SW;2.5;0.0;1014.67;0.0;Showers in the Vicinity
1501574400;22.0;21.0;0.94;WSW;2.5;0.0;1014.67;0.0;Showers in the Vicinity
1501578000;22.0;21.0;0.94;SW;2.5;0.0;1014.67;0.0;Showers in the Vicinity
1501581600;22.0;21.0;0.94;SW;2.5;0.0;1015.67;0.0;Showers in the Vicinity
1501585200;23.0;22.0;0.94;SSW;4.166666666666667;0.0;1015.67;0.0;Partly Cloudy
1501588800;24.0;23.0;0.94;S;2.5;0.0;1016.67;0.0;Partly Cloudy
1501591080;23.0;23.0;1.0;S;3.0555555555555554;0.0;1016.67;0.0;Light Rain
1501592400;23.0;23.0;1.0;SSE;1.1111111111111112;0.0;1016.67;0.0;Light Rain
1501596000;25.0;24.0;0.94;S;3.0555555555555554;0.0;1015.67;0.0;Showers in the Vicinity
1501599600;26.0;24.0;0.89;SSE;5.555555555555555;0.0;1014.67;0.0;Partly Cloudy
1501603200;27.0;23.0;0.79;E;3.611111111111111;0.0;1014.67;0.0;Mostly Cloudy
1501606800;26.0;23.0;0.83;SE;5.277777777777778;0.0;1013.68;0.0;Showers in the Vicinity
1501610400;27.0;23.0;0.79;SE;3.611111111111111;0.0;1013.68;0.0;Mostly Cloudy
1501614000;25.0;23.0;0.89;SSE;5.277777777777778;0.0;1013.68;0.0;Showers in the Vicinity
1501617600;25.0;23.0;0.89;SSE;3.0555555555555554;0.0;1014.67;0.0;Showers in the Vicinity
1501621200;26.0;23.0;0.83;SE;3.611111111111111;0.0;1014.67;0.0;Mostly Cloudy
1501624800;25.0;23.0;0.89;SSE;4.166666666666667;0.0;1015.67;0.0;Partly Cloudy
1501628400;26.0;23.0;0.83;SE;3.611111111111111;0.0;1015.67;0.0;Partly Cloudy
1501632000;25.0;22.0;0.83;SE;4.722222222222222;0.0;1015.67;0.0;Partly Cloudy
1501635600;25.0;22.0;0.83;SE;4.166666666666667;0.0;1016.67;0.0;Partly Cloudy
1501639200;25.0;23.0;0.89;SE;4.166666666666667;0.0;1015.67;0.0;Partly Cloudy
1501642800;25.0;22.0;0.83;SE;4.166666666666667;0.0;1015.67;0.0;Partly Cloudy
1501646400;24.0;22.0;0.89;SSE;5.555555555555555;0.0;1014.67;0.0;Partly Cloudy
1501650000;25.0;22.0;0.83;SSE;4.166666666666667;0.0;1014.67;0.0;Partly Cloudy
1501653600;24.0;21.0;0.83;SSE;2.5;0.0;1014.67;0.0;Partly Cloudy
1501657200;25.0;22.0;0.83;SSE;4.166666666666667;0.0;1014.67;0.0;Partly Cloudy
1501660800;24.0;23.0;0.94;SSE;3.611111111111111;0.0;1015.67;0.0;Partly Cloudy
1501664400;23.0;23.0;1.0;SSE;5.555555555555555;0.0;1016.67;0.0;Light Rain
1501668000;24.0;23.0;0.94;S;3.611111111111111;0.0;1016.67;0.0;Mostly Cloudy
1501671600;25.0;24.0;0.94;S;4.166666666666667;0.0;1017.67;0.0;Showers in the Vicinity
1501675200;23.0;23.0;1.0;ESE;5.555555555555555;0.0;1017.67;0.0;Rain
1501677300;26.0;23.0;0.83;ESE;4.722222222222222;0.0;1017.67;0.0;Showers in the Vicinity
1501678800;26.0;24.0;0.89;SE;4.722222222222222;0.0;1017.67;0.0;Partly Cloudy
1501682400;26.0;23.0;0.83;SE;6.111111111111111;0.0;1017.67;0.0;Mostly Cloudy
1501686000;26.0;23.0;0.83;SE;5.555555555555555;0.0;1017.67;0.0;Mostly Cloudy
1501689600;25.0;24.0;0.94;SE;4.166666666666667;0.0;1016.67;0.0;Showers in the Vicinity
1501690800;25.0;23.0;0.89;ESE;3.611111111111111;0.0;1016.67;0.0;Rain Shower
1501693200;25.0;23.0;0.89;ESE;3.611111111111111;0.0;1016.67;0.0;Showers in the Vicinity
1501695540;23.0;23.0;1.0;ESE;5.277777777777778;0.0;1015.67;0.0;Light Rain
1501696800;23.0;23.0;1.0;SE;3.611111111111111;0.0;1016.67;0.0;Light Rain
1501698840;24.0;23.0;0.94;ESE;3.0555555555555554;0.0;1016.67;0.0;Showers in the Vicinity
1501700400;25.0;23.0;0.89;ESE;2.5;0.0;1016.67;0.0;Mostly Cloudy
1501704000;24.0;23.0;0.94;SE;4.166666666666667;0.0;1016.67;0.0;Mostly Cloudy
1501707600;24.0;23.0;0.94;SSE;2.5;0.0;1016.67;0.0;Partly Cloudy
1501711200;24.0;23.0;0.94;SSE;3.0555555555555554;0.0;1016.67;0.0;Partly Cloudy
1501714800;24.0;23.0;0.94;SSE;3.0555555555555554;0.0;1017.67;0.0;Fair
1501718400;24.0;23.0;0.94;S;1.9444444444444444;0.0;1017.67;0.0;Mostly Cloudy
1501722000;23.0;23.0;1.0;SW;1.9444444444444444;0.0;1017.67;0.0;Mostly Cloudy
1501725600;24.0;22.0;0.89;S;4.166666666666667;0.0;1017.67;0.0;Partly Cloudy
1501729200;23.0;22.0;0.94;S;1.6666666666666665;0.0;1016.67;0.0;Partly Cloudy
1501732800;23.0;22.0;0.94;SSW;2.5;0.0;1016.67;0.0;Partly Cloudy
1501736400;22.0;22.0;1.0;S;1.6666666666666665;0.0;1015.67;0.0;Partly Cloudy
1501740000;22.0;22.0;1.0;S;1.6666666666666665;0.0;1015.67;0.0;Partly Cloudy
1501743600;22.0;22.0;1.0;S;1.6666666666666665;0.0;1015.67;0.0;Partly Cloudy
1501747200;22.0;22.0;1.0;SW;1.1111111111111112;0.0;1015.67;0.0;Partly Cloudy
1501750800;22.0;22.0;1.0;SSW;1.6666666666666665;0.0;1016.67;0.0;Partly Cloudy
1501754400;23.0;22.0;0.94;VAR;1.1111111111111112;0.0;1016.67;0.0;Partly Cloudy
1501758000;25.0;23.0;0.89;SSW;3.611111111111111;0.0;1017.67;0.0;Mostly Cloudy
1501761600;26.0;23.0;0.83;S;4.166666666666667;0.0;1017.67;0.0;Partly Cloudy
1501765200;27.0;23.0;0.79;SSE;5.277777777777778;0.0;1017.67;0.0;Mostly Cloudy
1501768800;27.0;23.0;0.79;S;5.555555555555555;0.0;1016.67;0.0;Fair
1501772400;28.0;23.0;0.74;SSE;6.111111111111111;0.0;1015.67;0.0;Partly Cloudy
1501776000;27.0;23.0;0.79;SSE;6.111111111111111;0.0;1015.67;0.0;Fair
1501779600;27.0;23.0;0.79;SSE;6.111111111111111;0.0;1014.67;0.0;Fair
1501783200;27.0;23.0;0.79;SSE;6.111111111111111;0.0;1014.67;0.0;Partly Cloudy
1501786800;26.0;23.0;0.83;SSE;5.555555555555555;0.0;1014.67;0.0;Fair
1501790400;26.0;22.0;0.78;S;5.555555555555555;0.0;1014.67;0.0;Fair
1501794000;25.0;23.0;0.89;S;4.166666666666667;0.0;1015.67;0.0;Fair
1501797600;25.0;23.0;0.89;S;3.611111111111111;0.0;1015.67;0.0;Fair
1501801200;24.0;23.0;0.94;S;3.0555555555555554;0.0;1016.67;0.0;Fair
1501804800;24.0;22.0;0.89;SSW;1.9444444444444444;0.0;1016.67;0.0;Fair
1501808400;24.0;22.0;0.89;SW;1.9444444444444444;0.0;1016.67;0.0;Fair
1501812000;23.0;22.0;0.94;SSW;1.9444444444444444;0.0;1016.67;0.0;Mostly Cloudy
1501815600;23.0;22.0;0.94;SSW;1.1111111111111112;0.0;1015.67;0.0;Mostly Cloudy
1501819200;23.0;22.0;0.94;SSW;1.6666666666666665;0.0;1015.67;0.0;Fair
1501822800;22.0;22.0;1.0;SW;1.6666666666666665;0.0;1014.67;0.0;Fair
1501826400;22.0;21.0;0.94;SSW;1.1111111111111112;0.0;1014.67;0.0;Fair
1501830000;22.0;21.0;0.94;SSW;0.5555555555555556;0.0;1014.67;0.0;Fair
1501833600;22.0;21.0;0.94;SW;1.6666666666666665;0.0;1014.67;0.0;Fair
1501837200;22.0;21.0;0.94;S;1.1111111111111112;0.0;1014.67;0.0;Fair
1501840800;23.0;22.0;0.94;SSW;1.6666666666666665;0.0;1015.67;0.0;Fair
1501844400;25.0;23.0;0.89;SSW;1.9444444444444444;0.0;1015.67;0.0;Fair
1501848000;26.0;23.0;0.83;S;2.5;0.0;1016.67;0.0;Partly Cloudy
1501851600;27.0;22.0;0.74;SSE;4.166666666666667;0.0;1015.67;0.0;Partly Cloudy
1501855200;27.0;23.0;0.79;SE;4.722222222222222;0.0;1015.67;0.0;Partly Cloudy
1501858800;28.0;23.0;0.74;SSE;4.166666666666667;0.0;1014.67;0.0;Partly Cloudy
1501862400;28.0;22.0;0.7;SE;4.166666666666667;0.0;1013.68;0.0;Partly Cloudy
1501866000;28.0;23.0;0.74;SE;3.611111111111111;0.0;1012.68;0.0;Fair
1501869600;27.0;23.0;0.79;SE;3.611111111111111;0.0;1012.68;0.0;Partly Cloudy
1501873200;27.0;23.0;0.79;SE;4.166666666666667;0.0;1013.68;0.0;Partly Cloudy
1501876800;26.0;23.0;0.83;SE;3.611111111111111;0.0;1013.68;0.0;Partly Cloudy
1501880400;26.0;23.0;0.83;SE;3.611111111111111;0.0;1015.67;0.0;Partly Cloudy
1501884000;25.0;23.0;0.89;SE;3.0555555555555554;0.0;1014.67;0.0;Partly Cloudy
1501887600;25.0;23.0;0.89;SE;2.5;0.0;1014.67;0.0;Fair
1501891200;25.0;24.0;0.94;SE;1.9444444444444444;0.0;1015.67;0.0;Partly Cloudy
1501894800;25.0;23.0;0.89;SSW;1.6666666666666665;0.0;1015.67;0.0;Partly Cloudy
1501898400;26.0;23.0;0.83;E;1.6666666666666665;0.0;1015.67;0.0;Fair
1501902000;25.0;23.0;0.89;SSE;1.6666666666666665;0.0;1015.67;0.0;Partly Cloudy
1501905600;26.0;23.0;0.83;E;1.9444444444444444;0.0;1014.67;0.0;Fair
1501909200;25.0;22.0;0.83;E;1.6666666666666665;0.0;1013.68;0.0;Partly Cloudy
1501912800;24.0;23.0;0.94;NNW;1.1111111111111112;0.0;1013.68;0.0;Partly Cloudy
1501916400;23.0;23.0;1.0;NW;1.1111111111111112;0.0;1013.68;0.0;Partly Cloudy
1501920000;23.0;22.0;0.94;NW;1.6666666666666665;0.0;1013.68;0.0;Partly Cloudy
1501923600;23.0;23.0;1.0;CALM;0.0;0.0;1014.67;0.0;Partly Cloudy
1501927200;24.0;23.0;0.94;SW;1.6666666666666665;0.0;1014.67;0.0;Partly Cloudy
1501930800;27.0;23.0;0.79;NE;2.5;0.0;1015.67;0.0;Mostly Cloudy
1501934400;27.0;23.0;0.79;ESE;4.722222222222222;0.0;1015.67;0.0;Partly Cloudy
1501938000;28.0;23.0;0.74;E;3.0555555555555554;0.0;1015.67;0.0;Mostly Cloudy
1501941600;28.0;23.0;0.74;SE;4.722222222222222;0.0;1015.67;0.0;Partly Cloudy
1501945200;28.0;23.0;0.74;SE;4.722222222222222;0.0;1014.67;0.0;Partly Cloudy
1501948800;28.0;22.0;0.7;ESE;4.722222222222222;0.0;1013.68;0.0;Partly Cloudy
1501952400;28.0;22.0;0.7;SE;3.611111111111111;0.0;1012.68;0.0;Fair
1501956000;27.0;23.0;0.79;SE;5.277777777777778;0.0;1012.68;0.0;Fair
1501959600;27.0;22.0;0.74;SE;4.722222222222222;0.0;1012.68;0.0;Fair
1501963200;26.0;22.0;0.78;SE;4.722222222222222;0.0;1012.68;0.0;Fair
1501966800;25.0;22.0;0.83;SSE;4.166666666666667;0.0;1013.68;0.0;Fair
1501970400;25.0;22.0;0.83;SSE;3.611111111111111;0.0;1013.68;0.0;Fair
1501974000;25.0;22.0;0.83;SSE;4.722222222222222;0.0;1014.67;0.0;Partly Cloudy
1501977600;25.0;22.0;0.83;SSE;5.277777777777778;0.0;1014.67;0.0;Partly Cloudy
1501981200;25.0;22.0;0.83;SSE;4.722222222222222;0.0;1015.67;0.0;Partly Cloudy
1501984800;25.0;22.0;0.83;SSE;5.277777777777778;0.0;1015.67;0.0;Partly Cloudy
1501988400;24.0;22.0;0.89;SSW;2.5;0.0;1015.67;0.0;Partly Cloudy
1501992000;23.0;22.0;0.94;SSW;2.5;0.0;1014.67;0.0;Mostly Cloudy
1501995600;23.0;22.0;0.94;SSW;2.5;0.0;1014.67;0.0;Mostly Cloudy
1501999200;23.0;22.0;0.94;SSW;2.5;0.0;1013.68;0.0;Partly Cloudy
1502002800;23.0;22.0;0.94;S;2.5;0.0;1014.67;0.0;Partly Cloudy
1502006400;22.0;21.0;0.94;CALM;0.0;0.0;1014.67;0.0;Partly Cloudy
1502010000;23.0;22.0;0.94;S;1.9444444444444444;0.0;1014.67;0.0;Mostly Cloudy
1502013600;23.0;22.0;0.94;SSW;2.5;0.0;1015.67;0.0;Mostly Cloudy
1502017200;25.0;23.0;0.89;SSW;3.0555555555555554;0.0;1016.67;0.0;Fair
1502020800;27.0;23.0;0.79;S;4.722222222222222;0.0;1016.67;0.0;Partly Cloudy
1502024400;28.0;23.0;0.74;SSE;6.111111111111111;0.0;1016.67;0.0;Mostly Cloudy
1502028000;28.0;23.0;0.74;SSE;6.111111111111111;0.0;1016.67;0.0;Mostly Cloudy
1502031600;28.0;23.0;0.74;SSE;6.666666666666666;0.0;1015.67;0.0;Partly Cloudy
1502035200;28.0;22.0;0.7;SSE;6.666666666666666;11.944444444444445;1014.67;0.0;Partly Cloudy
1502038800;27.0;22.0;0.74;SE;7.222222222222222;0.0;1013.68;0.0;Partly Cloudy
1502042400;27.0;22.0;0.74;SSE;7.222222222222222;0.0;1013.68;0.0;Partly Cloudy
1502046000;26.0;22.0;0.78;SSE;6.666666666666666;0.0;1013.68;0.0;Partly Cloudy
1502049600;25.0;23.0;0.89;SSE;5.555555555555555;0.0;1013.68;0.0;Fair
1502053200;25.0;22.0;0.83;SSE;6.666666666666666;0.0;1014.67;0.0;Partly Cloudy
1502056800;25.0;21.0;0.78;S;6.111111111111111;0.0;1014.67;0.0;Partly Cloudy
1502060400;24.0;22.0;0.89;SE;4.166666666666667;0.0;1015.67;0.0;Mostly Cloudy
1502064000;25.0;23.0;0.89;S;4.722222222222222;0.0;1016.67;0.0;Partly Cloudy
1502067600;25.0;22.0;0.83;SSE;4.722222222222222;0.0;1016.67;0.0;Partly Cloudy
1502071200;25.0;23.0;0.89;SSE;4.722222222222222;0.0;1016.67;0.0;Partly Cloudy
1502074800;24.0;23.0;0.94;SE;3.611111111111111;0.0;1015.67;0.0;Partly Cloudy
1502078400;24.0;23.0;0.94;SE;5.555555555555555;0.0;1015.67;0.0;Showers in the Vicinity
1502082000;24.0;22.0;0.89;SE;4.166666666666667;0.0;1015.67;0.0;Mostly Cloudy
1502085600;24.0;23.0;0.94;SE;4.166666666666667;0.0;1015.67;0.0;Partly Cloudy
1502089200;23.0;22.0;0.94;SE;5.277777777777778;0.0;1015.67;0.0;Partly Cloudy
1502092800;24.0;22.0;0.89;SSE;3.611111111111111;0.0;1015.67;0.0;Showers in the Vicinity
1502096400;23.0;22.0;0.94;SSE;6.111111111111111;0.0;1016.67;0.0;Light Rain
1502100000;24.0;22.0;0.89;SE;5.277777777777778;0.0;1016.67;0.0;Showers in the Vicinity
1502101200;23.0;22.0;0.94;SSW;4.722222222222222;0.0;1017.67;0.0;Rain
1502103600;23.0;21.0;0.88;SE;5.277777777777778;11.38888888888889;1017.67;0.0;Light Rain
1502107200;25.0;22.0;0.83;S;7.222222222222222;0.0;1017.67;0.0;Mostly Cloudy
1502110800;26.0;22.0;0.78;SSE;7.777777777777778;0.0;1017.67;0.0;Mostly Cloudy
1502114400;27.0;22.0;0.74;SSE;7.777777777777778;0.0;1015.67;0.0;Mostly Cloudy
1502118000;27.0;22.0;0.74;SSE;9.722222222222221;0.0;1015.67;0.0;Partly Cloudy / Windy
1502121600;28.0;22.0;0.7;SSE;9.166666666666666;0.0;1015.67;0.0;Partly Cloudy / Windy
1502125200;27.0;21.0;0.7;SSE;8.61111111111111;0.0;1014.67;0.0;Partly Cloudy
1502128800;27.0;21.0;0.7;SSE;8.333333333333334;0.0;1014.67;0.0;Partly Cloudy
1502132400;26.0;21.0;0.74;S;7.222222222222222;0.0;1014.67;0.0;Partly Cloudy
1502136000;26.0;21.0;0.74;SSE;7.777777777777778;0.0;1014.67;0.0;Partly Cloudy
1502139600;24.0;22.0;0.89;S;6.111111111111111;0.0;1014.67;0.0;Showers in the Vicinity
1502143200;24.0;20.0;0.78;S;6.666666666666666;0.0;1015.67;0.0;Partly Cloudy
1502146800;25.0;21.0;0.78;S;6.111111111111111;0.0;1016.67;0.0;Fair
1502150400;24.0;20.0;0.78;SSE;5.277777777777778;0.0;1016.67;0.0;Fair
1502154000;24.0;20.0;0.78;SSE;5.555555555555555;0.0;1016.67;0.0;Fair
1502157600;24.0;20.0;0.78;S;5.555555555555555;0.0;1016.67;0.0;Fair
1502334000;26.0;23.0;0.83;SE;3.611111111111111;0.0;1014.67;0.0;Partly Cloudy
1502337600;26.0;22.0;0.78;ESE;3.611111111111111;0.0;1014.67;0.0;Partly Cloudy
1502341200;26.0;22.0;0.78;SE;3.611111111111111;0.0;1014.67;0.0;Partly Cloudy
1502344800;25.0;22.0;0.83;ESE;2.5;0.0;1013.68;0.0;Fair
1502348400;25.0;22.0;0.83;SE;3.0555555555555554;0.0;1013.68;0.0;Fair
1502352000;25.0;22.0;0.83;SE;3.0555555555555554;0.0;1013.68;0.0;Fair
1502355600;25.0;22.0;0.83;SE;2.5;0.0;1013.68;0.0;Partly Cloudy
1502359200;26.0;22.0;0.78;ESE;3.0555555555555554;0.0;1014.67;0.0;Fair
1502362800;27.0;22.0;0.74;ESE;3.611111111111111;0.0;1015.67;0.0;Partly Cloudy
1502366400;28.0;22.0;0.7;ESE;3.611111111111111;0.0;1015.67;0.0;Fair
1502370000;28.0;22.0;0.7;SE;4.722222222222222;0.0;1015.67;0.0;Fair
1502373600;28.0;22.0;0.7;E;4.722222222222222;0.0;1014.67;0.0;Partly Cloudy
1502377200;28.0;22.0;0.7;ESE;4.722222222222222;0.0;1014.67;0.0;Partly Cloudy
1502380800;28.0;21.0;0.66;ESE;4.722222222222222;0.0;1013.68;0.0;Partly Cloudy
1502384400;28.0;22.0;0.7;SE;4.166666666666667;0.0;1012.68;0.0;Mostly Cloudy
1502388000;28.0;22.0;0.7;SE;5.277777777777778;0.0;1012.68;0.0;Partly Cloudy
1502391600;27.0;22.0;0.74;SSE;4.722222222222222;0.0;1012.68;0.0;Fair
1502395200;26.0;22.0;0.78;SSE;4.166666666666667;0.0;1012.68;0.0;Fair
1502398800;26.0;22.0;0.78;SE;3.611111111111111;0.0;1012.68;0.0;Fair
1502402400;26.0;22.0;0.78;SE;4.166666666666667;0.0;1012.68;0.0;Fair
1502406000;26.0;22.0;0.78;SE;4.166666666666667;0.0;1013.68;0.0;Fair
1502409600;26.0;22.0;0.78;SE;3.611111111111111;0.0;1014.67;0.0;Partly Cloudy
1502413200;26.0;22.0;0.78;SE;2.5;0.0;1014.67;0.0;Mostly Cloudy
1502416800;26.0;23.0;0.83;SE;2.5;0.0;1014.67;0.0;Partly Cloudy
1502420400;25.0;22.0;0.83;SE;2.5;0.0;1014.67;0.0;Partly Cloudy
1502424000;24.0;22.0;0.89;SSW;2.5;0.0;1013.68;0.0;Mostly Cloudy
1502427600;23.0;22.0;0.94;SW;2.5;0.0;1013.68;0.0;Showers in the Vicinity
1502431200;23.0;22.0;0.94;SSW;2.5;0.0;1013.68;0.0;Partly Cloudy
1502434800;23.0;22.0;0.94;CALM;0.0;0.0;1013.68;0.0;Partly Cloudy
1502438400;23.0;22.0;0.94;CALM;0.0;0.0;1013.68;0.0;Mostly Cloudy
1502442000;23.0;22.0;0.94;SW;2.5;0.0;1013.68;0.0;Mostly Cloudy
1502445600;24.0;22.0;0.89;SSW;2.5;0.0;1014.67;0.0;Partly Cloudy
1502449200;26.0;23.0;0.83;S;1.6666666666666665;0.0;1014.67;0.0;Partly Cloudy
1502452800;27.0;23.0;0.79;SE;3.611111111111111;0.0;1015.67;0.0;Partly Cloudy
1502456400;28.0;23.0;0.74;ESE;3.0555555555555554;0.0;1015.67;0.0;Fair
1502460000;28.0;23.0;0.74;SE;3.611111111111111;0.0;1014.67;0.0;Partly Cloudy
1502463600;28.0;22.0;0.7;ESE;3.611111111111111;0.0;1014.67;0.0;Partly Cloudy
1502467200;28.0;22.0;0.7;ESE;4.722222222222222;0.0;1013.68;0.0;Partly Cloudy
1502470800;28.0;22.0;0.7;ESE;3.0555555555555554;0.0;1012.68;0.0;Partly Cloudy
1502474400;28.0;22.0;0.7;SE;4.722222222222222;0.0;1012.68;0.0;Fair
1502478000;28.0;22.0;0.7;SE;4.166666666666667;0.0;1012.68;0.0;Fair
1502481600;27.0;21.0;0.7;SE;4.166666666666667;0.0;1012.68;0.0;Fair
1502485200;26.0;21.0;0.74;SSE;5.555555555555555;0.0;1013.68;0.0;Fair
1502488800;26.0;21.0;0.74;SE;5.277777777777778;0.0;1013.68;0.0;Partly Cloudy
1502492400;26.0;21.0;0.74;SE;4.722222222222222;0.0;1014.67;0.0;Fair
1502496000;26.0;21.0;0.74;SE;5.277777777777778;0.0;1015.67;0.0;Fair
1502499600;26.0;21.0;0.74;SE;5.277777777777778;0.0;1015.67;0.0;Fair
1502503200;26.0;21.0;0.74;SE;5.277777777777778;0.0;1015.67;0.0;Fair
1502766000;22.0;20.0;0.88;SW;1.9444444444444444;0.0;1013.68;0.0;Fair
1502769600;22.0;20.0;0.88;WSW;1.9444444444444444;0.0;1013.68;0.0;Fair
1502773200;21.0;19.0;0.88;SW;1.6666666666666665;0.0;1012.68;0.0;Fair
1502776800;21.0;19.0;0.88;WSW;1.9444444444444444;0.0;1012.68;0.0;Fair
1502780400;21.0;19.0;0.88;SW;1.6666666666666665;0.0;1013.68;0.0;Fair
1502784000;20.0;19.0;0.94;W;1.1111111111111112;0.0;1013.68;0.0;Fair
1502787600;21.0;19.0;0.88;SW;1.1111111111111112;0.0;1013.68;0.0;Fair
1502791200;22.0;20.0;0.88;SW;1.9444444444444444;0.0;1014.67;0.0;Fair
1502794800;25.0;21.0;0.78;SSW;3.0555555555555554;0.0;1014.67;0.0;Fair
1502798400;27.0;21.0;0.7;S;4.166666666666667;0.0;1014.67;0.0;Partly Cloudy
1502802000;28.0;21.0;0.66;SSE;5.277777777777778;0.0;1014.67;0.0;Fair
1502805600;28.0;21.0;0.66;SSE;5.277777777777778;0.0;1013.68;0.0;Fair
1502809200;29.0;19.0;0.55;SE;5.277777777777778;0.0;1012.68;0.0;Fair
1502812800;28.0;21.0;0.66;SSE;5.277777777777778;0.0;1011.68;0.0;Fair
1502816400;28.0;22.0;0.7;SE;5.277777777777778;0.0;1011.68;0.0;Partly Cloudy
1502820000;27.0;22.0;0.74;SSE;6.111111111111111;0.0;1011.68;0.0;Fair
1502823600;27.0;22.0;0.74;SSE;5.555555555555555;0.0;1011.68;0.0;Partly Cloudy
1502827200;26.0;22.0;0.78;SE;4.722222222222222;0.0;1012.68;0.0;Partly Cloudy
1502830800;26.0;20.0;0.69;SE;3.611111111111111;0.0;1012.68;0.0;Fair
1502834400;25.0;21.0;0.78;SSE;5.555555555555555;0.0;1013.68;0.0;Partly Cloudy
1502838000;24.0;22.0;0.89;S;3.0555555555555554;0.0;1014.67;0.0;Partly Cloudy
1502841600;24.0;22.0;0.89;SSW;2.5;0.0;1014.67;0.0;Partly Cloudy
1502845200;23.0;22.0;0.94;SSW;3.0555555555555554;0.0;1014.67;0.0;Showers in the Vicinity
1502848800;23.0;22.0;0.94;SSW;2.5;0.0;1014.67;0.0;Light Rain
1502852400;23.0;22.0;0.94;CALM;0.0;0.0;1013.68;0.0;Mostly Cloudy
1502856000;22.0;21.0;0.94;CALM;0.0;0.0;1013.68;0.0;Partly Cloudy
1502859600;22.0;21.0;0.94;SW;2.5;0.0;1012.68;0.0;Partly Cloudy
1502863200;22.0;21.0;0.94;SSW;2.5;0.0;1013.68;0.0;Partly Cloudy
1502866800;22.0;21.0;0.94;SSW;2.5;0.0;1013.68;0.0;Partly Cloudy
1502870400;22.0;21.0;0.94;SW;2.5;0.0;1013.68;0.0;Mostly Cloudy
1502874000;22.0;20.0;0.88;CALM;0.0;0.0;1014.67;0.0;Partly Cloudy
1502877600;23.0;21.0;0.88;WSW;2.5;0.0;1014.67;0.0;Fair
1502881200;25.0;22.0;0.83;S;3.611111111111111;0.0;1015.67;0.0;Fair
1502884800;26.0;22.0;0.78;S;4.722222222222222;0.0;1015.67;0.0;Partly Cloudy
1502888400;28.0;22.0;0.7;S;5.277777777777778;0.0;1015.67;0.0;Partly Cloudy
1502892000;28.0;22.0;0.7;SSE;4.722222222222222;0.0;1015.67;0.0;Fair
1502895600;28.0;22.0;0.7;SSE;6.111111111111111;0.0;1014.67;0.0;Fair
1502899200;28.0;22.0;0.7;SE;6.111111111111111;0.0;1013.68;0.0;Fair
1502902800;28.0;22.0;0.7;SSE;6.111111111111111;0.0;1013.68;0.0;Fair
1502906400;27.0;22.0;0.74;SSE;5.555555555555555;0.0;1012.68;0.0;Fair
1502910000;27.0;21.0;0.7;SE;5.555555555555555;0.0;1012.68;0.0;Fair
1502913600;26.0;21.0;0.74;SSE;5.555555555555555;0.0;1012.68;0.0;Fair
1502917200;26.0;22.0;0.78;SSE;6.111111111111111;0.0;1013.68;0.0;Fair
1502920800;26.0;22.0;0.78;SSE;6.111111111111111;0.0;1013.68;0.0;Partly Cloudy
1502924400;26.0;22.0;0.78;SSE;5.277777777777778;0.0;1014.67;0.0;Partly Cloudy
1502928000;25.0;21.0;0.78;SSE;5.555555555555555;0.0;1014.67;0.0;Partly Cloudy
1502931600;25.0;21.0;0.78;SSE;4.722222222222222;0.0;1014.67;0.0;Fair
1502935200;24.0;22.0;0.89;SSW;2.5;0.0;1014.67;0.0;Fair
1503111600;23.0;23.0;1.0;S;5.555555555555555;0.0;1013.68;0.0;Light Rain
1503115200;23.0;22.0;0.94;SSE;2.5;0.0;1012.68;0.0;Light Rain
1503118800;23.0;22.0;0.94;W;1.1111111111111112;0.0;1012.68;0.0;Showers in the Vicinity
1503122400;23.0;23.0;1.0;S;2.5;0.0;1012.68;0.0;Light Drizzle
1503126000;23.0;22.0;0.94;SE;4.166666666666667;0.0;1012.68;0.0;Light Drizzle
1503129600;23.0;23.0;1.0;SSW;1.9444444444444444;0.0;1012.68;0.0;Showers in the Vicinity
1503133200;23.0;23.0;1.0;SE;5.555555555555555;0.0;1013.68;0.0;Light Rain
1503136800;23.0;22.0;0.94;ESE;2.5;0.0;1013.68;0.0;Light Rain
1503140400;23.0;22.0;0.94;ESE;5.277777777777778;0.0;1014.67;0.0;Light Rain
1503144000;24.0;22.0;0.89;SE;1.9444444444444444;0.0;1014.67;0.0;Showers in the Vicinity
1503147600;24.0;23.0;0.94;WSW;1.6666666666666665;0.0;1014.67;0.0;Showers in the Vicinity
1503151200;27.0;22.0;0.74;ESE;3.0555555555555554;0.0;1013.68;0.0;Mostly Cloudy
1503154800;27.0;22.0;0.74;ESE;5.277777777777778;0.0;1013.68;0.0;Mostly Cloudy
1503158400;27.0;22.0;0.74;ESE;3.611111111111111;0.0;1011.68;0.0;Mostly Cloudy
1503162000;27.0;24.0;0.84;E;4.722222222222222;0.0;1011.68;0.0;Mostly Cloudy
1503165600;27.0;20.0;0.65;ESE;4.166666666666667;0.0;1011.68;0.0;Mostly Cloudy
1503169200;27.0;20.0;0.65;E;3.611111111111111;0.0;1011.68;0.0;Mostly Cloudy
1503172800;26.0;20.0;0.69;E;3.0555555555555554;0.0;1011.68;0.0;Partly Cloudy
1503176400;26.0;21.0;0.74;E;2.5;0.0;1012.68;0.0;Partly Cloudy
1503180000;26.0;20.0;0.69;SE;3.0555555555555554;0.0;1012.68;0.0;Partly Cloudy
1503183600;25.0;20.0;0.74;SE;4.166666666666667;0.0;1012.68;0.0;Partly Cloudy
1503187200;24.0;21.0;0.83;S;3.0555555555555554;0.0;1013.68;0.0;Partly Cloudy
1503190800;25.0;20.0;0.74;ESE;4.166666666666667;0.0;1013.68;0.0;Partly Cloudy
1503194400;25.0;20.0;0.74;ESE;3.611111111111111;0.0;1013.68;0.0;Fair
1503198000;26.0;20.0;0.69;E;4.166666666666667;0.0;1013.68;0.0;Partly Cloudy
1503201600;25.0;20.0;0.74;E;3.0555555555555554;0.0;1012.68;0.0;Fair
1503205200;25.0;20.0;0.74;ESE;3.0555555555555554;0.0;1012.68;0.0;Partly Cloudy
1503208800;25.0;20.0;0.74;ESE;4.166666666666667;0.0;1012.68;0.0;Partly Cloudy
1503212400;25.0;20.0;0.74;ESE;2.5;0.0;1012.68;0.0;Fair
1503216000;25.0;21.0;0.78;ESE;3.0555555555555554;0.0;1012.68;0.0;Fair
1503219600;25.0;20.0;0.74;ESE;4.722222222222222;0.0;1013.68;0.0;Partly Cloudy
1503223200;26.0;20.0;0.69;ESE;5.277777777777778;0.0;1014.67;0.0;Partly Cloudy
1503226800;27.0;20.0;0.65;SE;5.277777777777778;0.0;1014.67;0.0;Partly Cloudy
1503230400;27.0;21.0;0.7;ESE;5.277777777777778;0.0;1015.67;0.0;Partly Cloudy
1503234000;27.0;21.0;0.7;E;6.111111111111111;0.0;1014.67;0.0;Partly Cloudy
1503237600;28.0;21.0;0.66;ESE;5.277777777777778;0.0;1014.67;0.0;Partly Cloudy
1503241200;28.0;21.0;0.66;SE;6.111111111111111;0.0;1013.68;0.0;Partly Cloudy
1503244800;27.0;20.0;0.65;ESE;5.277777777777778;0.0;1013.68;0.0;Partly Cloudy
1503248400;27.0;21.0;0.7;SE;5.277777777777778;0.0;1012.68;0.0;Partly Cloudy
1503252000;27.0;20.0;0.65;ESE;5.555555555555555;0.0;1012.68;0.0;Fair
1503255600;27.0;20.0;0.65;ESE;3.0555555555555554;0.0;1012.68;0.0;Fair
1503259200;26.0;20.0;0.69;ESE;4.722222222222222;0.0;1012.68;0.0;Fair
1503262800;26.0;20.0;0.69;SE;3.0555555555555554;0.0;1013.68;0.0;Fair
1503266400;25.0;20.0;0.74;SE;3.0555555555555554;0.0;1013.68;0.0;Fair
1503270000;25.0;21.0;0.78;SE;3.611111111111111;0.0;1014.67;0.0;Partly Cloudy
1503273600;25.0;21.0;0.78;SE;3.611111111111111;0.0;1015.67;0.0;Partly Cloudy
1503277200;25.0;21.0;0.78;SE;3.0555555555555554;0.0;1015.67;0.0;Partly Cloudy
1503280800;25.0;21.0;0.78;SE;2.5;0.0;1015.67;0.0;Partly Cloudy
1503284400;25.0;21.0;0.78;SE;2.5;0.0;1014.67;0.0;Partly Cloudy
1503288000;25.0;21.0;0.78;SE;2.5;0.0;1014.67;0.0;Partly Cloudy
1503291600;23.0;21.0;0.88;SW;1.9444444444444444;0.0;1014.67;0.0;Partly Cloudy
1503295200;23.0;21.0;0.88;SW;2.5;0.0;1014.67;0.0;Mostly Cloudy
1503298800;23.0;21.0;0.88;SSW;2.5;0.0;1014.67;0.0;Showers in the Vicinity
1503302400;22.0;21.0;0.94;S;1.6666666666666665;0.0;1014.67;0.0;Mostly Cloudy
1503306000;23.0;21.0;0.88;SSE;2.5;0.0;1014.67;0.0;Showers in the Vicinity
1503309600;24.0;22.0;0.89;WSW;2.5;0.0;1015.67;0.0;Partly Cloudy
1503313200;25.0;22.0;0.83;SSW;1.6666666666666665;0.0;1016.67;0.0;Partly Cloudy
1503316800;27.0;21.0;0.7;SE;4.166666666666667;0.0;1016.67;0.0;Fair
1503320400;28.0;22.0;0.7;SE;4.722222222222222;0.0;1016.67;0.0;Partly Cloudy
1503324000;28.0;22.0;0.7;SSE;4.722222222222222;0.0;1016.67;0.0;Partly Cloudy
1503327600;27.0;22.0;0.74;SE;5.277777777777778;0.0;1015.67;0.0;Fair
1503331200;28.0;21.0;0.66;SE;5.555555555555555;0.0;1014.67;0.0;Fair
1503334800;27.0;22.0;0.74;SE;6.111111111111111;0.0;1013.68;0.0;Fair
1503338400;27.0;22.0;0.74;SE;5.555555555555555;0.0;1013.68;0.0;Fair
1503342000;27.0;22.0;0.74;SSE;6.666666666666666;0.0;1013.68;0.0;Partly Cloudy
1503345600;26.0;22.0;0.78;SSE;6.111111111111111;0.0;1014.67;0.0;Partly Cloudy
1503349200;26.0;21.0;0.74;SSE;4.722222222222222;0.0;1014.67;0.0;Fair
1503352800;25.0;21.0;0.78;SSE;5.555555555555555;0.0;1014.67;0.0;Fair
1503356400;25.0;21.0;0.78;SSE;6.111111111111111;0.0;1015.67;0.0;Partly Cloudy
1503360000;25.0;21.0;0.78;SSE;6.111111111111111;0.0;1015.67;0.0;Fair
1503363600;25.0;21.0;0.78;SSE;6.111111111111111;0.0;1015.67;0.0;Partly Cloudy
1503367200;26.0;21.0;0.74;SSE;5.555555555555555;0.0;1015.67;0.0;Partly Cloudy
1503630000;25.0;21.0;0.78;SE;5.555555555555555;0.0;1014.67;0.0;Partly Cloudy
1503633600;24.0;21.0;0.83;SSE;5.555555555555555;0.0;1013.68;0.0;Partly Cloudy
1503637200;25.0;21.0;0.78;SE;6.666666666666666;0.0;1013.68;0.0;Partly Cloudy
1503640800;24.0;21.0;0.83;SSE;6.666666666666666;0.0;1012.68;0.0;Fair
1503644400;25.0;21.0;0.78;SSE;6.111111111111111;0.0;1012.68;0.0;Mostly Cloudy
1503648000;25.0;21.0;0.78;SE;7.222222222222222;0.0;1012.68;0.0;Partly Cloudy
1503651600;24.0;21.0;0.83;SSE;6.666666666666666;0.0;1013.68;0.0;Partly Cloudy
1503655200;25.0;21.0;0.78;SSE;6.666666666666666;0.0;1013.68;0.0;Mostly Cloudy
1503658800;26.0;21.0;0.74;SSE;7.222222222222222;0.0;1014.67;0.0;Mostly Cloudy
1503662400;26.0;21.0;0.74;SSE;7.777777777777778;0.0;1014.67;0.0;Mostly Cloudy
1503666000;28.0;22.0;0.7;SSE;8.333333333333334;0.0;1014.67;0.0;Partly Cloudy
1503669600;28.0;22.0;0.7;SSE;7.777777777777778;0.0;1014.67;0.0;Partly Cloudy
1503673200;26.0;20.0;0.69;SSE;7.222222222222222;0.0;1014.67;0.0;Partly Cloudy
1503676800;27.0;22.0;0.74;SSE;9.166666666666666;0.0;1013.68;0.0;Partly Cloudy / Windy
1503680400;27.0;21.0;0.7;SSE;7.777777777777778;0.0;1013.68;0.0;Partly Cloudy
1503684000;26.0;22.0;0.78;SSE;8.61111111111111;0.0;1012.68;0.0;Mostly Cloudy
1503687600;26.0;21.0;0.74;SSE;7.777777777777778;0.0;1013.68;0.0;Partly Cloudy
1503691200;25.0;21.0;0.78;S;7.777777777777778;0.0;1013.68;0.0;Partly Cloudy
1503694800;25.0;22.0;0.83;SSE;6.111111111111111;0.0;1014.67;0.0;Partly Cloudy
1503698400;24.0;21.0;0.83;SSE;7.222222222222222;0.0;1014.67;0.0;Partly Cloudy
1503702000;24.0;21.0;0.83;SSE;8.333333333333334;0.0;1015.67;0.0;Partly Cloudy
1503705600;24.0;21.0;0.83;SSE;7.777777777777778;0.0;1015.67;0.0;Partly Cloudy
1503709200;24.0;21.0;0.83;SSE;6.666666666666666;0.0;1015.67;0.0;Mostly Cloudy
1503712800;24.0;21.0;0.83;SSE;7.222222222222222;0.0;1015.67;0.0;Mostly Cloudy
1503716400;24.0;21.0;0.83;SE;6.111111111111111;0.0;1015.67;0.0;Mostly Cloudy
1503720000;23.0;21.0;0.88;SE;4.722222222222222;0.0;1014.67;0.0;Cloudy
1503723600;23.0;20.0;0.83;SSE;3.0555555555555554;0.0;1014.67;0.0;Cloudy
1503727200;22.0;21.0;0.94;SSW;3.0555555555555554;0.0;1014.67;0.0;Light Rain
1503728700;22.0;21.0;0.94;SSW;3.611111111111111;0.0;1014.67;0.0;Light Rain
1503730800;22.0;21.0;0.94;SW;1.9444444444444444;0.0;1014.67;0.0;Showers in the Vicinity
1503733200;21.0;20.0;0.94;SW;3.611111111111111;0.0;1014.67;0.0;Rain
1503734400;21.0;21.0;1.0;SSW;3.611111111111111;0.0;1014.67;0.0;Light Rain
1503738000;21.0;20.0;0.94;SSW;4.166666666666667;0.0;1015.67;0.0;Light Rain
1503738600;21.0;20.0;0.94;SSW;3.611111111111111;0.0;1015.67;0.0;Light Rain
1503741600;21.0;21.0;1.0;WSW;2.5;0.0;1015.67;0.0;Cloudy
1503745200;22.0;21.0;0.94;S;4.166666666666667;0.0;1016.67;0.0;Mostly Cloudy
1503748800;24.0;21.0;0.83;S;4.722222222222222;0.0;1016.67;0.0;Mostly Cloudy
1503752400;24.0;20.0;0.78;SSE;6.666666666666666;0.0;1016.67;0.0;Light Rain
1503756000;25.0;21.0;0.78;S;2.5;0.0;1015.67;0.0;Showers in the Vicinity
1503759600;25.0;20.0;0.74;SSW;4.166666666666667;0.0;1014.67;0.0;Mostly Cloudy
1503763200;25.0;21.0;0.78;S;4.722222222222222;0.0;1013.68;0.0;Showers in the Vicinity
1503766800;25.0;21.0;0.78;S;5.555555555555555;0.0;0.0;0.0;Showers in the Vicinity
1503770400;26.0;21.0;0.74;SSE;7.222222222222222;0.0;0.0;0.0;Showers in the Vicinity
1503774000;26.0;21.0;0.74;SE;7.222222222222222;0.0;1013.68;0.0;Partly Cloudy
1503777600;23.0;21.0;0.88;S;6.666666666666666;0.0;1013.68;0.0;Light Rain
1503781200;24.0;21.0;0.83;S;4.166666666666667;0.0;1014.67;0.0;Mostly Cloudy
1503784800;24.0;21.0;0.83;SE;6.111111111111111;0.0;1014.67;0.0;Mostly Cloudy
1503788400;24.0;21.0;0.83;S;3.611111111111111;0.0;1014.67;0.0;Mostly Cloudy
1503792000;23.0;20.0;0.83;ESE;5.555555555555555;0.0;1015.67;0.0;Mostly Cloudy
1503795600;24.0;21.0;0.83;SE;5.277777777777778;0.0;1014.67;0.0;Partly Cloudy
1503799200;24.0;21.0;0.83;SSE;6.666666666666666;0.0;1014.67;0.0;Partly Cloudy
1503802800;23.0;20.0;0.83;SSE;4.166666666666667;0.0;1014.67;0.0;Light Rain
1503806400;24.0;21.0;0.83;SSE;5.277777777777778;0.0;1013.68;0.0;Partly Cloudy
1503810000;23.0;21.0;0.88;S;2.5;0.0;1013.68;0.0;Mostly Cloudy
1503813600;22.0;21.0;0.94;S;1.9444444444444444;0.0;1013.68;0.0;Mostly Cloudy
1503817200;22.0;21.0;0.94;SSW;2.5;0.0;1013.68;0.0;Mostly Cloudy
1503820800;22.0;21.0;0.94;SSW;2.5;0.0;1013.68;0.0;Mostly Cloudy
1503824400;22.0;21.0;0.94;S;1.9444444444444444;0.0;1014.67;0.0;Mostly Cloudy
1503828000;23.0;21.0;0.88;SSW;3.0555555555555554;0.0;1014.67;0.0;Mostly Cloudy
1503831600;24.0;21.0;0.83;S;3.611111111111111;0.0;1015.67;0.0;Mostly Cloudy
1503835200;26.0;21.0;0.74;S;6.111111111111111;0.0;1015.67;0.0;Partly Cloudy
1503838800;26.0;22.0;0.78;S;5.277777777777778;0.0;1015.67;0.0;Showers in the Vicinity
1503842400;27.0;22.0;0.74;SSE;8.333333333333334;0.0;1014.67;0.0;Partly Cloudy
1503846000;27.0;22.0;0.74;SSE;8.333333333333334;0.0;1014.67;0.0;Showers in the Vicinity
1503849600;27.0;22.0;0.74;SSE;8.333333333333334;0.0;1013.68;0.0;Showers in the Vicinity
1503853200;27.0;22.0;0.74;SSE;7.777777777777778;0.0;1012.68;0.0;Showers in the Vicinity
1503856800;26.0;21.0;0.74;SSE;8.333333333333334;0.0;1013.68;0.0;Showers in the Vicinity
1503860400;26.0;21.0;0.74;SE;6.666666666666666;0.0;1013.68;0.0;Partly Cloudy
1503864000;25.0;21.0;0.78;SSE;6.666666666666666;0.0;1013.68;0.0;Fair
1503867600;25.0;21.0;0.78;SSE;5.555555555555555;0.0;1013.68;0.0;Partly Cloudy
1503871200;25.0;21.0;0.78;SSE;5.277777777777778;0.0;1014.67;0.0;Fair
1503874800;24.0;21.0;0.83;S;3.611111111111111;0.0;1014.67;0.0;Fair
1503878400;24.0;21.0;0.83;S;3.611111111111111;0.0;1014.67;0.0;Fair
1503882000;23.0;21.0;0.88;SSW;1.9444444444444444;0.0;1014.67;0.0;Mostly Cloudy
1503885600;24.0;21.0;0.83;SSE;5.277777777777778;0.0;1014.67;0.0;Mostly Cloudy
1503975600;25.0;20.0;0.74;SE;3.611111111111111;0.0;1014.67;0.0;Fair
1503979200;25.0;19.0;0.69;SE;4.166666666666667;0.0;1013.68;0.0;Fair
1503982800;25.0;19.0;0.69;SE;3.611111111111111;0.0;1013.68;0.0;Partly Cloudy
1503986400;25.0;20.0;0.74;SE;3.611111111111111;0.0;1013.68;0.0;Partly Cloudy
1503990000;24.0;19.0;0.73;SE;2.5;0.0;1013.68;0.0;Fair
1503993600;21.0;20.0;0.94;SW;1.6666666666666665;0.0;1013.68;0.0;Mostly Cloudy
1503997200;21.0;20.0;0.94;SSW;1.9444444444444444;0.0;1014.67;0.0;Fair
1504000800;22.0;20.0;0.88;SW;1.9444444444444444;0.0;1014.67;0.0;Fair
1504004400;25.0;21.0;0.78;S;2.5;0.0;1015.67;0.0;Fair
1504008000;27.0;20.0;0.65;SSE;4.166666666666667;0.0;1015.67;0.0;Fair
1504011600;27.0;21.0;0.7;SSE;3.611111111111111;0.0;1015.67;0.0;Fair
1504015200;27.0;21.0;0.7;SE;4.722222222222222;0.0;1014.67;0.0;Fair
1504018800;27.0;21.0;0.7;SE;4.722222222222222;0.0;1014.67;0.0;Fair
1504022400;27.0;22.0;0.74;SE;4.722222222222222;0.0;1013.68;0.0;Partly Cloudy
1504026000;27.0;21.0;0.7;SSE;5.555555555555555;0.0;1012.68;0.0;Fair
1504029600;27.0;21.0;0.7;SSE;6.111111111111111;0.0;1012.68;0.0;Partly Cloudy
1504033200;27.0;22.0;0.74;SSE;6.111111111111111;0.0;1013.68;0.0;Partly Cloudy
1504036800;25.0;21.0;0.78;S;5.277777777777778;0.0;0.0;0.0;Showers in the Vicinity
1504040400;26.0;22.0;0.78;SE;4.166666666666667;0.0;1014.67;0.0;Showers in the Vicinity
1504044000;25.0;21.0;0.78;SE;4.722222222222222;0.0;1014.67;0.0;Partly Cloudy
1504047600;25.0;20.0;0.74;SE;5.277777777777778;0.0;1015.67;0.0;Partly Cloudy
1504051200;25.0;20.0;0.74;ESE;4.722222222222222;0.0;1015.67;0.0;Partly Cloudy
1504054800;25.0;20.0;0.74;SE;4.166666666666667;0.0;1015.67;0.0;Partly Cloudy
1504058400;26.0;20.0;0.69;SE;4.166666666666667;0.0;1015.67;0.0;Partly Cloudy
1504062000;25.0;19.0;0.69;ESE;5.277777777777778;0.0;1015.67;0.0;Partly Cloudy
1504065600;25.0;19.0;0.69;ESE;4.722222222222222;0.0;1014.67;0.0;Fair
1504069200;25.0;19.0;0.69;SE;4.166666666666667;0.0;1014.67;0.0;Fair
1504072800;25.0;20.0;0.74;ESE;4.166666666666667;0.0;1014.67;0.0;Fair
1504076400;25.0;19.0;0.69;ESE;4.166666666666667;0.0;1014.67;0.0;Fair
1504080000;24.0;19.0;0.73;SE;3.611111111111111;0.0;1014.67;0.0;Fair
1504083600;25.0;20.0;0.74;SE;3.611111111111111;0.0;1015.67;0.0;Fair
1504087200;26.0;20.0;0.69;ESE;3.611111111111111;0.0;1015.67;0.0;Fair
1504090800;26.0;19.0;0.65;ESE;4.722222222222222;0.0;1016.67;0.0;Fair
1504094400;27.0;20.0;0.65;SE;5.555555555555555;0.0;1016.67;0.0;Fair
1504098000;27.0;20.0;0.65;SE;6.111111111111111;0.0;1016.67;0.0;Fair
1504101600;27.0;21.0;0.7;SE;5.555555555555555;0.0;1016.67;0.0;Fair
1504105200;27.0;21.0;0.7;SE;5.277777777777778;0.0;1015.67;0.0;Fair
1504108800;27.0;22.0;0.74;SE;5.555555555555555;0.0;1014.67;0.0;Fair
1504112400;27.0;21.0;0.7;SE;5.555555555555555;0.0;1013.68;0.0;Fair
1504116000;27.0;21.0;0.7;SE;5.555555555555555;0.0;1013.68;0.0;Fair
1504119600;26.0;21.0;0.74;SSE;6.111111111111111;0.0;1013.68;0.0;Fair
1504123200;26.0;21.0;0.74;SSE;6.111111111111111;0.0;1014.67;0.0;Fair
1504126800;26.0;20.0;0.69;SE;5.555555555555555;0.0;1014.67;0.0;Fair
1504130400;26.0;20.0;0.69;SE;5.277777777777778;0.0;1014.67;0.0;Partly Cloudy
1504134000;26.0;20.0;0.69;SE;4.166666666666667;0.0;1015.67;0.0;Partly Cloudy
1504137600;26.0;21.0;0.74;SE;3.611111111111111;0.0;1015.67;0.0;Mostly Cloudy
1504141200;26.0;20.0;0.69;SE;5.277777777777778;0.0;1015.67;0.0;Partly Cloudy
1504144800;26.0;20.0;0.69;SE;4.722222222222222;0.0;1015.67;0.0;Partly Cloudy
1504234800;25.0;20.0;0.74;SE;4.166666666666667;0.0;1015.67;0.0;Partly Cloudy
1504238400;25.0;20.0;0.74;SE;3.0555555555555554;0.0;1015.67;0.0;Partly Cloudy
1504242000;25.0;20.0;0.74;SE;4.166666666666667;0.0;1015.67;0.0;Partly Cloudy
1504245600;25.0;20.0;0.74;SE;3.611111111111111;0.0;1015.67;0.0;Partly Cloudy
1504249200;25.0;19.0;0.69;SE;3.611111111111111;0.0;1015.67;0.0;Partly Cloudy
1504252800;25.0;20.0;0.74;SE;4.166666666666667;0.0;1015.67;0.0;Partly Cloudy
1504256400;25.0;20.0;0.74;SE;4.166666666666667;0.0;1016.67;0.0;Partly Cloudy
1504260000;26.0;20.0;0.69;SE;4.722222222222222;0.0;1016.67;0.0;Partly Cloudy
1504263600;27.0;20.0;0.65;SE;6.111111111111111;0.0;1017.67;0.0;Partly Cloudy
1504267200;27.0;20.0;0.65;SE;5.277777777777778;0.0;1017.67;0.0;Partly Cloudy
1504270800;27.0;20.0;0.65;SE;6.111111111111111;0.0;1017.67;0.0;Partly Cloudy
1504274400;27.0;20.0;0.65;SE;6.666666666666666;0.0;1017.67;0.0;Partly Cloudy
1504278000;28.0;20.0;0.62;SSE;7.222222222222222;0.0;1016.67;0.0;Partly Cloudy
1504281600;28.0;20.0;0.62;SSE;7.222222222222222;0.0;1015.67;0.0;Partly Cloudy
1504285200;27.0;21.0;0.7;SE;7.222222222222222;0.0;1014.67;0.0;Partly Cloudy
1504288800;27.0;20.0;0.65;SSE;8.333333333333334;0.0;1014.67;0.0;Fair
1504292400;26.0;19.0;0.65;SSE;7.777777777777778;0.0;1015.67;0.0;Partly Cloudy
1504296000;26.0;18.0;0.61;S;7.222222222222222;0.0;1015.67;0.0;Fair
1504299600;25.0;19.0;0.69;S;6.666666666666666;0.0;1015.67;0.0;Fair
1504303200;25.0;19.0;0.69;S;6.666666666666666;0.0;1016.67;0.0;Fair
1504306800;25.0;19.0;0.69;S;5.555555555555555;0.0;1017.67;0.0;Partly Cloudy
1504310400;25.0;19.0;0.69;S;7.222222222222222;0.0;1017.67;0.0;Partly Cloudy
1504314000;25.0;19.0;0.69;SSE;7.222222222222222;0.0;1018.67;0.0;Partly Cloudy
1504317600;25.0;19.0;0.69;S;6.111111111111111;0.0;1018.67;0.0;Partly Cloudy
1504407600;22.0;20.0;0.88;S;5.555555555555555;0.0;1017.67;0.0;Light Rain
1504411200;21.0;20.0;0.94;SSW;2.5;0.0;1016.67;0.0;Showers in the Vicinity
1504414800;22.0;20.0;0.88;S;3.0555555555555554;0.0;1015.67;0.0;Mostly Cloudy
1504418400;22.0;20.0;0.88;SSW;3.0555555555555554;0.0;1015.67;0.0;Showers in the Vicinity
1504422000;22.0;20.0;0.88;SSW;2.5;0.0;1015.67;0.0;Mostly Cloudy
1504425600;21.0;20.0;0.94;SSW;3.0555555555555554;0.0;1016.67;0.0;Partly Cloudy
1504429200;22.0;20.0;0.88;SW;3.0555555555555554;0.0;1016.67;0.0;Partly Cloudy
1504432800;23.0;20.0;0.83;SSW;3.0555555555555554;0.0;1016.67;0.0;Mostly Cloudy
1504436400;26.0;21.0;0.74;SSE;7.222222222222222;0.0;1017.67;0.0;Partly Cloudy
1504440000;26.0;20.0;0.69;SSE;8.333333333333334;0.0;1017.67;0.0;Partly Cloudy
1504443600;27.0;20.0;0.65;SSE;9.166666666666666;0.0;1017.67;0.0;Partly Cloudy / Windy
1504447200;27.0;21.0;0.7;SE;7.777777777777778;0.0;1017.67;0.0;Partly Cloudy
1504450800;26.0;20.0;0.69;SSE;8.61111111111111;0.0;1016.67;0.0;Mostly Cloudy
1504454400;24.0;20.0;0.78;S;5.555555555555555;0.0;1015.67;0.0;Showers in the Vicinity
1504458000;26.0;19.0;0.65;SSE;7.777777777777778;0.0;1014.67;0.0;Partly Cloudy
1504461600;24.0;20.0;0.78;SSE;9.166666666666666;0.0;1015.67;0.0;Showers in the Vicinity
1504465200;25.0;19.0;0.69;S;5.277777777777778;0.0;1014.67;0.0;Mostly Cloudy
1504468800;25.0;20.0;0.74;S;4.722222222222222;0.0;1014.67;0.0;Partly Cloudy
1504472400;25.0;19.0;0.69;S;4.722222222222222;0.0;1015.67;0.0;Mostly Cloudy
1504476000;25.0;19.0;0.69;S;4.722222222222222;0.0;1015.67;0.0;Partly Cloudy
1504479600;25.0;19.0;0.69;SSE;7.222222222222222;0.0;1016.67;0.0;Partly Cloudy
1504483200;25.0;20.0;0.74;SE;4.722222222222222;0.0;1016.67;0.0;Partly Cloudy
1504486800;25.0;19.0;0.69;SSE;7.222222222222222;0.0;1016.67;0.0;Partly Cloudy
1504490400;24.0;18.0;0.69;SSE;5.555555555555555;0.0;1016.67;0.0;Partly Cloudy
1504494000;24.0;18.0;0.69;SSE;5.555555555555555;0.0;1015.67;0.0;Partly Cloudy
1504497600;24.0;19.0;0.73;SE;4.722222222222222;0.0;1015.67;0.0;Partly Cloudy
1504501200;24.0;19.0;0.73;SE;4.722222222222222;0.0;1015.67;0.0;Partly Cloudy
1504504800;24.0;19.0;0.73;SE;6.666666666666666;0.0;1014.67;0.0;Fair
1504508400;24.0;19.0;0.73;SE;6.666666666666666;0.0;1014.67;0.0;Partly Cloudy
1504512000;25.0;18.0;0.65;SE;5.555555555555555;0.0;1014.67;0.0;Partly Cloudy
1504515600;24.0;19.0;0.73;SE;6.111111111111111;0.0;1015.67;0.0;Mostly Cloudy
1504519200;25.0;19.0;0.69;SE;7.777777777777778;0.0;1015.67;0.0;Partly Cloudy
1504522800;26.0;20.0;0.69;SE;6.111111111111111;0.0;1016.67;0.0;Partly Cloudy
1504526400;27.0;19.0;0.61;SE;7.777777777777778;0.0;1016.67;0.0;Partly Cloudy
1504530000;27.0;20.0;0.65;SE;7.222222222222222;0.0;1016.67;0.0;Partly Cloudy
1504533600;28.0;19.0;0.58;SE;6.666666666666666;0.0;1015.67;0.0;Partly Cloudy
1504537200;28.0;19.0;0.58;SE;5.277777777777778;0.0;1014.67;0.0;Partly Cloudy
1504540800;29.0;20.0;0.58;ESE;4.722222222222222;0.0;1014.67;0.0;Partly Cloudy
1504544400;28.0;20.0;0.62;E;5.277777777777778;0.0;1013.68;0.0;Partly Cloudy
1504548000;27.0;20.0;0.65;SE;5.555555555555555;0.0;1013.68;0.0;Fair
1504551600;27.0;19.0;0.61;SE;5.277777777777778;0.0;1013.68;0.0;Fair
1504555200;26.0;19.0;0.65;SE;4.722222222222222;0.0;1014.67;0.0;Partly Cloudy
1504558800;26.0;20.0;0.69;SE;4.166666666666667;0.0;1014.67;0.0;Partly Cloudy
1504562400;25.0;20.0;0.74;SE;4.166666666666667;0.0;1014.67;0.0;Partly Cloudy
1504566000;26.0;19.0;0.65;ESE;4.166666666666667;0.0;1015.67;0.0;Partly Cloudy
1504569600;25.0;19.0;0.69;SE;4.166666666666667;0.0;1015.67;0.0;Partly Cloudy
1504573200;25.0;19.0;0.69;ESE;5.277777777777778;0.0;1015.67;0.0;Mostly Cloudy
1504576800;25.0;18.0;0.65;SE;4.722222222222222;0.0;1015.67;0.0;Mostly Cloudy
1504580400;25.0;18.0;0.65;SE;4.166666666666667;0.0;1015.67;0.0;Partly Cloudy
1504584000;25.0;18.0;0.65;SE;4.166666666666667;0.0;1014.67;0.0;Partly Cloudy
1504587600;25.0;19.0;0.69;SE;4.166666666666667;0.0;1014.67;0.0;Partly Cloudy
1504591200;24.0;19.0;0.73;ESE;3.611111111111111;0.0;1014.67;0.0;Partly Cloudy
1504594800;25.0;19.0;0.69;SE;4.722222222222222;0.0;1014.67;0.0;Mostly Cloudy
1504598400;25.0;20.0;0.74;SE;4.722222222222222;0.0;1014.67;0.0;Mostly Cloudy
1504602000;25.0;20.0;0.74;SE;5.277777777777778;0.0;1014.67;0.0;Mostly Cloudy
1504605600;26.0;20.0;0.69;SE;5.277777777777778;0.0;1015.67;0.0;Mostly Cloudy
1504609200;27.0;20.0;0.65;SE;5.555555555555555;0.0;1015.67;0.0;Partly Cloudy
1504612800;27.0;21.0;0.7;SE;6.666666666666666;0.0;1016.67;0.0;Partly Cloudy
1504616400;27.0;21.0;0.7;SE;6.666666666666666;0.0;1016.67;0.0;Partly Cloudy
1504620000;27.0;21.0;0.7;SE;6.666666666666666;0.0;1016.67;0.0;Mostly Cloudy
1504623600;28.0;21.0;0.66;SSE;6.111111111111111;0.0;1015.67;0.0;Partly Cloudy
1504627200;27.0;20.0;0.65;SSE;6.111111111111111;0.0;1014.67;0.0;Fair
1504630800;27.0;20.0;0.65;SSE;6.111111111111111;0.0;1013.68;0.0;Fair
1504634400;27.0;21.0;0.7;SSE;6.666666666666666;0.0;1013.68;0.0;Partly Cloudy
1504638000;26.0;20.0;0.69;SE;6.111111111111111;0.0;1013.68;0.0;Partly Cloudy
1504641600;26.0;21.0;0.74;SSE;5.277777777777778;0.0;1014.67;0.0;Fair
1504645200;26.0;21.0;0.74;SSE;5.277777777777778;0.0;1014.67;0.0;Partly Cloudy
1504648800;25.0;21.0;0.78;SSE;5.277777777777778;0.0;1015.67;0.0;Mostly Cloudy
1504652400;25.0;20.0;0.74;SSE;5.555555555555555;0.0;1015.67;0.0;Mostly Cloudy
1504656000;25.0;20.0;0.74;SSE;5.277777777777778;0.0;1016.67;0.0;Partly Cloudy
1504659600;25.0;21.0;0.78;SSE;5.277777777777778;0.0;1016.67;0.0;Partly Cloudy
1504663200;25.0;21.0;0.78;SSE;5.555555555555555;0.0;1016.67;0.0;Partly Cloudy
1504753200;24.0;22.0;0.89;SSE;4.722222222222222;0.0;1014.67;0.0;Partly Cloudy
1504756800;25.0;22.0;0.83;S;4.722222222222222;0.0;1014.67;0.0;Partly Cloudy
1504760400;25.0;23.0;0.89;SSE;5.277777777777778;0.0;1013.68;0.0;Mostly Cloudy
1504764000;25.0;22.0;0.83;SE;5.555555555555555;0.0;1013.68;0.0;Partly Cloudy
1504767600;25.0;22.0;0.83;SE;5.555555555555555;0.0;1012.68;0.0;Mostly Cloudy
1504771200;25.0;22.0;0.83;SE;4.166666666666667;0.0;1013.68;0.0;Showers in the Vicinity
1504774800;25.0;22.0;0.83;SE;5.277777777777778;0.0;1013.68;0.0;Partly Cloudy
1504778400;25.0;22.0;0.83;SE;5.277777777777778;0.0;1014.67;0.0;Mostly Cloudy
1504782000;27.0;23.0;0.79;SE;5.555555555555555;0.0;1015.67;0.0;Mostly Cloudy
1504785600;27.0;23.0;0.79;SE;6.111111111111111;0.0;1015.67;0.0;Mostly Cloudy
1504789200;26.0;23.0;0.83;SE;6.666666666666666;0.0;1015.67;0.0;Mostly Cloudy
1504792800;27.0;22.0;0.74;SE;6.666666666666666;0.0;1015.67;0.0;Mostly Cloudy
1504796400;27.0;22.0;0.74;SSE;7.222222222222222;0.0;1014.67;0.0;Mostly Cloudy
1504800000;27.0;23.0;0.79;SSE;6.666666666666666;0.0;1013.68;0.0;Mostly Cloudy
1504803600;27.0;22.0;0.74;SSE;6.666666666666666;0.0;1012.68;0.0;Partly Cloudy
1504807200;27.0;22.0;0.74;SSE;7.777777777777778;0.0;1012.68;0.0;Showers in the Vicinity
1504810800;26.0;22.0;0.78;SSE;7.777777777777778;0.0;1012.68;0.0;Partly Cloudy
1504814400;25.0;22.0;0.83;SSE;7.222222222222222;0.0;1012.68;0.0;Partly Cloudy
1504818000;25.0;21.0;0.78;SSE;6.666666666666666;0.0;1012.68;0.0;Partly Cloudy
1504821600;25.0;22.0;0.83;SE;5.555555555555555;0.0;1013.68;0.0;Partly Cloudy
1504825200;25.0;22.0;0.83;SE;6.111111111111111;0.0;1013.68;0.0;Mostly Cloudy
1504828800;25.0;22.0;0.83;SSE;6.111111111111111;0.0;1014.67;0.0;Mostly Cloudy
1504832400;25.0;22.0;0.83;SSE;5.555555555555555;0.0;1014.67;0.0;Mostly Cloudy
1504836000;24.0;21.0;0.83;SE;6.666666666666666;0.0;1014.67;0.0;Mostly Cloudy
1504926000;24.0;20.0;0.78;SSE;5.555555555555555;0.0;1013.68;0.0;Partly Cloudy
1504929600;24.0;20.0;0.78;SSE;6.111111111111111;0.0;1013.68;0.0;Partly Cloudy
1504933200;24.0;20.0;0.78;SSE;5.277777777777778;0.0;1012.68;0.0;Fair
1504936800;24.0;20.0;0.78;SSE;6.111111111111111;0.0;1012.68;0.0;Partly Cloudy
1504940400;24.0;19.0;0.73;SSE;5.555555555555555;0.0;1012.68;0.0;Partly Cloudy
1504944000;23.0;20.0;0.83;SSE;5.277777777777778;0.0;1013.68;0.0;Partly Cloudy
1504947600;23.0;20.0;0.83;S;1.9444444444444444;0.0;1013.68;0.0;Mostly Cloudy
1504951200;23.0;21.0;0.88;SSW;3.0555555555555554;0.0;1014.67;0.0;Partly Cloudy
1504954800;25.0;21.0;0.78;SSW;4.722222222222222;0.0;1014.67;0.0;Mostly Cloudy
1504958400;26.0;21.0;0.74;S;5.277777777777778;0.0;1015.67;0.0;Mostly Cloudy
1504962000;26.0;23.0;0.83;S;6.111111111111111;0.0;1014.67;0.0;Showers in the Vicinity
1504965600;28.0;22.0;0.7;SSE;6.111111111111111;0.0;1013.68;0.0;Partly Cloudy
1504969200;27.0;22.0;0.74;SSE;6.666666666666666;0.0;1013.68;0.0;Mostly Cloudy
1504972800;26.0;23.0;0.83;SSE;6.111111111111111;0.0;1012.68;0.0;Showers in the Vicinity
1504976400;26.0;22.0;0.78;SSE;6.666666666666666;0.0;1011.68;0.0;Light Rain
1504980000;26.0;21.0;0.74;SE;7.222222222222222;0.0;1011.68;0.0;Mostly Cloudy
1504983600;25.0;21.0;0.78;SE;8.333333333333334;0.0;1012.68;0.0;Showers in the Vicinity
1504987200;23.0;21.0;0.88;ESE;6.666666666666666;0.0;1012.68;0.0;Showers in the Vicinity
1504990800;23.0;21.0;0.88;SSE;7.777777777777778;0.0;1013.68;0.0;Showers in the Vicinity
1504994400;23.0;21.0;0.88;SSE;7.777777777777778;0.0;1014.67;0.0;Mostly Cloudy
1504998000;23.0;21.0;0.88;SSE;7.222222222222222;0.0;1014.67;0.0;Light Rain
1505001600;25.0;21.0;0.78;SE;6.666666666666666;0.0;1014.67;0.0;Showers in the Vicinity
1505005200;25.0;20.0;0.74;SE;6.111111111111111;0.0;1015.67;0.0;Mostly Cloudy
1505008800;24.0;21.0;0.83;SE;4.166666666666667;0.0;1014.67;0.0;Showers in the Vicinity
1505098800;25.0;19.0;0.69;SE;5.555555555555555;0.0;1014.67;0.0;Partly Cloudy
1505102400;25.0;19.0;0.69;SE;5.555555555555555;0.0;1013.68;0.0;Partly Cloudy
1505106000;25.0;19.0;0.69;SE;6.666666666666666;0.0;1013.68;0.0;Partly Cloudy
1505109600;24.0;19.0;0.73;SE;6.111111111111111;0.0;1013.68;0.0;Mostly Cloudy
1505113200;24.0;20.0;0.78;SSE;7.777777777777778;0.0;1013.68;0.0;Showers in the Vicinity
1505116800;24.0;20.0;0.78;SSE;5.555555555555555;0.0;1013.68;0.0;Partly Cloudy
1505120400;25.0;21.0;0.78;SSE;6.111111111111111;0.0;1014.67;0.0;Mostly Cloudy
1505124000;25.0;20.0;0.74;SE;7.777777777777778;0.0;1014.67;0.0;Mostly Cloudy
1505127600;26.0;20.0;0.69;SSE;6.666666666666666;0.0;1015.67;0.0;Mostly Cloudy
1505131200;27.0;20.0;0.65;SE;7.777777777777778;0.0;1016.67;0.0;Partly Cloudy
1505134800;28.0;22.0;0.7;SE;7.777777777777778;0.0;1016.67;0.0;Fair
1505138400;28.0;21.0;0.66;SE;7.222222222222222;0.0;1015.67;0.0;Fair
1505142000;28.0;20.0;0.62;SSE;8.333333333333334;0.0;1014.67;0.0;Partly Cloudy
1505145600;27.0;22.0;0.74;SSE;10.277777777777777;0.0;1014.67;0.0;Mostly Cloudy / Windy
1505149200;27.0;18.0;0.58;SSE;9.722222222222221;0.0;1013.68;0.0;Mostly Cloudy / Windy
1505152800;26.0;20.0;0.69;SSE;7.222222222222222;0.0;1013.68;0.0;Mostly Cloudy
1505156400;26.0;21.0;0.74;SSE;7.222222222222222;0.0;1013.68;0.0;Partly Cloudy
1505160000;25.0;21.0;0.78;SSE;6.666666666666666;0.0;1013.68;0.0;Rain Shower
1505167200;24.0;21.0;0.83;SE;7.222222222222222;0.0;1014.67;0.0;Fair
1505170800;23.0;21.0;0.88;SE;5.555555555555555;0.0;1015.67;0.0;Light Rain
1505174400;22.0;21.0;0.94;SE;6.111111111111111;0.0;1015.67;0.0;Light Rain
1505178000;23.0;21.0;0.88;ESE;3.0555555555555554;0.0;1015.67;0.0;Mostly Cloudy
1505181600;23.0;22.0;0.94;SE;6.111111111111111;0.0;1015.67;0.0;Mostly Cloudy
1505185200;24.0;21.0;0.83;SE;5.277777777777778;0.0;1014.67;0.0;Partly Cloudy
1505188800;25.0;20.0;0.74;ESE;5.555555555555555;0.0;1014.67;0.0;Partly Cloudy
1505192400;25.0;19.0;0.69;ESE;5.277777777777778;0.0;1014.67;0.0;Mostly Cloudy
1505196000;25.0;18.0;0.65;ESE;6.111111111111111;0.0;1014.67;0.0;Mostly Cloudy
1505199600;25.0;19.0;0.69;ESE;5.277777777777778;0.0;1014.67;0.0;Partly Cloudy
1505203200;24.0;19.0;0.73;ESE;4.166666666666667;0.0;1014.67;0.0;Partly Cloudy
1505206800;25.0;19.0;0.69;SE;5.277777777777778;0.0;1015.67;0.0;Partly Cloudy
1505210400;26.0;20.0;0.69;SE;6.111111111111111;0.0;1015.67;0.0;Fair
1505214000;27.0;20.0;0.65;SE;6.111111111111111;0.0;1016.67;0.0;Partly Cloudy
1505217600;27.0;20.0;0.65;SSE;5.555555555555555;0.0;1016.67;0.0;Mostly Cloudy
1505221200;28.0;21.0;0.66;SSE;6.111111111111111;0.0;1016.67;0.0;Partly Cloudy
1505224800;28.0;21.0;0.66;SE;6.111111111111111;0.0;1016.67;0.0;Fair
1505228400;28.0;21.0;0.66;SSE;6.111111111111111;0.0;1015.67;0.0;Partly Cloudy
1505232000;28.0;21.0;0.66;SSE;6.666666666666666;0.0;1014.67;0.0;Fair
1505235600;27.0;21.0;0.7;SSE;6.666666666666666;0.0;1014.67;0.0;Partly Cloudy
1505239200;27.0;21.0;0.7;SSE;7.777777777777778;0.0;1014.67;0.0;Partly Cloudy
1505242800;26.0;21.0;0.74;SSE;7.777777777777778;0.0;1014.67;0.0;Partly Cloudy
1505246400;25.0;22.0;0.83;S;6.666666666666666;0.0;1014.67;0.0;Mostly Cloudy
1505250000;24.0;22.0;0.89;SSE;6.666666666666666;0.0;1014.67;0.0;Showers in the Vicinity
1505253600;25.0;21.0;0.78;SE;6.111111111111111;0.0;1015.67;0.0;Partly Cloudy
1505257200;25.0;21.0;0.78;ESE;6.666666666666666;0.0;1015.67;0.0;Partly Cloudy
1505260800;25.0;21.0;0.78;SE;6.666666666666666;0.0;1015.67;0.0;Mostly Cloudy
1505264400;24.0;21.0;0.83;ESE;4.722222222222222;0.0;1016.67;0.0;Mostly Cloudy
1505268000;24.0;21.0;0.83;SE;7.222222222222222;0.0;1015.67;0.0;Showers in the Vicinity
1505271600;25.0;21.0;0.78;SE;6.666666666666666;0.0;1015.67;0.0;Mostly Cloudy
1505275200;24.0;21.0;0.83;SE;5.277777777777778;0.0;1015.67;0.0;Partly Cloudy
1505278800;23.0;20.0;0.83;E;6.666666666666666;0.0;1014.67;0.0;Light Rain
1505282400;25.0;20.0;0.74;ESE;5.277777777777778;0.0;1015.67;0.0;Showers in the Vicinity
1505286000;24.0;21.0;0.83;SE;6.111111111111111;0.0;1015.67;0.0;Showers in the Vicinity
1505289600;25.0;21.0;0.78;SE;5.555555555555555;0.0;1015.67;0.0;Mostly Cloudy
1505293200;23.0;20.0;0.83;SE;6.666666666666666;0.0;1015.67;0.0;Light Rain
1505296800;26.0;21.0;0.74;SE;6.111111111111111;0.0;1015.67;0.0;Mostly Cloudy
1505300400;25.0;21.0;0.78;SE;6.111111111111111;0.0;1016.67;0.0;Mostly Cloudy
1505304000;26.0;21.0;0.74;SE;5.555555555555555;0.0;1016.67;0.0;Partly Cloudy
1505307600;27.0;22.0;0.74;SE;6.666666666666666;0.0;1016.67;0.0;Partly Cloudy
1505311200;27.0;22.0;0.74;SE;5.555555555555555;0.0;1016.67;0.0;Partly Cloudy
1505314800;28.0;21.0;0.66;SE;6.666666666666666;0.0;1015.67;0.0;Partly Cloudy
1505318400;28.0;21.0;0.66;SSE;7.777777777777778;0.0;1015.67;0.0;Partly Cloudy
1505322000;28.0;21.0;0.66;SE;7.777777777777778;0.0;1014.67;0.0;Partly Cloudy
1505325600;27.0;22.0;0.74;SSE;7.777777777777778;0.0;1014.67;0.0;Mostly Cloudy
1505329200;26.0;21.0;0.74;SSE;7.777777777777778;0.0;1014.67;0.0;Mostly Cloudy
1505332800;25.0;22.0;0.83;SE;6.111111111111111;0.0;1014.67;0.0;Showers in the Vicinity
1505336400;25.0;21.0;0.78;SE;6.111111111111111;0.0;1015.67;0.0;Mostly Cloudy
1505340000;25.0;21.0;0.78;SE;7.222222222222222;0.0;1015.67;0.0;Mostly Cloudy
1505343600;25.0;21.0;0.78;SE;7.777777777777778;0.0;1016.67;0.0;Mostly Cloudy
1505347200;25.0;20.0;0.74;SE;5.555555555555555;0.0;1016.67;0.0;Mostly Cloudy
1505350800;24.0;21.0;0.83;SE;5.277777777777778;0.0;1017.67;0.0;Mostly Cloudy
1505354400;24.0;21.0;0.83;S;3.611111111111111;0.0;1016.67;0.0;Partly Cloudy
1505530800;24.0;20.0;0.78;SE;5.277777777777778;0.0;1015.67;0.0;Mostly Cloudy
1505534400;23.0;21.0;0.88;SE;4.722222222222222;0.0;1014.67;0.0;Showers in the Vicinity
1505538000;24.0;21.0;0.83;SE;5.277777777777778;0.0;1014.67;0.0;Mostly Cloudy
1505541600;24.0;20.0;0.78;SE;5.277777777777778;0.0;1013.68;0.0;Mostly Cloudy
1505545200;25.0;20.0;0.74;SE;4.166666666666667;0.0;1014.67;0.0;Mostly Cloudy
1505548800;25.0;20.0;0.74;SE;5.555555555555555;0.0;1014.67;0.0;Partly Cloudy
1505552400;25.0;20.0;0.74;SE;5.555555555555555;0.0;1014.67;0.0;Mostly Cloudy
1505556000;24.0;21.0;0.83;SE;6.666666666666666;0.0;1015.67;0.0;Showers in the Vicinity
1505559600;25.0;21.0;0.78;SE;6.666666666666666;0.0;1016.67;0.0;Partly Cloudy
1505563200;26.0;20.0;0.69;SE;6.666666666666666;0.0;1016.67;0.0;Mostly Cloudy
1505566800;25.0;20.0;0.74;ESE;6.111111111111111;0.0;1016.67;0.0;Showers in the Vicinity
1505570400;26.0;21.0;0.74;SE;3.611111111111111;0.0;1015.67;0.0;Showers in the Vicinity
1505572500;25.0;21.0;0.78;SSE;3.0555555555555554;0.0;1015.67;0.0;Showers in the Vicinity
1505574000;26.0;21.0;0.74;ESE;5.277777777777778;0.0;1014.67;0.0;Showers in the Vicinity
1505577600;27.0;20.0;0.65;ESE;5.555555555555555;0.0;1013.68;0.0;Mostly Cloudy
1505581200;27.0;21.0;0.7;ESE;4.722222222222222;0.0;1013.68;0.0;Mostly Cloudy
1505584800;27.0;20.0;0.65;SE;5.277777777777778;0.0;1013.68;0.0;Partly Cloudy
1505588400;26.0;20.0;0.69;SE;5.555555555555555;0.0;1013.68;0.0;Partly Cloudy
1505592000;27.0;20.0;0.65;SE;5.277777777777778;0.0;1014.67;0.0;Mostly Cloudy
1505595600;26.0;20.0;0.69;SE;4.722222222222222;0.0;1014.67;0.0;Mostly Cloudy
1505599200;25.0;21.0;0.78;SE;4.166666666666667;0.0;1015.67;0.0;Mostly Cloudy
1505602800;25.0;20.0;0.74;SE;5.277777777777778;0.0;1015.67;0.0;Fair
1505606400;24.0;19.0;0.73;SSE;4.722222222222222;0.0;1016.67;0.0;Fair
1505610000;24.0;20.0;0.78;SSE;5.277777777777778;0.0;1016.67;0.0;Fair
1505613600;24.0;20.0;0.78;SSE;4.722222222222222;0.0;1015.67;0.0;Fair
1505617200;24.0;20.0;0.78;SSE;4.722222222222222;0.0;1015.67;0.0;Partly Cloudy
1505620800;24.0;20.0;0.78;SSE;4.166666666666667;0.0;1014.67;0.0;Partly Cloudy
1505624400;24.0;20.0;0.78;SSE;3.611111111111111;0.0;1014.67;0.0;Partly Cloudy
1505628000;22.0;20.0;0.88;WSW;2.5;0.0;1014.67;0.0;Partly Cloudy
1505631600;24.0;20.0;0.78;SE;4.166666666666667;0.0;1014.67;0.0;Partly Cloudy
1505635200;22.0;20.0;0.88;SSW;1.9444444444444444;0.0;1014.67;0.0;Partly Cloudy
1505638800;22.0;20.0;0.88;SSW;1.9444444444444444;0.0;1014.67;0.0;Partly Cloudy
1505642400;23.0;21.0;0.88;SSW;1.9444444444444444;0.0;1015.67;0.0;Partly Cloudy
1505646000;26.0;21.0;0.74;SE;5.277777777777778;0.0;1015.67;0.0;Partly Cloudy
1505649600;27.0;21.0;0.7;SE;6.666666666666666;0.0;1016.67;0.0;Partly Cloudy
1505653200;25.0;21.0;0.78;SSE;6.666666666666666;0.0;1016.67;0.0;Mostly Cloudy
1505656800;26.0;21.0;0.74;SE;7.222222222222222;0.0;1015.67;0.0;Light Rain Shower
1505658240;25.0;22.0;0.83;ESE;2.5;0.0;1015.67;0.0;Showers in the Vicinity
1505660400;26.0;22.0;0.78;SE;5.277777777777778;0.0;1014.67;0.0;Showers in the Vicinity
1505664000;27.0;22.0;0.74;SE;6.111111111111111;0.0;1013.68;0.0;Partly Cloudy
1505667600;27.0;21.0;0.7;SE;6.111111111111111;0.0;1013.68;0.0;Partly Cloudy
1505671200;26.0;21.0;0.74;SE;5.555555555555555;0.0;1013.68;0.0;Partly Cloudy
1505674800;26.0;21.0;0.74;SE;5.555555555555555;0.0;1013.68;0.0;Partly Cloudy
1505678400;26.0;21.0;0.74;SE;4.722222222222222;0.0;1014.67;0.0;Mostly Cloudy
1505682000;25.0;21.0;0.78;SE;5.555555555555555;0.0;1014.67;0.0;Partly Cloudy
1505685600;25.0;21.0;0.78;SE;5.277777777777778;0.0;1014.67;0.0;Partly Cloudy
1505689200;25.0;20.0;0.74;SE;5.555555555555555;0.0;1015.67;0.0;Mostly Cloudy
1505691840;23.0;21.0;0.88;S;7.222222222222222;0.0;1016.67;0.0;Light Rain
1505692800;23.0;21.0;0.88;S;3.611111111111111;0.0;1016.67;0.0;Light Rain
1505696400;23.0;20.0;0.83;SSW;3.0555555555555554;0.0;1016.67;0.0;Mostly Cloudy
1505700000;23.0;21.0;0.88;SSW;2.5;0.0;1016.67;0.0;Mostly Cloudy
1505962800;25.0;20.0;0.74;SSE;5.555555555555555;0.0;1015.67;0.0;Partly Cloudy
1505966400;24.0;21.0;0.83;SSE;5.277777777777778;0.0;1015.67;0.0;Partly Cloudy
1505970000;24.0;20.0;0.78;SE;5.277777777777778;0.0;1014.67;0.0;Mostly Cloudy
1505973600;24.0;19.0;0.73;SE;5.277777777777778;0.0;1014.67;0.0;Partly Cloudy
1505977200;24.0;20.0;0.78;SE;5.277777777777778;0.0;1014.67;0.0;Partly Cloudy
1505980800;22.0;21.0;0.94;SSE;6.111111111111111;0.0;1014.67;0.0;Showers in the Vicinity
1505984400;25.0;20.0;0.74;SE;5.277777777777778;0.0;1015.67;0.0;Partly Cloudy
1505988000;26.0;21.0;0.74;SE;5.277777777777778;0.0;1015.67;0.0;Partly Cloudy
1505991600;26.0;20.0;0.69;SE;6.111111111111111;0.0;1016.67;0.0;Partly Cloudy
1505995200;27.0;21.0;0.7;SE;6.111111111111111;0.0;1017.67;0.0;Partly Cloudy
1505998800;28.0;20.0;0.62;SE;6.111111111111111;0.0;1017.67;0.0;Partly Cloudy
1506002400;27.0;20.0;0.65;SE;6.111111111111111;0.0;1016.67;0.0;Partly Cloudy
1506006000;28.0;21.0;0.66;SE;6.666666666666666;0.0;1015.67;0.0;Mostly Cloudy
1506009600;27.0;21.0;0.7;SE;6.666666666666666;0.0;1015.67;0.0;Partly Cloudy
1506013200;27.0;20.0;0.65;SE;7.777777777777778;0.0;1014.67;0.0;Partly Cloudy
1506016800;27.0;21.0;0.7;SSE;6.666666666666666;0.0;1014.67;0.0;Partly Cloudy
1506020400;26.0;21.0;0.74;SSE;7.222222222222222;0.0;1014.67;0.0;Partly Cloudy
1506024000;25.0;20.0;0.74;SSE;6.111111111111111;0.0;1014.67;0.0;Fair
1506027600;25.0;20.0;0.74;SSE;5.555555555555555;0.0;1015.67;0.0;Fair
1506031200;25.0;20.0;0.74;SSE;5.555555555555555;0.0;1015.67;0.0;Mostly Cloudy
1506034800;25.0;20.0;0.74;SSE;5.277777777777778;0.0;1015.67;0.0;Partly Cloudy
1506038400;25.0;20.0;0.74;SSE;5.555555555555555;0.0;1016.67;0.0;Partly Cloudy
1506042000;25.0;20.0;0.74;SE;5.277777777777778;0.0;1016.67;0.0;Partly Cloudy
1506045600;25.0;20.0;0.74;SE;4.166666666666667;0.0;1015.67;0.0;Partly Cloudy
1506222000;24.0;18.0;0.69;SSE;6.111111111111111;0.0;1014.67;0.0;Fair
1506225600;24.0;19.0;0.73;SSE;5.555555555555555;0.0;1013.68;0.0;Fair
1506229200;24.0;19.0;0.73;SSE;5.277777777777778;0.0;1013.68;0.0;Fair
1506232800;22.0;19.0;0.83;SSW;1.9444444444444444;0.0;1013.68;0.0;Fair
1506236400;22.0;19.0;0.83;SSW;1.6666666666666665;0.0;1013.68;0.0;Fair
1506240000;21.0;18.0;0.83;S;1.6666666666666665;0.0;1013.68;0.0;Fair
1506243600;21.0;18.0;0.83;SSW;1.6666666666666665;0.0;1013.68;0.0;Partly Cloudy
1506247200;23.0;20.0;0.83;S;2.5;0.0;1014.67;0.0;Showers in the Vicinity
1506250800;23.0;21.0;0.88;S;3.611111111111111;0.0;1015.67;0.0;Light Rain Shower
1506254400;25.0;22.0;0.83;SSE;5.277777777777778;0.0;1015.67;0.0;Partly Cloudy
1506258000;26.0;22.0;0.78;SSE;7.777777777777778;0.0;1015.67;0.0;Showers in the Vicinity
1506261600;27.0;21.0;0.7;SE;7.777777777777778;0.0;1014.67;0.0;Mostly Cloudy
1506265200;26.0;20.0;0.69;SE;8.333333333333334;0.0;1014.67;0.0;Mostly Cloudy
1506268800;27.0;20.0;0.65;SE;7.222222222222222;0.0;1013.68;0.0;Partly Cloudy
1506272400;26.0;21.0;0.74;SSE;5.277777777777778;0.0;1012.68;0.0;Mostly Cloudy
1506276000;27.0;20.0;0.65;SE;5.277777777777778;0.0;1012.68;0.0;Mostly Cloudy
1506279600;26.0;20.0;0.69;SE;6.111111111111111;0.0;1012.68;0.0;Partly Cloudy
1506283200;25.0;20.0;0.74;SSE;5.555555555555555;0.0;1012.68;0.0;Partly Cloudy
1506286800;24.0;20.0;0.78;ESE;5.277777777777778;0.0;1012.68;0.0;Mostly Cloudy
1506290400;25.0;20.0;0.74;SE;3.611111111111111;0.0;1013.68;0.0;Mostly Cloudy
1506294000;25.0;19.0;0.69;SE;4.722222222222222;0.0;1013.68;0.0;Partly Cloudy
1506297600;25.0;19.0;0.69;SE;4.166666666666667;0.0;1014.67;0.0;Fair
1506301200;25.0;19.0;0.69;SE;5.277777777777778;0.0;1014.67;0.0;Partly Cloudy
1506304800;25.0;19.0;0.69;SE;4.722222222222222;0.0;1014.67;0.0;Mostly Cloudy
1506308400;25.0;19.0;0.69;SE;5.277777777777778;0.0;1013.68;0.0;Partly Cloudy
1506312000;25.0;19.0;0.69;SSE;5.277777777777778;0.0;1013.68;0.0;Mostly Cloudy
1506315600;25.0;19.0;0.69;ESE;5.277777777777778;0.0;1013.68;0.0;Mostly Cloudy
1506319200;25.0;19.0;0.69;ESE;5.277777777777778;0.0;1013.68;0.0;Partly Cloudy
1506322800;25.0;19.0;0.69;SE;4.722222222222222;0.0;1013.68;0.0;Partly Cloudy
1506326400;25.0;19.0;0.69;SE;4.722222222222222;0.0;1013.68;0.0;Partly Cloudy
1506330000;24.0;19.0;0.73;ESE;6.111111111111111;0.0;1014.67;0.0;Showers in the Vicinity
1506333600;26.0;20.0;0.69;ESE;5.277777777777778;0.0;1014.67;0.0;Partly Cloudy
1506337200;26.0;20.0;0.69;SE;5.277777777777778;0.0;1015.67;0.0;Partly Cloudy
1506340800;27.0;19.0;0.61;ESE;5.555555555555555;0.0;1016.67;0.0;Partly Cloudy
1506344400;27.0;20.0;0.65;SE;6.111111111111111;0.0;1015.67;0.0;Partly Cloudy
1506348000;27.0;21.0;0.7;SE;5.555555555555555;0.0;1015.67;0.0;Partly Cloudy
1506351600;27.0;20.0;0.65;SE;5.555555555555555;0.0;1015.67;0.0;Partly Cloudy
1506355200;27.0;19.0;0.61;SE;5.555555555555555;0.0;1014.67;0.0;Partly Cloudy
1506358800;28.0;20.0;0.62;SSE;6.666666666666666;0.0;1013.68;0.0;Partly Cloudy
1506362400;27.0;20.0;0.65;SSE;6.111111111111111;0.0;1013.68;0.0;Fair
1506366000;26.0;19.0;0.65;SE;6.666666666666666;0.0;1013.68;0.0;Fair
1506369600;26.0;20.0;0.69;SSE;6.111111111111111;0.0;1013.68;0.0;Partly Cloudy
1506373200;25.0;21.0;0.78;S;6.111111111111111;0.0;1013.68;0.0;Partly Cloudy
1506376800;25.0;19.0;0.69;SSE;6.666666666666666;0.0;1013.68;0.0;Partly Cloudy
1506380400;25.0;20.0;0.74;SSE;6.111111111111111;0.0;1014.67;0.0;Partly Cloudy
1506384000;25.0;20.0;0.74;SSE;6.111111111111111;0.0;1014.67;0.0;Partly Cloudy
1506387600;25.0;20.0;0.74;SSE;5.555555555555555;0.0;1014.67;0.0;Partly Cloudy
1506391200;25.0;20.0;0.74;SSE;6.666666666666666;0.0;1014.67;0.0;Partly Cloudy
1506567600;25.0;21.0;0.78;SE;5.555555555555555;0.0;1013.68;0.0;Partly Cloudy
1506571200;25.0;21.0;0.78;SE;5.555555555555555;0.0;1013.68;0.0;Partly Cloudy
1506574800;25.0;21.0;0.78;SE;5.555555555555555;0.0;1013.68;0.0;Partly Cloudy
1506578400;25.0;21.0;0.78;SE;4.166666666666667;0.0;1012.68;0.0;Fair
1506582000;25.0;21.0;0.78;SE;4.722222222222222;0.0;1012.68;0.0;Partly Cloudy
1506585600;25.0;21.0;0.78;SE;4.722222222222222;0.0;1013.68;0.0;Partly Cloudy
1506589200;25.0;21.0;0.78;SE;5.277777777777778;0.0;1013.68;0.0;Partly Cloudy
1506592800;26.0;20.0;0.69;SE;5.277777777777778;0.0;1014.67;0.0;Partly Cloudy
1506596400;24.0;21.0;0.83;ESE;5.277777777777778;0.0;1015.67;0.0;Showers in the Vicinity
1506600000;24.0;22.0;0.89;SSE;5.555555555555555;0.0;1015.67;0.0;Light Rain
1506603600;26.0;22.0;0.78;SSE;3.611111111111111;0.0;1015.67;0.0;Partly Cloudy
1506607200;27.0;22.0;0.74;ESE;4.722222222222222;0.0;1014.67;0.0;Partly Cloudy
1506610800;27.0;22.0;0.74;ESE;6.666666666666666;0.0;1014.67;0.0;Partly Cloudy
1506614400;28.0;21.0;0.66;SE;6.111111111111111;0.0;1013.68;0.0;Partly Cloudy
1506618000;27.0;22.0;0.74;SE;6.111111111111111;0.0;1012.68;0.0;Partly Cloudy
1506621600;26.0;22.0;0.78;SSE;4.722222222222222;0.0;1012.68;0.0;Showers in the Vicinity
1506625200;25.0;22.0;0.83;SSE;5.277777777777778;0.0;1013.68;0.0;Mostly Cloudy
1506628800;25.0;21.0;0.78;SE;4.166666666666667;0.0;1013.68;0.0;Mostly Cloudy
1506632400;26.0;21.0;0.74;SE;3.0555555555555554;0.0;1013.68;0.0;Mostly Cloudy
1506636000;25.0;21.0;0.78;SE;4.166666666666667;0.0;1014.67;0.0;Mostly Cloudy
1506639600;25.0;21.0;0.78;SE;5.277777777777778;0.0;1014.67;0.0;Mostly Cloudy
1506643200;25.0;21.0;0.78;SSE;5.277777777777778;0.0;1014.67;0.0;Partly Cloudy
1506646800;25.0;21.0;0.78;SE;5.277777777777778;0.0;1015.67;0.0;Partly Cloudy
1506650400;25.0;22.0;0.83;SE;5.555555555555555;0.0;1014.67;0.0;Partly Cloudy
1506654000;25.0;22.0;0.83;SE;6.111111111111111;0.0;1013.68;0.0;Mostly Cloudy
1506657600;25.0;22.0;0.83;SE;6.111111111111111;0.0;1013.68;0.0;Mostly Cloudy
1506661200;25.0;21.0;0.78;SE;5.555555555555555;0.0;1013.68;0.0;Mostly Cloudy
1506664800;25.0;21.0;0.78;SE;4.722222222222222;0.0;1013.68;0.0;Mostly Cloudy
1506668400;25.0;21.0;0.78;SE;5.277777777777778;0.0;1013.68;0.0;Partly Cloudy
1506672000;25.0;21.0;0.78;ESE;5.555555555555555;0.0;1013.68;0.0;Partly Cloudy
1506675600;25.0;21.0;0.78;ESE;4.722222222222222;0.0;1013.68;0.0;Mostly Cloudy
1506679200;26.0;21.0;0.74;SE;5.555555555555555;0.0;1014.67;0.0;Partly Cloudy
1506682800;27.0;21.0;0.7;ESE;6.111111111111111;0.0;1014.67;0.0;Partly Cloudy
1506686400;27.0;22.0;0.74;SE;5.277777777777778;0.0;1014.67;0.0;Partly Cloudy
1506690000;27.0;22.0;0.74;SE;6.111111111111111;0.0;1014.67;0.0;Partly Cloudy
1506693600;28.0;21.0;0.66;SE;6.666666666666666;0.0;1014.67;0.0;Partly Cloudy
1506697200;28.0;21.0;0.66;SE;6.666666666666666;0.0;1013.68;0.0;Partly Cloudy
1506700800;28.0;21.0;0.66;SE;6.111111111111111;0.0;1012.68;0.0;Partly Cloudy
1506704400;28.0;20.0;0.62;SE;7.777777777777778;0.0;1011.68;0.0;Partly Cloudy
1506708000;27.0;21.0;0.7;SE;6.111111111111111;0.0;1011.68;0.0;Partly Cloudy
1506711600;27.0;21.0;0.7;SE;5.555555555555555;0.0;1011.68;0.0;Fair
1506715200;26.0;20.0;0.69;SSE;6.111111111111111;0.0;1012.68;0.0;Partly Cloudy
1506718800;25.0;20.0;0.74;SSE;5.555555555555555;0.0;1012.68;0.0;Partly Cloudy
1506722400;25.0;20.0;0.74;SE;6.111111111111111;0.0;1012.68;0.0;Partly Cloudy
1506726000;25.0;20.0;0.74;SSE;5.555555555555555;0.0;1013.68;0.0;Partly Cloudy
1506729600;25.0;20.0;0.74;SE;4.722222222222222;0.0;1014.67;0.0;Partly Cloudy
1506733200;25.0;20.0;0.74;SE;5.277777777777778;0.0;1014.67;0.0;Fair
1506736800;25.0;19.0;0.69;SE;4.166666666666667;0.0;1013.68;0.0;Partly Cloudy
1506913200;25.0;21.0;0.78;SE;4.166666666666667;0.0;1010.68;0.0;Fair
1506916800;25.0;21.0;0.78;SE;4.722222222222222;0.0;1009.68;0.0;Partly Cloudy
1506920400;25.0;20.0;0.74;ESE;5.555555555555555;0.0;1009.68;0.0;Fair
1506924000;25.0;19.0;0.69;ESE;4.722222222222222;0.0;1009.68;0.0;Mostly Cloudy
1506927600;26.0;19.0;0.65;ESE;4.166666666666667;0.0;1009.68;0.0;Partly Cloudy
1506931200;25.0;20.0;0.74;ESE;3.0555555555555554;0.0;1009.68;0.0;Partly Cloudy
1506934800;26.0;21.0;0.74;ESE;3.611111111111111;0.0;1010.68;0.0;Fair
1506938400;26.0;21.0;0.74;ESE;4.166666666666667;0.0;1011.68;0.0;Partly Cloudy
1506942000;27.0;21.0;0.7;ESE;5.277777777777778;0.0;1012.68;0.0;Fair
1506945600;28.0;21.0;0.66;E;4.722222222222222;0.0;1012.68;0.0;Fair
1506949200;28.0;21.0;0.66;SE;5.555555555555555;0.0;1012.68;0.0;Fair
1506952800;28.0;21.0;0.66;ESE;5.277777777777778;0.0;1011.68;0.0;Fair
1506956400;28.0;20.0;0.62;SE;5.277777777777778;0.0;1010.68;0.0;Partly Cloudy
1506960000;28.0;21.0;0.66;SE;5.555555555555555;0.0;1010.68;0.0;Mostly Cloudy
1506963600;28.0;21.0;0.66;ESE;4.722222222222222;0.0;1009.68;0.0;Fair
1506967200;27.0;21.0;0.7;SE;5.277777777777778;0.0;1009.68;0.0;Partly Cloudy
1506970800;27.0;21.0;0.7;SSE;6.111111111111111;0.0;1009.68;0.0;Partly Cloudy
1506974400;26.0;22.0;0.78;SSE;6.111111111111111;0.0;1010.68;0.0;Mostly Cloudy
1506978000;26.0;22.0;0.78;SE;5.277777777777778;0.0;1010.68;0.0;Mostly Cloudy
1506981600;26.0;22.0;0.78;SE;4.166666666666667;0.0;1011.68;0.0;Partly Cloudy
1506985200;26.0;21.0;0.74;ESE;5.277777777777778;0.0;1012.68;0.0;Mostly Cloudy
1506988800;26.0;21.0;0.74;SE;4.722222222222222;0.0;1012.68;0.0;Partly Cloudy
1506992400;26.0;21.0;0.74;SE;4.722222222222222;0.0;1012.68;0.0;Partly Cloudy
1506996000;26.0;21.0;0.74;SE;5.277777777777778;0.0;1011.68;0.0;Mostly Cloudy
1506999600;26.0;21.0;0.74;SE;5.277777777777778;0.0;1011.68;0.0;Mostly Cloudy
1507003200;26.0;22.0;0.78;SE;4.722222222222222;0.0;1010.68;0.0;Mostly Cloudy
1507006800;26.0;21.0;0.74;SE;5.555555555555555;0.0;1010.68;0.0;Mostly Cloudy
1507010400;26.0;22.0;0.78;ESE;3.611111111111111;0.0;1010.68;0.0;Mostly Cloudy
1507014000;25.0;21.0;0.78;ESE;5.277777777777778;0.0;1010.68;0.0;Partly Cloudy
1507017600;25.0;21.0;0.78;ESE;5.277777777777778;0.0;1011.68;0.0;Partly Cloudy
1507021200;26.0;21.0;0.74;ESE;5.277777777777778;0.0;1012.68;0.0;Mostly Cloudy
1507024800;26.0;22.0;0.78;SE;5.555555555555555;0.0;1012.68;0.0;Partly Cloudy
1507028400;27.0;22.0;0.74;SE;5.277777777777778;0.0;1013.68;0.0;Mostly Cloudy
1507032000;27.0;22.0;0.74;SE;6.111111111111111;0.0;1014.67;0.0;Mostly Cloudy
1507035600;28.0;23.0;0.74;SE;6.111111111111111;0.0;1014.67;0.0;Mostly Cloudy
1507039200;28.0;22.0;0.7;ESE;5.555555555555555;0.0;1014.67;0.0;Fair
1507042800;28.0;22.0;0.7;SE;5.555555555555555;0.0;1013.68;0.0;Partly Cloudy
1507046400;28.0;22.0;0.7;SE;5.555555555555555;0.0;1012.68;0.0;Partly Cloudy
1507050000;28.0;22.0;0.7;SE;6.111111111111111;0.0;1011.68;0.0;Partly Cloudy
1507053600;27.0;22.0;0.74;SE;5.277777777777778;0.0;1011.68;0.0;Partly Cloudy
1507057200;27.0;22.0;0.74;SE;5.277777777777778;0.0;1011.68;0.0;Partly Cloudy
1507060800;26.0;22.0;0.78;SSE;6.111111111111111;0.0;1011.68;0.0;Mostly Cloudy
1507064400;26.0;22.0;0.78;ESE;5.277777777777778;0.0;1011.68;0.0;Mostly Cloudy
1507068000;26.0;21.0;0.74;SSE;5.277777777777778;0.0;1012.68;0.0;Partly Cloudy
1507071600;26.0;21.0;0.74;SSE;4.722222222222222;0.0;1012.68;0.0;Partly Cloudy
1507075200;25.0;22.0;0.83;SE;5.277777777777778;0.0;1013.68;0.0;Mostly Cloudy
1507078800;26.0;22.0;0.78;SE;5.277777777777778;0.0;1014.67;0.0;Partly Cloudy
1507082400;25.0;22.0;0.83;SE;5.277777777777778;0.0;1013.68;0.0;Fair
1507086000;25.0;22.0;0.83;SE;4.722222222222222;0.0;1013.68;0.0;Partly Cloudy
1507089600;25.0;22.0;0.83;SSE;5.277777777777778;0.0;1012.68;0.0;Partly Cloudy
1507093200;26.0;22.0;0.78;SE;5.277777777777778;0.0;1011.68;0.0;Mostly Cloudy
1507096800;26.0;22.0;0.78;SE;5.555555555555555;0.0;1011.68;0.0;Mostly Cloudy
1507100400;26.0;22.0;0.78;SE;6.111111111111111;0.0;1011.68;0.0;Mostly Cloudy
1507104000;25.0;22.0;0.83;SE;5.277777777777778;0.0;1011.68;0.0;Showers in the Vicinity
1507107600;26.0;22.0;0.78;SE;5.555555555555555;0.0;1012.68;0.0;Partly Cloudy
1507111200;26.0;21.0;0.74;SE;7.222222222222222;0.0;1013.68;0.0;Mostly Cloudy
1507114800;27.0;22.0;0.74;SE;7.222222222222222;0.0;1014.67;0.0;Partly Cloudy
1507118400;27.0;22.0;0.74;SE;7.777777777777778;0.0;1014.67;0.0;Partly Cloudy
1507122000;28.0;22.0;0.7;SE;6.666666666666666;0.0;1014.67;0.0;Partly Cloudy
1507125600;29.0;22.0;0.66;SE;7.222222222222222;0.0;1013.68;0.0;Partly Cloudy
1507129200;29.0;22.0;0.66;SSE;7.777777777777778;0.0;1012.68;0.0;Partly Cloudy
1507132800;29.0;22.0;0.66;SSE;8.333333333333334;0.0;1012.68;0.0;Mostly Cloudy
1507136400;28.0;21.0;0.66;SSE;8.333333333333334;0.0;1011.68;0.0;Mostly Cloudy
1507140000;27.0;22.0;0.74;SSE;7.777777777777778;0.0;1011.68;0.0;Partly Cloudy
1507143600;27.0;22.0;0.74;SSE;7.777777777777778;0.0;1011.68;0.0;Partly Cloudy
1507147200;26.0;21.0;0.74;SSE;7.777777777777778;0.0;1012.68;0.0;Partly Cloudy
1507150800;26.0;22.0;0.78;SSE;6.111111111111111;0.0;1012.68;0.0;Partly Cloudy
1507154400;26.0;21.0;0.74;SSE;7.222222222222222;0.0;1012.68;0.0;Partly Cloudy
1507158000;26.0;21.0;0.74;SSE;6.666666666666666;0.0;1013.68;0.0;Partly Cloudy
1507161600;26.0;21.0;0.74;SE;5.277777777777778;0.0;1014.67;0.0;Partly Cloudy
1507165200;26.0;22.0;0.78;SE;4.722222222222222;0.0;1014.67;0.0;Partly Cloudy
1507168800;26.0;21.0;0.74;SE;5.277777777777778;0.0;1014.67;0.0;Partly Cloudy
1507172400;25.0;21.0;0.78;SE;5.277777777777778;0.0;1013.68;0.0;Partly Cloudy
1507176000;25.0;22.0;0.83;SE;6.111111111111111;0.0;1012.68;0.0;Mostly Cloudy
1507179600;25.0;21.0;0.78;SE;5.277777777777778;0.0;1012.68;0.0;Partly Cloudy
1507183200;25.0;22.0;0.83;SE;5.277777777777778;0.0;1012.68;0.0;Showers in the Vicinity
1507184400;24.0;21.0;0.83;E;7.777777777777778;0.0;1012.68;0.0;Light Rain Shower
1507186800;25.0;22.0;0.83;ESE;3.0555555555555554;0.0;1012.68;0.0;Partly Cloudy
1507190400;25.0;22.0;0.83;SE;5.277777777777778;0.0;1012.68;0.0;Partly Cloudy
1507194000;25.0;22.0;0.83;SE;6.111111111111111;0.0;1013.68;0.0;Showers in the Vicinity
1507197600;24.0;21.0;0.83;E;5.277777777777778;0.0;1015.67;0.0;Showers in the Vicinity
1507201200;23.0;21.0;0.88;SE;4.166666666666667;0.0;1015.67;0.0;Showers in the Vicinity
1507204800;26.0;21.0;0.74;SE;5.555555555555555;0.0;1015.67;0.0;Light Rain
1507208400;28.0;21.0;0.66;SE;6.666666666666666;0.0;1015.67;0.0;Mostly Cloudy
1507212000;28.0;21.0;0.66;SE;6.666666666666666;0.0;1015.67;0.0;Mostly Cloudy
1507215600;28.0;21.0;0.66;SE;6.666666666666666;0.0;1014.67;0.0;Mostly Cloudy
1507219200;28.0;21.0;0.66;SE;7.222222222222222;0.0;1013.68;0.0;Partly Cloudy
1507222800;28.0;21.0;0.66;SE;5.277777777777778;0.0;1013.68;0.0;Partly Cloudy
1507226400;28.0;20.0;0.62;SE;6.111111111111111;0.0;1012.68;0.0;Partly Cloudy
1507230000;27.0;21.0;0.7;SE;6.111111111111111;0.0;1012.68;0.0;Partly Cloudy
1507233600;26.0;21.0;0.74;SE;5.555555555555555;0.0;1013.68;0.0;Mostly Cloudy
1507237200;26.0;21.0;0.74;SE;5.277777777777778;0.0;1013.68;0.0;Fair
1507240800;26.0;21.0;0.74;SSE;5.277777777777778;0.0;1013.68;0.0;Partly Cloudy
1507244400;25.0;21.0;0.78;SSE;5.277777777777778;0.0;1014.67;0.0;Partly Cloudy
1507248000;26.0;21.0;0.74;SSE;6.111111111111111;0.0;1015.67;0.0;Partly Cloudy
1507251600;25.0;20.0;0.74;SE;5.555555555555555;0.0;1015.67;0.0;Partly Cloudy
1507255200;25.0;20.0;0.74;SSE;6.111111111111111;0.0;1015.67;0.0;Partly Cloudy
1507258800;25.0;20.0;0.74;SE;5.277777777777778;0.0;1015.67;0.0;Partly Cloudy
1507262400;25.0;20.0;0.74;SE;5.277777777777778;0.0;1014.67;0.0;Partly Cloudy
1507266000;25.0;20.0;0.74;SE;4.166666666666667;0.0;1014.67;0.0;Partly Cloudy
1507269600;25.0;21.0;0.78;SE;4.166666666666667;0.0;1013.68;0.0;Partly Cloudy
1507273200;25.0;21.0;0.78;SE;4.166666666666667;0.0;1013.68;0.0;Partly Cloudy
1507276800;25.0;20.0;0.74;SE;4.166666666666667;0.0;1013.68;0.0;Partly Cloudy
1507280400;25.0;20.0;0.74;SE;5.555555555555555;0.0;1014.67;0.0;Partly Cloudy
1507284000;25.0;22.0;0.83;SSE;4.166666666666667;0.0;1014.67;0.0;Showers in the Vicinity
1507287600;27.0;21.0;0.7;ESE;5.555555555555555;0.0;1015.67;0.0;Mostly Cloudy
1507291200;28.0;20.0;0.62;ESE;5.555555555555555;0.0;1015.67;0.0;Mostly Cloudy
1507294800;27.0;21.0;0.7;SE;6.111111111111111;0.0;1015.67;0.0;Mostly Cloudy
1507298400;28.0;21.0;0.66;SE;7.222222222222222;0.0;1014.67;0.0;Partly Cloudy
1507302000;28.0;21.0;0.66;SE;6.666666666666666;0.0;1014.67;0.0;Mostly Cloudy
1507305600;28.0;21.0;0.66;SE;7.777777777777778;0.0;1013.68;0.0;Partly Cloudy
1507309200;28.0;21.0;0.66;SSE;7.777777777777778;0.0;1013.68;0.0;Partly Cloudy
1507312800;27.0;21.0;0.7;SSE;8.333333333333334;0.0;1013.68;0.0;Mostly Cloudy
1507316400;26.0;21.0;0.74;SE;6.666666666666666;0.0;1013.68;0.0;Partly Cloudy
1507320000;26.0;21.0;0.74;SSE;7.777777777777778;0.0;1013.68;0.0;Partly Cloudy
1507323600;26.0;21.0;0.74;SE;6.666666666666666;0.0;1013.68;0.0;Partly Cloudy
1507327200;26.0;21.0;0.74;SE;5.555555555555555;0.0;1014.67;0.0;Partly Cloudy
1507330800;26.0;20.0;0.69;SE;5.277777777777778;0.0;1015.67;0.0;Mostly Cloudy
1507334400;25.0;21.0;0.78;SE;5.277777777777778;0.0;1015.67;0.0;Mostly Cloudy
1507338000;25.0;21.0;0.78;SE;5.277777777777778;0.0;1015.67;0.0;Partly Cloudy
1507341600;25.0;20.0;0.74;SE;5.277777777777778;0.0;1015.67;0.0;Mostly Cloudy
1507345200;25.0;20.0;0.74;ESE;4.722222222222222;0.0;1014.67;0.0;Partly Cloudy
1507348800;25.0;20.0;0.74;SE;4.166666666666667;0.0;1013.68;0.0;Partly Cloudy
1507352400;25.0;20.0;0.74;SE;4.166666666666667;0.0;1012.68;0.0;Partly Cloudy
1507356000;25.0;20.0;0.74;SE;3.0555555555555554;0.0;1012.68;0.0;Mostly Cloudy
1507359600;25.0;20.0;0.74;SE;4.166666666666667;0.0;1012.68;0.0;Mostly Cloudy
1507363200;25.0;20.0;0.74;SE;4.722222222222222;0.0;1013.68;0.0;Partly Cloudy
1507366800;25.0;19.0;0.69;SE;4.722222222222222;0.0;1013.68;0.0;Partly Cloudy
1507370400;26.0;20.0;0.69;ESE;4.166666666666667;0.0;1014.67;0.0;Mostly Cloudy
1507374000;26.0;20.0;0.69;ESE;5.277777777777778;0.0;1014.67;0.0;Partly Cloudy
1507377600;27.0;20.0;0.65;ESE;5.277777777777778;0.0;1014.67;0.0;Partly Cloudy
1507381200;28.0;21.0;0.66;SE;5.277777777777778;0.0;1014.67;0.0;Fair
1507384800;28.0;20.0;0.62;SE;5.555555555555555;0.0;1014.67;0.0;Fair
1507388400;28.0;21.0;0.66;ESE;5.555555555555555;0.0;1013.68;0.0;Mostly Cloudy
1507392000;28.0;20.0;0.62;SE;5.555555555555555;0.0;1012.68;0.0;Fair
1507395600;27.0;20.0;0.65;SE;5.555555555555555;0.0;1011.68;0.0;Partly Cloudy
1507399200;27.0;20.0;0.65;ESE;5.277777777777778;0.0;1011.68;0.0;Partly Cloudy
1507402800;27.0;20.0;0.65;SE;5.555555555555555;0.0;1011.68;0.0;Partly Cloudy
1507406400;26.0;20.0;0.69;SE;5.555555555555555;0.0;1012.68;0.0;Partly Cloudy
1507410000;26.0;20.0;0.69;SE;5.555555555555555;0.0;1012.68;0.0;Mostly Cloudy
1507413600;26.0;20.0;0.69;SE;5.277777777777778;0.0;1012.68;0.0;Partly Cloudy
1507417200;26.0;20.0;0.69;SE;4.722222222222222;0.0;1013.68;0.0;Partly Cloudy
1507420800;25.0;20.0;0.74;SE;5.277777777777778;0.0;1013.68;0.0;Partly Cloudy
1507424400;25.0;20.0;0.74;SE;5.277777777777778;0.0;1014.67;0.0;Partly Cloudy
1507428000;25.0;20.0;0.74;SE;4.722222222222222;0.0;1013.68;0.0;Mostly Cloudy
1507431600;25.0;20.0;0.74;SE;4.722222222222222;0.0;1013.68;0.0;Partly Cloudy
1507435200;25.0;20.0;0.74;ESE;5.277777777777778;0.0;1012.68;0.0;Mostly Cloudy
1507438800;25.0;19.0;0.69;ESE;4.722222222222222;0.0;1012.68;0.0;Partly Cloudy
1507442400;25.0;20.0;0.74;SE;4.722222222222222;0.0;1012.68;0.0;Mostly Cloudy
1507446000;25.0;20.0;0.74;SE;4.166666666666667;0.0;1012.68;0.0;Mostly Cloudy
1507449600;25.0;20.0;0.74;SE;4.722222222222222;0.0;1012.68;0.0;Mostly Cloudy
1507453200;25.0;21.0;0.78;SE;4.166666666666667;0.0;1013.68;0.0;Mostly Cloudy
1507456800;26.0;21.0;0.74;ESE;5.277777777777778;0.0;1013.68;0.0;Showers in the Vicinity
1507460400;26.0;20.0;0.69;SE;5.277777777777778;0.0;1014.67;0.0;Showers in the Vicinity
1507464000;26.0;21.0;0.74;SE;6.111111111111111;0.0;1014.67;0.0;Mostly Cloudy
1507467600;27.0;21.0;0.7;SE;6.111111111111111;0.0;1014.67;0.0;Mostly Cloudy
1507471200;28.0;20.0;0.62;SE;6.666666666666666;0.0;1013.68;0.0;Partly Cloudy
1507474800;28.0;21.0;0.66;ESE;7.777777777777778;0.0;1013.68;0.0;Mostly Cloudy
1507478400;28.0;20.0;0.62;SE;6.111111111111111;0.0;1011.68;0.0;Partly Cloudy
1507482000;28.0;21.0;0.66;SSE;6.666666666666666;0.0;1011.68;0.0;Partly Cloudy
1507485600;27.0;21.0;0.7;SE;6.111111111111111;0.0;1010.68;0.0;Partly Cloudy
1507489200;26.0;20.0;0.69;SE;6.666666666666666;0.0;1010.68;0.0;Partly Cloudy
1507492800;26.0;20.0;0.69;SE;5.555555555555555;0.0;1011.68;0.0;Partly Cloudy
1507496400;26.0;20.0;0.69;SE;4.722222222222222;0.0;1011.68;0.0;Partly Cloudy
1507500000;25.0;21.0;0.78;SSE;5.555555555555555;0.0;1012.68;0.0;Partly Cloudy
1507503600;25.0;21.0;0.78;SE;5.277777777777778;0.0;1012.68;0.0;Showers in the Vicinity
1507507200;25.0;20.0;0.74;SE;5.277777777777778;0.0;1013.68;0.0;Partly Cloudy
1507510800;25.0;20.0;0.74;SE;4.722222222222222;0.0;1013.68;0.0;Partly Cloudy
1507514400;23.0;20.0;0.83;SSE;6.666666666666666;0.0;1013.68;0.0;Showers in the Vicinity
1507518000;24.0;21.0;0.83;SE;5.277777777777778;0.0;1012.68;0.0;Partly Cloudy
1507521600;25.0;21.0;0.78;SE;4.722222222222222;0.0;1011.68;0.0;Partly Cloudy
1507525200;24.0;20.0;0.78;SE;5.277777777777778;0.0;1011.68;0.0;Partly Cloudy
1507528800;24.0;20.0;0.78;SSE;6.111111111111111;0.0;1011.68;0.0;Partly Cloudy
1507532400;24.0;19.0;0.73;SSE;5.555555555555555;0.0;1011.68;0.0;Partly Cloudy
1507536000;24.0;20.0;0.78;SSE;5.555555555555555;0.0;1011.68;0.0;Mostly Cloudy
1507539600;24.0;21.0;0.83;SSE;5.277777777777778;0.0;1012.68;0.0;Partly Cloudy
1507543200;26.0;20.0;0.69;SE;6.666666666666666;0.0;1012.68;0.0;Partly Cloudy
1507546800;27.0;20.0;0.65;SSE;7.222222222222222;0.0;1013.68;0.0;Fair
1507550400;27.0;19.0;0.61;SSE;6.666666666666666;0.0;1013.68;0.0;Partly Cloudy
1507554000;27.0;20.0;0.65;SSE;7.222222222222222;0.0;1013.68;0.0;Partly Cloudy
1507557600;27.0;21.0;0.7;SSE;6.666666666666666;0.0;1013.68;0.0;Fair
1507561200;28.0;21.0;0.66;SSE;5.555555555555555;0.0;1012.68;0.0;Partly Cloudy
1507564800;28.0;20.0;0.62;SSE;7.222222222222222;0.0;1011.68;0.0;Partly Cloudy
1507568400;28.0;20.0;0.62;SE;6.666666666666666;0.0;1011.68;0.0;Fair
1507572000;28.0;21.0;0.66;SSE;7.222222222222222;0.0;1010.68;0.0;Fair
1507575600;26.0;20.0;0.69;SSE;6.666666666666666;0.0;1011.68;0.0;Fair
1507579200;25.0;19.0;0.69;SSE;5.555555555555555;0.0;1011.68;0.0;Fair
1507582800;25.0;20.0;0.74;SSE;6.666666666666666;0.0;1012.68;0.0;Partly Cloudy
1507586400;25.0;20.0;0.74;SSE;6.111111111111111;0.0;1012.68;0.0;Partly Cloudy
1507590000;25.0;20.0;0.74;SSE;5.555555555555555;0.0;1013.68;0.0;Fair
1507593600;25.0;21.0;0.78;SSE;5.277777777777778;0.0;1013.68;0.0;Partly Cloudy
1507597200;25.0;20.0;0.74;SSE;5.277777777777778;0.0;1013.68;0.0;Partly Cloudy
1507600800;25.0;20.0;0.74;S;4.166666666666667;0.0;1013.68;0.0;Mostly Cloudy
1507604400;24.0;22.0;0.89;SE;6.111111111111111;0.0;1012.68;0.0;Partly Cloudy
1507608000;24.0;20.0;0.78;SSE;5.277777777777778;0.0;1012.68;0.0;Partly Cloudy
1507611600;24.0;20.0;0.78;S;4.166666666666667;0.0;1011.68;0.0;Partly Cloudy
1507615200;24.0;20.0;0.78;SSW;3.611111111111111;0.0;1011.68;0.0;Mostly Cloudy
1507618800;23.0;21.0;0.88;S;5.277777777777778;0.0;1012.68;0.0;Mostly Cloudy
1507622400;23.0;20.0;0.83;SSW;2.5;0.0;1012.68;0.0;Showers in the Vicinity
1507626000;23.0;21.0;0.88;S;5.277777777777778;0.0;1012.68;0.0;Showers in the Vicinity
1507629600;25.0;21.0;0.78;SSE;6.111111111111111;0.0;1013.68;0.0;Partly Cloudy
1507633200;23.0;21.0;0.88;ESE;7.222222222222222;0.0;1014.67;0.0;Light Rain
1507636800;25.0;22.0;0.83;SSE;4.722222222222222;0.0;1013.68;0.0;Showers in the Vicinity
1507640400;27.0;21.0;0.7;SE;5.277777777777778;0.0;1013.68;0.0;Mostly Cloudy
1507644000;27.0;22.0;0.74;SSE;6.111111111111111;0.0;1013.68;0.0;Partly Cloudy
1507647600;25.0;22.0;0.83;S;5.277777777777778;0.0;1012.68;0.0;Light Rain
1507651200;27.0;23.0;0.79;SSE;5.555555555555555;0.0;1011.68;0.0;Partly Cloudy
1507654800;26.0;21.0;0.74;SSE;6.111111111111111;0.0;1011.68;0.0;Mostly Cloudy
1507658400;27.0;21.0;0.7;SSE;6.111111111111111;0.0;1011.68;0.0;Partly Cloudy
1507662000;25.0;21.0;0.78;SSE;6.666666666666666;0.0;1011.68;0.0;Partly Cloudy
1507665600;25.0;21.0;0.78;SE;5.277777777777778;0.0;1011.68;0.0;Partly Cloudy
1507669200;25.0;21.0;0.78;SE;4.166666666666667;0.0;1011.68;0.0;Mostly Cloudy
1507672800;25.0;20.0;0.74;SE;3.0555555555555554;0.0;1012.68;0.0;Partly Cloudy
1507676400;24.0;21.0;0.83;E;1.9444444444444444;0.0;1012.68;0.0;Mostly Cloudy
1507680000;24.0;21.0;0.83;E;2.5;0.0;1013.68;0.0;Partly Cloudy
1507683600;25.0;21.0;0.78;SE;3.611111111111111;0.0;1012.68;0.0;Mostly Cloudy
1507687200;25.0;21.0;0.78;SE;4.166666666666667;0.0;1022.66;0.0;Mostly Cloudy
1507690800;25.0;21.0;0.78;SE;4.166666666666667;0.0;1012.68;0.0;Partly Cloudy
1507694400;25.0;20.0;0.74;SE;4.722222222222222;0.0;1011.68;0.0;Partly Cloudy
1507698000;25.0;20.0;0.74;SE;5.277777777777778;0.0;1011.68;0.0;Partly Cloudy
1507701600;25.0;21.0;0.78;SE;4.722222222222222;0.0;1011.68;0.0;Partly Cloudy
1507705200;25.0;20.0;0.74;SE;3.611111111111111;0.0;1011.68;0.0;Partly Cloudy
1507708800;25.0;20.0;0.74;ESE;4.166666666666667;0.0;1011.68;0.0;Mostly Cloudy
1507712400;25.0;20.0;0.74;ESE;3.611111111111111;0.0;1012.68;0.0;Mostly Cloudy
1507716000;26.0;21.0;0.74;ESE;4.722222222222222;0.0;1012.68;0.0;Mostly Cloudy
1507719600;26.0;21.0;0.74;E;3.611111111111111;0.0;1013.68;0.0;Mostly Cloudy
1507723200;27.0;21.0;0.7;ESE;5.555555555555555;0.0;1013.68;0.0;Mostly Cloudy
1507726800;28.0;19.0;0.58;SSE;6.111111111111111;0.0;1013.68;0.0;Mostly Cloudy
1507730400;28.0;20.0;0.62;SE;6.111111111111111;0.0;1012.68;0.0;Mostly Cloudy
1507734000;27.0;21.0;0.7;ESE;5.277777777777778;0.0;1012.68;0.0;Mostly Cloudy
1507737600;27.0;21.0;0.7;ESE;5.277777777777778;0.0;1011.68;0.0;Mostly Cloudy
1507741200;27.0;21.0;0.7;ESE;5.277777777777778;0.0;1010.68;0.0;Mostly Cloudy
1507744800;27.0;21.0;0.7;SE;5.555555555555555;0.0;1010.68;0.0;Mostly Cloudy
1507748400;26.0;21.0;0.74;SE;5.555555555555555;0.0;1010.68;0.0;Partly Cloudy
1507752000;26.0;20.0;0.69;ESE;4.722222222222222;0.0;1011.68;0.0;Partly Cloudy
1507755600;26.0;20.0;0.69;ESE;4.166666666666667;0.0;1011.68;0.0;Fair
1507759200;26.0;20.0;0.69;ESE;4.166666666666667;0.0;1012.68;0.0;Partly Cloudy
1507762800;25.0;20.0;0.74;ESE;4.722222222222222;0.0;1012.68;0.0;Partly Cloudy
1507766400;25.0;20.0;0.74;ESE;3.611111111111111;0.0;1012.68;0.0;Partly Cloudy
1507770000;25.0;20.0;0.74;ESE;3.611111111111111;0.0;1013.68;0.0;Partly Cloudy
1507773600;25.0;20.0;0.74;E;2.5;0.0;1012.68;0.0;Partly Cloudy
1507777200;25.0;20.0;0.74;ESE;3.611111111111111;0.0;1012.68;0.0;Partly Cloudy
1507780800;25.0;20.0;0.74;ESE;2.5;0.0;1011.68;0.0;Partly Cloudy
1507784400;25.0;20.0;0.74;SE;3.611111111111111;0.0;1011.68;0.0;Partly Cloudy
1507788000;25.0;20.0;0.74;SE;3.611111111111111;0.0;1011.68;0.0;Partly Cloudy
1507791600;25.0;20.0;0.74;ESE;3.611111111111111;0.0;1011.68;0.0;Partly Cloudy
1507795200;25.0;21.0;0.78;SE;4.166666666666667;0.0;1012.68;0.0;Mostly Cloudy
1507798800;25.0;21.0;0.78;SE;4.722222222222222;0.0;1012.68;0.0;Partly Cloudy
1507802400;26.0;21.0;0.74;SSE;5.277777777777778;0.0;1013.68;0.0;Partly Cloudy
1507806000;27.0;21.0;0.7;SE;5.277777777777778;0.0;1013.68;0.0;Partly Cloudy
1507809600;27.0;20.0;0.65;SE;5.277777777777778;0.0;1013.68;0.0;Partly Cloudy
1507813200;28.0;21.0;0.66;SSE;6.111111111111111;0.0;1013.68;0.0;Partly Cloudy
1507816800;28.0;21.0;0.66;SSE;5.555555555555555;0.0;1013.68;0.0;Partly Cloudy
1507820400;28.0;21.0;0.66;SE;5.555555555555555;0.0;1012.68;0.0;Partly Cloudy
1507824000;28.0;21.0;0.66;SSE;6.666666666666666;0.0;1011.68;0.0;Partly Cloudy
1507827600;28.0;21.0;0.66;SSE;5.555555555555555;0.0;1010.68;0.0;Partly Cloudy
1507831200;27.0;22.0;0.74;SSE;6.666666666666666;0.0;1010.68;0.0;Mostly Cloudy
1507834800;26.0;21.0;0.74;SSE;5.555555555555555;0.0;1010.68;0.0;Mostly Cloudy
1507838400;26.0;21.0;0.74;SSE;5.277777777777778;0.0;1011.68;0.0;Mostly Cloudy
1507842000;26.0;21.0;0.74;SSE;5.277777777777778;0.0;1011.68;0.0;Partly Cloudy
1507845600;25.0;21.0;0.78;SE;4.722222222222222;0.0;1011.68;0.0;Partly Cloudy
1507849200;25.0;21.0;0.78;SE;4.166666666666667;0.0;1012.68;0.0;Partly Cloudy
1507852800;25.0;21.0;0.78;SE;4.166666666666667;0.0;1012.68;0.0;Partly Cloudy
1507856400;25.0;21.0;0.78;SE;4.166666666666667;0.0;1012.68;0.0;Partly Cloudy
1507860000;25.0;21.0;0.78;SE;4.166666666666667;0.0;1012.68;0.0;Fair
1507863600;25.0;21.0;0.78;SE;4.166666666666667;0.0;1011.68;0.0;Fair
1507867200;25.0;21.0;0.78;ESE;4.166666666666667;0.0;1011.68;0.0;Partly Cloudy
1507870800;25.0;21.0;0.78;ESE;4.166666666666667;0.0;1010.68;0.0;Partly Cloudy
1507874400;25.0;21.0;0.78;ESE;4.166666666666667;0.0;1010.68;0.0;Partly Cloudy
1507878000;25.0;21.0;0.78;ESE;2.5;0.0;1010.68;0.0;Partly Cloudy
1507881600;25.0;21.0;0.78;E;3.0555555555555554;0.0;1011.68;0.0;Mostly Cloudy
1507885200;26.0;21.0;0.74;ESE;4.166666666666667;0.0;1011.68;0.0;Mostly Cloudy
1507888800;26.0;21.0;0.74;SE;4.722222222222222;0.0;1012.68;0.0;Partly Cloudy
1507892400;28.0;22.0;0.7;ESE;4.722222222222222;0.0;1013.68;0.0;Mostly Cloudy
1507896000;27.0;21.0;0.7;ESE;4.722222222222222;0.0;1013.68;0.0;Partly Cloudy
1507899600;28.0;22.0;0.7;ESE;4.722222222222222;0.0;1013.68;0.0;Mostly Cloudy
1507903200;28.0;22.0;0.7;ESE;5.277777777777778;0.0;1012.68;0.0;Mostly Cloudy
1507906800;28.0;22.0;0.7;SE;5.555555555555555;0.0;1012.68;0.0;Mostly Cloudy
1507910400;28.0;22.0;0.7;SE;5.277777777777778;0.0;1011.68;0.0;Mostly Cloudy
1507914000;27.0;21.0;0.7;SE;5.277777777777778;0.0;1010.68;0.0;Partly Cloudy
1507917600;27.0;22.0;0.74;SSE;5.277777777777778;0.0;1010.68;0.0;Partly Cloudy
1507921200;27.0;22.0;0.74;SSE;6.111111111111111;0.0;1011.68;0.0;Mostly Cloudy
1507924800;26.0;21.0;0.74;SE;5.277777777777778;0.0;1011.68;0.0;Partly Cloudy
1507928400;26.0;22.0;0.78;SE;4.166666666666667;0.0;1012.68;0.0;Mostly Cloudy
1507932000;26.0;21.0;0.74;SE;4.722222222222222;0.0;1012.68;0.0;Partly Cloudy
1507935600;26.0;22.0;0.78;ESE;4.166666666666667;0.0;1012.68;0.0;Partly Cloudy
1507939200;26.0;22.0;0.78;SE;4.166666666666667;0.0;1013.68;0.0;Partly Cloudy
1507942800;26.0;21.0;0.74;SE;4.166666666666667;0.0;1013.68;0.0;Partly Cloudy
1507946400;26.0;22.0;0.78;ESE;4.166666666666667;0.0;1012.68;0.0;Mostly Cloudy
1507950000;26.0;21.0;0.74;ESE;4.166666666666667;0.0;1012.68;0.0;Mostly Cloudy
1507953600;25.0;21.0;0.78;ESE;3.0555555555555554;0.0;1011.68;0.0;Mostly Cloudy
1507957200;25.0;21.0;0.78;E;4.166666666666667;0.0;1010.68;0.0;Mostly Cloudy
1507960800;25.0;21.0;0.78;ESE;4.166666666666667;0.0;1010.68;0.0;Partly Cloudy
1507964400;25.0;21.0;0.78;ESE;3.611111111111111;0.0;1010.68;0.0;Partly Cloudy
1507968000;25.0;21.0;0.78;ESE;3.0555555555555554;0.0;1011.68;0.0;Partly Cloudy
1507971600;26.0;21.0;0.74;SE;4.722222222222222;0.0;1012.68;0.0;Partly Cloudy
1507975200;26.0;21.0;0.74;ESE;4.166666666666667;0.0;1012.68;0.0;Partly Cloudy
1507978800;27.0;21.0;0.7;SE;5.277777777777778;0.0;1013.68;0.0;Partly Cloudy
1507982400;27.0;21.0;0.7;ESE;5.277777777777778;0.0;1013.68;0.0;Mostly Cloudy
1507986000;28.0;21.0;0.66;ESE;5.277777777777778;0.0;1013.68;0.0;Partly Cloudy
1507989600;29.0;22.0;0.66;SE;4.722222222222222;0.0;1013.68;0.0;Partly Cloudy
1507993200;29.0;21.0;0.62;E;6.111111111111111;0.0;1012.68;0.0;Partly Cloudy
1507996800;29.0;22.0;0.66;SE;5.277777777777778;0.0;1011.68;0.0;Partly Cloudy
1508000400;28.0;21.0;0.66;ESE;5.277777777777778;0.0;1010.68;0.0;Partly Cloudy
1508004000;27.0;21.0;0.7;ESE;5.277777777777778;0.0;1010.68;0.0;Partly Cloudy
1508007600;27.0;21.0;0.7;SE;5.555555555555555;0.0;1010.68;0.0;Partly Cloudy
1508011200;26.0;21.0;0.74;SE;5.277777777777778;0.0;1011.68;0.0;Fair
1508014800;26.0;21.0;0.74;ESE;4.722222222222222;0.0;1011.68;0.0;Partly Cloudy
1508018400;26.0;21.0;0.74;ESE;4.166666666666667;0.0;1012.68;0.0;Partly Cloudy
1508022000;26.0;21.0;0.74;SE;4.166666666666667;0.0;1012.68;0.0;Partly Cloudy
1508025600;26.0;21.0;0.74;ESE;4.166666666666667;0.0;1013.68;0.0;Partly Cloudy
1508029200;26.0;21.0;0.74;E;3.611111111111111;0.0;1013.68;0.0;Partly Cloudy
1508032800;26.0;21.0;0.74;E;3.611111111111111;0.0;1012.68;0.0;Partly Cloudy
1508115600;25.0;21.0;0.78;E;3.0555555555555554;0.0;1011.68;0.0;Partly Cloudy
1508036400;25.0;21.0;0.78;ENE;3.0555555555555554;0.0;1011.68;0.0;Partly Cloudy
1508040000;25.0;20.0;0.74;ESE;2.5;0.0;1011.68;0.0;Partly Cloudy
1508043600;25.0;20.0;0.74;E;2.5;0.0;1011.68;0.0;Partly Cloudy
1508047200;25.0;20.0;0.74;E;1.9444444444444444;0.0;1011.68;0.0;Partly Cloudy
1508050800;25.0;21.0;0.78;E;2.5;0.0;1011.68;0.0;Partly Cloudy
1508054400;26.0;21.0;0.74;ENE;2.5;0.0;1012.68;0.0;Partly Cloudy
1508058000;27.0;21.0;0.7;E;2.5;0.0;1013.68;0.0;Partly Cloudy
1508061600;27.0;21.0;0.7;E;3.0555555555555554;0.0;1013.68;0.0;Mostly Cloudy
1508065200;27.0;21.0;0.7;E;3.0555555555555554;0.0;1013.68;0.0;Mostly Cloudy
1508068800;28.0;21.0;0.66;ESE;3.0555555555555554;0.0;1014.67;0.0;Mostly Cloudy
1508072400;28.0;22.0;0.7;E;4.166666666666667;0.0;1013.68;0.0;Mostly Cloudy
1508076000;28.0;22.0;0.7;E;3.611111111111111;0.0;1012.68;0.0;Mostly Cloudy
1508079600;28.0;21.0;0.66;E;3.0555555555555554;0.0;1011.68;0.0;Mostly Cloudy
1508083200;28.0;22.0;0.7;ESE;4.722222222222222;0.0;1011.68;0.0;Partly Cloudy
1508086800;28.0;21.0;0.66;ESE;4.166666666666667;0.0;1010.68;0.0;Partly Cloudy
1508090400;27.0;21.0;0.7;E;3.611111111111111;0.0;1011.68;0.0;Partly Cloudy
1508094000;27.0;21.0;0.7;E;3.0555555555555554;0.0;1011.68;0.0;Fair
1508097600;26.0;22.0;0.78;E;3.0555555555555554;0.0;1012.68;0.0;Fair
1508101200;26.0;22.0;0.78;ESE;3.611111111111111;0.0;1012.68;0.0;Partly Cloudy
1508104800;26.0;21.0;0.74;E;3.611111111111111;0.0;1013.68;0.0;Partly Cloudy
1508108400;26.0;21.0;0.74;ESE;3.611111111111111;0.0;1014.67;0.0;Partly Cloudy
1508112000;26.0;21.0;0.74;ESE;4.166666666666667;0.0;1014.67;0.0;Fair
1508115600;26.0;21.0;0.74;ESE;3.0555555555555554;0.0;1013.68;0.0;Partly Cloudy
1508119200;26.0;22.0;0.78;ESE;3.611111111111111;0.0;1013.68;0.0;Mostly Cloudy
1508122800;26.0;21.0;0.74;E;3.611111111111111;0.0;1012.68;0.0;Mostly Cloudy
1508126400;26.0;21.0;0.74;ESE;3.611111111111111;0.0;1012.68;0.0;Mostly Cloudy
1508130000;25.0;21.0;0.78;ESE;3.611111111111111;0.0;1012.68;0.0;Partly Cloudy
1508133600;25.0;22.0;0.83;E;1.9444444444444444;0.0;1012.68;0.0;Partly Cloudy
1508137200;25.0;21.0;0.78;E;3.0555555555555554;0.0;1013.68;0.0;Partly Cloudy
1508140800;26.0;21.0;0.74;E;2.5;0.0;1014.67;0.0;Partly Cloudy
1508144400;26.0;22.0;0.78;E;3.611111111111111;0.0;1014.67;0.0;Mostly Cloudy
1508148000;28.0;22.0;0.7;E;3.611111111111111;0.0;1015.67;0.0;Mostly Cloudy
1508149500;27.0;22.0;0.74;ESE;5.277777777777778;0.0;1015.67;0.0;Rain Shower
1508151600;25.0;22.0;0.83;SE;4.166666666666667;0.0;1015.67;0.0;Showers in the Vicinity
1508155200;27.0;20.0;0.65;ESE;5.277777777777778;0.0;1015.67;0.0;Mostly Cloudy
1508158800;26.0;22.0;0.78;ESE;4.722222222222222;0.0;1015.67;0.0;Mostly Cloudy
1508162400;27.0;21.0;0.7;ESE;5.555555555555555;0.0;1014.67;0.0;Mostly Cloudy
1508166000;27.0;22.0;0.74;SE;4.722222222222222;0.0;1013.68;0.0;Mostly Cloudy
1508169600;27.0;21.0;0.7;SE;5.555555555555555;0.0;1013.68;0.0;Mostly Cloudy
1508173200;27.0;21.0;0.7;SE;5.555555555555555;0.0;1012.68;0.0;Cloudy
1508176800;26.0;21.0;0.74;SSE;6.666666666666666;0.0;1012.68;0.0;Mostly Cloudy
1508180400;26.0;20.0;0.69;SE;4.722222222222222;0.0;1013.68;0.0;Mostly Cloudy
1508184000;26.0;20.0;0.69;SSE;5.277777777777778;0.0;1013.68;0.0;Mostly Cloudy
1508187600;26.0;20.0;0.69;SE;5.277777777777778;0.0;1014.67;0.0;Mostly Cloudy
1508191200;26.0;20.0;0.69;SE;4.722222222222222;0.0;1014.67;0.0;Mostly Cloudy
1508194800;26.0;21.0;0.74;SE;4.166666666666667;0.0;1015.67;0.0;Mostly Cloudy
1508198400;25.0;21.0;0.78;SE;5.277777777777778;0.0;1015.67;0.0;Partly Cloudy
1508202000;25.0;20.0;0.74;SE;5.277777777777778;0.0;1015.67;0.0;Partly Cloudy
1508205600;25.0;20.0;0.74;SE;4.166666666666667;0.0;1014.67;0.0;Mostly Cloudy
1508209200;25.0;20.0;0.74;SE;4.722222222222222;0.0;1013.68;0.0;Mostly Cloudy
1508212800;25.0;20.0;0.74;SE;3.611111111111111;0.0;1013.68;0.0;Mostly Cloudy
1508216400;25.0;21.0;0.78;SE;4.722222222222222;0.0;1013.68;0.0;Mostly Cloudy
1508220000;25.0;20.0;0.74;ESE;4.166666666666667;0.0;1013.68;0.0;Mostly Cloudy
1508223600;23.0;21.0;0.88;SW;1.6666666666666665;0.0;1014.67;0.0;Mostly Cloudy
1508227200;23.0;21.0;0.88;SW;1.9444444444444444;0.0;1014.67;0.0;Mostly Cloudy
1508230800;26.0;20.0;0.69;SE;4.722222222222222;0.0;1015.67;0.0;Mostly Cloudy
1508234400;27.0;21.0;0.7;SSE;4.166666666666667;0.0;1016.67;0.0;Partly Cloudy
1508238000;28.0;21.0;0.66;SE;3.611111111111111;0.0;1016.67;0.0;Fair
1508241600;27.0;21.0;0.7;ESE;4.722222222222222;0.0;1016.67;0.0;Partly Cloudy
1508245200;28.0;21.0;0.66;SE;4.166666666666667;0.0;1015.67;0.0;Partly Cloudy
1508248800;28.0;21.0;0.66;ESE;4.722222222222222;0.0;1015.67;0.0;Fair
1508252400;28.0;21.0;0.66;SE;5.277777777777778;0.0;1014.67;0.0;Partly Cloudy
1508256000;27.0;21.0;0.7;SSE;5.555555555555555;0.0;1013.68;0.0;Partly Cloudy
1508259600;27.0;21.0;0.7;SSE;5.277777777777778;0.0;1013.68;0.0;Mostly Cloudy
1508263200;27.0;21.0;0.7;SE;5.277777777777778;0.0;1013.68;0.0;Partly Cloudy
1508266800;26.0;21.0;0.74;SE;4.166666666666667;0.0;1013.68;0.0;Partly Cloudy
1508270400;26.0;21.0;0.74;SE;4.722222222222222;0.0;1014.67;0.0;Partly Cloudy
1508274000;26.0;21.0;0.74;ESE;5.277777777777778;0.0;1015.67;0.0;Partly Cloudy
1508277600;26.0;21.0;0.74;SE;5.277777777777778;0.0;1015.67;0.0;Partly Cloudy
1508281200;26.0;21.0;0.74;SE;4.722222222222222;0.0;1016.67;0.0;Mostly Cloudy
1508284800;26.0;22.0;0.78;ESE;4.166666666666667;0.0;1015.67;0.0;Mostly Cloudy
1508288400;25.0;21.0;0.78;SE;4.166666666666667;0.0;1015.67;0.0;Mostly Cloudy
1508292000;26.0;21.0;0.74;ESE;3.611111111111111;0.0;1014.67;0.0;Mostly Cloudy
1508295600;26.0;21.0;0.74;SE;3.0555555555555554;0.0;1013.68;0.0;Mostly Cloudy
1508299200;26.0;21.0;0.74;ESE;3.0555555555555554;0.0;1013.68;0.0;Cloudy
1508302800;23.0;22.0;0.94;E;4.166666666666667;0.0;1013.68;0.0;Cloudy
1508306400;24.0;22.0;0.89;E;2.5;0.0;1013.68;0.0;Cloudy
1508310000;23.0;21.0;0.88;SE;5.277777777777778;0.0;1014.67;0.0;Showers in the Vicinity
1508313600;23.0;21.0;0.88;E;1.9444444444444444;0.0;0.0;0.0;Showers in the Vicinity
1508317200;25.0;22.0;0.83;ESE;1.9444444444444444;0.0;1014.67;0.0;Mostly Cloudy
1508320800;27.0;22.0;0.74;ESE;5.277777777777778;0.0;1015.67;0.0;Mostly Cloudy
1508324400;27.0;22.0;0.74;E;5.277777777777778;0.0;1015.67;0.0;Mostly Cloudy
1508328000;28.0;22.0;0.7;E;5.277777777777778;0.0;1015.67;0.0;Partly Cloudy
1508331600;28.0;21.0;0.66;ESE;6.111111111111111;0.0;1015.67;0.0;Partly Cloudy
1508335200;28.0;21.0;0.66;ESE;6.111111111111111;0.0;1014.67;0.0;Partly Cloudy
1508338800;27.0;21.0;0.7;ESE;5.555555555555555;0.0;1014.67;0.0;Partly Cloudy
1508342400;28.0;22.0;0.7;E;5.277777777777778;0.0;1013.68;0.0;Partly Cloudy
1508346000;28.0;21.0;0.66;ESE;5.277777777777778;0.0;1013.68;0.0;Partly Cloudy
1508349600;27.0;21.0;0.7;ESE;4.166666666666667;0.0;1013.68;0.0;Showers in the Vicinity
1508353200;26.0;21.0;0.74;SE;5.277777777777778;0.0;1013.68;0.0;Partly Cloudy
1508356800;26.0;21.0;0.74;SE;4.722222222222222;0.0;1014.67;0.0;Mostly Cloudy
1508360400;26.0;21.0;0.74;ESE;4.722222222222222;0.0;1014.67;0.0;Mostly Cloudy
1508364000;26.0;21.0;0.74;SE;5.277777777777778;0.0;1014.67;0.0;Partly Cloudy
1508367600;26.0;21.0;0.74;SE;4.166666666666667;0.0;1015.67;0.0;Partly Cloudy
1508371200;26.0;21.0;0.74;ESE;6.111111111111111;0.0;1015.67;0.0;Partly Cloudy
1508374800;26.0;21.0;0.74;SE;4.166666666666667;0.0;1015.67;0.0;Partly Cloudy
1508378400;25.0;21.0;0.78;SE;4.722222222222222;0.0;1014.67;0.0;Partly Cloudy
1508382000;25.0;21.0;0.78;SE;5.277777777777778;0.0;1013.68;0.0;Partly Cloudy
1508385600;25.0;21.0;0.78;ESE;4.722222222222222;0.0;1013.68;0.0;Partly Cloudy
1508389200;25.0;21.0;0.78;ESE;4.722222222222222;0.0;1012.68;0.0;Partly Cloudy
1508392800;25.0;21.0;0.78;ESE;4.166666666666667;0.0;1013.68;0.0;Partly Cloudy
1508396400;25.0;20.0;0.74;ESE;5.277777777777778;0.0;1014.67;0.0;Partly Cloudy
1508400000;26.0;21.0;0.74;ESE;5.277777777777778;0.0;1014.67;0.0;Fair
1508403600;27.0;21.0;0.7;ESE;5.277777777777778;0.0;1014.67;0.0;Partly Cloudy
1508407200;28.0;21.0;0.66;ESE;6.666666666666666;0.0;1015.67;0.0;Mostly Cloudy
1508410800;28.0;21.0;0.66;ESE;5.277777777777778;0.0;1015.67;0.0;Mostly Cloudy
1508414400;29.0;21.0;0.62;SE;6.111111111111111;0.0;1015.67;0.0;Partly Cloudy
1508418000;29.0;21.0;0.62;SE;5.555555555555555;0.0;1015.67;0.0;Partly Cloudy
1508421600;29.0;21.0;0.62;SE;6.111111111111111;0.0;1014.67;0.0;Mostly Cloudy
1508425200;28.0;21.0;0.66;SE;6.666666666666666;0.0;1013.68;0.0;Partly Cloudy
1508428800;27.0;21.0;0.7;SSE;5.277777777777778;0.0;1012.68;0.0;Showers in the Vicinity
1508432400;28.0;22.0;0.7;SSE;6.111111111111111;0.0;1012.68;0.0;Partly Cloudy
1508436000;27.0;21.0;0.7;SSE;7.222222222222222;0.0;1012.68;0.0;Partly Cloudy
1508439600;26.0;21.0;0.74;SSE;6.666666666666666;0.0;1013.68;0.0;Partly Cloudy
1508443200;26.0;21.0;0.74;SSE;6.111111111111111;0.0;1013.68;0.0;Partly Cloudy
1508446800;26.0;21.0;0.74;SSE;6.666666666666666;0.0;1013.68;0.0;Partly Cloudy
1508450400;26.0;21.0;0.74;SSE;7.222222222222222;0.0;1014.67;0.0;Partly Cloudy
1508454000;26.0;22.0;0.78;S;4.722222222222222;0.0;1014.67;0.0;Partly Cloudy
1508457600;25.0;22.0;0.83;SSE;6.666666666666666;0.0;1014.67;0.0;Light Rain
1508461200;25.0;22.0;0.83;SSE;5.277777777777778;0.0;1014.67;0.0;Mostly Cloudy
1508464800;25.0;22.0;0.83;SE;6.111111111111111;0.0;1013.68;0.0;Light Rain
1508468400;24.0;23.0;0.94;SSE;3.611111111111111;0.0;1013.68;0.0;Showers in the Vicinity
1508469780;24.0;23.0;0.94;SE;5.277777777777778;0.0;1012.68;0.0;Light Rain
1508472000;24.0;23.0;0.94;SE;3.611111111111111;0.0;1012.68;0.0;Mostly Cloudy
1508475600;25.0;23.0;0.89;SSE;4.166666666666667;0.0;1012.68;0.0;Showers in the Vicinity
1508479200;24.0;23.0;0.94;SE;4.166666666666667;0.0;1012.68;0.0;Mostly Cloudy
1508482800;25.0;23.0;0.89;SE;5.277777777777778;0.0;1012.68;0.0;Showers in the Vicinity
1508486400;26.0;22.0;0.78;SE;6.111111111111111;0.0;1013.68;0.0;Showers in the Vicinity
1508490000;26.0;22.0;0.78;SE;5.277777777777778;0.0;1013.68;0.0;Partly Cloudy
1508493600;26.0;22.0;0.78;SE;5.555555555555555;0.0;1014.67;0.0;Mostly Cloudy
1508497200;27.0;23.0;0.79;SE;6.666666666666666;0.0;1014.67;0.0;Showers in the Vicinity
1508500800;28.0;23.0;0.74;SE;5.277777777777778;0.0;1014.67;0.0;Mostly Cloudy
1508504400;28.0;23.0;0.74;SE;7.222222222222222;0.0;1014.67;0.0;Showers in the Vicinity
1508508000;27.0;23.0;0.79;SE;6.111111111111111;0.0;1013.68;0.0;Showers in the Vicinity
1508511600;29.0;23.0;0.7;SE;4.722222222222222;0.0;1012.68;0.0;Partly Cloudy
1508515200;28.0;22.0;0.7;SE;6.111111111111111;0.0;1012.68;0.0;Mostly Cloudy
1508518800;27.0;22.0;0.74;ESE;5.277777777777778;0.0;1012.68;0.0;Mostly Cloudy
1508522400;27.0;23.0;0.79;SE;5.277777777777778;0.0;1012.68;0.0;Mostly Cloudy
1508526000;27.0;22.0;0.74;SE;5.277777777777778;0.0;1012.68;0.0;Showers in the Vicinity
1508529600;26.0;22.0;0.78;SE;4.722222222222222;0.0;1012.68;0.0;Mostly Cloudy
1508533200;26.0;22.0;0.78;ESE;5.555555555555555;0.0;1013.68;0.0;Mostly Cloudy
1508536800;26.0;21.0;0.74;ESE;5.555555555555555;0.0;1014.67;0.0;Mostly Cloudy
1508540400;26.0;22.0;0.78;ESE;5.555555555555555;0.0;1014.67;0.0;Mostly Cloudy
1508544000;27.0;22.0;0.74;ESE;6.111111111111111;0.0;1014.67;0.0;Partly Cloudy
1508547600;26.0;21.0;0.74;ESE;4.722222222222222;0.0;1014.67;0.0;Partly Cloudy
1508551200;26.0;20.0;0.69;ESE;5.277777777777778;0.0;1013.68;0.0;Fair
1508554800;25.0;21.0;0.78;SE;3.611111111111111;0.0;1012.68;0.0;Fair
1508558400;25.0;21.0;0.78;SE;5.277777777777778;0.0;1012.68;0.0;Partly Cloudy
1508562000;25.0;22.0;0.83;SE;4.722222222222222;0.0;1012.68;0.0;Mostly Cloudy
1508565600;25.0;22.0;0.83;SE;4.722222222222222;0.0;1012.68;0.0;Mostly Cloudy
1508569200;26.0;22.0;0.78;SE;5.277777777777778;0.0;1012.68;0.0;Mostly Cloudy
1508572800;26.0;22.0;0.78;SE;5.555555555555555;0.0;1013.68;0.0;Mostly Cloudy
1508576400;27.0;22.0;0.74;SE;6.111111111111111;0.0;1013.68;0.0;Mostly Cloudy
1508580000;27.0;22.0;0.74;SE;6.111111111111111;0.0;1014.67;0.0;Mostly Cloudy
1508583600;28.0;22.0;0.7;SE;6.111111111111111;0.0;1015.67;0.0;Mostly Cloudy
1508587200;28.0;23.0;0.74;SE;6.111111111111111;0.0;1015.67;0.0;Mostly Cloudy
1508590800;28.0;22.0;0.7;ESE;5.277777777777778;0.0;1014.67;0.0;Mostly Cloudy
1508594400;29.0;23.0;0.7;SE;6.111111111111111;0.0;1014.67;0.0;Mostly Cloudy
1508598000;29.0;23.0;0.7;SE;7.222222222222222;0.0;1013.68;0.0;Mostly Cloudy
1508601600;28.0;22.0;0.7;SSE;7.777777777777778;0.0;1013.68;0.0;Mostly Cloudy
1508605200;28.0;22.0;0.7;SE;7.777777777777778;0.0;1013.68;0.0;Mostly Cloudy
1508608800;27.0;21.0;0.7;SE;7.222222222222222;0.0;1013.68;0.0;Mostly Cloudy
1508612400;27.0;22.0;0.74;SSE;7.222222222222222;0.0;1013.68;0.0;Mostly Cloudy
1508616000;26.0;21.0;0.74;SSE;6.666666666666666;0.0;1014.67;0.0;Mostly Cloudy
1508619600;25.0;22.0;0.83;SSE;5.555555555555555;0.0;1014.67;0.0;Showers in the Vicinity
1508623200;24.0;22.0;0.89;SE;7.777777777777778;0.0;1015.67;0.0;Light Rain
1508625600;25.0;23.0;0.89;SE;5.555555555555555;0.0;1015.67;0.0;Light Rain
1508626800;25.0;23.0;0.89;SE;6.666666666666666;0.0;1015.67;0.0;Light Rain
1508630400;26.0;23.0;0.83;SE;4.722222222222222;0.0;1015.67;0.0;Mostly Cloudy
1508634000;25.0;22.0;0.83;SE;5.277777777777778;0.0;1014.67;0.0;Mostly Cloudy
1508637600;25.0;22.0;0.83;SE;4.722222222222222;0.0;1013.68;0.0;Mostly Cloudy
1508641200;25.0;22.0;0.83;SE;5.277777777777778;0.0;1013.68;0.0;Mostly Cloudy
1508644800;25.0;21.0;0.78;SE;3.0555555555555554;0.0;1012.68;0.0;Mostly Cloudy
1508648400;25.0;21.0;0.78;SE;5.277777777777778;0.0;1012.68;0.0;Mostly Cloudy
1508652000;25.0;21.0;0.78;SE;5.277777777777778;0.0;1012.68;0.0;Mostly Cloudy
1508655600;25.0;21.0;0.78;SE;5.555555555555555;0.0;1012.68;0.0;Mostly Cloudy
1508659200;26.0;21.0;0.74;SE;5.555555555555555;0.0;1012.68;0.0;Partly Cloudy
1508662800;27.0;21.0;0.7;ESE;6.111111111111111;0.0;1013.68;0.0;Partly Cloudy
1508666400;27.0;20.0;0.65;ESE;6.111111111111111;0.0;1014.67;0.0;Partly Cloudy
1508670000;28.0;20.0;0.62;SE;5.555555555555555;0.0;1014.67;0.0;Mostly Cloudy
1508673600;28.0;21.0;0.66;ESE;5.555555555555555;0.0;1014.67;0.0;Fair
1508677200;28.0;20.0;0.62;SSE;7.222222222222222;0.0;1014.67;0.0;Fair
1508680800;28.0;20.0;0.62;SE;5.555555555555555;0.0;1013.68;0.0;Fair
1508684400;28.0;20.0;0.62;SSE;6.666666666666666;0.0;1012.68;0.0;Fair
1508688000;28.0;21.0;0.66;SSE;7.777777777777778;0.0;1012.68;0.0;Partly Cloudy
1508691600;27.0;21.0;0.7;SE;5.555555555555555;0.0;1011.68;0.0;Partly Cloudy
1508695200;26.0;20.0;0.69;SE;6.666666666666666;0.0;1012.68;0.0;Partly Cloudy
1508698800;26.0;19.0;0.65;SE;5.277777777777778;0.0;1012.68;0.0;Partly Cloudy
1508702400;26.0;19.0;0.65;SE;4.722222222222222;0.0;1012.68;0.0;Partly Cloudy
1508706000;26.0;19.0;0.65;SE;5.277777777777778;0.0;1012.68;0.0;Partly Cloudy
1508709600;26.0;19.0;0.65;SE;4.166666666666667;0.0;1013.68;0.0;Partly Cloudy
1508713200;26.0;20.0;0.69;SE;6.111111111111111;0.0;1013.68;0.0;Partly Cloudy
1508716800;26.0;21.0;0.74;SE;5.555555555555555;0.0;1013.68;0.0;Cloudy
1508720400;26.0;20.0;0.69;SE;4.166666666666667;0.0;1012.68;0.0;Mostly Cloudy
1508724000;25.0;21.0;0.78;SE;5.277777777777778;0.0;1011.68;0.0;Mostly Cloudy
1508727600;25.0;21.0;0.78;ESE;4.166666666666667;0.0;1011.68;0.0;Mostly Cloudy
1508731200;25.0;21.0;0.78;SE;2.5;0.0;1010.68;0.0;Mostly Cloudy
1508734800;25.0;21.0;0.78;SE;3.611111111111111;0.0;1010.68;0.0;Cloudy
1508738400;25.0;21.0;0.78;ESE;1.9444444444444444;0.0;1011.68;0.0;Mostly Cloudy
1508742000;25.0;21.0;0.78;SE;4.166666666666667;0.0;1011.68;0.0;Cloudy
1508745600;23.0;21.0;0.88;SW;1.9444444444444444;0.0;1012.68;0.0;Light Rain
1508749200;24.0;22.0;0.89;ENE;1.9444444444444444;0.0;0.0;0.0;Showers in the Vicinity
1508752800;23.0;22.0;0.94;ESE;3.611111111111111;0.0;1013.68;0.0;Light Rain
1508756400;24.0;22.0;0.89;ESE;3.0555555555555554;0.0;1013.68;0.0;Light Rain
1508760000;24.0;22.0;0.89;SSE;5.555555555555555;0.0;1013.68;0.0;Light Rain
1508760900;25.0;22.0;0.83;S;4.722222222222222;0.0;1013.68;0.0;Mostly Cloudy
1508763600;26.0;22.0;0.78;SSE;3.611111111111111;0.0;1013.68;0.0;Mostly Cloudy
1508767200;26.0;22.0;0.78;SSE;5.277777777777778;0.0;1012.68;0.0;Mostly Cloudy
1508770800;27.0;22.0;0.74;SSE;5.277777777777778;0.0;1011.68;0.0;Showers in the Vicinity
1508774400;25.0;23.0;0.89;SE;6.111111111111111;0.0;1011.68;0.0;Light Drizzle
1508778000;26.0;22.0;0.78;SSE;5.277777777777778;0.0;1010.68;0.0;Showers in the Vicinity
1508781600;26.0;22.0;0.78;SSE;4.166666666666667;0.0;1010.68;0.0;Showers in the Vicinity
1508785200;25.0;22.0;0.83;SSE;4.722222222222222;0.0;1010.68;0.0;Partly Cloudy
1508788800;25.0;22.0;0.83;S;2.5;0.0;1011.68;0.0;Showers in the Vicinity
1508792400;25.0;23.0;0.89;SSW;2.5;0.0;1011.68;0.0;Showers in the Vicinity
1508796000;25.0;23.0;0.89;SE;4.722222222222222;0.0;1012.68;0.0;Mostly Cloudy
1508799600;25.0;22.0;0.83;SE;4.722222222222222;0.0;1012.68;0.0;Mostly Cloudy
1508803200;26.0;23.0;0.83;SE;4.722222222222222;0.0;1012.68;0.0;Mostly Cloudy
1508806800;25.0;22.0;0.83;SE;4.722222222222222;0.0;1012.68;0.0;Mostly Cloudy
1508810400;25.0;22.0;0.83;ESE;5.555555555555555;0.0;1012.68;0.0;Mostly Cloudy
1508814000;24.0;22.0;0.89;SSE;5.277777777777778;0.0;1011.68;0.0;Mostly Cloudy
1508817600;25.0;21.0;0.78;SE;3.611111111111111;0.0;1011.68;0.0;Mostly Cloudy
1508821200;25.0;22.0;0.83;SE;4.722222222222222;0.0;1011.68;0.0;Mostly Cloudy
1508822100;24.0;22.0;0.89;ESE;6.111111111111111;0.0;1011.68;0.0;Rain
1508823600;24.0;23.0;0.94;E;3.611111111111111;0.0;1011.68;0.0;Light Rain
1508824800;24.0;22.0;0.89;E;3.0555555555555554;0.0;1011.68;0.0;Mostly Cloudy
1508828400;25.0;22.0;0.83;ESE;5.555555555555555;0.0;1011.68;0.0;Light Rain
1508832000;25.0;22.0;0.83;SE;5.277777777777778;0.0;0.0;0.0;Mostly Cloudy
1508835600;26.0;23.0;0.83;SE;4.722222222222222;0.0;1012.68;0.0;Mostly Cloudy
1508836500;25.0;23.0;0.89;SE;7.777777777777778;0.0;1013.68;0.0;Light Rain
1508839200;25.0;22.0;0.83;SE;5.277777777777778;0.0;1013.68;0.0;Showers in the Vicinity
1508840880;25.0;23.0;0.89;E;5.277777777777778;0.0;1013.68;0.0;Light Rain
1508842800;26.0;23.0;0.83;ESE;4.722222222222222;0.0;1013.68;0.0;Showers in the Vicinity
1508846400;27.0;23.0;0.79;ESE;5.277777777777778;0.0;1013.68;0.0;Mostly Cloudy
1508850000;28.0;23.0;0.74;ESE;6.111111111111111;0.0;1013.68;0.0;Partly Cloudy
1508853600;29.0;22.0;0.66;ESE;6.111111111111111;0.0;1012.68;0.0;Partly Cloudy
1508857200;29.0;22.0;0.66;SE;7.777777777777778;0.0;1011.68;0.0;Mostly Cloudy
1508860800;28.0;22.0;0.7;SE;7.777777777777778;0.0;1011.68;0.0;Partly Cloudy
1508864400;27.0;22.0;0.74;SSE;7.222222222222222;0.0;1010.68;0.0;Partly Cloudy
1508868000;27.0;22.0;0.74;SE;7.222222222222222;0.0;1010.68;0.0;Partly Cloudy
1508871600;25.0;22.0;0.83;SSE;7.222222222222222;0.0;1011.68;0.0;Showers in the Vicinity
1508875200;26.0;21.0;0.74;SSE;7.222222222222222;0.0;1011.68;0.0;Partly Cloudy
1508878800;26.0;22.0;0.78;SE;6.666666666666666;0.0;1012.68;0.0;Mostly Cloudy
1508882400;26.0;22.0;0.78;SSE;6.111111111111111;0.0;1012.68;0.0;Mostly Cloudy
1508886000;26.0;21.0;0.74;SE;6.111111111111111;0.0;1013.68;0.0;Mostly Cloudy
1508889600;25.0;22.0;0.83;SSE;6.111111111111111;0.0;1013.68;0.0;Partly Cloudy
1508893200;26.0;21.0;0.74;SSE;6.666666666666666;0.0;1013.68;0.0;Mostly Cloudy
1508896800;25.0;21.0;0.78;E;5.277777777777778;0.0;1012.68;0.0;Mostly Cloudy
1508900400;25.0;21.0;0.78;SE;5.277777777777778;0.0;1012.68;0.0;Partly Cloudy
1508904000;25.0;21.0;0.78;SE;6.111111111111111;0.0;1011.68;0.0;Partly Cloudy
1508907600;25.0;21.0;0.78;SE;6.111111111111111;0.0;1011.68;0.0;Partly Cloudy
1508911200;25.0;21.0;0.78;SE;5.277777777777778;0.0;1011.68;0.0;Fair
1508914800;25.0;21.0;0.78;SE;6.111111111111111;0.0;1012.68;0.0;Fair
1508918400;26.0;21.0;0.74;SE;5.277777777777778;0.0;1012.68;0.0;Partly Cloudy
1508922000;26.0;22.0;0.78;SE;6.111111111111111;0.0;1013.68;0.0;Mostly Cloudy
1508925600;27.0;22.0;0.74;SSE;8.333333333333334;0.0;1013.68;0.0;Mostly Cloudy
1508929200;27.0;21.0;0.7;SE;7.222222222222222;0.0;1013.68;0.0;Partly Cloudy
1508932800;28.0;22.0;0.7;SSE;7.777777777777778;0.0;1013.68;0.0;Partly Cloudy
1508936400;29.0;22.0;0.66;SSE;8.333333333333334;0.0;1012.68;0.0;Partly Cloudy
1508940000;29.0;23.0;0.7;SSE;7.777777777777778;0.0;1012.68;0.0;Fair
1508943600;28.0;22.0;0.7;SSE;8.333333333333334;0.0;1011.68;0.0;Fair
1508947200;28.0;22.0;0.7;SSE;7.777777777777778;0.0;1010.68;0.0;Fair
1508950800;28.0;22.0;0.7;SSE;8.61111111111111;0.0;1010.68;0.0;Partly Cloudy
1508954400;27.0;21.0;0.7;SSE;8.333333333333334;0.0;1010.68;0.0;Partly Cloudy
1508958000;26.0;21.0;0.74;SSE;7.222222222222222;0.0;1010.68;0.0;Partly Cloudy
1508961600;26.0;21.0;0.74;SSE;7.222222222222222;0.0;1011.68;0.0;Mostly Cloudy
1508965200;26.0;21.0;0.74;SSE;7.222222222222222;0.0;1011.68;0.0;Partly Cloudy
1508968800;25.0;22.0;0.83;SE;4.166666666666667;0.0;1012.68;0.0;Showers in the Vicinity
1508972400;25.0;22.0;0.83;SSE;6.111111111111111;0.0;1012.68;0.0;Mostly Cloudy
1508976000;25.0;22.0;0.83;SSE;5.277777777777778;0.0;1012.68;0.0;Mostly Cloudy
1508979600;25.0;22.0;0.83;SE;5.555555555555555;0.0;1012.68;0.0;Partly Cloudy
1509069600;25.0;22.0;0.83;SE;1.9444444444444444;0.0;1011.68;0.0;Mostly Cloudy
1509073200;26.0;22.0;0.78;ESE;3.611111111111111;0.0;1010.68;0.0;Mostly Cloudy
1509076800;26.0;22.0;0.78;ESE;3.611111111111111;0.0;1010.68;0.0;Mostly Cloudy
1509080400;26.0;22.0;0.78;ESE;3.611111111111111;0.0;1010.68;0.0;Mostly Cloudy
1509084000;26.0;21.0;0.74;ESE;4.166666666666667;0.0;1010.68;0.0;Partly Cloudy
1509087600;25.0;22.0;0.83;SE;4.166666666666667;0.0;1011.68;0.0;Partly Cloudy
1509091200;26.0;22.0;0.78;ESE;4.722222222222222;0.0;1012.68;0.0;Partly Cloudy
1509094800;26.0;22.0;0.78;ESE;3.611111111111111;0.0;1012.68;0.0;Mostly Cloudy
1509098400;27.0;22.0;0.74;ESE;4.722222222222222;0.0;1013.68;0.0;Mostly Cloudy
1509102000;28.0;23.0;0.74;SE;6.111111111111111;0.0;1013.68;0.0;Mostly Cloudy
1509105600;28.0;23.0;0.74;SE;5.555555555555555;0.0;1013.68;0.0;Partly Cloudy
1509109200;29.0;22.0;0.66;ESE;4.722222222222222;0.0;1013.68;0.0;Mostly Cloudy
1509112800;29.0;22.0;0.66;ESE;5.277777777777778;0.0;1011.68;0.0;Partly Cloudy
1509116400;28.0;22.0;0.7;SE;6.111111111111111;0.0;1011.68;0.0;Partly Cloudy
1509120000;28.0;22.0;0.7;ESE;5.555555555555555;0.0;1010.68;0.0;Mostly Cloudy
1509123600;27.0;22.0;0.74;ESE;5.555555555555555;0.0;1010.68;0.0;Mostly Cloudy
1509127200;27.0;22.0;0.74;ESE;4.722222222222222;0.0;1010.68;0.0;Mostly Cloudy
1509130800;27.0;22.0;0.74;ESE;4.722222222222222;0.0;1011.68;0.0;Mostly Cloudy
1509134400;27.0;21.0;0.7;SE;4.722222222222222;0.0;1011.68;0.0;Mostly Cloudy
1509138000;27.0;22.0;0.74;ESE;4.166666666666667;0.0;1011.68;0.0;Mostly Cloudy
1509141600;26.0;22.0;0.78;SE;4.722222222222222;0.0;1012.68;0.0;Mostly Cloudy
1509145200;26.0;22.0;0.78;ESE;4.166666666666667;0.0;1012.68;0.0;Mostly Cloudy
1509148800;26.0;22.0;0.78;ESE;5.277777777777778;0.0;1012.68;0.0;Mostly Cloudy
1509152400;25.0;22.0;0.83;E;4.166666666666667;0.0;1011.68;0.0;Showers in the Vicinity
1509242400;26.0;22.0;0.78;ESE;4.722222222222222;0.0;1011.68;0.0;Mostly Cloudy
1509246000;26.0;22.0;0.78;ESE;4.166666666666667;0.0;1010.68;0.0;Mostly Cloudy
1509249600;26.0;22.0;0.78;ESE;5.277777777777778;0.0;1010.68;0.0;Mostly Cloudy
1509253200;26.0;22.0;0.78;ESE;4.166666666666667;0.0;1010.68;0.0;Mostly Cloudy
1509256800;26.0;21.0;0.74;ESE;4.722222222222222;0.0;1010.68;0.0;Mostly Cloudy
1509260400;25.0;21.0;0.78;ESE;3.611111111111111;0.0;1011.68;0.0;Mostly Cloudy
1509264000;26.0;21.0;0.74;E;3.611111111111111;0.0;1011.68;0.0;Partly Cloudy
1509267600;27.0;21.0;0.7;E;3.611111111111111;0.0;1012.68;0.0;Partly Cloudy
1509271200;28.0;22.0;0.7;E;3.0555555555555554;0.0;1012.68;0.0;Partly Cloudy
1509274800;28.0;22.0;0.7;ESE;4.722222222222222;0.0;1012.68;0.0;Partly Cloudy
1509278400;29.0;22.0;0.66;E;4.166666666666667;0.0;1011.68;0.0;Fair
1509282000;29.0;21.0;0.62;ESE;4.722222222222222;0.0;1011.68;0.0;Fair
1509285600;30.0;22.0;0.62;SE;5.277777777777778;0.0;1010.68;0.0;Fair
1509289200;29.0;22.0;0.66;SE;4.722222222222222;0.0;1009.68;0.0;Partly Cloudy
1509292800;29.0;22.0;0.66;SE;6.111111111111111;0.0;1008.68;0.0;Mostly Cloudy
1509296400;28.0;21.0;0.66;SE;5.277777777777778;0.0;1008.68;0.0;Partly Cloudy
1509300000;27.0;21.0;0.7;ESE;4.722222222222222;0.0;1008.68;0.0;Partly Cloudy
1509303600;26.0;21.0;0.74;SE;3.611111111111111;0.0;1008.68;0.0;Partly Cloudy
1509307200;26.0;22.0;0.78;SE;3.611111111111111;0.0;1009.68;0.0;Partly Cloudy
1509310800;26.0;21.0;0.74;ESE;4.166666666666667;0.0;1009.68;0.0;Partly Cloudy
1509314400;26.0;21.0;0.74;ESE;4.166666666666667;0.0;1010.68;0.0;Partly Cloudy
1509318000;26.0;21.0;0.74;ESE;4.722222222222222;0.0;1010.68;0.0;Partly Cloudy
1509321600;26.0;21.0;0.74;SE;4.722222222222222;0.0;1010.68;0.0;Mostly Cloudy
1509325200;26.0;21.0;0.74;ESE;3.611111111111111;0.0;1010.68;0.0;Mostly Cloudy
1509328800;26.0;21.0;0.74;ESE;4.166666666666667;0.0;1009.68;0.0;Mostly Cloudy
1509332400;26.0;21.0;0.74;E;4.166666666666667;0.0;1009.68;0.0;Partly Cloudy
1509336000;25.0;21.0;0.78;ESE;3.0555555555555554;0.0;1008.68;0.0;Partly Cloudy
1509339600;25.0;21.0;0.78;E;3.0555555555555554;0.0;1008.68;0.0;Showers in the Vicinity
1509343200;25.0;21.0;0.78;E;3.0555555555555554;0.0;1009.68;0.0;Mostly Cloudy
1509346800;25.0;21.0;0.78;E;3.0555555555555554;0.0;1009.68;0.0;Partly Cloudy
1509350400;26.0;21.0;0.74;E;3.0555555555555554;0.0;1009.68;0.0;Partly Cloudy
1509354000;27.0;21.0;0.7;E;3.611111111111111;0.0;1010.68;0.0;Partly Cloudy
1509357600;28.0;21.0;0.66;ESE;4.166666666666667;0.0;1010.68;0.0;Fair
1509361200;28.0;21.0;0.66;E;3.611111111111111;0.0;1011.68;0.0;Fair
1509364800;29.0;21.0;0.62;E;4.166666666666667;0.0;1010.68;0.0;Fair
1509368400;29.0;21.0;0.62;ESE;5.277777777777778;0.0;1010.68;0.0;Fair
1509372000;28.0;21.0;0.66;E;4.722222222222222;0.0;1009.68;0.0;Fair
1509375600;28.0;22.0;0.7;E;4.166666666666667;0.0;1008.68;0.0;Fair
1509379200;28.0;22.0;0.7;E;4.166666666666667;0.0;1007.68;0.0;Fair
1509382800;28.0;21.0;0.66;E;4.166666666666667;0.0;1017.67;0.0;Partly Cloudy
1509386400;27.0;21.0;0.7;E;3.0555555555555554;0.0;1007.68;0.0;Partly Cloudy
1509390000;27.0;21.0;0.7;E;2.5;0.0;1008.68;0.0;Partly Cloudy
1509393600;26.0;21.0;0.74;ESE;3.0555555555555554;0.0;1008.68;0.0;Mostly Cloudy
1509397200;26.0;21.0;0.74;E;3.611111111111111;0.0;1009.68;0.0;Mostly Cloudy
1509400800;26.0;21.0;0.74;E;3.611111111111111;0.0;1009.68;0.0;Partly Cloudy
1509404400;26.0;21.0;0.74;E;3.0555555555555554;0.0;1010.68;0.0;Partly Cloudy
1509408000;26.0;21.0;0.74;E;3.0555555555555554;0.0;1010.68;0.0;Partly Cloudy
1509411600;26.0;22.0;0.78;E;2.5;0.0;1009.68;0.0;Partly Cloudy
1509501600;26.0;22.0;0.78;NE;2.5;0.0;1009.68;0.0;Partly Cloudy
1509505200;26.0;22.0;0.78;NE;3.0555555555555554;0.0;1009.68;0.0;Mostly Cloudy
1509508800;26.0;22.0;0.78;NE;3.0555555555555554;0.0;1008.68;0.0;Partly Cloudy
1509512400;26.0;22.0;0.78;NE;1.9444444444444444;0.0;1009.68;0.0;Mostly Cloudy
1509516000;23.0;22.0;0.94;NW;1.6666666666666665;0.0;1009.68;0.0;Mostly Cloudy
1509519600;23.0;21.0;0.88;NNW;1.9444444444444444;0.0;1010.68;0.0;Partly Cloudy
1509523200;23.0;22.0;0.94;WNW;1.1111111111111112;0.0;1011.68;0.0;Partly Cloudy
1509526800;25.0;22.0;0.83;WNW;1.1111111111111112;0.0;1012.68;0.0;Partly Cloudy
1509530400;28.0;22.0;0.7;E;3.0555555555555554;0.0;1012.68;0.0;Partly Cloudy
1509534000;28.0;22.0;0.7;ENE;3.611111111111111;0.0;1012.68;0.0;Partly Cloudy
1509537600;28.0;23.0;0.74;E;4.722222222222222;0.0;1012.68;0.0;Partly Cloudy
1509541200;29.0;22.0;0.66;ENE;3.611111111111111;0.0;1012.68;0.0;Partly Cloudy
1509544800;29.0;23.0;0.7;ENE;3.611111111111111;0.0;1011.68;0.0;Mostly Cloudy
1509548400;28.0;22.0;0.7;ENE;4.166666666666667;0.0;1010.68;0.0;Partly Cloudy
1509552000;28.0;23.0;0.74;E;5.277777777777778;0.0;1009.68;0.0;Partly Cloudy
1509555600;28.0;22.0;0.7;ENE;3.611111111111111;0.0;1009.68;0.0;Partly Cloudy
1509559200;28.0;22.0;0.7;NE;3.611111111111111;0.0;1009.68;0.0;Partly Cloudy
1509562800;27.0;22.0;0.74;ENE;3.0555555555555554;0.0;1010.68;0.0;Partly Cloudy
1509566400;27.0;22.0;0.74;ENE;3.0555555555555554;0.0;1010.68;0.0;Partly Cloudy
1509570000;27.0;22.0;0.74;ENE;2.5;0.0;1011.68;0.0;Fair
1509573600;27.0;22.0;0.74;ENE;3.0555555555555554;0.0;1012.68;0.0;Partly Cloudy
1509577200;26.0;22.0;0.78;NE;2.5;0.0;1012.68;0.0;Partly Cloudy
1509580800;26.0;22.0;0.78;ENE;1.9444444444444444;0.0;1012.68;0.0;Partly Cloudy
1509584400;26.0;22.0;0.78;E;3.0555555555555554;0.0;1012.68;0.0;Mostly Cloudy
1509588000;26.0;22.0;0.78;ENE;2.5;0.0;1011.68;0.0;Fair
1509591600;26.0;22.0;0.78;E;2.5;0.0;1011.68;0.0;Partly Cloudy
1509595200;26.0;22.0;0.78;E;2.5;0.0;1011.68;0.0;Mostly Cloudy
1509598800;26.0;22.0;0.78;ENE;2.5;0.0;1010.68;0.0;Partly Cloudy
1509602400;26.0;22.0;0.78;E;1.9444444444444444;0.0;1011.68;0.0;Partly Cloudy
1509606000;26.0;22.0;0.78;E;1.6666666666666665;0.0;1011.68;0.0;Partly Cloudy
1509609600;26.0;22.0;0.78;ESE;1.9444444444444444;0.0;1012.68;0.0;Mostly Cloudy
1509613200;27.0;23.0;0.79;E;2.5;0.0;1013.68;0.0;Mostly Cloudy
1509616800;28.0;23.0;0.74;E;3.611111111111111;0.0;1013.68;0.0;Partly Cloudy
1509620400;28.0;23.0;0.74;ESE;3.611111111111111;0.0;1013.68;0.0;Partly Cloudy
1509624000;28.0;23.0;0.74;ESE;4.722222222222222;0.0;1013.68;0.0;Partly Cloudy
1509627600;30.0;24.0;0.7;E;3.0555555555555554;0.0;1012.68;0.0;Partly Cloudy
1509631200;29.0;23.0;0.7;E;4.722222222222222;0.0;1012.68;0.0;Partly Cloudy
1509634800;29.0;23.0;0.7;E;3.611111111111111;0.0;1011.68;0.0;Fair
1509638400;28.0;23.0;0.74;ESE;4.722222222222222;0.0;1011.68;0.0;Mostly Cloudy
1509642000;28.0;23.0;0.74;ESE;4.722222222222222;0.0;1010.68;0.0;Mostly Cloudy
1509645600;27.0;23.0;0.79;E;5.277777777777778;0.0;1011.68;0.0;Mostly Cloudy
1509649200;27.0;22.0;0.74;ESE;4.166666666666667;0.0;1011.68;0.0;Partly Cloudy
1509652800;27.0;22.0;0.74;E;3.611111111111111;0.0;1012.68;0.0;Partly Cloudy
1509656400;27.0;22.0;0.74;ESE;3.611111111111111;0.0;1012.68;0.0;Partly Cloudy
1509660000;27.0;22.0;0.74;E;4.166666666666667;0.0;1013.68;0.0;Partly Cloudy
1509663600;27.0;22.0;0.74;E;4.166666666666667;0.0;1013.68;0.0;Mostly Cloudy
1509667200;27.0;22.0;0.74;ESE;3.611111111111111;0.0;1013.68;0.0;Mostly Cloudy
1509670800;26.0;22.0;0.78;ESE;3.611111111111111;0.0;1013.68;0.0;Mostly Cloudy
1509674400;26.0;22.0;0.78;SE;4.722222222222222;0.0;1012.68;0.0;Partly Cloudy
1509678000;26.0;22.0;0.78;E;3.611111111111111;0.0;1011.68;0.0;Partly Cloudy
1509681600;26.0;22.0;0.78;ESE;2.5;0.0;1011.68;0.0;Mostly Cloudy
1509685200;25.0;21.0;0.78;ESE;1.9444444444444444;0.0;1010.68;0.0;Partly Cloudy
1509688800;26.0;22.0;0.78;ESE;3.611111111111111;0.0;1010.68;0.0;Mostly Cloudy
1509692400;26.0;22.0;0.78;E;3.0555555555555554;0.0;1011.68;0.0;Mostly Cloudy
1509696000;26.0;22.0;0.78;ESE;4.166666666666667;0.0;1011.68;0.0;Partly Cloudy
1509699600;27.0;22.0;0.74;ESE;4.166666666666667;0.0;1012.68;0.0;Partly Cloudy
1509703200;27.0;22.0;0.74;ESE;5.555555555555555;0.0;1013.68;0.0;Mostly Cloudy
1509706800;29.0;22.0;0.66;ESE;4.722222222222222;0.0;1013.68;0.0;Partly Cloudy
1509710400;29.0;22.0;0.66;ESE;5.277777777777778;0.0;1013.68;0.0;Partly Cloudy
1509714000;29.0;22.0;0.66;ESE;5.555555555555555;0.0;1013.68;0.0;Mostly Cloudy
1509717600;29.0;22.0;0.66;ESE;5.555555555555555;0.0;1012.68;0.0;Mostly Cloudy
1509721200;29.0;22.0;0.66;ESE;5.555555555555555;0.0;1011.68;0.0;Partly Cloudy
1509724800;28.0;22.0;0.7;ESE;4.722222222222222;0.0;1011.68;0.0;Partly Cloudy
1509728400;28.0;21.0;0.66;ESE;4.166666666666667;0.0;1010.68;0.0;Fair
1509732000;28.0;22.0;0.7;ESE;4.166666666666667;0.0;1010.68;0.0;Fair
1509735600;27.0;21.0;0.7;ESE;4.722222222222222;0.0;1011.68;0.0;Partly Cloudy
1509739200;26.0;22.0;0.78;SE;5.277777777777778;0.0;1011.68;0.0;Partly Cloudy
1509742800;27.0;22.0;0.74;ESE;4.722222222222222;0.0;1012.68;0.0;Mostly Cloudy
1509746400;26.0;21.0;0.74;ESE;4.166666666666667;0.0;1012.68;0.0;Partly Cloudy
1509750000;26.0;22.0;0.78;SE;3.611111111111111;0.0;1012.68;0.0;Partly Cloudy
1509753600;26.0;22.0;0.78;ESE;3.611111111111111;0.0;1013.68;0.0;Partly Cloudy
1509757200;26.0;22.0;0.78;E;3.0555555555555554;0.0;1012.68;0.0;Partly Cloudy
1509760800;26.0;22.0;0.78;ESE;3.611111111111111;0.0;1011.68;0.0;Partly Cloudy
1509764400;26.0;22.0;0.78;E;4.166666666666667;0.0;1010.68;0.0;Partly Cloudy
1509768000;26.0;21.0;0.74;E;3.611111111111111;0.0;1010.68;0.0;Partly Cloudy
1509771600;26.0;21.0;0.74;E;4.166666666666667;0.0;1010.68;0.0;Partly Cloudy
1509775200;26.0;21.0;0.74;E;3.611111111111111;0.0;1010.68;0.0;Partly Cloudy
1509778800;26.0;21.0;0.74;E;4.166666666666667;0.0;1011.68;0.0;Partly Cloudy
1509782400;26.0;21.0;0.74;ESE;3.611111111111111;0.0;1012.68;0.0;Partly Cloudy
1509786000;27.0;21.0;0.7;ESE;5.277777777777778;0.0;1012.68;0.0;Fair
1509789600;28.0;22.0;0.7;E;5.277777777777778;0.0;1013.68;0.0;Partly Cloudy
1509793200;28.0;21.0;0.66;ESE;5.277777777777778;0.0;1013.68;0.0;Partly Cloudy
1509796800;28.0;21.0;0.66;ESE;5.555555555555555;0.0;1013.68;0.0;Partly Cloudy
1509800400;29.0;22.0;0.66;ESE;5.277777777777778;0.0;1013.68;0.0;Partly Cloudy
1509804000;29.0;21.0;0.62;ESE;5.555555555555555;0.0;1012.68;0.0;Partly Cloudy
1509807600;29.0;22.0;0.66;ESE;6.111111111111111;0.0;1011.68;0.0;Partly Cloudy
1509811200;28.0;21.0;0.66;ESE;6.111111111111111;0.0;1011.68;0.0;Partly Cloudy
1509814800;28.0;22.0;0.7;SE;5.277777777777778;0.0;1011.68;0.0;Mostly Cloudy
1509818400;27.0;22.0;0.74;SE;4.166666666666667;0.0;1011.68;0.0;Mostly Cloudy
1509822000;27.0;21.0;0.7;E;3.611111111111111;0.0;1011.68;0.0;Partly Cloudy
1509825600;27.0;21.0;0.7;E;4.166666666666667;0.0;1011.68;0.0;Partly Cloudy
1509829200;27.0;21.0;0.7;E;3.611111111111111;0.0;1012.68;0.0;Partly Cloudy
1509832800;26.0;22.0;0.78;ESE;4.722222222222222;0.0;1013.68;0.0;Mostly Cloudy
1509836400;26.0;22.0;0.78;ESE;4.722222222222222;0.0;1013.68;0.0;Partly Cloudy
1509840000;26.0;21.0;0.74;E;5.277777777777778;0.0;1013.68;0.0;Partly Cloudy
1509843600;26.0;21.0;0.74;E;4.722222222222222;0.0;1013.68;0.0;Partly Cloudy
1509847200;26.0;21.0;0.74;ESE;4.722222222222222;0.0;1012.68;0.0;Mostly Cloudy
1509850800;25.0;21.0;0.78;E;3.611111111111111;0.0;1012.68;0.0;Mostly Cloudy
1509854400;26.0;21.0;0.74;ESE;4.166666666666667;0.0;1011.68;0.0;Mostly Cloudy
1509858000;26.0;21.0;0.74;ESE;3.0555555555555554;0.0;1011.68;0.0;Partly Cloudy
1509861600;25.0;21.0;0.78;E;3.611111111111111;0.0;1011.68;0.0;Partly Cloudy
1509865200;25.0;21.0;0.78;ESE;3.611111111111111;0.0;1011.68;0.0;Partly Cloudy
1509868800;26.0;20.0;0.69;E;4.166666666666667;0.0;1012.68;0.0;Partly Cloudy
1509872400;27.0;20.0;0.65;ESE;4.722222222222222;0.0;1012.68;0.0;Partly Cloudy
1509876000;28.0;21.0;0.66;ESE;4.166666666666667;0.0;1013.68;0.0;Partly Cloudy
1509879600;28.0;21.0;0.66;ESE;5.555555555555555;0.0;1013.68;0.0;Partly Cloudy
1509883200;28.0;22.0;0.7;ESE;6.111111111111111;0.0;1013.68;0.0;Mostly Cloudy
1509886800;28.0;20.0;0.62;ESE;5.555555555555555;0.0;1013.68;0.0;Partly Cloudy
1509890400;29.0;21.0;0.62;SE;6.111111111111111;0.0;1012.68;0.0;Partly Cloudy
1509894000;28.0;21.0;0.66;ESE;5.555555555555555;0.0;1011.68;0.0;Partly Cloudy
1509897600;28.0;21.0;0.66;ESE;4.722222222222222;0.0;1011.68;0.0;Fair
1509901200;28.0;21.0;0.66;ESE;4.722222222222222;0.0;1010.68;0.0;Fair
1509904800;27.0;20.0;0.65;ESE;4.166666666666667;0.0;1010.68;0.0;Fair
1509908400;27.0;21.0;0.7;E;3.0555555555555554;0.0;1011.68;0.0;Fair
1509912000;26.0;21.0;0.74;ESE;4.166666666666667;0.0;1011.68;0.0;Mostly Cloudy
1509915600;26.0;21.0;0.74;SE;3.0555555555555554;0.0;1011.68;0.0;Partly Cloudy
1509919200;26.0;21.0;0.74;E;1.9444444444444444;0.0;1012.68;0.0;Partly Cloudy
1509922800;26.0;21.0;0.74;ESE;1.9444444444444444;0.0;1012.68;0.0;Partly Cloudy
1509926400;26.0;21.0;0.74;E;3.0555555555555554;0.0;1012.68;0.0;Mostly Cloudy
1509930000;26.0;21.0;0.74;E;3.0555555555555554;0.0;1012.68;0.0;Fair
1509933600;26.0;20.0;0.69;E;3.0555555555555554;0.0;1011.68;0.0;Fair
1509937200;26.0;20.0;0.69;E;3.0555555555555554;0.0;1011.68;0.0;Fair
1509940800;25.0;20.0;0.74;E;3.0555555555555554;0.0;1010.68;0.0;Partly Cloudy
1509944400;25.0;20.0;0.74;E;3.0555555555555554;0.0;1010.68;0.0;Partly Cloudy
1509948000;25.0;21.0;0.78;E;2.5;0.0;1010.68;0.0;Mostly Cloudy
1509951600;25.0;21.0;0.78;ESE;2.5;0.0;1011.68;0.0;Mostly Cloudy
1509955200;26.0;21.0;0.74;ESE;3.611111111111111;0.0;1011.68;0.0;Partly Cloudy
1509958800;27.0;21.0;0.7;ESE;4.166666666666667;0.0;1011.68;0.0;Partly Cloudy
1509962400;25.0;22.0;0.83;E;3.0555555555555554;0.0;1012.68;0.0;Showers in the Vicinity
1509966000;28.0;21.0;0.66;E;4.722222222222222;0.0;1012.68;0.0;Partly Cloudy
1509969600;28.0;21.0;0.66;ESE;5.555555555555555;0.0;1012.68;0.0;Fair
1509973200;29.0;20.0;0.58;E;4.722222222222222;0.0;1011.68;0.0;Fair
1509976800;29.0;20.0;0.58;E;5.277777777777778;0.0;1010.68;0.0;Fair
1509980400;28.0;21.0;0.66;E;4.166666666666667;0.0;1010.68;0.0;Fair
1509984000;28.0;21.0;0.66;E;4.722222222222222;0.0;1009.68;0.0;Fair
1509987600;28.0;21.0;0.66;E;4.722222222222222;0.0;1008.68;0.0;Partly Cloudy
1509991200;27.0;21.0;0.7;E;3.0555555555555554;0.0;1008.68;0.0;Fair
1509994800;27.0;21.0;0.7;E;1.9444444444444444;0.0;1008.68;0.0;Fair
1509998400;26.0;20.0;0.69;E;2.5;0.0;1009.68;0.0;Fair
1510002000;26.0;20.0;0.69;ESE;3.0555555555555554;0.0;1009.68;0.0;Fair
1510005600;26.0;20.0;0.69;ENE;2.5;0.0;1010.68;0.0;Partly Cloudy
1510009200;26.0;21.0;0.74;E;2.5;0.0;1010.68;0.0;Partly Cloudy
1510012800;26.0;21.0;0.74;E;3.0555555555555554;0.0;1010.68;0.0;Partly Cloudy
1510016400;26.0;21.0;0.74;E;3.611111111111111;0.0;1010.68;0.0;Mostly Cloudy
1510020000;26.0;21.0;0.74;E;2.5;0.0;1009.68;0.0;Partly Cloudy
1510023600;26.0;21.0;0.74;ENE;2.5;0.0;1009.68;0.0;Partly Cloudy
1510027200;26.0;21.0;0.74;ENE;2.5;0.0;1008.68;0.0;Partly Cloudy
1510030800;25.0;21.0;0.78;ENE;1.9444444444444444;0.0;1008.68;0.0;Partly Cloudy
1510034400;25.0;21.0;0.78;ENE;2.5;0.0;1008.68;0.0;Mostly Cloudy
1510038000;25.0;21.0;0.78;ENE;2.5;0.0;1009.68;0.0;Partly Cloudy
1510041600;27.0;21.0;0.7;E;2.5;0.0;1009.68;0.0;Partly Cloudy
1510045200;27.0;21.0;0.7;E;2.5;0.0;1009.68;0.0;Partly Cloudy
1510048800;27.0;21.0;0.7;E;3.611111111111111;0.0;1010.68;0.0;Partly Cloudy
1510052400;29.0;22.0;0.66;E;3.611111111111111;0.0;1010.68;0.0;Partly Cloudy
1510056000;29.0;22.0;0.66;E;4.166666666666667;0.0;1010.68;0.0;Partly Cloudy
1510059600;29.0;21.0;0.62;ESE;4.722222222222222;0.0;1010.68;0.0;Partly Cloudy
1510063200;29.0;22.0;0.66;ESE;4.722222222222222;0.0;1009.68;0.0;Partly Cloudy
1510066800;29.0;22.0;0.66;ESE;4.166666666666667;0.0;1008.68;0.0;Partly Cloudy
1510070400;28.0;22.0;0.7;ENE;4.166666666666667;0.0;1008.68;0.0;Partly Cloudy
1510074000;28.0;22.0;0.7;NE;4.166666666666667;0.0;1007.68;0.0;Mostly Cloudy
1510077600;28.0;21.0;0.66;ENE;4.166666666666667;0.0;1007.68;0.0;Mostly Cloudy
1510081200;27.0;21.0;0.7;ENE;4.166666666666667;0.0;1008.68;0.0;Partly Cloudy
1510084800;27.0;21.0;0.7;E;4.166666666666667;0.0;1008.68;0.0;Fair
1510088400;27.0;21.0;0.7;E;3.611111111111111;0.0;1009.68;0.0;Fair
1510092000;26.0;21.0;0.74;E;4.166666666666667;0.0;1009.68;0.0;Fair
1510095600;26.0;21.0;0.74;E;3.611111111111111;0.0;1010.68;0.0;Partly Cloudy
1510099200;26.0;21.0;0.74;E;3.611111111111111;0.0;1010.68;0.0;Partly Cloudy
1510102800;26.0;21.0;0.74;E;3.0555555555555554;0.0;1010.68;0.0;Partly Cloudy
1510106400;26.0;20.0;0.69;E;2.5;0.0;1009.68;0.0;Partly Cloudy
1510110000;26.0;21.0;0.74;E;1.9444444444444444;0.0;1009.68;0.0;Partly Cloudy
1510113600;26.0;21.0;0.74;E;3.0555555555555554;0.0;1008.68;0.0;Partly Cloudy
1510117200;26.0;21.0;0.74;E;2.5;0.0;1008.68;0.0;Mostly Cloudy
1510120800;26.0;21.0;0.74;E;2.5;0.0;1009.68;0.0;Partly Cloudy
1510124400;25.0;21.0;0.78;E;4.166666666666667;0.0;1009.68;0.0;Showers in the Vicinity
1510128000;25.0;21.0;0.78;ENE;1.9444444444444444;0.0;1009.68;0.0;Mostly Cloudy
1510131600;26.0;21.0;0.74;NE;3.0555555555555554;0.0;0.0;0.0;Showers in the Vicinity
1510135200;27.0;21.0;0.7;ENE;4.722222222222222;0.0;1010.68;0.0;Mostly Cloudy
1510138800;28.0;21.0;0.66;ENE;5.277777777777778;0.0;1010.68;0.0;Mostly Cloudy
1510142400;28.0;21.0;0.66;E;4.166666666666667;0.0;1010.68;0.0;Mostly Cloudy
1510146000;28.0;21.0;0.66;ENE;4.722222222222222;0.0;1010.68;0.0;Mostly Cloudy
1510149600;28.0;21.0;0.66;ENE;4.722222222222222;0.0;1010.68;0.0;Mostly Cloudy
1510153200;29.0;21.0;0.62;ENE;4.166666666666667;0.0;1009.68;0.0;Partly Cloudy
1510156800;28.0;20.0;0.62;NE;5.277777777777778;0.0;1009.68;0.0;Partly Cloudy
1510160400;28.0;21.0;0.66;ENE;3.611111111111111;0.0;1009.68;0.0;Partly Cloudy
1510164000;28.0;21.0;0.66;E;3.611111111111111;0.0;1009.68;0.0;Partly Cloudy
1510167600;27.0;20.0;0.65;E;3.611111111111111;0.0;1009.68;0.0;Partly Cloudy
1510171200;27.0;21.0;0.7;E;2.5;0.0;1009.68;0.0;Partly Cloudy
1510174800;26.0;21.0;0.74;E;2.5;0.0;1010.68;0.0;Partly Cloudy
1510178400;26.0;21.0;0.74;E;2.5;0.0;1010.68;0.0;Partly Cloudy
1510182000;26.0;20.0;0.69;E;2.5;0.0;1011.68;0.0;Partly Cloudy
1510185600;26.0;21.0;0.74;E;3.0555555555555554;0.0;1011.68;0.0;Partly Cloudy
1510189200;26.0;21.0;0.74;E;2.5;0.0;1011.68;0.0;Partly Cloudy
1510192800;26.0;20.0;0.69;E;2.5;0.0;1010.68;0.0;Partly Cloudy
1510196400;26.0;21.0;0.74;E;2.5;0.0;1010.68;0.0;Partly Cloudy
1510200000;26.0;21.0;0.74;E;3.0555555555555554;0.0;1009.68;0.0;Partly Cloudy
1510203600;26.0;21.0;0.74;E;3.0555555555555554;0.0;1010.68;0.0;Partly Cloudy
1510207200;25.0;21.0;0.78;E;3.0555555555555554;0.0;1010.68;0.0;Partly Cloudy
1510210800;23.0;21.0;0.88;NW;1.6666666666666665;0.0;1010.68;0.0;Partly Cloudy
1510214400;24.0;21.0;0.83;NE;2.5;0.0;1011.68;0.0;Light Rain
1510218000;26.0;22.0;0.78;NE;3.0555555555555554;0.0;1011.68;0.0;Partly Cloudy
1510221600;28.0;21.0;0.66;ENE;4.722222222222222;0.0;1011.68;0.0;Partly Cloudy
1510225200;28.0;22.0;0.7;E;4.722222222222222;0.0;0.0;0.0;Showers in the Vicinity
1510228800;28.0;22.0;0.7;ESE;5.277777777777778;0.0;1011.68;0.0;Mostly Cloudy
1510232400;29.0;21.0;0.62;ESE;5.277777777777778;0.0;1011.68;0.0;Partly Cloudy
1510236000;28.0;21.0;0.66;E;5.277777777777778;0.0;1010.68;0.0;Partly Cloudy
1510239600;29.0;21.0;0.62;ENE;4.722222222222222;0.0;1010.68;0.0;Mostly Cloudy
1510243200;27.0;21.0;0.7;SE;5.277777777777778;0.0;1009.68;0.0;Showers in the Vicinity
1510246800;28.0;21.0;0.66;E;3.611111111111111;0.0;1009.68;0.0;Mostly Cloudy
1510250400;26.0;21.0;0.74;ENE;3.611111111111111;0.0;1009.68;0.0;Showers in the Vicinity
1510254000;26.0;21.0;0.74;E;3.0555555555555554;0.0;1009.68;0.0;Mostly Cloudy
1510257600;26.0;21.0;0.74;ENE;2.5;0.0;1010.68;0.0;Mostly Cloudy
1510261200;26.0;21.0;0.74;ESE;3.611111111111111;0.0;1010.68;0.0;Mostly Cloudy
1510264800;26.0;21.0;0.74;ESE;3.0555555555555554;0.0;1010.68;0.0;Partly Cloudy
1510268400;26.0;21.0;0.74;ESE;4.166666666666667;0.0;1011.68;0.0;Partly Cloudy
1510272000;26.0;21.0;0.74;E;4.166666666666667;0.0;1011.68;0.0;Partly Cloudy
1510275600;26.0;20.0;0.69;E;4.166666666666667;0.0;1010.68;0.0;Partly Cloudy
1510279200;26.0;21.0;0.74;ESE;3.0555555555555554;0.0;1010.68;0.0;Partly Cloudy
1510282800;25.0;20.0;0.74;E;3.0555555555555554;0.0;1009.68;0.0;Partly Cloudy
1510286400;26.0;21.0;0.74;E;2.5;0.0;1009.68;0.0;Partly Cloudy
1510290000;26.0;20.0;0.69;E;3.611111111111111;0.0;1009.68;0.0;Mostly Cloudy
1510293600;26.0;20.0;0.69;ENE;2.5;0.0;1009.68;0.0;Partly Cloudy
1510297200;26.0;20.0;0.69;E;1.9444444444444444;0.0;1010.68;0.0;Partly Cloudy
1510300800;26.0;20.0;0.69;ENE;3.611111111111111;0.0;1010.68;0.0;Partly Cloudy
1510304400;27.0;21.0;0.7;E;3.0555555555555554;0.0;1010.68;0.0;Mostly Cloudy
1510308000;28.0;21.0;0.66;ENE;4.166666666666667;0.0;1011.68;0.0;Mostly Cloudy
1510311600;28.0;20.0;0.62;E;4.722222222222222;0.0;1011.68;0.0;Partly Cloudy
1510315200;28.0;20.0;0.62;ENE;5.277777777777778;0.0;1010.68;0.0;Partly Cloudy
1510318800;28.0;20.0;0.62;ENE;4.722222222222222;0.0;1010.68;0.0;Fair
1510322400;29.0;20.0;0.58;NE;3.611111111111111;0.0;1009.68;0.0;Fair
1510326000;29.0;19.0;0.55;ENE;4.166666666666667;0.0;1008.68;0.0;Fair
1510329600;29.0;18.0;0.51;E;3.611111111111111;0.0;1008.68;0.0;Fair
1510333200;28.0;20.0;0.62;ENE;4.722222222222222;0.0;1008.68;0.0;Fair
1510336800;27.0;20.0;0.65;E;4.722222222222222;0.0;1008.68;0.0;Fair
1510340400;27.0;20.0;0.65;E;3.611111111111111;0.0;1008.68;0.0;Partly Cloudy
1510344000;27.0;20.0;0.65;E;4.166666666666667;0.0;1008.68;0.0;Fair
1510347600;26.0;21.0;0.74;E;2.5;0.0;1009.68;0.0;Partly Cloudy
1510351200;26.0;21.0;0.74;E;4.166666666666667;0.0;1010.68;0.0;Fair
1510354800;26.0;21.0;0.74;E;2.5;0.0;1010.68;0.0;Partly Cloudy
1510358400;26.0;21.0;0.74;E;2.5;0.0;1010.68;0.0;Partly Cloudy
1510362000;26.0;21.0;0.74;ENE;2.5;0.0;1009.68;0.0;Mostly Cloudy
1510365600;26.0;21.0;0.74;E;1.9444444444444444;0.0;1008.68;0.0;Partly Cloudy
1510369200;25.0;22.0;0.83;E;1.9444444444444444;0.0;1008.68;0.0;Mostly Cloudy
1510372800;26.0;22.0;0.78;E;2.5;0.0;1008.68;0.0;Partly Cloudy
1510376400;26.0;21.0;0.74;E;2.5;0.0;1008.68;0.0;Mostly Cloudy
1510380000;26.0;21.0;0.74;ENE;3.0555555555555554;0.0;1008.68;0.0;Partly Cloudy
1510383600;26.0;21.0;0.74;NE;1.9444444444444444;0.0;1008.68;0.0;Partly Cloudy
1510387200;26.0;21.0;0.74;ENE;1.9444444444444444;0.0;1009.68;0.0;Partly Cloudy
1510390800;27.0;21.0;0.7;ENE;3.611111111111111;0.0;1010.68;0.0;Mostly Cloudy
1510394400;28.0;22.0;0.7;ENE;4.722222222222222;0.0;1010.68;0.0;Partly Cloudy
1510398000;29.0;22.0;0.66;ENE;4.722222222222222;0.0;1010.68;0.0;Fair
1510401600;29.0;20.0;0.58;NE;4.166666666666667;0.0;1009.68;0.0;Fair
1510405200;29.0;21.0;0.62;ENE;3.611111111111111;0.0;1009.68;0.0;Fair
1510408800;29.0;21.0;0.62;ENE;4.722222222222222;0.0;1008.68;0.0;Fair
1510412400;29.0;21.0;0.62;ENE;4.722222222222222;0.0;1007.68;0.0;Fair
1510416000;29.0;21.0;0.62;E;4.722222222222222;0.0;1007.68;0.0;Fair
1510419600;28.0;21.0;0.66;ENE;4.722222222222222;0.0;1007.68;0.0;Fair
1510423200;28.0;22.0;0.7;ENE;3.611111111111111;0.0;1006.69;0.0;Fair
1510426800;27.0;22.0;0.74;ENE;4.166666666666667;0.0;1007.68;0.0;Partly Cloudy
1510430400;27.0;22.0;0.74;NE;3.611111111111111;0.0;1007.68;0.0;Partly Cloudy
1510434000;27.0;22.0;0.74;ENE;3.611111111111111;0.0;1008.68;0.0;Partly Cloudy
1510437600;27.0;22.0;0.74;NE;3.0555555555555554;0.0;1009.68;0.0;Mostly Cloudy
1510441200;27.0;22.0;0.74;E;3.0555555555555554;0.0;1009.68;0.0;Partly Cloudy
1510444800;26.0;22.0;0.78;ENE;2.5;0.0;1009.68;0.0;Partly Cloudy
1510448400;26.0;22.0;0.78;ENE;1.9444444444444444;0.0;1009.68;0.0;Partly Cloudy
1510452000;26.0;21.0;0.74;NE;2.5;0.0;1008.68;0.0;Partly Cloudy
1510455600;26.0;21.0;0.74;NE;3.0555555555555554;0.0;1008.68;0.0;Partly Cloudy
1510459200;26.0;21.0;0.74;ENE;2.5;0.0;1007.68;0.0;Partly Cloudy
1510462800;26.0;21.0;0.74;ENE;2.5;0.0;1008.68;0.0;Partly Cloudy
1510466400;26.0;21.0;0.74;ENE;1.9444444444444444;0.0;1008.68;0.0;Fair
1510470000;25.0;21.0;0.78;ENE;1.1111111111111112;0.0;1008.68;0.0;Fair
1510473600;26.0;22.0;0.78;NE;1.6666666666666665;0.0;1009.68;0.0;Fair
1510477200;27.0;21.0;0.7;ENE;3.0555555555555554;0.0;1010.68;0.0;Partly Cloudy
1510480800;28.0;22.0;0.7;E;3.611111111111111;0.0;1010.68;0.0;Partly Cloudy
1510484400;28.0;22.0;0.7;E;4.166666666666667;0.0;1010.68;0.0;Partly Cloudy
1510488000;29.0;23.0;0.7;ENE;4.722222222222222;0.0;1010.68;0.0;Partly Cloudy
1510491600;29.0;22.0;0.66;E;4.166666666666667;0.0;1009.68;0.0;Mostly Cloudy
1510495200;29.0;22.0;0.66;ENE;4.722222222222222;0.0;1009.68;0.0;Mostly Cloudy
1510498800;29.0;22.0;0.66;ENE;5.277777777777778;0.0;1008.68;0.0;Partly Cloudy
1510502400;29.0;21.0;0.62;ENE;5.277777777777778;0.0;1007.68;0.0;Fair
1510506000;28.0;21.0;0.66;ENE;4.722222222222222;0.0;1007.68;0.0;Fair
1510509600;28.0;21.0;0.66;ENE;4.166666666666667;0.0;1007.68;0.0;Fair
1510513200;27.0;22.0;0.74;ENE;3.0555555555555554;0.0;1007.68;0.0;Fair
1510516800;27.0;22.0;0.74;NE;4.166666666666667;0.0;1008.68;0.0;Partly Cloudy
1510520400;27.0;22.0;0.74;ENE;3.611111111111111;0.0;1008.68;0.0;Partly Cloudy
1510524000;27.0;22.0;0.74;ENE;3.0555555555555554;0.0;1009.68;0.0;Partly Cloudy
1510527600;27.0;22.0;0.74;ENE;3.0555555555555554;0.0;1009.68;0.0;Mostly Cloudy
1510531200;26.0;22.0;0.78;ENE;3.611111111111111;0.0;1010.68;0.0;Mostly Cloudy
1510534800;26.0;22.0;0.78;ENE;2.5;0.0;1009.68;0.0;Mostly Cloudy
1510624800;26.0;22.0;0.78;ENE;2.5;0.0;1009.68;0.0;Partly Cloudy
1510628400;26.0;21.0;0.74;ENE;3.0555555555555554;0.0;1008.68;0.0;Fair
1510632000;26.0;22.0;0.78;NE;2.5;0.0;1008.68;0.0;Partly Cloudy
1510635600;26.0;21.0;0.74;ENE;4.722222222222222;0.0;1008.68;0.0;Partly Cloudy
1510639200;26.0;21.0;0.74;ENE;2.5;0.0;1010.68;0.0;Partly Cloudy
1510642800;26.0;22.0;0.78;ENE;2.5;0.0;1009.68;0.0;Partly Cloudy
1510646400;27.0;22.0;0.74;ENE;2.5;0.0;1010.68;0.0;Partly Cloudy
1510650000;28.0;22.0;0.7;ENE;3.611111111111111;0.0;1010.68;0.0;Mostly Cloudy
1510653600;28.0;21.0;0.66;ENE;4.166666666666667;0.0;1011.68;0.0;Partly Cloudy
1510657200;29.0;21.0;0.62;E;4.722222222222222;0.0;1011.68;0.0;Partly Cloudy
1510660800;29.0;22.0;0.66;ENE;4.722222222222222;0.0;1011.68;0.0;Mostly Cloudy
1510664400;30.0;22.0;0.62;E;4.722222222222222;0.0;1010.68;0.0;Mostly Cloudy
1510668000;30.0;21.0;0.58;E;5.277777777777778;0.0;1010.68;0.0;Partly Cloudy
1510671600;30.0;22.0;0.62;E;4.166666666666667;0.0;1009.68;0.0;Partly Cloudy
1510675200;29.0;22.0;0.66;E;4.166666666666667;0.0;1008.68;0.0;Partly Cloudy
1510678800;29.0;22.0;0.66;E;4.166666666666667;0.0;1008.68;0.0;Partly Cloudy
1510682400;28.0;22.0;0.7;E;4.166666666666667;0.0;1008.68;0.0;Mostly Cloudy
1510686000;27.0;21.0;0.7;E;3.0555555555555554;0.0;1009.68;0.0;Partly Cloudy
1510689600;27.0;21.0;0.7;E;4.166666666666667;0.0;1009.68;0.0;Partly Cloudy
1510693200;27.0;22.0;0.74;ESE;3.611111111111111;0.0;1010.68;0.0;Partly Cloudy
1510696800;27.0;22.0;0.74;ESE;4.166666666666667;0.0;1011.68;0.0;Partly Cloudy
1510700400;27.0;22.0;0.74;ESE;4.166666666666667;0.0;1012.68;0.0;Partly Cloudy
1510704000;27.0;22.0;0.74;ESE;3.611111111111111;0.0;1011.68;0.0;Partly Cloudy
1510707600;27.0;22.0;0.74;ESE;4.166666666666667;0.0;1011.68;0.0;Partly Cloudy
1510797600;26.0;20.0;0.69;ESE;3.611111111111111;0.0;1011.68;0.0;Partly Cloudy
1510801200;26.0;20.0;0.69;SE;5.277777777777778;0.0;1011.68;0.0;Fair
1510804800;26.0;20.0;0.69;SE;4.166666666666667;0.0;1011.68;0.0;Partly Cloudy
1510808400;26.0;20.0;0.69;ESE;4.166666666666667;0.0;1011.68;0.0;Fair
1510812000;26.0;20.0;0.69;ESE;3.611111111111111;0.0;1011.68;0.0;Fair
1510815600;26.0;20.0;0.69;ESE;4.166666666666667;0.0;1011.68;0.0;Fair
1510819200;26.0;20.0;0.69;SE;4.166666666666667;0.0;1012.68;0.0;Partly Cloudy
1510822800;27.0;21.0;0.7;SE;5.277777777777778;0.0;1012.68;0.0;Mostly Cloudy
1510826400;27.0;21.0;0.7;ESE;6.666666666666666;0.0;1013.68;0.0;Mostly Cloudy
1510830000;26.0;22.0;0.78;SE;5.555555555555555;0.0;1013.68;0.0;Partly Cloudy
1510833600;29.0;21.0;0.62;ESE;6.111111111111111;0.0;1013.68;0.0;Mostly Cloudy
1510837200;29.0;20.0;0.58;E;5.277777777777778;0.0;1013.68;0.0;Partly Cloudy
1510840800;29.0;21.0;0.62;ESE;6.666666666666666;0.0;1012.68;0.0;Fair
1510844400;29.0;21.0;0.62;ESE;4.722222222222222;0.0;1010.68;0.0;Fair
1510848000;28.0;21.0;0.66;ESE;6.666666666666666;0.0;1010.68;0.0;Fair
1510851600;27.0;21.0;0.7;ESE;5.277777777777778;0.0;1010.68;0.0;Partly Cloudy
1510855200;28.0;21.0;0.66;SE;5.277777777777778;0.0;1010.68;0.0;Partly Cloudy
1510858800;27.0;21.0;0.7;SE;5.555555555555555;0.0;1010.68;0.0;Mostly Cloudy
1510862400;26.0;21.0;0.74;SE;5.555555555555555;0.0;1011.68;0.0;Mostly Cloudy
1510866000;26.0;21.0;0.74;SE;3.611111111111111;0.0;1011.68;0.0;Partly Cloudy
1510869600;26.0;21.0;0.74;ESE;4.722222222222222;0.0;1012.68;0.0;Showers in the Vicinity
1510873200;26.0;21.0;0.74;ESE;3.611111111111111;0.0;1012.68;0.0;Partly Cloudy
1510876800;26.0;21.0;0.74;SE;4.166666666666667;0.0;1012.68;0.0;Partly Cloudy
1510880400;26.0;21.0;0.74;ESE;5.277777777777778;0.0;1012.68;0.0;Fair
1510884000;25.0;19.0;0.69;ESE;4.166666666666667;0.0;1011.68;0.0;Fair
1510887600;26.0;21.0;0.74;ESE;4.166666666666667;0.0;1010.68;0.0;Mostly Cloudy
1510891200;26.0;21.0;0.74;ESE;3.611111111111111;0.0;1009.68;0.0;Mostly Cloudy
1510894800;26.0;21.0;0.74;ESE;4.722222222222222;0.0;1009.68;0.0;Mostly Cloudy
1510898400;26.0;21.0;0.74;E;2.5;0.0;1010.68;0.0;Partly Cloudy
1510902000;25.0;22.0;0.83;ESE;3.611111111111111;0.0;1010.68;0.0;Mostly Cloudy
1510905600;26.0;21.0;0.74;E;4.166666666666667;0.0;1011.68;0.0;Mostly Cloudy
1510909200;26.0;22.0;0.78;SE;5.555555555555555;0.0;1011.68;0.0;Mostly Cloudy
1510912800;27.0;21.0;0.7;E;3.0555555555555554;0.0;1012.68;0.0;Mostly Cloudy
1510916400;28.0;21.0;0.66;ESE;4.166666666666667;0.0;1012.68;0.0;Mostly Cloudy
1510920000;28.0;21.0;0.66;SE;4.722222222222222;0.0;1012.68;0.0;Partly Cloudy
1510923600;28.0;22.0;0.7;ESE;5.277777777777778;0.0;1011.68;0.0;Fair
1510927200;27.0;21.0;0.7;SE;5.555555555555555;0.0;1011.68;0.0;Fair
1510930800;28.0;21.0;0.66;E;3.611111111111111;0.0;1010.68;0.0;Fair
1510934400;27.0;21.0;0.7;ESE;4.722222222222222;0.0;1009.68;0.0;Fair
1510938000;27.0;21.0;0.7;SE;4.166666666666667;0.0;1009.68;0.0;Mostly Cloudy
1510941600;27.0;21.0;0.7;SE;3.611111111111111;0.0;1009.68;0.0;Showers in the Vicinity
1510945200;27.0;21.0;0.7;SE;3.611111111111111;0.0;1010.68;0.0;Mostly Cloudy
1510948800;26.0;21.0;0.74;E;3.611111111111111;0.0;1010.68;0.0;Partly Cloudy
1510952400;26.0;21.0;0.74;E;3.611111111111111;0.0;1010.68;0.0;Partly Cloudy
1510956000;26.0;20.0;0.69;E;3.0555555555555554;0.0;1011.68;0.0;Partly Cloudy
1510959600;26.0;21.0;0.74;E;3.611111111111111;0.0;1011.68;0.0;Partly Cloudy
1510963200;26.0;21.0;0.74;ESE;3.0555555555555554;0.0;1011.68;0.0;Mostly Cloudy
1510966800;26.0;21.0;0.74;E;3.0555555555555554;0.0;1010.68;0.0;Partly Cloudy
1511056800;26.0;21.0;0.74;ESE;4.166666666666667;0.0;1009.68;0.0;Partly Cloudy
1511060400;26.0;21.0;0.74;E;3.0555555555555554;0.0;1008.68;0.0;Partly Cloudy
1511064000;26.0;21.0;0.74;E;1.9444444444444444;0.0;1008.68;0.0;Partly Cloudy
1511067600;25.0;21.0;0.78;E;1.9444444444444444;0.0;1008.68;0.0;Partly Cloudy
1511071200;25.0;21.0;0.78;NW;2.5;0.0;1009.68;0.0;Partly Cloudy
1511074800;24.0;22.0;0.89;W;1.1111111111111112;0.0;1009.68;0.0;Light Rain
1511078400;24.0;22.0;0.89;NW;1.6666666666666665;0.0;0.0;0.0;Showers in the Vicinity
1511082000;27.0;22.0;0.74;E;3.0555555555555554;0.0;1010.68;0.0;Mostly Cloudy
1511085600;27.0;21.0;0.7;E;3.611111111111111;0.0;1011.68;0.0;Partly Cloudy
1511089200;28.0;22.0;0.7;ESE;4.722222222222222;0.0;1011.68;0.0;Partly Cloudy
1511092800;28.0;22.0;0.7;E;4.166666666666667;0.0;1011.68;0.0;Partly Cloudy
1511096400;28.0;22.0;0.7;E;4.166666666666667;0.0;1011.68;0.0;Partly Cloudy
1511100000;29.0;22.0;0.66;E;3.611111111111111;0.0;1010.68;0.0;Fair
1511103600;29.0;22.0;0.66;E;4.722222222222222;0.0;1009.68;0.0;Fair
1511107200;29.0;21.0;0.62;ESE;5.277777777777778;0.0;1009.68;0.0;Fair
1511110800;29.0;21.0;0.62;E;4.722222222222222;0.0;1008.68;0.0;Fair
1511114400;29.0;22.0;0.66;ESE;3.611111111111111;0.0;1009.68;0.0;Fair
1511118000;27.0;21.0;0.7;E;4.166666666666667;0.0;1009.68;0.0;Fair
1511121600;27.0;22.0;0.74;ESE;4.166666666666667;0.0;1009.68;0.0;Fair
1511125200;26.0;22.0;0.78;ESE;4.166666666666667;0.0;1010.68;0.0;Fair
1511128800;26.0;22.0;0.78;E;3.611111111111111;0.0;1010.68;0.0;Fair
1511132400;26.0;22.0;0.78;E;3.611111111111111;0.0;1010.68;0.0;Partly Cloudy
1511136000;26.0;22.0;0.78;E;2.5;0.0;1011.68;0.0;Partly Cloudy
1511139600;26.0;21.0;0.74;E;3.611111111111111;0.0;1010.68;0.0;Partly Cloudy
1511143200;26.0;21.0;0.74;E;3.0555555555555554;0.0;1010.68;0.0;Partly Cloudy
1511146800;26.0;21.0;0.74;E;2.5;0.0;1009.68;0.0;Fair
1511150400;26.0;21.0;0.74;E;2.5;0.0;1009.68;0.0;Partly Cloudy
1511154000;26.0;21.0;0.74;E;3.0555555555555554;0.0;1009.68;0.0;Partly Cloudy
1511157600;25.0;21.0;0.78;E;2.5;0.0;1009.68;0.0;Partly Cloudy
1511161200;26.0;21.0;0.74;E;3.0555555555555554;0.0;1009.68;0.0;Partly Cloudy
1511164800;26.0;21.0;0.74;E;3.611111111111111;0.0;1010.68;0.0;Partly Cloudy
1511168400;27.0;20.0;0.65;E;3.611111111111111;0.0;1010.68;0.0;Partly Cloudy
1511172000;28.0;21.0;0.66;ESE;4.722222222222222;0.0;1011.68;0.0;Partly Cloudy
1511175600;28.0;21.0;0.66;E;4.722222222222222;0.0;1011.68;0.0;Partly Cloudy
1511179200;28.0;20.0;0.62;ESE;4.166666666666667;0.0;1011.68;0.0;Fair
1511182800;29.0;20.0;0.58;E;4.166666666666667;0.0;1011.68;0.0;Fair
1511186400;28.0;20.0;0.62;E;4.166666666666667;0.0;1010.68;0.0;Fair
1511190000;28.0;20.0;0.62;SE;4.166666666666667;0.0;1009.68;0.0;Fair
1511193600;28.0;21.0;0.66;ESE;4.166666666666667;0.0;1009.68;0.0;Fair
1511197200;29.0;20.0;0.58;SE;3.611111111111111;0.0;1008.68;0.0;Fair
1511200800;28.0;21.0;0.66;ESE;3.0555555555555554;0.0;1008.68;0.0;Fair
1511204400;27.0;20.0;0.65;E;1.9444444444444444;0.0;1009.68;0.0;Fair
1511208000;27.0;20.0;0.65;SE;2.5;0.0;1009.68;0.0;Fair
1511211600;26.0;21.0;0.74;E;3.0555555555555554;0.0;1010.68;0.0;Fair
1511215200;26.0;21.0;0.74;SE;3.0555555555555554;0.0;1010.68;0.0;Fair
1511218800;26.0;21.0;0.74;ESE;3.0555555555555554;0.0;1011.68;0.0;Fair
1511222400;26.0;21.0;0.74;E;2.5;0.0;1011.68;0.0;Partly Cloudy
1511226000;26.0;21.0;0.74;ESE;2.5;0.0;1011.68;0.0;Partly Cloudy
1511316000;26.0;22.0;0.78;E;3.0555555555555554;0.0;1009.68;0.0;Partly Cloudy
1511319600;26.0;21.0;0.74;E;3.611111111111111;0.0;1009.68;0.0;Partly Cloudy
1511323200;26.0;21.0;0.74;E;3.0555555555555554;0.0;1008.68;0.0;Partly Cloudy
1511326800;26.0;22.0;0.78;E;3.0555555555555554;0.0;1009.68;0.0;Partly Cloudy
1511330400;26.0;22.0;0.78;ESE;2.5;0.0;1009.68;0.0;Partly Cloudy
1511334000;26.0;21.0;0.74;E;3.611111111111111;0.0;1009.68;0.0;Fair
1511337600;27.0;21.0;0.7;E;2.5;0.0;1010.68;0.0;Partly Cloudy
1511341200;27.0;22.0;0.74;ESE;3.0555555555555554;0.0;1011.68;0.0;Fair
1511344800;28.0;22.0;0.7;E;4.722222222222222;0.0;1011.68;0.0;Fair
1511348400;29.0;22.0;0.66;E;4.722222222222222;0.0;1011.68;0.0;Partly Cloudy
1511352000;29.0;20.0;0.58;E;4.166666666666667;0.0;1011.68;0.0;Fair
1511355600;30.0;20.0;0.55;ENE;4.722222222222222;0.0;1010.68;0.0;Fair
1511359200;29.0;21.0;0.62;ENE;4.722222222222222;0.0;1009.68;0.0;Fair
1511362800;29.0;21.0;0.62;E;4.166666666666667;0.0;1009.68;0.0;Fair
1511366400;29.0;21.0;0.62;E;4.166666666666667;0.0;1008.68;0.0;Fair
1511370000;28.0;23.0;0.74;E;3.611111111111111;0.0;1008.68;0.0;Partly Cloudy
1511373600;28.0;22.0;0.7;ENE;3.611111111111111;0.0;1008.68;0.0;Mostly Cloudy
1511377200;27.0;22.0;0.74;ENE;3.611111111111111;0.0;1009.68;0.0;Partly Cloudy
1511380800;27.0;22.0;0.74;ENE;2.5;0.0;1009.68;0.0;Mostly Cloudy
1511384400;27.0;22.0;0.74;ENE;2.5;0.0;1010.68;0.0;Mostly Cloudy
1511388000;27.0;22.0;0.74;ENE;3.0555555555555554;0.0;1010.68;0.0;Fair
1511391600;27.0;22.0;0.74;ENE;3.0555555555555554;0.0;1011.68;0.0;Fair
1511395200;27.0;22.0;0.74;ENE;3.611111111111111;0.0;1011.68;0.0;Fair
1511398800;26.0;23.0;0.83;NE;3.0555555555555554;0.0;1011.68;0.0;Partly Cloudy
1511402400;26.0;22.0;0.78;NE;2.5;0.0;1010.68;0.0;Partly Cloudy
1511406000;26.0;22.0;0.78;NE;2.5;0.0;1010.68;0.0;Fair
1511409600;26.0;23.0;0.83;ENE;2.5;0.0;1009.68;0.0;Partly Cloudy
1511413200;26.0;22.0;0.78;NE;1.6666666666666665;0.0;1010.68;0.0;Fair
1511416800;26.0;22.0;0.78;ENE;1.6666666666666665;0.0;1010.68;0.0;Partly Cloudy
1511420400;26.0;22.0;0.78;ENE;1.6666666666666665;0.0;1010.68;0.0;Mostly Cloudy
1511424000;26.0;22.0;0.78;ENE;3.0555555555555554;0.0;1011.68;0.0;Mostly Cloudy
1511427600;27.0;22.0;0.74;ENE;4.166666666666667;0.0;1012.68;0.0;Mostly Cloudy
1511431200;28.0;22.0;0.7;ENE;4.166666666666667;0.0;1012.68;0.0;Mostly Cloudy
1511434800;28.0;23.0;0.74;ENE;4.166666666666667;0.0;1012.68;0.0;Mostly Cloudy
1511438400;29.0;22.0;0.66;ENE;4.722222222222222;0.0;1012.68;0.0;Mostly Cloudy
1511442000;29.0;22.0;0.66;ENE;4.722222222222222;0.0;1011.68;0.0;Mostly Cloudy
1511445600;28.0;23.0;0.74;E;4.166666666666667;0.0;1011.68;0.0;Mostly Cloudy
1511449200;29.0;23.0;0.7;E;4.722222222222222;0.0;1010.68;0.0;Mostly Cloudy
1511452800;29.0;23.0;0.7;ENE;3.611111111111111;0.0;1010.68;0.0;Mostly Cloudy
1511456400;28.0;22.0;0.7;E;4.166666666666667;0.0;1009.68;0.0;Mostly Cloudy
1511460000;27.0;23.0;0.79;ENE;3.611111111111111;0.0;1009.68;0.0;Showers in the Vicinity
1511463600;27.0;22.0;0.74;E;2.5;0.0;1009.68;0.0;Mostly Cloudy
1511467200;27.0;23.0;0.79;ENE;3.611111111111111;0.0;1010.68;0.0;Mostly Cloudy
1511470800;27.0;22.0;0.74;E;4.166666666666667;0.0;1010.68;0.0;Mostly Cloudy
1511474400;27.0;23.0;0.79;ENE;3.0555555555555554;0.0;1011.68;0.0;Mostly Cloudy
1511478000;27.0;22.0;0.74;ENE;3.0555555555555554;0.0;1011.68;0.0;Mostly Cloudy
1511481600;27.0;22.0;0.74;ENE;3.0555555555555554;0.0;1011.68;0.0;Mostly Cloudy
1511485200;27.0;22.0;0.74;ENE;3.611111111111111;0.0;1011.68;0.0;Partly Cloudy
1511575200;26.0;22.0;0.78;E;4.166666666666667;0.0;1012.68;0.0;Partly Cloudy
1511578800;25.0;22.0;0.83;E;3.0555555555555554;0.0;1011.68;0.0;Showers in the Vicinity
1511582400;26.0;22.0;0.78;E;3.611111111111111;0.0;1011.68;0.0;Partly Cloudy
1511586000;26.0;22.0;0.78;E;3.611111111111111;0.0;1011.68;0.0;Partly Cloudy
1511589600;26.0;22.0;0.78;E;4.166666666666667;0.0;1012.68;0.0;Partly Cloudy
1511593200;26.0;22.0;0.78;E;3.611111111111111;0.0;1012.68;0.0;Partly Cloudy
1511596800;26.0;22.0;0.78;E;4.166666666666667;0.0;1012.68;0.0;Mostly Cloudy
1511600400;26.0;23.0;0.83;E;3.0555555555555554;0.0;1013.68;0.0;Mostly Cloudy
1511604000;27.0;22.0;0.74;E;4.722222222222222;0.0;1013.68;0.0;Mostly Cloudy
1511607600;28.0;22.0;0.7;ESE;5.555555555555555;0.0;1013.68;0.0;Mostly Cloudy
1511611200;29.0;21.0;0.62;E;5.555555555555555;0.0;1013.68;0.0;Mostly Cloudy
1511614800;29.0;22.0;0.66;ESE;5.555555555555555;0.0;1012.68;0.0;Mostly Cloudy
1511618400;29.0;22.0;0.66;ESE;5.555555555555555;0.0;1012.68;0.0;Partly Cloudy
1511622000;29.0;21.0;0.62;ESE;6.111111111111111;0.0;1011.68;0.0;Partly Cloudy
1511625600;29.0;22.0;0.66;SE;5.555555555555555;0.0;1010.68;0.0;Partly Cloudy
1511629200;28.0;21.0;0.66;ESE;5.555555555555555;0.0;1010.68;0.0;Partly Cloudy
1511632800;28.0;21.0;0.66;SE;4.166666666666667;0.0;1010.68;0.0;Fair
1511636400;27.0;21.0;0.7;SE;4.722222222222222;0.0;1010.68;0.0;Fair
1511640000;26.0;21.0;0.74;SE;4.722222222222222;0.0;1011.68;0.0;Partly Cloudy
1511643600;26.0;21.0;0.74;SE;3.611111111111111;0.0;1011.68;0.0;Mostly Cloudy
1511647200;26.0;21.0;0.74;SE;4.166666666666667;0.0;1011.68;0.0;Mostly Cloudy
1511650800;26.0;21.0;0.74;SE;4.722222222222222;0.0;1012.68;0.0;Mostly Cloudy
1511654400;26.0;21.0;0.74;ESE;4.722222222222222;0.0;1012.68;0.0;Mostly Cloudy
1511658000;26.0;21.0;0.74;ESE;4.166666666666667;0.0;1011.68;0.0;Mostly Cloudy
1511661600;26.0;22.0;0.78;SE;4.722222222222222;0.0;1011.68;0.0;Partly Cloudy
1511665200;26.0;21.0;0.74;ESE;3.0555555555555554;0.0;1010.68;0.0;Partly Cloudy
1511672400;25.0;21.0;0.78;SE;3.611111111111111;0.0;1010.68;0.0;Mostly Cloudy
1511676000;26.0;21.0;0.74;ESE;4.166666666666667;0.0;1010.68;0.0;Mostly Cloudy
1511679600;26.0;21.0;0.74;ESE;4.722222222222222;0.0;1011.68;0.0;Partly Cloudy
1511683200;26.0;21.0;0.74;ESE;4.722222222222222;0.0;1011.68;0.0;Partly Cloudy
1511686800;27.0;22.0;0.74;ESE;5.277777777777778;0.0;1012.68;0.0;Mostly Cloudy
1511690400;27.0;21.0;0.7;SE;6.666666666666666;0.0;1013.68;0.0;Partly Cloudy
1511694000;28.0;21.0;0.66;ESE;5.555555555555555;0.0;1013.68;0.0;Mostly Cloudy
1511697600;27.0;21.0;0.7;ESE;5.555555555555555;0.0;1013.68;0.0;Mostly Cloudy
1511701200;28.0;20.0;0.62;ESE;6.666666666666666;0.0;1013.68;0.0;Partly Cloudy
1511704800;28.0;21.0;0.66;ESE;6.111111111111111;0.0;1012.68;0.0;Fair
1511708400;29.0;20.0;0.58;SE;5.277777777777778;0.0;1011.68;0.0;Fair
1511712000;28.0;20.0;0.62;SE;6.111111111111111;0.0;1011.68;0.0;Fair
1511715600;28.0;21.0;0.66;SE;5.555555555555555;0.0;1010.68;0.0;Fair
1511719200;28.0;20.0;0.62;SE;5.277777777777778;0.0;1011.68;0.0;Fair
1511722800;28.0;20.0;0.62;SE;4.722222222222222;0.0;1011.68;0.0;Fair
1511726400;26.0;20.0;0.69;SSE;5.555555555555555;0.0;1012.68;0.0;Fair
1511730000;26.0;20.0;0.69;SE;4.722222222222222;0.0;1012.68;0.0;Fair
1511733600;26.0;21.0;0.74;SE;3.611111111111111;0.0;1013.68;0.0;Fair
1511737200;26.0;21.0;0.74;SE;3.0555555555555554;0.0;1013.68;0.0;Fair
1511740800;26.0;21.0;0.74;SE;4.166666666666667;0.0;1013.68;0.0;Partly Cloudy
1511744400;26.0;21.0;0.74;ESE;4.166666666666667;0.0;1013.68;0.0;Partly Cloudy
1511920800;26.0;22.0;0.78;ENE;3.0555555555555554;0.0;1011.68;0.0;Mostly Cloudy
1511924400;26.0;21.0;0.74;ENE;3.0555555555555554;0.0;1010.68;0.0;Partly Cloudy
1511928000;26.0;22.0;0.78;ENE;2.5;0.0;1010.68;0.0;Partly Cloudy
1511931600;26.0;22.0;0.78;ENE;3.611111111111111;0.0;1010.68;0.0;Partly Cloudy
1511935200;26.0;22.0;0.78;ENE;3.0555555555555554;0.0;1010.68;0.0;Partly Cloudy
1511938800;26.0;22.0;0.78;NE;2.5;0.0;1010.68;0.0;Partly Cloudy
1511942400;26.0;22.0;0.78;NE;2.5;0.0;1011.68;0.0;Mostly Cloudy
1511946000;27.0;22.0;0.74;ENE;4.166666666666667;0.0;1011.68;0.0;Mostly Cloudy
1511949600;28.0;22.0;0.7;ENE;5.277777777777778;0.0;1012.68;0.0;Mostly Cloudy
1511953200;28.0;22.0;0.7;ENE;5.277777777777778;0.0;1011.68;0.0;Partly Cloudy
1511956800;29.0;22.0;0.66;NE;4.722222222222222;0.0;1011.68;0.0;Mostly Cloudy
1511960400;29.0;21.0;0.62;ENE;4.166666666666667;0.0;1011.68;0.0;Mostly Cloudy
1511964000;29.0;22.0;0.66;ENE;5.555555555555555;0.0;1010.68;0.0;Partly Cloudy
1511967600;28.0;22.0;0.7;ENE;5.277777777777778;0.0;1009.68;0.0;Partly Cloudy
1511971200;28.0;22.0;0.7;ENE;5.277777777777778;0.0;1009.68;0.0;Partly Cloudy
1511974800;28.0;22.0;0.7;ENE;4.722222222222222;0.0;1008.68;0.0;Partly Cloudy
1511978400;28.0;22.0;0.7;ENE;4.722222222222222;0.0;1008.68;0.0;Fair
1511982000;27.0;22.0;0.74;NE;4.166666666666667;0.0;1008.68;0.0;Fair
1511985600;27.0;22.0;0.74;ENE;3.611111111111111;0.0;1008.68;0.0;Partly Cloudy
1511989200;27.0;22.0;0.74;ENE;3.0555555555555554;0.0;1009.68;0.0;Partly Cloudy
1511992800;27.0;22.0;0.74;ENE;3.611111111111111;0.0;1010.68;0.0;Mostly Cloudy
1511996400;27.0;22.0;0.74;ENE;3.0555555555555554;0.0;1010.68;0.0;Partly Cloudy
1512000000;27.0;22.0;0.74;ENE;3.0555555555555554;0.0;1010.68;0.0;Partly Cloudy
1512003600;26.0;22.0;0.78;NE;3.0555555555555554;0.0;1009.68;0.0;Partly Cloudy
1512093600;26.0;22.0;0.78;NE;3.0555555555555554;0.0;1009.68;0.0;Partly Cloudy
1512097200;26.0;22.0;0.78;NE;3.0555555555555554;0.0;1008.68;0.0;Mostly Cloudy
1512100800;26.0;22.0;0.78;ENE;2.5;0.0;1007.68;0.0;Mostly Cloudy
1512104400;26.0;22.0;0.78;ENE;3.611111111111111;0.0;1008.68;0.0;Mostly Cloudy
1512108000;26.0;21.0;0.74;ENE;4.166666666666667;0.0;1008.68;0.0;Mostly Cloudy
1512111600;26.0;21.0;0.74;ENE;3.0555555555555554;0.0;1009.68;0.0;Fair
1512115200;27.0;22.0;0.74;ENE;3.0555555555555554;0.0;1010.68;0.0;Partly Cloudy
1512118800;27.0;22.0;0.74;ENE;4.166666666666667;0.0;1010.68;0.0;Partly Cloudy
1512122400;28.0;22.0;0.7;ENE;4.166666666666667;0.0;1011.68;0.0;Mostly Cloudy
1512126000;29.0;22.0;0.66;ENE;5.277777777777778;0.0;1011.68;0.0;Fair
1512129600;30.0;22.0;0.62;ENE;5.555555555555555;0.0;1011.68;0.0;Fair
1512133200;30.0;22.0;0.62;ENE;4.722222222222222;0.0;1011.68;0.0;Fair
1512136800;29.0;22.0;0.66;E;5.277777777777778;0.0;1010.68;0.0;Partly Cloudy
1512140400;29.0;22.0;0.66;ENE;5.555555555555555;0.0;1010.68;0.0;Fair
1512144000;29.0;22.0;0.66;ENE;4.722222222222222;0.0;1009.68;0.0;Partly Cloudy
1512147600;29.0;22.0;0.66;ENE;4.722222222222222;0.0;1009.68;0.0;Partly Cloudy
1512151200;28.0;23.0;0.74;NE;4.166666666666667;0.0;1009.68;0.0;Partly Cloudy
1512154800;28.0;22.0;0.7;ENE;4.166666666666667;0.0;1010.68;0.0;Fair
1512158400;27.0;22.0;0.74;ENE;3.611111111111111;0.0;1010.68;0.0;Fair
1512162000;27.0;21.0;0.7;ENE;3.611111111111111;0.0;1011.68;0.0;Partly Cloudy
1512165600;27.0;21.0;0.7;ENE;4.166666666666667;0.0;1011.68;0.0;Partly Cloudy
1512169200;27.0;22.0;0.74;ENE;3.0555555555555554;0.0;1011.68;0.0;Partly Cloudy
1512172800;27.0;22.0;0.74;ENE;3.0555555555555554;0.0;1011.68;0.0;Mostly Cloudy
1512176400;26.0;21.0;0.74;ENE;3.0555555555555554;0.0;1010.68;0.0;Partly Cloudy
1512439200;26.0;22.0;0.78;E;2.5;0.0;1010.68;0.0;Partly Cloudy
1512442800;26.0;22.0;0.78;ESE;1.9444444444444444;0.0;1010.68;0.0;Partly Cloudy
1512446400;27.0;22.0;0.74;E;2.5;0.0;1009.68;0.0;Partly Cloudy
1512450000;26.0;22.0;0.78;ESE;1.9444444444444444;0.0;1009.68;0.0;Partly Cloudy
1512453600;26.0;23.0;0.83;E;2.5;0.0;1009.68;0.0;Partly Cloudy
1512457200;26.0;22.0;0.78;E;3.0555555555555554;0.0;1010.68;0.0;Mostly Cloudy
1512460800;27.0;22.0;0.74;E;2.5;0.0;1011.68;0.0;Partly Cloudy
1512464400;28.0;22.0;0.7;ESE;4.166666666666667;0.0;1011.68;0.0;Partly Cloudy
1512468000;29.0;23.0;0.7;E;3.0555555555555554;0.0;1011.68;0.0;Partly Cloudy
1512471600;29.0;23.0;0.7;ESE;3.611111111111111;0.0;1012.68;0.0;Partly Cloudy
1512475200;29.0;23.0;0.7;ESE;4.722222222222222;0.0;1011.68;0.0;Partly Cloudy
1512478800;30.0;22.0;0.62;ESE;4.722222222222222;0.0;1011.68;0.0;Partly Cloudy
1512482400;30.0;23.0;0.66;VAR;4.722222222222222;0.0;1011.68;0.0;Partly Cloudy
1512486000;29.0;23.0;0.7;E;4.722222222222222;0.0;1010.68;0.0;Partly Cloudy
1512489600;30.0;23.0;0.66;SE;5.277777777777778;0.0;1010.68;0.0;Partly Cloudy
1512493200;29.0;23.0;0.7;E;5.277777777777778;0.0;1009.68;0.0;Partly Cloudy
1512496800;28.0;23.0;0.74;E;3.611111111111111;0.0;1009.68;0.0;Mostly Cloudy
1512500400;28.0;22.0;0.7;E;3.611111111111111;0.0;1009.68;0.0;Partly Cloudy
1512504000;27.0;22.0;0.74;E;3.611111111111111;0.0;1009.68;0.0;Fair
1512507600;27.0;23.0;0.79;ENE;3.0555555555555554;0.0;1010.68;0.0;Mostly Cloudy
1512511200;27.0;22.0;0.74;ENE;2.5;0.0;1010.68;0.0;Partly Cloudy
1512514800;27.0;23.0;0.79;E;3.0555555555555554;0.0;1010.68;0.0;Mostly Cloudy
1512518400;27.0;23.0;0.79;ENE;2.5;0.0;1011.68;0.0;Mostly Cloudy
1512522000;27.0;22.0;0.74;ENE;3.611111111111111;0.0;1010.68;0.0;Mostly Cloudy
1512525600;27.0;22.0;0.74;NE;2.5;0.0;1010.68;0.0;Mostly Cloudy
1512529200;26.0;23.0;0.83;ENE;1.9444444444444444;0.0;1009.68;0.0;Partly Cloudy
1512532800;26.0;23.0;0.83;ESE;1.6666666666666665;0.0;1009.68;0.0;Fair
1512536400;27.0;22.0;0.74;ESE;2.5;0.0;1008.68;0.0;Mostly Cloudy
1512540000;27.0;22.0;0.74;E;1.9444444444444444;0.0;1008.68;0.0;Mostly Cloudy
1512543600;26.0;22.0;0.78;E;2.5;0.0;1008.68;0.0;Mostly Cloudy
1512547200;27.0;22.0;0.74;ENE;3.0555555555555554;0.0;1009.68;0.0;Partly Cloudy
1512550800;27.0;22.0;0.74;NE;3.0555555555555554;0.0;1009.68;0.0;Mostly Cloudy
1512554400;28.0;22.0;0.7;E;3.611111111111111;0.0;1010.68;0.0;Partly Cloudy
1512558000;29.0;22.0;0.66;E;3.611111111111111;0.0;1010.68;0.0;Partly Cloudy
1512561600;29.0;23.0;0.7;ESE;4.722222222222222;0.0;1010.68;0.0;Mostly Cloudy
1512565200;29.0;23.0;0.7;ESE;4.722222222222222;0.0;1010.68;0.0;Mostly Cloudy
1512568800;30.0;23.0;0.66;E;4.166666666666667;0.0;1009.68;0.0;Partly Cloudy
1512572400;30.0;23.0;0.66;E;4.166666666666667;0.0;1008.68;0.0;Mostly Cloudy
1512576000;29.0;23.0;0.7;E;4.722222222222222;0.0;1008.68;0.0;Partly Cloudy
1512579600;28.0;22.0;0.7;E;3.611111111111111;0.0;1007.68;0.0;Fair
1512583200;28.0;22.0;0.7;ESE;4.722222222222222;0.0;1007.68;0.0;Fair
1512586800;28.0;22.0;0.7;E;4.166666666666667;0.0;1007.68;0.0;Partly Cloudy
1512590400;27.0;22.0;0.74;E;3.611111111111111;0.0;1007.68;0.0;Partly Cloudy
1512594000;27.0;22.0;0.74;ENE;2.5;0.0;1008.68;0.0;Partly Cloudy
1512597600;27.0;22.0;0.74;ENE;3.0555555555555554;0.0;1009.68;0.0;Partly Cloudy
1512601200;27.0;22.0;0.74;ENE;3.0555555555555554;0.0;1009.68;0.0;Partly Cloudy
1512604800;27.0;22.0;0.74;ENE;3.0555555555555554;0.0;1009.68;0.0;Partly Cloudy
1512608400;26.0;22.0;0.78;ENE;3.0555555555555554;0.0;1009.68;0.0;Partly Cloudy
1512612000;26.0;22.0;0.78;ENE;2.5;0.0;1009.68;0.0;Partly Cloudy
1512615600;26.0;22.0;0.78;NE;1.9444444444444444;0.0;1009.68;0.0;Fair
1512619200;26.0;22.0;0.78;ENE;1.9444444444444444;0.0;1008.68;0.0;Mostly Cloudy
1512622800;26.0;22.0;0.78;ENE;1.9444444444444444;0.0;1009.68;0.0;Partly Cloudy
1512626400;26.0;22.0;0.78;E;1.9444444444444444;0.0;1009.68;0.0;Partly Cloudy
1512630000;26.0;22.0;0.78;E;1.9444444444444444;0.0;1009.68;0.0;Partly Cloudy
1512633600;27.0;22.0;0.74;E;2.5;0.0;1009.68;0.0;Fair
1512637200;27.0;22.0;0.74;E;3.0555555555555554;0.0;1010.68;0.0;Partly Cloudy
1512640800;28.0;22.0;0.7;ENE;3.611111111111111;0.0;1010.68;0.0;Fair
1512644400;29.0;22.0;0.66;E;3.611111111111111;0.0;1010.68;0.0;Partly Cloudy
1512648000;29.0;20.0;0.58;ENE;3.611111111111111;0.0;1009.68;0.0;Fair
1512651600;29.0;22.0;0.66;NE;4.166666666666667;0.0;1009.68;0.0;Partly Cloudy
1512655200;30.0;22.0;0.62;E;4.722222222222222;0.0;1009.68;0.0;Partly Cloudy
1512658800;30.0;22.0;0.62;ENE;4.722222222222222;0.0;1008.68;0.0;Fair
1512662400;29.0;22.0;0.66;ENE;4.166666666666667;0.0;1007.68;0.0;Fair
1512666000;29.0;22.0;0.66;E;3.611111111111111;0.0;1007.68;0.0;Partly Cloudy
1512669600;28.0;22.0;0.7;E;3.611111111111111;0.0;1007.68;0.0;Partly Cloudy
1512673200;28.0;22.0;0.7;ENE;3.0555555555555554;0.0;1007.68;0.0;Partly Cloudy
1512676800;27.0;22.0;0.74;ENE;2.5;0.0;1007.68;0.0;Partly Cloudy
1512680400;27.0;22.0;0.74;ENE;2.5;0.0;1008.68;0.0;Mostly Cloudy
1512684000;27.0;22.0;0.74;ENE;2.5;0.0;1009.68;0.0;Partly Cloudy
1512687600;27.0;22.0;0.74;ENE;3.0555555555555554;0.0;1009.68;0.0;Fair
1512691200;27.0;22.0;0.74;NE;3.0555555555555554;0.0;1009.68;0.0;Fair
1512694800;27.0;22.0;0.74;NE;2.5;0.0;1008.68;0.0;Fair
1512698400;27.0;22.0;0.74;NE;2.5;0.0;1008.68;0.0;Partly Cloudy
1512702000;26.0;22.0;0.78;NE;3.0555555555555554;0.0;1007.68;0.0;Partly Cloudy
1512705600;26.0;22.0;0.78;NE;3.0555555555555554;0.0;1007.68;0.0;Partly Cloudy
1512709200;26.0;22.0;0.78;NE;2.5;0.0;1008.68;0.0;Mostly Cloudy
1512712800;26.0;22.0;0.78;NNE;1.9444444444444444;0.0;1008.68;0.0;Fair
1512716400;24.0;22.0;0.89;NW;1.6666666666666665;0.0;1009.68;0.0;Partly Cloudy
1512720000;25.0;22.0;0.83;NW;1.6666666666666665;0.0;1009.68;0.0;Fair
1512723600;27.0;23.0;0.79;NW;1.9444444444444444;0.0;1010.68;0.0;Partly Cloudy
1512727200;28.0;22.0;0.7;NE;4.722222222222222;0.0;1010.68;0.0;Mostly Cloudy
1512730800;29.0;22.0;0.66;ENE;4.722222222222222;0.0;1010.68;0.0;Fair
1512734400;30.0;22.0;0.62;ENE;5.277777777777778;0.0;1010.68;0.0;Fair
1512738000;30.0;22.0;0.62;NE;5.555555555555555;0.0;1009.68;0.0;Fair
1512741600;31.0;22.0;0.58;ENE;5.555555555555555;0.0;1009.68;0.0;Fair
1512745200;30.0;22.0;0.62;NE;5.555555555555555;0.0;1008.68;0.0;Fair
1512748800;30.0;24.0;0.7;ENE;6.111111111111111;0.0;1007.68;0.0;Fair
1512752400;30.0;23.0;0.66;NE;6.111111111111111;0.0;1007.68;0.0;Fair
1512756000;29.0;23.0;0.7;NE;5.555555555555555;0.0;1007.68;0.0;Fair
1512759600;28.0;23.0;0.74;NE;5.555555555555555;0.0;1007.68;0.0;Fair
1512763200;28.0;23.0;0.74;NE;4.166666666666667;0.0;1007.68;0.0;Fair
1512766800;27.0;23.0;0.79;NE;5.277777777777778;0.0;1008.68;0.0;Fair
1512770400;27.0;23.0;0.79;NE;4.166666666666667;0.0;1009.68;0.0;Partly Cloudy
1512774000;27.0;23.0;0.79;NNE;4.722222222222222;0.0;1009.68;0.0;Mostly Cloudy
1512777600;27.0;23.0;0.79;NE;4.722222222222222;0.0;1009.68;0.0;Mostly Cloudy
1512781200;27.0;22.0;0.74;NNE;5.277777777777778;0.0;1009.68;0.0;Mostly Cloudy
1512784800;27.0;22.0;0.74;NNE;4.722222222222222;0.0;1008.68;0.0;Partly Cloudy
1512788400;27.0;22.0;0.74;N;3.0555555555555554;0.0;1008.68;0.0;Partly Cloudy
1512792000;27.0;22.0;0.74;N;2.5;0.0;1008.68;0.0;Partly Cloudy
1512795600;25.0;22.0;0.83;NNW;3.0555555555555554;0.0;1008.68;0.0;Partly Cloudy
1512799200;25.0;23.0;0.89;NW;2.5;0.0;1008.68;0.0;Partly Cloudy
1512802800;25.0;22.0;0.83;NW;3.0555555555555554;0.0;1009.68;0.0;Partly Cloudy
1512806400;25.0;22.0;0.83;NNW;2.5;0.0;1009.68;0.0;Partly Cloudy
1512810000;27.0;23.0;0.79;NNW;3.0555555555555554;0.0;1010.68;0.0;Partly Cloudy
1512813600;28.0;23.0;0.74;N;4.166666666666667;0.0;1010.68;0.0;Partly Cloudy
1512817200;29.0;22.0;0.66;N;4.722222222222222;0.0;1009.68;0.0;Fair
1512820800;30.0;21.0;0.58;N;5.555555555555555;0.0;1009.68;0.0;Partly Cloudy
1512824400;30.0;23.0;0.66;NE;6.111111111111111;0.0;1008.68;0.0;Partly Cloudy
1512828000;30.0;23.0;0.66;NE;5.555555555555555;10.833333333333334;1008.68;0.0;Fair
1512831600;31.0;23.0;0.62;NE;6.666666666666666;0.0;1007.68;0.0;Fair
1512835200;30.0;22.0;0.62;NE;6.111111111111111;0.0;1006.69;0.0;Fair
1512838800;30.0;22.0;0.62;NE;5.555555555555555;0.0;1006.69;0.0;Fair
1512842400;29.0;22.0;0.66;NE;5.555555555555555;0.0;1006.69;0.0;Fair
1512846000;28.0;22.0;0.7;NNE;5.277777777777778;0.0;1007.68;0.0;Fair
1512849600;28.0;22.0;0.7;NNE;5.277777777777778;0.0;1007.68;0.0;Fair
1512853200;27.0;23.0;0.79;NNE;5.277777777777778;0.0;1007.68;0.0;Fair
1512856800;27.0;22.0;0.74;NNE;5.277777777777778;0.0;1008.68;0.0;Fair
1512860400;27.0;23.0;0.79;NNE;4.166666666666667;0.0;1008.68;0.0;Partly Cloudy
1512864000;27.0;23.0;0.79;NNE;4.166666666666667;0.0;1008.68;0.0;Partly Cloudy
1512867600;27.0;22.0;0.74;E;4.166666666666667;0.0;1008.68;0.0;Partly Cloudy
1513130400;27.0;22.0;0.74;ENE;3.611111111111111;0.0;1009.68;0.0;Partly Cloudy
1513134000;26.0;22.0;0.78;ENE;3.0555555555555554;0.0;1009.68;0.0;Mostly Cloudy
1513137600;26.0;22.0;0.78;E;3.0555555555555554;0.0;1008.68;0.0;Mostly Cloudy
1513141200;27.0;22.0;0.74;E;3.611111111111111;0.0;1008.68;0.0;Mostly Cloudy
1513144800;26.0;22.0;0.78;E;3.0555555555555554;0.0;1009.68;0.0;Partly Cloudy
1513148400;26.0;22.0;0.78;E;3.0555555555555554;0.0;1009.68;0.0;Partly Cloudy
1513152000;27.0;22.0;0.74;E;3.611111111111111;0.0;1010.68;0.0;Fair
1513155600;27.0;22.0;0.74;E;3.611111111111111;0.0;1011.68;0.0;Partly Cloudy
1513159200;29.0;22.0;0.66;E;4.722222222222222;0.0;1011.68;0.0;Partly Cloudy
1513162800;29.0;22.0;0.66;E;4.722222222222222;0.0;1012.68;0.0;Fair
1513166400;29.0;21.0;0.62;E;5.277777777777778;0.0;1012.68;0.0;Partly Cloudy
1513170000;29.0;22.0;0.66;E;5.555555555555555;0.0;1011.68;0.0;Partly Cloudy
1513173600;29.0;22.0;0.66;E;6.111111111111111;0.0;1011.68;0.0;Partly Cloudy
1513177200;31.0;22.0;0.58;ESE;4.722222222222222;0.0;1010.68;0.0;Fair
1513180800;29.0;22.0;0.66;ESE;5.277777777777778;0.0;1010.68;0.0;Partly Cloudy
1513184400;28.0;21.0;0.66;E;3.611111111111111;0.0;1010.68;0.0;Partly Cloudy
1513188000;28.0;22.0;0.7;SE;4.166666666666667;0.0;1010.68;0.0;Partly Cloudy
1513191600;28.0;21.0;0.66;E;3.611111111111111;0.0;1011.68;0.0;Fair
1513195200;27.0;21.0;0.7;E;3.0555555555555554;0.0;1011.68;0.0;Fair
1513198800;27.0;21.0;0.7;ESE;2.5;0.0;1012.68;0.0;Fair
1513202400;27.0;21.0;0.7;ESE;3.0555555555555554;0.0;1013.68;0.0;Fair
1513206000;27.0;21.0;0.7;ESE;3.0555555555555554;0.0;1013.68;0.0;Fair
1513209600;27.0;22.0;0.74;ESE;3.0555555555555554;0.0;1013.68;0.0;Partly Cloudy
1513213200;27.0;21.0;0.7;ESE;3.0555555555555554;0.0;1013.68;0.0;Partly Cloudy
1513216800;26.0;21.0;0.74;ESE;2.5;0.0;1012.68;0.0;Fair
1513220400;26.0;20.0;0.69;SE;3.611111111111111;0.0;1012.68;0.0;Partly Cloudy
1513224000;26.0;20.0;0.69;ESE;4.166666666666667;0.0;1012.68;0.0;Partly Cloudy
1513227600;26.0;20.0;0.69;ESE;3.611111111111111;0.0;1012.68;0.0;Fair
1513231200;26.0;20.0;0.69;SE;2.5;0.0;1011.68;0.0;Fair
1513234800;25.0;20.0;0.74;SE;3.0555555555555554;0.0;1012.68;0.0;Fair
1513238400;26.0;20.0;0.69;SE;3.611111111111111;0.0;1012.68;0.0;Fair
1513242000;28.0;20.0;0.62;ESE;4.166666666666667;0.0;1012.68;0.0;Fair
1513245600;28.0;20.0;0.62;ESE;5.277777777777778;0.0;1012.68;0.0;Fair
1513249200;29.0;21.0;0.62;ESE;5.555555555555555;0.0;1013.68;0.0;Fair
1513252800;28.0;21.0;0.66;SE;5.277777777777778;0.0;1012.68;0.0;Partly Cloudy
1513256400;30.0;22.0;0.62;SE;5.277777777777778;0.0;1012.68;0.0;Partly Cloudy
1513260000;30.0;21.0;0.58;SE;5.277777777777778;0.0;1011.68;0.0;Partly Cloudy
1513263600;30.0;22.0;0.62;ESE;5.277777777777778;0.0;1011.68;0.0;Partly Cloudy
1513267200;29.0;20.0;0.58;SE;5.277777777777778;0.0;1010.68;0.0;Fair
1513270800;28.0;21.0;0.66;ESE;5.277777777777778;0.0;1010.68;0.0;Fair
1513274400;28.0;21.0;0.66;SE;5.277777777777778;0.0;1009.68;0.0;Partly Cloudy
1513278000;27.0;21.0;0.7;ESE;4.166666666666667;0.0;1010.68;0.0;Partly Cloudy
1513281600;27.0;21.0;0.7;ESE;4.166666666666667;0.0;1010.68;0.0;Partly Cloudy
1513285200;27.0;21.0;0.7;ESE;3.611111111111111;0.0;1011.68;0.0;Partly Cloudy
1513288800;27.0;21.0;0.7;ESE;3.611111111111111;0.0;1012.68;0.0;Partly Cloudy
1513292400;27.0;21.0;0.7;ESE;3.611111111111111;0.0;1012.68;0.0;Partly Cloudy
1513296000;27.0;21.0;0.7;E;3.0555555555555554;0.0;1012.68;0.0;Partly Cloudy
1513299600;27.0;21.0;0.7;E;2.5;0.0;1012.68;0.0;Partly Cloudy
1513303200;26.0;21.0;0.74;ESE;3.611111111111111;0.0;1011.68;0.0;Partly Cloudy
1513306800;26.0;21.0;0.74;E;3.611111111111111;0.0;1011.68;0.0;Partly Cloudy
1513310400;26.0;21.0;0.74;ESE;3.611111111111111;0.0;1011.68;0.0;Fair
1513314000;26.0;21.0;0.74;ESE;3.0555555555555554;0.0;1011.68;0.0;Fair
1513317600;26.0;21.0;0.74;ESE;3.611111111111111;0.0;1011.68;0.0;Partly Cloudy
1513321200;26.0;21.0;0.74;E;1.9444444444444444;0.0;1011.68;0.0;Partly Cloudy
1513324800;26.0;21.0;0.74;ESE;3.611111111111111;0.0;1012.68;0.0;Partly Cloudy
1513328400;27.0;21.0;0.7;ESE;4.166666666666667;0.0;1011.68;0.0;Fair
1513332000;28.0;22.0;0.7;SE;5.277777777777778;0.0;1012.68;0.0;Mostly Cloudy
1513335600;29.0;21.0;0.62;E;4.722222222222222;0.0;1012.68;0.0;Mostly Cloudy
1513339200;29.0;22.0;0.66;SE;5.555555555555555;0.0;1012.68;0.0;Partly Cloudy
1513342800;29.0;22.0;0.66;ESE;5.277777777777778;0.0;1012.68;0.0;Partly Cloudy
1513346400;30.0;22.0;0.62;ESE;5.555555555555555;0.0;1011.68;0.0;Fair
1513350000;29.0;22.0;0.66;ESE;5.277777777777778;0.0;1010.68;0.0;Fair
1513353600;29.0;21.0;0.62;ESE;5.555555555555555;0.0;1010.68;0.0;Fair
1513357200;29.0;22.0;0.66;ESE;5.277777777777778;0.0;1009.68;0.0;Fair
1513360800;28.0;22.0;0.7;ESE;4.166666666666667;0.0;1009.68;0.0;Partly Cloudy
1513364400;28.0;22.0;0.7;E;3.0555555555555554;0.0;1009.68;0.0;Partly Cloudy
1513368000;27.0;22.0;0.74;ESE;4.166666666666667;0.0;1010.68;0.0;Mostly Cloudy
1513371600;27.0;22.0;0.74;ESE;3.0555555555555554;0.0;1011.68;0.0;Partly Cloudy
1513375200;27.0;22.0;0.74;SE;4.722222222222222;0.0;1011.68;0.0;Partly Cloudy
1513378800;27.0;22.0;0.74;SE;4.722222222222222;0.0;1011.68;0.0;Mostly Cloudy
1513382400;27.0;23.0;0.79;ESE;3.0555555555555554;0.0;1011.68;0.0;Partly Cloudy
1513386000;27.0;22.0;0.74;ESE;3.611111111111111;0.0;1011.68;0.0;Partly Cloudy
1513389600;27.0;22.0;0.74;ESE;3.0555555555555554;0.0;1011.68;0.0;Partly Cloudy
1513393200;27.0;22.0;0.74;ESE;4.722222222222222;0.0;1010.68;0.0;Partly Cloudy
1513396800;26.0;22.0;0.78;ESE;4.166666666666667;0.0;1010.68;0.0;Partly Cloudy
1513400400;26.0;22.0;0.78;E;3.0555555555555554;0.0;1010.68;0.0;Partly Cloudy
1513404000;26.0;22.0;0.78;ESE;3.611111111111111;0.0;1010.68;0.0;Partly Cloudy
1513407600;26.0;22.0;0.78;E;3.0555555555555554;0.0;1011.68;0.0;Partly Cloudy
1513411200;27.0;22.0;0.74;ESE;3.0555555555555554;0.0;1011.68;0.0;Partly Cloudy
1513414800;28.0;22.0;0.7;E;3.611111111111111;0.0;1012.68;0.0;Mostly Cloudy
1513418400;28.0;22.0;0.7;E;4.722222222222222;0.0;1012.68;0.0;Partly Cloudy
1513422000;29.0;23.0;0.7;ESE;4.722222222222222;0.0;1012.68;0.0;Partly Cloudy
1513425600;30.0;23.0;0.66;E;4.166666666666667;0.0;1012.68;0.0;Partly Cloudy
1513429200;28.0;22.0;0.7;E;4.166666666666667;0.0;1012.68;0.0;Partly Cloudy
1513432800;30.0;22.0;0.62;E;4.722222222222222;0.0;1011.68;0.0;Partly Cloudy
1513436400;29.0;23.0;0.7;E;5.277777777777778;0.0;1011.68;0.0;Partly Cloudy
1513440000;29.0;22.0;0.66;E;4.166666666666667;0.0;1010.68;0.0;Fair
1513443600;29.0;23.0;0.7;ESE;4.166666666666667;0.0;1010.68;0.0;Partly Cloudy
1513447200;29.0;22.0;0.66;ESE;4.722222222222222;0.0;1010.68;0.0;Partly Cloudy
1513450800;28.0;23.0;0.74;E;3.0555555555555554;0.0;1010.68;0.0;Partly Cloudy
1513454400;27.0;23.0;0.79;E;3.611111111111111;0.0;1011.68;0.0;Fair
1513458000;27.0;23.0;0.79;E;4.166666666666667;0.0;1011.68;0.0;Partly Cloudy
1513461600;27.0;23.0;0.79;E;3.611111111111111;0.0;1012.68;0.0;Mostly Cloudy
1513465200;27.0;23.0;0.79;E;4.722222222222222;0.0;1012.68;0.0;Partly Cloudy
1513468800;27.0;23.0;0.79;E;3.611111111111111;0.0;1012.68;0.0;Mostly Cloudy
1513472400;27.0;23.0;0.79;E;3.611111111111111;0.0;1011.68;0.0;Mostly Cloudy
1513476000;27.0;23.0;0.79;E;3.611111111111111;0.0;1011.68;0.0;Partly Cloudy
1513479600;27.0;23.0;0.79;ENE;2.5;0.0;1010.68;0.0;Partly Cloudy
1513483200;27.0;22.0;0.74;E;3.0555555555555554;0.0;1010.68;0.0;Partly Cloudy
1513486800;27.0;23.0;0.79;E;3.0555555555555554;0.0;1010.68;0.0;Partly Cloudy
1513490400;27.0;23.0;0.79;E;4.166666666666667;0.0;1010.68;0.0;Partly Cloudy
1513494000;26.0;23.0;0.83;E;4.166666666666667;0.0;1010.68;0.0;Partly Cloudy
1513497600;27.0;23.0;0.79;ENE;4.166666666666667;0.0;1011.68;0.0;Partly Cloudy
1513501200;27.0;23.0;0.79;ENE;3.611111111111111;0.0;1012.68;0.0;Partly Cloudy
1513504800;28.0;23.0;0.74;ENE;4.722222222222222;0.0;1012.68;0.0;Mostly Cloudy
1513508400;29.0;23.0;0.7;E;5.277777777777778;0.0;1012.68;0.0;Fair
1513512000;29.0;23.0;0.7;E;5.277777777777778;0.0;1012.68;0.0;Partly Cloudy
1513515600;30.0;23.0;0.66;E;5.555555555555555;0.0;1012.68;0.0;Partly Cloudy
1513519200;29.0;22.0;0.66;E;6.111111111111111;0.0;1011.68;0.0;Fair
1513522800;30.0;23.0;0.66;E;4.722222222222222;0.0;1011.68;0.0;Partly Cloudy
1513526400;30.0;23.0;0.66;E;4.722222222222222;0.0;1011.68;0.0;Partly Cloudy
1513530000;29.0;22.0;0.66;E;4.722222222222222;0.0;1011.68;0.0;Partly Cloudy
1513533600;28.0;23.0;0.74;E;4.166666666666667;0.0;1011.68;0.0;Partly Cloudy
1513537200;27.0;23.0;0.79;ESE;5.555555555555555;0.0;1011.68;0.0;Partly Cloudy
1513540800;27.0;23.0;0.79;E;3.611111111111111;0.0;1011.68;0.0;Fair
1513544400;27.0;22.0;0.74;E;4.722222222222222;0.0;1012.68;0.0;Partly Cloudy
1513548000;27.0;22.0;0.74;E;5.277777777777778;0.0;1013.68;0.0;Partly Cloudy
1513551600;27.0;22.0;0.74;E;4.722222222222222;0.0;1013.68;0.0;Mostly Cloudy
1513555200;27.0;22.0;0.74;ESE;3.611111111111111;0.0;1013.68;0.0;Partly Cloudy
1513558800;27.0;22.0;0.74;ESE;3.611111111111111;0.0;1013.68;0.0;Partly Cloudy
1513562400;27.0;22.0;0.74;ESE;3.611111111111111;0.0;1012.68;0.0;Partly Cloudy
1513566000;27.0;22.0;0.74;ESE;3.0555555555555554;0.0;1011.68;0.0;Mostly Cloudy
1513569600;26.0;22.0;0.78;SE;4.166666666666667;0.0;1011.68;0.0;Partly Cloudy
1513573200;27.0;22.0;0.74;ESE;3.611111111111111;0.0;1011.68;0.0;Partly Cloudy
1513576800;26.0;22.0;0.78;ESE;3.611111111111111;0.0;1011.68;0.0;Fair
1513580400;26.0;22.0;0.78;ESE;3.611111111111111;0.0;1011.68;0.0;Partly Cloudy
1513584000;27.0;22.0;0.74;E;4.166666666666667;0.0;1011.68;0.0;Fair
1513587600;28.0;22.0;0.7;E;4.722222222222222;0.0;1012.68;0.0;Partly Cloudy
1513591200;28.0;22.0;0.7;E;4.166666666666667;0.0;1012.68;0.0;Mostly Cloudy
1513594800;28.0;22.0;0.7;ESE;4.722222222222222;0.0;1012.68;0.0;Mostly Cloudy
1513598400;29.0;22.0;0.66;E;4.722222222222222;0.0;1013.68;0.0;Mostly Cloudy
1513602000;29.0;22.0;0.66;E;6.111111111111111;0.0;1012.68;0.0;Partly Cloudy
1513605600;30.0;22.0;0.62;E;4.722222222222222;0.0;1012.68;0.0;Mostly Cloudy
1513609200;29.0;22.0;0.66;VAR;5.277777777777778;0.0;1011.68;0.0;Mostly Cloudy
1513612800;29.0;22.0;0.66;ESE;6.111111111111111;0.0;1010.68;0.0;Partly Cloudy
1513616400;29.0;21.0;0.62;E;4.722222222222222;0.0;1010.68;0.0;Fair
1513620000;28.0;21.0;0.66;ESE;4.722222222222222;0.0;1010.68;0.0;Fair
1513623600;28.0;21.0;0.66;ESE;4.722222222222222;0.0;1010.68;0.0;Partly Cloudy
1513627200;27.0;22.0;0.74;SE;5.277777777777778;0.0;1011.68;0.0;Fair
1513630800;27.0;21.0;0.7;ESE;4.722222222222222;0.0;1011.68;0.0;Partly Cloudy
1513634400;27.0;22.0;0.74;ESE;4.722222222222222;0.0;1012.68;0.0;Partly Cloudy
1513638000;27.0;22.0;0.74;ESE;3.611111111111111;0.0;1012.68;0.0;Partly Cloudy
1513641600;27.0;21.0;0.7;ESE;4.166666666666667;0.0;1012.68;0.0;Partly Cloudy
1513645200;27.0;22.0;0.74;ESE;4.166666666666667;0.0;1012.68;0.0;Partly Cloudy
1513648800;27.0;22.0;0.74;SE;3.611111111111111;0.0;1011.68;0.0;Partly Cloudy
1513652400;27.0;21.0;0.7;ESE;4.722222222222222;0.0;1011.68;0.0;Partly Cloudy
1513656000;27.0;21.0;0.7;ESE;3.611111111111111;0.0;1011.68;0.0;Partly Cloudy
1513659600;26.0;22.0;0.78;SE;4.166666666666667;0.0;1011.68;0.0;Partly Cloudy
1513663200;26.0;22.0;0.78;SE;4.166666666666667;0.0;1011.68;0.0;Partly Cloudy
1513666800;26.0;22.0;0.78;ESE;3.0555555555555554;0.0;1011.68;0.0;Showers in the Vicinity
1513670400;26.0;22.0;0.78;ESE;4.166666666666667;0.0;1012.68;0.0;Partly Cloudy
1513674000;27.0;22.0;0.74;ESE;3.611111111111111;8.61111111111111;0.0;0.0;Showers in the Vicinity
1513677600;28.0;22.0;0.7;ESE;5.277777777777778;0.0;1013.68;0.0;Mostly Cloudy
1513681200;28.0;21.0;0.66;ESE;4.722222222222222;0.0;1013.68;0.0;Mostly Cloudy
1513684800;29.0;21.0;0.62;SE;5.277777777777778;0.0;1013.68;0.0;Partly Cloudy
1513688400;28.0;22.0;0.7;SE;3.611111111111111;0.0;1012.68;0.0;Fair
1513692000;30.0;22.0;0.62;SE;4.166666666666667;0.0;1012.68;0.0;Partly Cloudy
1513695600;29.0;23.0;0.7;SE;3.0555555555555554;0.0;1011.68;0.0;Partly Cloudy
1513697760;28.0;23.0;0.74;SE;5.555555555555555;0.0;1011.68;0.0;Light Rain
1513699200;0.0;0.0;0.0;ESE;5.277777777777778;0.0;1011.68;0.0;Rain
1513702800;0.0;0.0;0.0;SE;4.722222222222222;0.0;1010.68;0.0;Light Rain
1513706400;25.0;23.0;0.89;SE;4.166666666666667;0.0;1010.68;0.0;Light Rain
1513710000;25.0;22.0;0.83;SSE;3.0555555555555554;0.0;1010.68;0.0;Mostly Cloudy
1513713600;26.0;23.0;0.83;SE;2.5;0.0;1011.68;0.0;Mostly Cloudy
1513717200;26.0;22.0;0.78;SE;3.0555555555555554;0.0;1011.68;0.0;Partly Cloudy
1513720800;26.0;23.0;0.83;SE;4.166666666666667;0.0;1011.68;0.0;Partly Cloudy
1513724400;26.0;22.0;0.78;SE;3.611111111111111;0.0;1011.68;0.0;Partly Cloudy
1513728000;26.0;23.0;0.83;SE;3.0555555555555554;0.0;1011.68;0.0;Partly Cloudy
1513731600;27.0;22.0;0.74;ESE;4.722222222222222;0.0;1011.68;0.0;Mostly Cloudy
1513735200;26.0;22.0;0.78;SE;4.166666666666667;0.0;1010.68;0.0;Mostly Cloudy
1513738800;26.0;22.0;0.78;ESE;3.0555555555555554;0.0;1009.68;0.0;Mostly Cloudy
1513742400;26.0;22.0;0.78;ESE;4.166666666666667;0.0;1009.68;0.0;Mostly Cloudy
1513746000;26.0;22.0;0.78;ESE;3.611111111111111;0.0;1009.68;0.0;Partly Cloudy
1513749600;26.0;22.0;0.78;SE;4.166666666666667;0.0;1009.68;0.0;Mostly Cloudy
1513753200;26.0;23.0;0.83;ESE;3.611111111111111;0.0;1009.68;0.0;Mostly Cloudy
1513756800;26.0;22.0;0.78;SE;4.166666666666667;0.0;1010.68;0.0;Mostly Cloudy
1513760400;27.0;23.0;0.79;ESE;3.611111111111111;0.0;1010.68;0.0;Mostly Cloudy
1513764000;27.0;23.0;0.79;SE;4.722222222222222;0.0;1010.68;0.0;Mostly Cloudy
1513767600;28.0;23.0;0.74;ESE;5.555555555555555;0.0;1011.68;0.0;Partly Cloudy
1513771200;29.0;22.0;0.66;SE;5.277777777777778;0.0;1011.68;0.0;Partly Cloudy
1513774800;29.0;22.0;0.66;SE;5.277777777777778;0.0;1011.68;0.0;Mostly Cloudy
1513778400;28.0;22.0;0.7;SE;5.277777777777778;0.0;1010.68;0.0;Mostly Cloudy
1513782000;28.0;22.0;0.7;SE;5.277777777777778;0.0;1010.68;0.0;Mostly Cloudy
1513785600;28.0;22.0;0.7;ESE;5.277777777777778;0.0;1009.68;0.0;Mostly Cloudy
1513789200;29.0;22.0;0.66;ESE;4.722222222222222;0.0;1009.68;0.0;Mostly Cloudy
1513792800;28.0;22.0;0.7;SE;4.722222222222222;0.0;1009.68;0.0;Mostly Cloudy
1513796400;28.0;22.0;0.7;ESE;4.166666666666667;0.0;1010.68;0.0;Mostly Cloudy
1513800000;27.0;22.0;0.74;ESE;3.611111111111111;0.0;1010.68;0.0;Mostly Cloudy
1513803600;27.0;21.0;0.7;SE;4.722222222222222;0.0;1010.68;0.0;Partly Cloudy
1513807200;27.0;21.0;0.7;SE;5.277777777777778;0.0;1010.68;0.0;Fair
1513810800;27.0;22.0;0.74;ESE;3.0555555555555554;0.0;1011.68;0.0;Fair
1513814400;27.0;22.0;0.74;ESE;3.611111111111111;0.0;1011.68;0.0;Partly Cloudy
1513818000;27.0;22.0;0.74;ESE;1.9444444444444444;0.0;1011.68;0.0;Partly Cloudy
1514253600;27.0;22.0;0.74;E;2.5;0.0;1009.68;0.0;Partly Cloudy
1514257200;27.0;22.0;0.74;E;2.5;0.0;1008.68;0.0;Partly Cloudy
1514260800;27.0;23.0;0.79;E;1.9444444444444444;0.0;1008.68;0.0;Partly Cloudy
1514264400;27.0;22.0;0.74;E;2.5;0.0;1009.68;0.0;Mostly Cloudy
1514268000;26.0;23.0;0.83;ENE;2.5;0.0;1009.68;0.0;Mostly Cloudy
1514271600;25.0;23.0;0.89;SE;2.5;0.0;1009.68;0.0;Light Rain
1514275200;26.0;22.0;0.78;SE;2.5;0.0;1010.68;0.0;Partly Cloudy
1514278800;26.0;23.0;0.83;E;4.722222222222222;0.0;1011.68;0.0;Partly Cloudy
1514282400;27.0;23.0;0.79;ESE;4.722222222222222;0.0;1011.68;0.0;Mostly Cloudy
1514286000;27.0;23.0;0.79;SE;5.277777777777778;0.0;1011.68;0.0;Mostly Cloudy
1514289600;28.0;22.0;0.7;E;3.611111111111111;0.0;1011.68;0.0;Mostly Cloudy
1514293200;28.0;23.0;0.74;ENE;3.0555555555555554;0.0;1011.68;0.0;Mostly Cloudy
1514296800;28.0;23.0;0.74;ESE;4.166666666666667;0.0;1010.68;0.0;Mostly Cloudy
1514300400;29.0;24.0;0.74;ESE;3.611111111111111;0.0;1009.68;0.0;Partly Cloudy
1514304000;29.0;22.0;0.66;SE;6.111111111111111;0.0;1009.68;0.0;Partly Cloudy
1514307600;28.0;23.0;0.74;ESE;5.277777777777778;0.0;1009.68;0.0;Partly Cloudy
1514311200;28.0;23.0;0.74;ESE;5.277777777777778;0.0;1009.68;0.0;Partly Cloudy
1514314800;28.0;23.0;0.74;E;3.611111111111111;0.0;1009.68;0.0;Partly Cloudy
1514318400;27.0;23.0;0.79;ESE;4.166666666666667;0.0;1009.68;0.0;Fair
1514322000;27.0;23.0;0.79;ESE;4.166666666666667;0.0;1009.68;0.0;Partly Cloudy
1514325600;27.0;23.0;0.79;E;3.0555555555555554;0.0;1010.68;0.0;Partly Cloudy
1514329200;27.0;22.0;0.74;E;3.0555555555555554;0.0;1011.68;0.0;Partly Cloudy
1514332800;27.0;23.0;0.79;ESE;4.722222222222222;0.0;1010.68;0.0;Partly Cloudy
1514336400;27.0;22.0;0.74;E;3.611111111111111;0.0;1010.68;0.0;Partly Cloudy
1514340000;27.0;22.0;0.74;E;3.0555555555555554;0.0;1009.68;0.0;Fair
1514343600;27.0;22.0;0.74;ESE;4.166666666666667;0.0;1009.68;0.0;Partly Cloudy
1514347200;26.0;22.0;0.78;ESE;2.5;0.0;1009.68;0.0;Partly Cloudy
1514350800;27.0;22.0;0.74;E;2.5;0.0;1009.68;0.0;Partly Cloudy
1514354400;26.0;22.0;0.78;E;3.0555555555555554;0.0;1009.68;0.0;Fair
1514358000;26.0;23.0;0.83;ESE;3.611111111111111;0.0;1010.68;0.0;Mostly Cloudy
1514361600;27.0;23.0;0.79;ESE;3.0555555555555554;0.0;1010.68;0.0;Mostly Cloudy
1514365200;28.0;23.0;0.74;E;2.5;0.0;1011.68;0.0;Partly Cloudy
1514368800;27.0;23.0;0.79;E;4.166666666666667;0.0;1011.68;0.0;Mostly Cloudy
1514372400;28.0;22.0;0.7;ESE;4.722222222222222;0.0;1011.68;0.0;Mostly Cloudy
1514376000;29.0;23.0;0.7;ESE;4.722222222222222;0.0;1011.68;0.0;Partly Cloudy
1514379600;29.0;23.0;0.7;SE;5.277777777777778;0.0;1011.68;0.0;Partly Cloudy
1514383200;29.0;23.0;0.7;E;4.166666666666667;0.0;1010.68;0.0;Partly Cloudy
1514386800;30.0;23.0;0.66;E;3.611111111111111;0.0;1009.68;0.0;Partly Cloudy
1514390400;29.0;23.0;0.7;E;4.722222222222222;0.0;1009.68;0.0;Mostly Cloudy
1514394000;29.0;23.0;0.7;ESE;4.166666666666667;0.0;1009.68;0.0;Mostly Cloudy
1514397600;28.0;22.0;0.7;E;4.166666666666667;0.0;1008.68;0.0;Mostly Cloudy
1514401200;28.0;22.0;0.7;E;3.611111111111111;0.0;1008.68;0.0;Partly Cloudy
1514404800;27.0;22.0;0.74;E;3.611111111111111;0.0;1009.68;0.0;Mostly Cloudy
1514408400;27.0;22.0;0.74;E;2.5;0.0;1009.68;0.0;Mostly Cloudy
1514412000;27.0;21.0;0.7;E;4.166666666666667;0.0;1010.68;0.0;Partly Cloudy
1514415600;27.0;21.0;0.7;E;4.166666666666667;0.0;1010.68;0.0;Fair
1514419200;27.0;22.0;0.74;ESE;3.0555555555555554;0.0;1010.68;0.0;Fair
1514422800;27.0;22.0;0.74;E;3.611111111111111;0.0;1009.68;0.0;Fair
1514426400;27.0;21.0;0.7;E;4.166666666666667;0.0;1008.68;0.0;Partly Cloudy
1514430000;26.0;21.0;0.74;E;3.0555555555555554;0.0;1008.68;0.0;Partly Cloudy
1514433600;26.0;21.0;0.74;E;3.0555555555555554;0.0;1008.68;0.0;Mostly Cloudy
1514437200;26.0;21.0;0.74;ESE;3.0555555555555554;0.0;1008.68;0.0;Mostly Cloudy
1514440800;26.0;21.0;0.74;E;3.0555555555555554;0.0;1008.68;0.0;Fair
1514444400;26.0;21.0;0.74;E;3.0555555555555554;0.0;1009.68;0.0;Partly Cloudy
1514448000;27.0;21.0;0.7;E;2.5;0.0;1010.68;0.0;Partly Cloudy
1514451600;28.0;21.0;0.66;ESE;3.611111111111111;0.0;1010.68;0.0;Partly Cloudy
1514455200;28.0;22.0;0.7;E;3.611111111111111;0.0;1011.68;0.0;Fair
1514458800;28.0;21.0;0.66;E;4.166666666666667;0.0;1011.68;0.0;Mostly Cloudy
1514462400;29.0;22.0;0.66;E;4.166666666666667;0.0;1011.68;0.0;Partly Cloudy
1514466000;29.0;22.0;0.66;ESE;4.722222222222222;0.0;1011.68;0.0;Mostly Cloudy
1514469600;30.0;21.0;0.58;VAR;4.166666666666667;0.0;1010.68;0.0;Mostly Cloudy
1514473200;29.0;22.0;0.66;ESE;4.166666666666667;0.0;1010.68;0.0;Mostly Cloudy
1514476800;29.0;22.0;0.66;ESE;3.0555555555555554;0.0;1009.68;0.0;Partly Cloudy
1514480400;29.0;22.0;0.66;ESE;4.722222222222222;0.0;1009.68;0.0;Fair
1514484000;29.0;22.0;0.66;E;3.0555555555555554;0.0;1009.68;0.0;Fair
1514487600;28.0;22.0;0.7;E;2.5;0.0;1009.68;0.0;Fair
1514491200;28.0;22.0;0.7;E;3.0555555555555554;0.0;1009.68;0.0;Partly Cloudy
1514494800;27.0;22.0;0.74;ESE;4.166666666666667;0.0;1009.68;0.0;Partly Cloudy
1514498400;27.0;22.0;0.74;E;4.166666666666667;0.0;1010.68;0.0;Fair
1514502000;27.0;22.0;0.74;E;3.0555555555555554;0.0;1010.68;0.0;Fair
1514505600;27.0;23.0;0.79;E;3.611111111111111;0.0;1011.68;0.0;Partly Cloudy
1514509200;27.0;22.0;0.74;E;2.5;0.0;1010.68;0.0;Mostly Cloudy
1514858400;27.0;22.0;0.74;ENE;2.5;0.0;1009.68;0.0;Fair
1514862000;26.0;22.0;0.78;E;1.9444444444444444;0.0;1008.68;0.0;Partly Cloudy
1514865600;26.0;22.0;0.78;E;1.9444444444444444;0.0;1008.68;0.0;Partly Cloudy
1514869200;26.0;22.0;0.78;ENE;1.6666666666666665;0.0;1008.68;0.0;Fair
1514872800;26.0;22.0;0.78;ENE;1.6666666666666665;0.0;1008.68;0.0;Partly Cloudy
1514876400;25.0;22.0;0.83;NNE;1.6666666666666665;0.0;1009.68;0.0;Partly Cloudy
1514880000;25.0;22.0;0.83;VAR;1.1111111111111112;0.0;1009.68;0.0;Partly Cloudy
1514883600;27.0;22.0;0.74;SW;1.9444444444444444;0.0;1010.68;0.0;Partly Cloudy
1514887200;28.0;22.0;0.7;ENE;3.0555555555555554;0.0;1010.68;0.0;Partly Cloudy
1514890800;28.0;22.0;0.7;ENE;4.722222222222222;0.0;1010.68;0.0;Partly Cloudy
1514894400;30.0;21.0;0.58;ENE;3.611111111111111;0.0;1010.68;0.0;Partly Cloudy
1514898000;30.0;23.0;0.66;E;5.277777777777778;0.0;1010.68;0.0;Partly Cloudy
1514901600;30.0;22.0;0.62;ENE;5.277777777777778;0.0;1009.68;0.0;Partly Cloudy
1514905200;31.0;21.0;0.55;ENE;4.166666666666667;0.0;1008.68;0.0;Partly Cloudy
1514908800;30.0;22.0;0.62;ENE;4.722222222222222;0.0;1008.68;0.0;Partly Cloudy
1514912400;29.0;22.0;0.66;ENE;5.277777777777778;0.0;1007.68;0.0;Fair
1514916000;29.0;22.0;0.66;NE;5.277777777777778;0.0;1007.68;0.0;Fair
1514919600;28.0;22.0;0.7;NE;5.277777777777778;0.0;1007.68;0.0;Fair
1514923200;28.0;22.0;0.7;NE;3.611111111111111;0.0;1007.68;0.0;Fair
1514926800;27.0;22.0;0.74;ENE;3.0555555555555554;0.0;1008.68;0.0;Fair
1514930400;27.0;22.0;0.74;ENE;3.611111111111111;0.0;1008.68;0.0;Partly Cloudy
1514934000;27.0;22.0;0.74;ENE;3.0555555555555554;0.0;1009.68;0.0;Partly Cloudy
1514937600;27.0;22.0;0.74;ENE;3.0555555555555554;0.0;1009.68;0.0;Partly Cloudy
1514941200;27.0;22.0;0.74;NE;3.0555555555555554;0.0;1009.68;0.0;Mostly Cloudy
1514944800;26.0;22.0;0.78;NE;2.5;0.0;1008.68;0.0;Partly Cloudy
1514948400;26.0;22.0;0.78;NE;2.5;0.0;1008.68;0.0;Partly Cloudy
1514952000;26.0;22.0;0.78;NNE;2.5;0.0;1008.68;0.0;Partly Cloudy
1514955600;25.0;22.0;0.83;NW;2.5;0.0;1008.68;0.0;Partly Cloudy
1514959200;25.0;22.0;0.83;NW;3.0555555555555554;0.0;1008.68;0.0;Partly Cloudy
1514962800;24.0;22.0;0.89;CALM;0.0;0.0;1009.68;0.0;Partly Cloudy
1514966400;24.0;22.0;0.89;NNW;2.5;0.0;1009.68;0.0;Partly Cloudy
1514970000;25.0;22.0;0.83;NNW;2.5;0.0;1010.68;0.0;Partly Cloudy
1514973600;28.0;22.0;0.7;VAR;4.166666666666667;0.0;1011.68;0.0;Partly Cloudy
1514977200;30.0;21.0;0.58;ENE;4.722222222222222;0.0;1010.68;0.0;Partly Cloudy
1514980800;30.0;21.0;0.58;ENE;4.722222222222222;0.0;1010.68;0.0;Partly Cloudy
1514984400;31.0;22.0;0.58;ENE;4.722222222222222;0.0;1010.68;0.0;Partly Cloudy
1514988000;30.0;22.0;0.62;ENE;5.555555555555555;0.0;1010.68;0.0;Partly Cloudy
1514991600;29.0;23.0;0.7;NE;4.722222222222222;0.0;1009.68;0.0;Partly Cloudy
1514995200;29.0;22.0;0.66;E;5.555555555555555;0.0;1009.68;0.0;Partly Cloudy
1514998800;29.0;22.0;0.66;ENE;4.166666666666667;0.0;1008.68;0.0;Fair
1515002400;29.0;22.0;0.66;NE;4.166666666666667;0.0;1008.68;0.0;Fair
1515006000;28.0;22.0;0.7;ENE;4.166666666666667;0.0;1008.68;0.0;Fair
1515009600;27.0;22.0;0.74;NE;3.611111111111111;0.0;1008.68;0.0;Fair
1515013200;27.0;22.0;0.74;ENE;3.0555555555555554;0.0;1008.68;0.0;Fair
1515016800;27.0;23.0;0.79;ENE;3.611111111111111;0.0;1009.68;0.0;Fair
1515020400;27.0;23.0;0.79;ENE;3.611111111111111;0.0;1010.68;0.0;Fair
1515024000;27.0;22.0;0.74;ENE;3.611111111111111;0.0;1010.68;0.0;Fair
1515027600;27.0;22.0;0.74;ENE;2.5;0.0;1010.68;0.0;Partly Cloudy
1515204000;27.0;22.0;0.74;SE;3.0555555555555554;0.0;1011.68;0.0;Partly Cloudy
1515207600;27.0;22.0;0.74;ESE;4.166666666666667;0.0;1011.68;0.0;Partly Cloudy
1515211200;27.0;22.0;0.74;SE;2.5;0.0;1011.68;0.0;Partly Cloudy
1515214800;27.0;22.0;0.74;ESE;4.166666666666667;0.0;1011.68;0.0;Partly Cloudy
1515218400;26.0;22.0;0.78;ESE;2.5;0.0;1011.68;0.0;Fair
1515222000;26.0;22.0;0.78;ESE;2.5;0.0;1012.68;0.0;Fair
1515225600;27.0;23.0;0.79;ESE;3.0555555555555554;0.0;1012.68;0.0;Partly Cloudy
1515229200;28.0;23.0;0.74;SE;3.611111111111111;0.0;1012.68;0.0;Partly Cloudy
1515232800;28.0;23.0;0.74;SE;4.722222222222222;0.0;1012.68;0.0;Partly Cloudy
1515236400;29.0;23.0;0.7;SSE;4.722222222222222;0.0;1012.68;0.0;Fair
1515240000;30.0;22.0;0.62;SE;4.166666666666667;0.0;1012.68;0.0;Partly Cloudy
1515243600;29.0;23.0;0.7;SE;5.277777777777778;0.0;1012.68;0.0;Fair
1515247200;30.0;23.0;0.66;ESE;5.277777777777778;0.0;1011.68;0.0;Partly Cloudy
1515250800;29.0;22.0;0.66;SE;4.722222222222222;0.0;1011.68;0.0;Fair
1515254400;29.0;23.0;0.7;ESE;5.277777777777778;0.0;1010.68;0.0;Partly Cloudy
1515258000;29.0;23.0;0.7;ESE;4.166666666666667;0.0;1010.68;0.0;Partly Cloudy
1515261600;28.0;23.0;0.74;ESE;4.722222222222222;0.0;1009.68;0.0;Mostly Cloudy
1515265200;28.0;22.0;0.7;ESE;4.166666666666667;0.0;1009.68;0.0;Partly Cloudy
1515268800;27.0;22.0;0.74;E;3.611111111111111;0.0;1010.68;0.0;Partly Cloudy
1515272400;27.0;22.0;0.74;ESE;4.166666666666667;0.0;1010.68;0.0;Mostly Cloudy
1515276000;27.0;22.0;0.74;SE;5.277777777777778;0.0;1011.68;0.0;Partly Cloudy
1515279600;27.0;22.0;0.74;ESE;3.611111111111111;0.0;1011.68;0.0;Partly Cloudy
1515283200;27.0;22.0;0.74;ESE;4.166666666666667;0.0;1011.68;0.0;Partly Cloudy
1515286800;27.0;22.0;0.74;ESE;4.166666666666667;0.0;1011.68;0.0;Partly Cloudy
1515290400;27.0;22.0;0.74;E;3.0555555555555554;0.0;1010.68;0.0;Partly Cloudy
1515294000;27.0;22.0;0.74;E;3.0555555555555554;0.0;1010.68;0.0;Partly Cloudy
1515297600;27.0;22.0;0.74;E;3.611111111111111;0.0;1010.68;0.0;Mostly Cloudy
1515301200;26.0;22.0;0.78;E;3.611111111111111;0.0;1009.68;0.0;Mostly Cloudy
1515304800;26.0;22.0;0.78;E;3.0555555555555554;0.0;1010.68;0.0;Partly Cloudy
1515308400;27.0;21.0;0.7;E;2.5;0.0;1010.68;0.0;Partly Cloudy
1515312000;27.0;21.0;0.7;E;3.0555555555555554;0.0;1011.68;0.0;Fair
1515315600;27.0;21.0;0.7;E;3.611111111111111;0.0;1011.68;0.0;Fair
1515319200;29.0;22.0;0.66;E;3.0555555555555554;0.0;1011.68;0.0;Partly Cloudy
1515322800;29.0;22.0;0.66;ESE;3.611111111111111;0.0;1012.68;0.0;Mostly Cloudy
1515326400;29.0;22.0;0.66;ESE;4.722222222222222;0.0;1012.68;0.0;Partly Cloudy
1515330000;30.0;23.0;0.66;ESE;3.611111111111111;0.0;1011.68;0.0;Partly Cloudy
1515333600;30.0;22.0;0.62;SE;5.277777777777778;0.0;1011.68;0.0;Partly Cloudy
1515337200;30.0;22.0;0.62;SE;5.277777777777778;0.0;1010.68;0.0;Partly Cloudy
1515340800;29.0;22.0;0.66;SE;5.277777777777778;0.0;1009.68;0.0;Partly Cloudy
1515344400;29.0;22.0;0.66;SE;5.277777777777778;0.0;1009.68;0.0;Partly Cloudy
1515348000;29.0;22.0;0.66;SE;5.555555555555555;0.0;1009.68;0.0;Partly Cloudy
1515351600;28.0;22.0;0.7;ESE;4.166666666666667;0.0;1010.68;0.0;Partly Cloudy
1515355200;27.0;22.0;0.74;ESE;3.611111111111111;0.0;1010.68;0.0;Partly Cloudy
1515358800;27.0;22.0;0.74;SE;4.722222222222222;0.0;1011.68;0.0;Partly Cloudy
1515362400;27.0;22.0;0.74;ESE;4.722222222222222;0.0;1011.68;0.0;Partly Cloudy
1515366000;27.0;22.0;0.74;ESE;3.611111111111111;0.0;1012.68;0.0;Partly Cloudy
1515369600;27.0;22.0;0.74;E;2.5;0.0;1012.68;0.0;Partly Cloudy
1515373200;27.0;22.0;0.74;E;3.611111111111111;0.0;1011.68;0.0;Mostly Cloudy
1515549600;25.0;22.0;0.83;S;1.9444444444444444;0.0;1011.68;0.0;Partly Cloudy
1515553200;25.0;22.0;0.83;SSW;1.9444444444444444;0.0;1010.68;0.0;Partly Cloudy
1515556800;25.0;23.0;0.89;SSW;2.5;0.0;1010.68;0.0;Partly Cloudy
1515560400;25.0;23.0;0.89;S;2.5;0.0;1010.68;0.0;Partly Cloudy
1515564000;25.0;23.0;0.89;VAR;1.9444444444444444;0.0;1010.68;0.0;Light Rain
1515564420;24.0;22.0;0.89;VAR;2.5;0.0;1010.68;0.0;Rain
1515566520;25.0;23.0;0.89;SE;2.5;0.0;1010.68;0.0;Partly Cloudy
1515567600;25.0;23.0;0.89;SE;1.6666666666666665;0.0;0.0;0.0;Mostly Cloudy
1515569940;25.0;23.0;0.89;E;1.6666666666666665;0.0;1011.68;0.0;Rain Shower
1515571200;24.0;23.0;0.94;E;2.5;0.0;1011.68;0.0;Showers in the Vicinity
1515574800;25.0;21.0;0.78;SSE;3.0555555555555554;0.0;1012.68;0.0;Mostly Cloudy
1515577080;24.0;23.0;0.94;E;1.1111111111111112;0.0;1013.68;0.0;Rain Shower
1515578400;24.0;23.0;0.94;SW;1.6666666666666665;0.0;1012.68;0.0;Mostly Cloudy
1515582000;27.0;24.0;0.84;SSE;1.1111111111111112;0.0;1012.68;0.0;Showers in the Vicinity
1515585600;29.0;23.0;0.7;SE;5.277777777777778;0.0;1012.68;0.0;Mostly Cloudy
1515589200;29.0;23.0;0.7;SE;5.555555555555555;0.0;1012.68;0.0;Partly Cloudy
1515592800;30.0;24.0;0.7;SE;6.111111111111111;0.0;1012.68;0.0;Partly Cloudy
1515596400;29.0;23.0;0.7;SE;5.277777777777778;0.0;1011.68;0.0;Mostly Cloudy
1515600000;28.0;23.0;0.74;SE;4.722222222222222;0.0;1010.68;0.0;Mostly Cloudy
1515603600;28.0;23.0;0.74;ESE;3.611111111111111;0.0;1010.68;0.0;Mostly Cloudy
1515607200;28.0;23.0;0.74;ESE;3.611111111111111;0.0;1010.68;0.0;Mostly Cloudy
1515610800;28.0;24.0;0.79;SE;3.0555555555555554;0.0;1011.68;0.0;Mostly Cloudy
1515614400;27.0;23.0;0.79;ESE;3.611111111111111;0.0;1011.68;0.0;Mostly Cloudy
1515618000;27.0;23.0;0.79;ESE;3.611111111111111;0.0;1011.68;0.0;Partly Cloudy
1515621600;27.0;23.0;0.79;SE;3.611111111111111;0.0;1012.68;0.0;Partly Cloudy
1515625200;27.0;23.0;0.79;ESE;3.0555555555555554;0.0;1013.68;0.0;Partly Cloudy
1515628800;26.0;23.0;0.83;ESE;1.9444444444444444;0.0;1013.68;0.0;Partly Cloudy
1515632400;27.0;23.0;0.79;ESE;4.166666666666667;0.0;1012.68;0.0;Partly Cloudy
1515722400;26.0;23.0;0.83;E;1.9444444444444444;0.0;1011.68;0.0;Partly Cloudy
1515726000;27.0;22.0;0.74;E;2.5;0.0;1011.68;0.0;Partly Cloudy
1515729600;26.0;22.0;0.78;ENE;2.5;0.0;1010.68;0.0;Partly Cloudy
1515733200;26.0;22.0;0.78;ENE;1.6666666666666665;0.0;1010.68;0.0;Fair
1515736800;26.0;22.0;0.78;ENE;1.9444444444444444;0.0;1010.68;0.0;Partly Cloudy
1515740400;26.0;22.0;0.78;ENE;1.9444444444444444;0.0;1010.68;0.0;Partly Cloudy
1515744000;27.0;22.0;0.74;NE;2.5;0.0;1011.68;0.0;Partly Cloudy
1515747600;27.0;23.0;0.79;NE;1.9444444444444444;0.0;1011.68;0.0;Mostly Cloudy
1515751200;28.0;22.0;0.7;E;3.611111111111111;0.0;1012.68;0.0;Partly Cloudy
1515754800;29.0;22.0;0.66;E;3.611111111111111;0.0;1012.68;0.0;Mostly Cloudy
1515758400;29.0;23.0;0.7;E;3.611111111111111;0.0;1012.68;0.0;Mostly Cloudy
1515762000;29.0;22.0;0.66;E;4.722222222222222;0.0;1012.68;0.0;Partly Cloudy
1515765600;30.0;23.0;0.66;E;4.722222222222222;0.0;1011.68;0.0;Partly Cloudy
1515769200;30.0;23.0;0.66;ESE;5.277777777777778;0.0;1010.68;0.0;Mostly Cloudy
1515772800;29.0;23.0;0.7;E;5.277777777777778;0.0;1010.68;0.0;Partly Cloudy
1515776400;29.0;23.0;0.7;E;4.722222222222222;0.0;1009.68;0.0;Partly Cloudy
1515780000;29.0;22.0;0.66;E;4.166666666666667;0.0;1009.68;0.0;Partly Cloudy
1515783600;28.0;22.0;0.7;ESE;4.722222222222222;0.0;1010.68;0.0;Mostly Cloudy
1515787200;27.0;23.0;0.79;ESE;3.611111111111111;0.0;1010.68;0.0;Fair
1515790800;27.0;23.0;0.79;ESE;3.611111111111111;0.0;1010.68;0.0;Mostly Cloudy
1515794400;27.0;22.0;0.74;E;4.166666666666667;0.0;1011.68;0.0;Mostly Cloudy
1515798000;28.0;22.0;0.7;ESE;4.166666666666667;0.0;1011.68;0.0;Fair
1515801600;27.0;22.0;0.74;ESE;4.166666666666667;0.0;1012.68;0.0;Partly Cloudy
1515805200;27.0;22.0;0.74;ESE;3.611111111111111;0.0;1011.68;0.0;Partly Cloudy
1516068000;27.0;22.0;0.74;ESE;4.722222222222222;0.0;1011.68;0.0;Partly Cloudy
1516071600;26.0;21.0;0.74;E;4.166666666666667;0.0;1011.68;0.0;Partly Cloudy
1516075200;26.0;21.0;0.74;ESE;5.277777777777778;0.0;1010.68;0.0;Partly Cloudy
1516078800;26.0;21.0;0.74;E;3.611111111111111;0.0;1010.68;0.0;Partly Cloudy
1516082400;26.0;21.0;0.74;ESE;5.277777777777778;0.0;1010.68;0.0;Partly Cloudy
1516086000;26.0;22.0;0.78;ESE;3.611111111111111;0.0;1010.68;0.0;Partly Cloudy
1516089600;27.0;21.0;0.7;ESE;6.111111111111111;0.0;1011.68;0.0;Partly Cloudy
1516093200;27.0;20.0;0.65;ESE;5.277777777777778;0.0;1012.68;0.0;Partly Cloudy
1516096800;28.0;21.0;0.66;SE;5.277777777777778;0.0;1013.68;0.0;Mostly Cloudy
1516100400;29.0;21.0;0.62;ESE;6.111111111111111;0.0;1013.68;0.0;Partly Cloudy
1516104000;29.0;21.0;0.62;SSE;6.666666666666666;0.0;1013.68;0.0;Partly Cloudy
1516107600;30.0;22.0;0.62;SE;7.222222222222222;0.0;1013.68;0.0;Partly Cloudy
1516111200;30.0;22.0;0.62;SE;8.333333333333334;0.0;1013.68;0.0;Partly Cloudy
1516114800;30.0;21.0;0.58;SSE;7.222222222222222;0.0;1012.68;0.0;Partly Cloudy
1516118400;29.0;21.0;0.62;SE;7.222222222222222;0.0;1012.68;0.0;Partly Cloudy
1516122000;29.0;21.0;0.62;SSE;7.222222222222222;0.0;1011.68;0.0;Partly Cloudy
1516125600;28.0;21.0;0.66;SSE;7.777777777777778;0.0;1011.68;0.0;Mostly Cloudy
1516129200;28.0;21.0;0.66;SSE;6.666666666666666;0.0;1011.68;0.0;Mostly Cloudy
1516132800;27.0;21.0;0.7;SSE;6.666666666666666;0.0;1011.68;0.0;Partly Cloudy
1516136400;27.0;20.0;0.65;SSE;7.222222222222222;0.0;1012.68;0.0;Partly Cloudy
1516140000;27.0;21.0;0.7;SSE;6.111111111111111;0.0;1012.68;0.0;Partly Cloudy
1516143600;27.0;21.0;0.7;SE;5.277777777777778;0.0;1013.68;0.0;Partly Cloudy
1516147200;27.0;21.0;0.7;SE;6.111111111111111;0.0;1013.68;0.0;Partly Cloudy
1516150800;27.0;21.0;0.7;SSE;5.555555555555555;0.0;1012.68;0.0;Partly Cloudy
1516154400;27.0;22.0;0.74;SSE;6.666666666666666;0.0;1012.68;0.0;Partly Cloudy
1516158000;26.0;21.0;0.74;SSE;6.111111111111111;0.0;1011.68;0.0;Fair
1516161600;26.0;22.0;0.78;SSE;6.666666666666666;0.0;1010.68;0.0;Fair
1516165200;26.0;22.0;0.78;SE;6.111111111111111;0.0;1010.68;0.0;Fair
1516168800;26.0;22.0;0.78;SSE;6.111111111111111;0.0;1010.68;0.0;Partly Cloudy
1516172400;26.0;22.0;0.78;SE;4.722222222222222;0.0;1010.68;0.0;Light Rain
1516176000;27.0;22.0;0.74;SE;5.277777777777778;0.0;1010.68;0.0;Partly Cloudy
1516179600;27.0;22.0;0.74;SE;6.111111111111111;0.0;1011.68;0.0;Partly Cloudy
1516183200;27.0;23.0;0.79;SE;5.277777777777778;0.0;1011.68;0.0;Partly Cloudy
1516186800;28.0;22.0;0.7;SE;6.111111111111111;0.0;1012.68;0.0;Partly Cloudy
1516190400;29.0;23.0;0.7;ESE;6.111111111111111;0.0;1012.68;0.0;Partly Cloudy
1516194000;27.0;23.0;0.79;SSE;7.222222222222222;0.0;1012.68;0.0;Showers in the Vicinity
1516197600;30.0;23.0;0.66;SE;6.111111111111111;0.0;1011.68;0.0;Partly Cloudy
1516201200;31.0;23.0;0.62;SE;6.111111111111111;0.0;1011.68;0.0;Partly Cloudy
1516204800;30.0;24.0;0.7;SSE;7.222222222222222;0.0;1012.68;0.0;Partly Cloudy
1516208400;30.0;23.0;0.66;SSE;7.777777777777778;0.0;1009.68;0.0;Partly Cloudy
1516212000;29.0;23.0;0.7;SSE;7.222222222222222;0.0;1009.68;0.0;Partly Cloudy
1516215600;28.0;22.0;0.7;SSE;7.222222222222222;0.0;1010.68;0.0;Mostly Cloudy
1516219200;28.0;22.0;0.7;SE;6.111111111111111;0.0;1010.68;0.0;Mostly Cloudy
1516222800;28.0;22.0;0.7;SSE;6.111111111111111;0.0;1011.68;0.0;Mostly Cloudy
1516226400;28.0;22.0;0.7;SSE;5.555555555555555;0.0;1011.68;0.0;Mostly Cloudy
1516230000;27.0;23.0;0.79;SE;5.555555555555555;0.0;1012.68;0.0;Mostly Cloudy
1516233600;26.0;23.0;0.83;SE;5.277777777777778;0.0;1012.68;0.0;Light Rain Shower
1516237200;26.0;23.0;0.83;SE;4.166666666666667;0.0;1012.68;0.0;Showers in the Vicinity
1516240800;26.0;22.0;0.78;SSE;5.277777777777778;0.0;1011.68;0.0;Partly Cloudy
1516242600;25.0;22.0;0.83;SE;7.777777777777778;0.0;0.0;0.0;Light Rain Shower
1516244400;23.0;22.0;0.94;SE;6.111111111111111;0.0;1011.68;0.0;Light Rain
1516248000;25.0;22.0;0.83;SSE;6.666666666666666;0.0;1010.68;0.0;Mostly Cloudy
1516249260;23.0;21.0;0.88;SSE;7.777777777777778;0.0;1011.68;0.0;Rain
1516251600;24.0;22.0;0.89;SSE;5.277777777777778;0.0;1010.68;0.0;Light Rain
1516255200;26.0;23.0;0.83;SE;4.722222222222222;0.0;1010.68;0.0;Showers in the Vicinity
1516258800;26.0;22.0;0.78;SE;5.277777777777778;0.0;1010.68;0.0;Partly Cloudy
1516262400;26.0;23.0;0.83;SE;4.166666666666667;0.0;1010.68;0.0;Partly Cloudy
1516266000;27.0;22.0;0.74;SE;5.277777777777778;0.0;1011.68;0.0;Mostly Cloudy
1516269600;27.0;23.0;0.79;SE;5.555555555555555;0.0;1011.68;0.0;Mostly Cloudy
1516273200;28.0;23.0;0.74;SE;7.222222222222222;0.0;1012.68;0.0;Mostly Cloudy
1516276800;29.0;23.0;0.7;SE;7.777777777777778;0.0;1012.68;0.0;Mostly Cloudy
1516280400;29.0;23.0;0.7;SE;7.222222222222222;0.0;1012.68;0.0;Mostly Cloudy
1516284000;29.0;24.0;0.74;SSE;8.333333333333334;0.0;1011.68;0.0;Mostly Cloudy
1516287600;29.0;24.0;0.74;SE;6.666666666666666;0.0;1011.68;0.0;Mostly Cloudy
1516291200;30.0;23.0;0.66;SSE;8.333333333333334;0.0;1010.68;0.0;Mostly Cloudy
1516294800;29.0;23.0;0.7;SE;7.222222222222222;0.0;1009.68;0.0;Mostly Cloudy
1516298400;28.0;23.0;0.74;SE;7.222222222222222;0.0;1009.68;0.0;Mostly Cloudy
1516302000;28.0;23.0;0.74;SSE;5.555555555555555;0.0;1010.68;0.0;Mostly Cloudy
1516305600;28.0;23.0;0.74;SSE;5.555555555555555;0.0;1010.68;0.0;Partly Cloudy
1516309200;27.0;23.0;0.79;SSE;5.555555555555555;0.0;1010.68;0.0;Mostly Cloudy
1516312800;27.0;23.0;0.79;SE;5.555555555555555;0.0;1011.68;0.0;Mostly Cloudy
1516316400;27.0;23.0;0.79;SE;5.277777777777778;0.0;1011.68;0.0;Mostly Cloudy
1516320000;27.0;23.0;0.79;SE;5.277777777777778;0.0;1011.68;0.0;Mostly Cloudy
1516321320;24.0;23.0;0.94;ESE;6.666666666666666;0.0;0.0;0.0;Rain Shower
1516323600;26.0;23.0;0.83;ESE;4.722222222222222;0.0;0.0;0.0;Light Rain with Thunder
1516327200;26.0;0.0;0.0;SE;5.555555555555555;0.0;1011.68;0.0;Thunder
1516330800;26.0;23.0;0.83;ESE;3.611111111111111;0.0;1010.68;0.0;Mostly Cloudy
1516334400;26.0;23.0;0.83;SE;3.611111111111111;0.0;1009.68;0.0;Partly Cloudy
1516338000;26.0;23.0;0.83;SE;3.611111111111111;0.0;1009.68;0.0;Fair
1516341600;26.0;23.0;0.83;SE;2.5;0.0;1009.68;0.0;Light Rain
1516345200;26.0;23.0;0.83;E;2.5;0.0;1009.68;0.0;Light Rain
1516348800;25.0;23.0;0.89;SE;5.277777777777778;0.0;1010.68;0.0;Light Rain
1516352400;26.0;23.0;0.83;SE;5.277777777777778;0.0;1011.68;0.0;Mostly Cloudy
1516356000;25.0;23.0;0.89;E;3.0555555555555554;0.0;1012.68;0.0;Rain Shower
1516356660;23.0;22.0;0.94;ESE;5.277777777777778;0.0;1012.68;0.0;Rain Shower
1516357200;23.0;22.0;0.94;ESE;5.277777777777778;0.0;1012.68;0.0;Rain Shower
1516358220;23.0;22.0;0.94;SSE;2.5;0.0;1012.68;0.0;Heavy Rain Shower
1516359600;24.0;23.0;0.94;SSE;3.0555555555555554;0.0;1013.68;0.0;Heavy Rain
1516360800;24.0;23.0;0.94;SSW;2.5;0.0;1012.68;0.0;Light Rain
1516361880;24.0;22.0;0.89;VAR;3.0555555555555554;0.0;1013.68;0.0;Rain Shower
1516363200;26.0;23.0;0.83;SE;5.277777777777778;11.38888888888889;1012.68;0.0;Light Rain
1516366800;25.0;24.0;0.94;E;4.166666666666667;0.0;1013.68;0.0;Rain
1516370400;25.0;22.0;0.83;NNE;1.6666666666666665;0.0;1012.68;0.0;Light Rain
1516374000;26.0;22.0;0.78;NNW;2.5;0.0;1012.68;0.0;Partly Cloudy
1516377600;25.0;23.0;0.89;NW;3.0555555555555554;0.0;1011.68;0.0;Fair
1516381200;26.0;23.0;0.83;WSW;1.9444444444444444;0.0;1010.68;0.0;Mostly Cloudy
1516384800;26.0;22.0;0.78;SW;1.1111111111111112;0.0;1010.68;0.0;Partly Cloudy
1516388400;26.0;23.0;0.83;S;1.9444444444444444;0.0;1010.68;0.0;Partly Cloudy
1516392000;26.0;23.0;0.83;SSE;3.611111111111111;0.0;1011.68;0.0;Partly Cloudy
1516395600;27.0;22.0;0.74;SE;5.555555555555555;0.0;1011.68;0.0;Mostly Cloudy
1516399200;27.0;23.0;0.79;SE;4.722222222222222;0.0;1012.68;0.0;Partly Cloudy
1516402800;27.0;22.0;0.74;SE;4.722222222222222;0.0;1012.68;0.0;Partly Cloudy
1516406400;27.0;22.0;0.74;SE;5.555555555555555;0.0;1012.68;0.0;Partly Cloudy
1516410000;27.0;22.0;0.74;SE;5.555555555555555;0.0;1011.68;0.0;Mostly Cloudy
1516413600;26.0;22.0;0.78;SE;3.611111111111111;0.0;1011.68;0.0;Partly Cloudy
1516417200;26.0;22.0;0.78;SE;4.166666666666667;0.0;1010.68;0.0;Partly Cloudy
1516420800;26.0;22.0;0.78;SE;3.611111111111111;0.0;1010.68;0.0;Partly Cloudy
1516424400;26.0;22.0;0.78;SE;4.722222222222222;0.0;1009.68;0.0;Partly Cloudy
1516428000;26.0;22.0;0.78;SE;5.277777777777778;0.0;1009.68;0.0;Partly Cloudy
1516431600;26.0;22.0;0.78;SE;4.722222222222222;0.0;1010.68;0.0;Fair
1516435200;26.0;22.0;0.78;SE;4.166666666666667;0.0;1011.68;0.0;Partly Cloudy
1516438800;27.0;23.0;0.79;ESE;3.611111111111111;0.0;1011.68;0.0;Partly Cloudy
1516442400;27.0;23.0;0.79;SE;4.722222222222222;0.0;1011.68;0.0;Partly Cloudy
1516446000;29.0;23.0;0.7;SE;5.555555555555555;0.0;1012.68;0.0;Mostly Cloudy
1516449600;28.0;23.0;0.74;SE;6.111111111111111;0.0;1012.68;0.0;Mostly Cloudy
1516453200;29.0;23.0;0.7;SE;5.555555555555555;0.0;1011.68;0.0;Partly Cloudy
1516456800;29.0;22.0;0.66;SE;6.111111111111111;0.0;1011.68;0.0;Fair
1516460400;29.0;22.0;0.66;SE;6.111111111111111;0.0;1010.68;0.0;Fair
1516464000;30.0;23.0;0.66;SE;5.277777777777778;0.0;1010.68;0.0;Fair
1516467600;29.0;22.0;0.66;SSE;5.555555555555555;0.0;1010.68;0.0;Fair
1516471200;28.0;23.0;0.74;SE;5.555555555555555;0.0;1009.68;0.0;Fair
1516474800;28.0;22.0;0.7;SSE;6.111111111111111;0.0;1010.68;0.0;Fair
1516478400;27.0;22.0;0.74;SSE;5.555555555555555;0.0;1010.68;0.0;Fair
1516482000;27.0;22.0;0.74;SSE;5.277777777777778;0.0;1011.68;0.0;Partly Cloudy
1516485600;27.0;22.0;0.74;SE;4.166666666666667;0.0;1011.68;0.0;Partly Cloudy
1516489200;27.0;22.0;0.74;SE;4.722222222222222;0.0;1011.68;0.0;Fair
1516492800;27.0;22.0;0.74;SE;4.722222222222222;0.0;1012.68;0.0;Fair
1516496400;26.0;22.0;0.78;SE;4.166666666666667;0.0;1011.68;0.0;Fair
1516500000;26.0;22.0;0.78;SE;3.611111111111111;0.0;1011.68;0.0;Fair
1516503600;26.0;22.0;0.78;SE;2.5;0.0;1010.68;0.0;Partly Cloudy
1516507200;26.0;22.0;0.78;SE;3.611111111111111;0.0;1010.68;0.0;Partly Cloudy
1516510800;25.0;22.0;0.83;S;1.9444444444444444;0.0;1010.68;0.0;Fair
1516514400;24.0;23.0;0.94;SSW;1.6666666666666665;0.0;1010.68;0.0;Mostly Cloudy
1516518000;24.0;22.0;0.89;SSW;1.9444444444444444;0.0;1010.68;0.0;Partly Cloudy
1516521600;25.0;23.0;0.89;W;1.1111111111111112;0.0;1010.68;0.0;Mostly Cloudy
1516525200;26.0;23.0;0.83;SW;1.6666666666666665;0.0;1011.68;0.0;Mostly Cloudy
1516528800;28.0;23.0;0.74;SE;5.277777777777778;0.0;1011.68;0.0;Mostly Cloudy
1516532400;28.0;22.0;0.7;ESE;5.277777777777778;0.0;1011.68;0.0;Partly Cloudy
1516536000;29.0;22.0;0.66;ESE;6.111111111111111;0.0;1011.68;0.0;Partly Cloudy
1516539600;29.0;23.0;0.7;SE;5.555555555555555;0.0;1011.68;0.0;Fair
1516543200;29.0;23.0;0.7;ESE;5.277777777777778;0.0;1011.68;0.0;Fair
1516546800;30.0;22.0;0.62;SE;5.277777777777778;0.0;1010.68;0.0;Fair
1516550400;29.0;22.0;0.66;ESE;6.111111111111111;0.0;1009.68;0.0;Partly Cloudy
1516554000;29.0;22.0;0.66;SSE;5.277777777777778;0.0;1009.68;0.0;Partly Cloudy
1516557600;29.0;22.0;0.66;SSE;5.277777777777778;0.0;1009.68;0.0;Partly Cloudy
1516561200;28.0;22.0;0.7;SE;5.277777777777778;0.0;1009.68;0.0;Partly Cloudy
1516564800;27.0;22.0;0.74;SE;4.166666666666667;0.0;1009.68;0.0;Partly Cloudy
1516568400;27.0;22.0;0.74;SSE;4.722222222222222;0.0;1009.68;0.0;Partly Cloudy
1516572000;27.0;22.0;0.74;SE;4.722222222222222;0.0;1009.68;0.0;Partly Cloudy
1516575600;27.0;23.0;0.79;SSE;4.722222222222222;0.0;1010.68;0.0;Mostly Cloudy
1516579200;27.0;22.0;0.74;SSE;5.555555555555555;0.0;1010.68;0.0;Partly Cloudy
1516582800;27.0;22.0;0.74;SE;5.277777777777778;0.0;1010.68;0.0;Partly Cloudy
1516586400;27.0;22.0;0.74;SSE;5.555555555555555;0.0;1009.68;0.0;Partly Cloudy
1516590000;26.0;22.0;0.78;SSE;4.722222222222222;0.0;1008.68;0.0;Partly Cloudy
1516593600;25.0;23.0;0.89;SE;3.611111111111111;0.0;1008.68;0.0;Mostly Cloudy
1516597200;25.0;23.0;0.89;ENE;1.6666666666666665;0.0;1008.68;0.0;Mostly Cloudy
1516600800;26.0;22.0;0.78;ESE;3.0555555555555554;0.0;1008.68;0.0;Partly Cloudy
1516604400;26.0;22.0;0.78;ESE;3.611111111111111;0.0;1008.68;0.0;Partly Cloudy
1516608000;27.0;23.0;0.79;ESE;3.611111111111111;0.0;1009.68;0.0;Partly Cloudy
1516611600;27.0;23.0;0.79;ESE;4.722222222222222;0.0;1009.68;0.0;Partly Cloudy
1516615200;27.0;22.0;0.74;ESE;4.722222222222222;0.0;1010.68;0.0;Partly Cloudy
1516618800;29.0;23.0;0.7;ESE;6.111111111111111;0.0;1010.68;0.0;Partly Cloudy
1516622400;29.0;22.0;0.66;SE;6.666666666666666;0.0;1010.68;0.0;Partly Cloudy
1516626000;29.0;22.0;0.66;SE;6.111111111111111;0.0;1010.68;0.0;Partly Cloudy
1516629600;29.0;22.0;0.66;SE;6.111111111111111;0.0;1009.68;0.0;Partly Cloudy
1516633200;30.0;22.0;0.62;SSE;6.111111111111111;0.0;1009.68;0.0;Partly Cloudy
1516636800;29.0;21.0;0.62;SE;5.277777777777778;0.0;1009.68;0.0;Partly Cloudy
1516640400;28.0;22.0;0.7;SE;6.111111111111111;0.0;1008.68;0.0;Mostly Cloudy
1516644000;28.0;21.0;0.66;SE;5.277777777777778;0.0;1008.68;0.0;Mostly Cloudy
1516647600;28.0;22.0;0.7;SSE;4.722222222222222;0.0;1008.68;0.0;Mostly Cloudy
1516651200;27.0;23.0;0.79;SE;4.166666666666667;0.0;1009.68;0.0;Mostly Cloudy
1516654800;27.0;22.0;0.74;SSE;5.555555555555555;0.0;1009.68;0.0;Partly Cloudy
1516658400;27.0;22.0;0.74;SE;4.722222222222222;0.0;1009.68;0.0;Mostly Cloudy
1516662000;27.0;20.0;0.65;SE;4.722222222222222;0.0;1010.68;0.0;Mostly Cloudy
1516665600;27.0;22.0;0.74;SE;4.722222222222222;0.0;1009.68;0.0;Partly Cloudy
1516669200;26.0;22.0;0.78;ESE;4.722222222222222;0.0;1009.68;0.0;Showers in the Vicinity
1516672800;25.0;23.0;0.89;ESE;2.5;0.0;1008.68;0.0;Partly Cloudy
1516676400;25.0;23.0;0.89;SSE;3.611111111111111;0.0;1008.68;0.0;Showers in the Vicinity
1516680000;24.0;23.0;0.94;SSW;2.5;0.0;1008.68;0.0;Mostly Cloudy
1516683600;24.0;23.0;0.94;SW;3.0555555555555554;0.0;1008.68;0.0;Partly Cloudy
1516684620;24.0;23.0;0.94;SSE;3.0555555555555554;0.0;1008.68;0.0;Light Rain
1516687200;24.0;23.0;0.94;S;2.5;0.0;1008.68;0.0;Showers in the Vicinity
1516690800;24.0;23.0;0.94;SW;2.5;0.0;1008.68;0.0;Partly Cloudy
1516694400;24.0;23.0;0.94;NW;2.5;0.0;0.0;0.0;Showers in the Vicinity
1516698000;23.0;22.0;0.94;SSW;2.5;0.0;0.0;0.0;Showers in the Vicinity
1516701600;25.0;23.0;0.89;W;2.5;0.0;1010.68;0.0;Showers in the Vicinity
1516705200;26.0;24.0;0.89;VAR;1.6666666666666665;0.0;1010.68;0.0;Mostly Cloudy
1516708800;28.0;24.0;0.79;ESE;3.0555555555555554;0.0;1010.68;0.0;Partly Cloudy
1516712400;28.0;24.0;0.79;VAR;1.9444444444444444;0.0;1010.68;0.0;Mostly Cloudy
1516716000;30.0;25.0;0.74;ENE;5.277777777777778;0.0;1009.68;0.0;Partly Cloudy
1516719600;28.0;25.0;0.84;E;3.611111111111111;10.277777777777777;1008.68;0.0;Light Rain
1516723200;28.0;23.0;0.74;E;4.722222222222222;0.0;1008.68;0.0;Showers in the Vicinity
1516726800;28.0;23.0;0.74;E;3.611111111111111;0.0;1008.68;0.0;Partly Cloudy
1516730400;28.0;23.0;0.74;ESE;4.166666666666667;0.0;1008.68;0.0;Partly Cloudy
1516734000;28.0;23.0;0.74;E;3.611111111111111;0.0;1008.68;0.0;Mostly Cloudy
1516737600;27.0;24.0;0.84;ESE;4.166666666666667;0.0;1009.68;0.0;Partly Cloudy
1516741200;26.0;24.0;0.89;SE;5.555555555555555;0.0;1008.68;0.0;Light Rain
1516741680;26.0;23.0;0.83;SE;4.722222222222222;0.0;1009.68;0.0;Thunder
1516744800;26.0;24.0;0.89;SE;3.611111111111111;0.0;1009.68;0.0;Mostly Cloudy
1516748400;27.0;23.0;0.79;ESE;3.611111111111111;0.0;0.0;0.0;Light Rain
1516752000;27.0;23.0;0.79;E;4.722222222222222;0.0;1010.68;0.0;Partly Cloudy
1516754700;25.0;24.0;0.94;E;5.277777777777778;0.0;0.0;0.0;Rain
1516755600;26.0;23.0;0.83;E;4.166666666666667;0.0;0.0;0.0;Rain
1516756500;26.0;23.0;0.83;E;4.166666666666667;0.0;0.0;0.0;Light Rain
1516759200;26.0;23.0;0.83;E;4.166666666666667;0.0;1009.68;0.0;Partly Cloudy
1516762800;26.0;23.0;0.83;E;3.611111111111111;0.0;1008.68;0.0;Partly Cloudy
1516766400;26.0;23.0;0.83;E;3.0555555555555554;0.0;1008.68;0.0;Rain
1516770000;26.0;23.0;0.83;E;3.0555555555555554;0.0;0.0;0.0;Light Rain
1516773600;26.0;23.0;0.83;ESE;4.166666666666667;0.0;1008.68;0.0;Partly Cloudy
1516777200;26.0;23.0;0.83;ESE;3.611111111111111;0.0;1008.68;0.0;Partly Cloudy
1516780800;0.0;0.0;0.0;ESE;3.611111111111111;0.0;1009.68;0.0;Light Rain
1516784400;27.0;23.0;0.79;ESE;3.611111111111111;0.0;1009.68;0.0;Partly Cloudy
1516788000;28.0;23.0;0.74;E;4.722222222222222;0.0;1010.68;0.0;Mostly Cloudy
1516791600;29.0;23.0;0.7;ESE;4.722222222222222;0.0;1010.68;0.0;Mostly Cloudy
1516795200;29.0;23.0;0.7;ESE;5.277777777777778;0.0;1010.68;0.0;Mostly Cloudy
1516798800;29.0;23.0;0.7;ESE;5.277777777777778;0.0;1010.68;0.0;Mostly Cloudy
1516802400;29.0;23.0;0.7;E;5.277777777777778;0.0;1009.68;0.0;Mostly Cloudy
1516806000;27.0;23.0;0.79;S;4.722222222222222;0.0;1009.68;0.0;Mostly Cloudy
1516809600;29.0;22.0;0.66;ESE;5.555555555555555;0.0;1008.68;0.0;Partly Cloudy
1516813200;28.0;23.0;0.74;ESE;4.722222222222222;0.0;1008.68;0.0;Mostly Cloudy
1516816800;28.0;22.0;0.7;ESE;5.277777777777778;0.0;1008.68;0.0;Partly Cloudy
1516820400;28.0;22.0;0.7;SE;4.166666666666667;0.0;1008.68;0.0;Partly Cloudy
1516824000;27.0;22.0;0.74;SE;4.166666666666667;0.0;1009.68;0.0;Fair
1516827600;27.0;22.0;0.74;ESE;3.611111111111111;0.0;1009.68;0.0;Fair
1516831200;27.0;22.0;0.74;ESE;4.166666666666667;0.0;1009.68;0.0;Partly Cloudy
1516834800;27.0;22.0;0.74;ESE;4.166666666666667;0.0;1010.68;0.0;Partly Cloudy
1516838400;27.0;22.0;0.74;VAR;2.5;0.0;1010.68;0.0;Partly Cloudy
1516842000;27.0;22.0;0.74;E;3.0555555555555554;0.0;1010.68;0.0;Partly Cloudy
1516845600;27.0;22.0;0.74;E;2.5;0.0;1009.68;0.0;Partly Cloudy
1516849200;27.0;22.0;0.74;ESE;3.611111111111111;0.0;1008.68;0.0;Mostly Cloudy
1516852800;26.0;22.0;0.78;ESE;3.0555555555555554;0.0;1007.68;0.0;Mostly Cloudy
1516856400;26.0;22.0;0.78;ESE;3.0555555555555554;0.0;1007.68;0.0;Partly Cloudy
1516860000;26.0;22.0;0.78;ESE;1.9444444444444444;0.0;1007.68;0.0;Fair
1516863600;26.0;22.0;0.78;ESE;1.6666666666666665;0.0;1008.68;0.0;Partly Cloudy
1516867200;26.0;22.0;0.78;ESE;1.9444444444444444;0.0;1008.68;0.0;Mostly Cloudy
1516870800;28.0;22.0;0.7;SE;3.0555555555555554;0.0;1009.68;0.0;Partly Cloudy
1516874400;27.0;22.0;0.74;ESE;3.0555555555555554;0.0;1009.68;0.0;Partly Cloudy
1516878000;28.0;23.0;0.74;E;3.611111111111111;0.0;1010.68;0.0;Mostly Cloudy
1516881600;29.0;22.0;0.66;ESE;4.722222222222222;0.0;1009.68;0.0;Partly Cloudy
1516885200;29.0;22.0;0.66;ESE;4.166666666666667;0.0;1009.68;0.0;Partly Cloudy
1516888800;29.0;24.0;0.74;ESE;4.722222222222222;0.0;1009.68;0.0;Fair
1516892400;29.0;23.0;0.7;E;4.166666666666667;0.0;1008.68;0.0;Fair
1516896000;29.0;23.0;0.7;E;4.722222222222222;0.0;1008.68;0.0;Fair
1516899600;29.0;23.0;0.7;E;4.166666666666667;0.0;1007.68;0.0;Partly Cloudy
1516903200;29.0;23.0;0.7;E;4.722222222222222;0.0;1007.68;0.0;Fair
1516906800;28.0;21.0;0.66;E;3.611111111111111;0.0;1008.68;0.0;Partly Cloudy
1516910400;27.0;22.0;0.74;ESE;3.611111111111111;0.0;1007.68;0.0;Fair
1516914000;27.0;22.0;0.74;E;3.0555555555555554;0.0;1008.68;0.0;Partly Cloudy
1516917600;27.0;22.0;0.74;E;3.0555555555555554;0.0;1009.68;0.0;Partly Cloudy
1516921200;27.0;22.0;0.74;E;3.0555555555555554;0.0;1009.68;0.0;Fair
1516924800;27.0;22.0;0.74;E;2.5;0.0;1009.68;0.0;Partly Cloudy
1516928400;27.0;22.0;0.74;ESE;3.611111111111111;0.0;1009.68;0.0;Partly Cloudy
1516932000;27.0;22.0;0.74;E;3.0555555555555554;0.0;1008.68;0.0;Partly Cloudy
1516935600;27.0;22.0;0.74;ESE;3.0555555555555554;0.0;1007.68;0.0;Mostly Cloudy
1516939200;26.0;23.0;0.83;E;3.0555555555555554;0.0;1007.68;0.0;Light Rain
1516942800;26.0;23.0;0.83;ENE;2.5;0.0;1007.68;0.0;Mostly Cloudy
1516946400;26.0;22.0;0.78;ENE;3.611111111111111;0.0;1007.68;0.0;Light Rain
1516950000;26.0;22.0;0.78;E;2.5;0.0;1008.68;0.0;Mostly Cloudy
1516953600;26.0;22.0;0.78;ENE;2.5;0.0;1008.68;0.0;Mostly Cloudy
1516957200;27.0;22.0;0.74;ENE;3.611111111111111;0.0;1009.68;0.0;Partly Cloudy
1516960800;28.0;22.0;0.7;E;3.611111111111111;0.0;1010.68;0.0;Mostly Cloudy
1516964400;29.0;22.0;0.66;E;2.5;0.0;1010.68;0.0;Mostly Cloudy
1516968000;29.0;22.0;0.66;ENE;3.611111111111111;0.0;1009.68;0.0;Partly Cloudy
1516971600;29.0;23.0;0.7;VAR;3.0555555555555554;0.0;1009.68;0.0;Partly Cloudy
1516975200;29.0;23.0;0.7;E;4.166666666666667;0.0;1009.68;0.0;Fair
1516978800;29.0;22.0;0.66;E;3.611111111111111;0.0;1008.68;0.0;Fair
1516982400;29.0;23.0;0.7;E;3.611111111111111;0.0;1007.68;0.0;Fair
1516986000;28.0;23.0;0.74;ENE;4.166666666666667;0.0;1007.68;0.0;Partly Cloudy
1516989600;28.0;22.0;0.7;NE;5.277777777777778;0.0;1007.68;0.0;Partly Cloudy
1516993200;28.0;23.0;0.74;E;3.611111111111111;0.0;1007.68;0.0;Partly Cloudy
1516996800;27.0;22.0;0.74;E;3.611111111111111;0.0;1008.68;0.0;Partly Cloudy
1517000400;27.0;23.0;0.79;E;3.611111111111111;0.0;1008.68;0.0;Mostly Cloudy
1517004000;27.0;22.0;0.74;E;4.722222222222222;0.0;1008.68;0.0;Partly Cloudy
1517007600;27.0;22.0;0.74;E;3.611111111111111;0.0;1009.68;0.0;Partly Cloudy
1517011200;27.0;23.0;0.79;E;3.611111111111111;0.0;1009.68;0.0;Mostly Cloudy
1517014800;27.0;22.0;0.74;E;3.611111111111111;0.0;1009.68;0.0;Mostly Cloudy
1517018400;27.0;22.0;0.74;ESE;1.9444444444444444;0.0;1009.68;0.0;Mostly Cloudy
1517022000;27.0;22.0;0.74;E;1.9444444444444444;0.0;1008.68;0.0;Partly Cloudy
1517025600;27.0;22.0;0.74;E;1.6666666666666665;0.0;1008.68;0.0;Partly Cloudy
1517029200;26.0;22.0;0.78;ESE;2.5;0.0;1007.68;0.0;Fair
1517032800;27.0;21.0;0.7;E;2.5;0.0;1008.68;0.0;Partly Cloudy
1517036400;26.0;22.0;0.78;ENE;1.6666666666666665;0.0;1008.68;0.0;Partly Cloudy
1517040000;27.0;22.0;0.74;E;3.0555555555555554;0.0;1009.68;0.0;Mostly Cloudy
1517043600;28.0;22.0;0.7;ENE;3.0555555555555554;0.0;1009.68;0.0;Partly Cloudy
1517047200;28.0;22.0;0.7;E;3.611111111111111;0.0;1009.68;0.0;Partly Cloudy
1517050800;28.0;22.0;0.7;ENE;4.166666666666667;0.0;1010.68;0.0;Partly Cloudy
1517054400;29.0;23.0;0.7;E;4.166666666666667;0.0;1009.68;0.0;Partly Cloudy
1517058000;30.0;22.0;0.62;E;4.722222222222222;0.0;1009.68;0.0;Partly Cloudy
1517061600;30.0;22.0;0.62;ENE;4.166666666666667;0.0;1009.68;0.0;Partly Cloudy
1517065200;30.0;21.0;0.58;ENE;4.166666666666667;0.0;1008.68;0.0;Partly Cloudy
1517068800;29.0;22.0;0.66;ENE;4.722222222222222;0.0;1008.68;0.0;Partly Cloudy
1517072400;29.0;22.0;0.66;ENE;4.166666666666667;0.0;1007.68;0.0;Fair
1517076000;29.0;22.0;0.66;ENE;4.166666666666667;0.0;1007.68;0.0;Fair
1517079600;28.0;22.0;0.7;ENE;5.277777777777778;0.0;1007.68;0.0;Partly Cloudy
1517083200;28.0;22.0;0.7;ENE;3.0555555555555554;10.277777777777777;1008.68;0.0;Partly Cloudy
1517086800;27.0;22.0;0.74;ENE;3.611111111111111;0.0;1008.68;0.0;Fair
1517090400;27.0;22.0;0.74;E;4.166666666666667;0.0;1008.68;0.0;Partly Cloudy
1517094000;27.0;22.0;0.74;ENE;4.166666666666667;0.0;1009.68;0.0;Fair
1517097600;27.0;22.0;0.74;ENE;2.5;0.0;1009.68;0.0;Partly Cloudy
1517101200;27.0;22.0;0.74;E;2.5;0.0;1009.68;0.0;Partly Cloudy
1517104800;27.0;22.0;0.74;E;3.0555555555555554;0.0;1008.68;0.0;Mostly Cloudy
1517108400;27.0;22.0;0.74;E;3.0555555555555554;0.0;1007.68;0.0;Mostly Cloudy
1517112000;26.0;22.0;0.78;E;2.5;0.0;1007.68;0.0;Partly Cloudy
1517115600;26.0;22.0;0.78;E;2.5;0.0;1007.68;0.0;Partly Cloudy
1517119200;26.0;22.0;0.78;ENE;2.5;0.0;1007.68;0.0;Partly Cloudy
1517122800;26.0;22.0;0.78;E;1.9444444444444444;0.0;1007.68;0.0;Partly Cloudy
1517126400;26.0;22.0;0.78;ENE;2.5;0.0;1007.68;0.0;Partly Cloudy
1517130000;26.0;22.0;0.78;NW;2.5;0.0;1008.68;0.0;Partly Cloudy
1517133600;28.0;22.0;0.7;ENE;3.0555555555555554;0.0;1009.68;0.0;Fair
1517137200;28.0;22.0;0.7;ENE;3.611111111111111;0.0;1009.68;0.0;Mostly Cloudy
1517140800;26.0;23.0;0.83;S;2.5;0.0;1010.68;0.0;Mostly Cloudy
1517144400;24.0;23.0;0.94;S;4.722222222222222;0.0;1010.68;0.0;Light Rain
1517148000;25.0;23.0;0.89;S;3.611111111111111;0.0;1009.68;0.0;Mostly Cloudy
1517151600;26.0;22.0;0.78;SSE;4.166666666666667;0.0;1008.68;0.0;Mostly Cloudy
1517155200;27.0;23.0;0.79;SSE;3.611111111111111;0.0;1008.68;0.0;Mostly Cloudy
1517158800;28.0;23.0;0.74;ESE;4.166666666666667;0.0;1007.68;0.0;Mostly Cloudy
1517162400;27.0;23.0;0.79;SE;4.166666666666667;0.0;1007.68;0.0;Mostly Cloudy
1517166000;27.0;23.0;0.79;SE;3.0555555555555554;0.0;1007.68;0.0;Mostly Cloudy
1517169600;27.0;23.0;0.79;SE;4.166666666666667;0.0;1008.68;0.0;Mostly Cloudy
1517173200;27.0;22.0;0.74;SE;3.611111111111111;0.0;1008.68;0.0;Mostly Cloudy
1517176800;27.0;22.0;0.74;SE;3.611111111111111;0.0;1009.68;0.0;Mostly Cloudy
1517180400;27.0;20.0;0.65;SE;4.166666666666667;0.0;1009.68;0.0;Mostly Cloudy
1517184000;27.0;23.0;0.79;E;2.5;0.0;1010.68;0.0;Mostly Cloudy
1517187600;27.0;23.0;0.79;ESE;1.9444444444444444;0.0;0.0;0.0;Mostly Cloudy
1517191200;27.0;23.0;0.79;ESE;3.611111111111111;0.0;0.0;0.0;Mostly Cloudy
1517194800;27.0;23.0;0.79;E;3.0555555555555554;0.0;1008.68;0.0;Partly Cloudy
1517198400;27.0;22.0;0.74;E;3.0555555555555554;0.0;1007.68;0.0;Partly Cloudy
1517202000;27.0;23.0;0.79;E;4.166666666666667;0.0;1007.68;0.0;Partly Cloudy
1517205600;26.0;22.0;0.78;E;2.5;0.0;1007.68;0.0;Partly Cloudy
1517209200;27.0;23.0;0.79;ESE;4.166666666666667;0.0;1007.68;0.0;Mostly Cloudy
1517212800;27.0;22.0;0.74;E;3.611111111111111;0.0;1008.68;0.0;Light Rain
1517216400;27.0;23.0;0.79;ESE;3.611111111111111;0.0;1008.68;0.0;Showers in the Vicinity
1517220000;29.0;23.0;0.7;E;4.166666666666667;0.0;1009.68;0.0;Partly Cloudy
1517223600;29.0;23.0;0.7;E;4.166666666666667;0.0;1009.68;0.0;Mostly Cloudy
1517227200;29.0;23.0;0.7;E;4.166666666666667;0.0;1009.68;0.0;Mostly Cloudy
1517230800;30.0;23.0;0.66;E;3.611111111111111;0.0;1009.68;0.0;Mostly Cloudy
1517234400;29.0;23.0;0.7;E;5.277777777777778;0.0;1009.68;0.0;Mostly Cloudy
1517238000;30.0;23.0;0.66;E;5.277777777777778;0.0;1008.68;0.0;Partly Cloudy
1517241600;30.0;24.0;0.7;E;4.166666666666667;0.0;1007.68;0.0;Partly Cloudy
1517245200;29.0;23.0;0.7;ENE;4.722222222222222;0.0;1007.68;0.0;Fair
1517248800;29.0;23.0;0.7;ENE;4.166666666666667;0.0;1006.69;0.0;Partly Cloudy
1517252400;28.0;23.0;0.74;ENE;3.611111111111111;0.0;1006.69;0.0;Partly Cloudy
1517256000;28.0;23.0;0.74;ENE;3.611111111111111;0.0;1007.68;0.0;Partly Cloudy
1517259600;27.0;23.0;0.79;E;4.166666666666667;0.0;1007.68;0.0;Mostly Cloudy
1517263200;27.0;23.0;0.79;ENE;3.0555555555555554;0.0;1008.68;0.0;Mostly Cloudy
1517266800;27.0;23.0;0.79;E;4.166666666666667;0.0;1008.68;0.0;Partly Cloudy
1517270400;27.0;23.0;0.79;ENE;3.0555555555555554;0.0;1009.68;0.0;Partly Cloudy
1517274000;27.0;23.0;0.79;ENE;4.722222222222222;0.0;1009.68;0.0;Mostly Cloudy
1517277600;27.0;23.0;0.79;ENE;3.0555555555555554;0.0;1008.68;0.0;Mostly Cloudy
1517281200;27.0;23.0;0.79;ENE;3.611111111111111;0.0;1007.68;0.0;Mostly Cloudy
1517284800;27.0;22.0;0.74;ENE;3.0555555555555554;0.0;1007.68;0.0;Mostly Cloudy
1517288400;27.0;23.0;0.79;ENE;3.0555555555555554;0.0;1006.69;0.0;Partly Cloudy
1517292000;27.0;22.0;0.74;ENE;3.611111111111111;0.0;1006.69;0.0;Partly Cloudy
1517295600;27.0;22.0;0.74;E;3.0555555555555554;0.0;1007.68;0.0;Partly Cloudy
1517299200;27.0;22.0;0.74;E;3.611111111111111;0.0;1008.68;0.0;Partly Cloudy
1517302800;28.0;22.0;0.7;ENE;3.611111111111111;0.0;1008.68;0.0;Partly Cloudy
1517306400;28.0;22.0;0.7;ENE;3.611111111111111;0.0;1009.68;0.0;Partly Cloudy
1517310000;29.0;22.0;0.66;ESE;4.166666666666667;0.0;1009.68;0.0;Partly Cloudy
1517313600;29.0;22.0;0.66;ENE;3.611111111111111;0.0;1010.68;0.0;Partly Cloudy
1517317200;30.0;23.0;0.66;ENE;4.166666666666667;0.0;1009.68;0.0;Partly Cloudy
1517320800;29.0;22.0;0.66;E;4.166666666666667;0.0;1008.68;0.0;Partly Cloudy
1517324400;29.0;23.0;0.7;E;4.722222222222222;0.0;1008.68;0.0;Fair
1517328000;29.0;23.0;0.7;E;4.166666666666667;0.0;1007.68;0.0;Partly Cloudy
1517331600;29.0;23.0;0.7;E;3.0555555555555554;0.0;1007.68;0.0;Partly Cloudy
1517335200;28.0;23.0;0.74;ENE;3.611111111111111;0.0;1006.69;0.0;Partly Cloudy
1517338800;28.0;23.0;0.74;ENE;3.611111111111111;0.0;1007.68;0.0;Partly Cloudy
1517342400;28.0;23.0;0.74;E;3.0555555555555554;0.0;1007.68;0.0;Partly Cloudy
1517346000;28.0;23.0;0.74;ENE;3.611111111111111;0.0;1008.68;0.0;Mostly Cloudy
1517349600;28.0;23.0;0.74;ENE;4.166666666666667;0.0;1008.68;0.0;Partly Cloudy
1517353200;27.0;23.0;0.79;ENE;3.0555555555555554;0.0;1009.68;0.0;Partly Cloudy
1517356800;28.0;23.0;0.74;E;3.611111111111111;0.0;1009.68;0.0;Partly Cloudy
1517360400;27.0;22.0;0.74;E;3.611111111111111;0.0;1009.68;0.0;Partly Cloudy
1517364000;27.0;22.0;0.74;ENE;1.9444444444444444;0.0;1008.68;0.0;Mostly Cloudy
1517367600;27.0;22.0;0.74;ENE;3.611111111111111;0.0;1008.68;0.0;Fair
1517371200;27.0;22.0;0.74;ENE;3.611111111111111;0.0;1007.68;0.0;Mostly Cloudy
1517374800;27.0;22.0;0.74;E;3.611111111111111;0.0;1007.68;0.0;Fair
1517378400;27.0;22.0;0.74;E;3.0555555555555554;0.0;1006.69;0.0;Partly Cloudy
1517382000;27.0;22.0;0.74;E;3.0555555555555554;0.0;1007.68;0.0;Partly Cloudy
1517385600;27.0;23.0;0.79;E;3.611111111111111;0.0;1007.68;0.0;Partly Cloudy
1517389200;28.0;23.0;0.74;E;3.611111111111111;0.0;1008.68;0.0;Partly Cloudy
1517392800;28.0;23.0;0.74;ESE;4.722222222222222;0.0;1009.68;0.0;Partly Cloudy
1517396400;29.0;23.0;0.7;VAR;4.722222222222222;0.0;1009.68;0.0;Partly Cloudy
1517400000;30.0;23.0;0.66;E;4.722222222222222;0.0;1009.68;0.0;Partly Cloudy
1517403600;30.0;23.0;0.66;E;5.555555555555555;0.0;1009.68;0.0;Partly Cloudy
1517407200;29.0;24.0;0.74;E;4.722222222222222;0.0;1009.68;0.0;Partly Cloudy
1517410800;29.0;23.0;0.7;E;4.722222222222222;0.0;1009.68;0.0;Light Rain
1517414400;30.0;23.0;0.66;E;4.722222222222222;0.0;1008.68;0.0;Partly Cloudy
1517418000;29.0;22.0;0.66;ESE;5.277777777777778;0.0;1008.68;0.0;Partly Cloudy
1517421600;29.0;22.0;0.66;E;5.277777777777778;0.0;1008.68;0.0;Partly Cloudy
1517425200;29.0;22.0;0.66;E;3.0555555555555554;0.0;1008.68;0.0;Fair
1517428800;28.0;22.0;0.7;E;4.166666666666667;0.0;1008.68;0.0;Fair
1517432400;27.0;23.0;0.79;E;4.722222222222222;0.0;1009.68;0.0;Showers in the Vicinity
1517436000;27.0;23.0;0.79;E;3.0555555555555554;0.0;1010.68;0.0;Partly Cloudy
1517439600;28.0;23.0;0.74;E;3.0555555555555554;0.0;1010.68;0.0;Mostly Cloudy
1517443200;28.0;23.0;0.74;E;3.611111111111111;0.0;1010.68;0.0;Partly Cloudy
1517446800;27.0;22.0;0.74;E;3.0555555555555554;0.0;1010.68;0.0;Mostly Cloudy
1517450400;27.0;22.0;0.74;E;3.611111111111111;0.0;1009.68;0.0;Partly Cloudy
1517454000;27.0;21.0;0.7;E;4.166666666666667;0.0;1009.68;0.0;Fair
1517457600;27.0;22.0;0.74;E;3.611111111111111;0.0;1008.68;0.0;Partly Cloudy
1517461200;27.0;22.0;0.74;E;2.5;0.0;1008.68;0.0;Mostly Cloudy
1517464800;27.0;22.0;0.74;E;1.9444444444444444;0.0;1008.68;0.0;Mostly Cloudy
1517468400;27.0;22.0;0.74;E;2.5;0.0;1008.68;0.0;Partly Cloudy
1517472000;27.0;22.0;0.74;E;3.0555555555555554;0.0;1008.68;0.0;Partly Cloudy
1517475600;28.0;22.0;0.7;ESE;3.0555555555555554;0.0;1008.68;0.0;Fair
1517479200;29.0;23.0;0.7;E;4.166666666666667;0.0;1009.68;0.0;Mostly Cloudy
1517482800;29.0;23.0;0.7;E;4.722222222222222;0.0;1009.68;0.0;Partly Cloudy
1517486400;29.0;23.0;0.7;E;4.166666666666667;0.0;1009.68;0.0;Partly Cloudy
1517490000;29.0;23.0;0.7;ESE;5.277777777777778;0.0;1009.68;0.0;Partly Cloudy
1517493600;29.0;23.0;0.7;E;3.611111111111111;0.0;1009.68;0.0;Mostly Cloudy
1517497200;30.0;23.0;0.66;E;4.166666666666667;0.0;1008.68;0.0;Partly Cloudy
1517500800;29.0;23.0;0.7;E;5.277777777777778;0.0;1008.68;0.0;Mostly Cloudy
1517504400;28.0;23.0;0.74;E;5.277777777777778;0.0;1007.68;0.0;Partly Cloudy
1517508000;29.0;23.0;0.7;ESE;4.166666666666667;0.0;1007.68;0.0;Mostly Cloudy
1517511600;28.0;23.0;0.74;ESE;4.722222222222222;0.0;1007.68;0.0;Mostly Cloudy
1517515200;28.0;23.0;0.74;ESE;4.166666666666667;0.0;1008.68;0.0;Mostly Cloudy
1517518800;28.0;22.0;0.7;ESE;4.166666666666667;0.0;1008.68;0.0;Mostly Cloudy
1517522400;28.0;23.0;0.74;E;2.5;0.0;1009.68;0.0;Partly Cloudy
1517526000;27.0;23.0;0.79;ESE;3.0555555555555554;0.0;1009.68;0.0;Partly Cloudy
1517529600;27.0;23.0;0.79;E;3.611111111111111;0.0;1009.68;0.0;Mostly Cloudy
1517533200;27.0;23.0;0.79;ESE;2.5;0.0;1009.68;0.0;Showers in the Vicinity
1517536800;27.0;23.0;0.79;E;3.611111111111111;0.0;1008.68;0.0;Partly Cloudy
1517540400;27.0;23.0;0.79;E;2.5;0.0;1007.68;0.0;Partly Cloudy
1517544000;27.0;23.0;0.79;E;4.166666666666667;0.0;1007.68;0.0;Mostly Cloudy
1517547600;27.0;23.0;0.79;E;2.5;0.0;1007.68;0.0;Partly Cloudy
1517551200;26.0;23.0;0.83;ESE;2.5;0.0;1007.68;0.0;Showers in the Vicinity
1517554800;26.0;23.0;0.83;ESE;2.5;0.0;1007.68;0.0;Mostly Cloudy
1517558400;26.0;23.0;0.83;SE;2.5;0.0;1007.68;0.0;Partly Cloudy
1517562000;27.0;23.0;0.79;SE;2.5;0.0;1008.68;0.0;Showers in the Vicinity
1517565600;29.0;23.0;0.7;ESE;4.166666666666667;0.0;1008.68;0.0;Partly Cloudy
1517569200;29.0;23.0;0.7;ESE;4.166666666666667;0.0;1009.68;0.0;Partly Cloudy
1517572800;29.0;23.0;0.7;ESE;5.277777777777778;0.0;1009.68;0.0;Fair
1517576400;29.0;23.0;0.7;E;4.166666666666667;0.0;1008.68;0.0;Fair
1517580000;29.0;23.0;0.7;ESE;4.722222222222222;0.0;1007.68;0.0;Fair
1517583600;30.0;23.0;0.66;E;4.722222222222222;0.0;1007.68;0.0;Fair
1517587200;29.0;22.0;0.66;ESE;4.722222222222222;0.0;1007.68;0.0;Partly Cloudy
1517590800;29.0;23.0;0.7;SE;4.722222222222222;0.0;1006.69;0.0;Partly Cloudy
1517594400;29.0;22.0;0.66;SE;3.611111111111111;0.0;1006.69;0.0;Partly Cloudy
1517598000;28.0;22.0;0.7;SE;3.611111111111111;0.0;1006.69;0.0;Fair
1517601600;28.0;23.0;0.74;SE;2.5;0.0;1006.69;0.0;Fair
1517605200;28.0;23.0;0.74;E;2.5;0.0;1006.69;0.0;Partly Cloudy
1517608800;27.0;22.0;0.74;E;3.0555555555555554;0.0;1007.68;0.0;Partly Cloudy
1517612400;27.0;22.0;0.74;E;3.0555555555555554;0.0;1007.68;0.0;Partly Cloudy
1517616000;27.0;22.0;0.74;E;3.0555555555555554;0.0;1007.68;0.0;Fair
1517619600;27.0;22.0;0.74;ENE;1.9444444444444444;0.0;1007.68;0.0;Partly Cloudy
1517623200;27.0;22.0;0.74;ENE;2.5;0.0;1007.68;0.0;Partly Cloudy
1517626800;27.0;22.0;0.74;NE;1.9444444444444444;0.0;1007.68;0.0;Partly Cloudy
1517630400;27.0;22.0;0.74;ENE;1.9444444444444444;0.0;1006.69;0.0;Partly Cloudy
1517634000;27.0;22.0;0.74;NE;1.6666666666666665;0.0;1006.69;0.0;Partly Cloudy
1517637600;27.0;22.0;0.74;NE;1.6666666666666665;0.0;1006.69;0.0;Partly Cloudy
1517641200;25.0;22.0;0.83;NW;1.6666666666666665;0.0;1006.69;0.0;Partly Cloudy
1517644800;25.0;22.0;0.83;VAR;1.1111111111111112;0.0;1007.68;0.0;Fair
1517648400;28.0;22.0;0.7;E;3.0555555555555554;0.0;1007.68;0.0;Fair
1517652000;29.0;22.0;0.66;E;4.166666666666667;0.0;1007.68;0.0;Partly Cloudy
1517655600;29.0;22.0;0.66;ENE;4.166666666666667;0.0;1008.68;0.0;Mostly Cloudy
1517659200;29.0;22.0;0.66;ENE;4.722222222222222;0.0;1008.68;0.0;Mostly Cloudy
1517662800;30.0;23.0;0.66;E;3.611111111111111;0.0;1008.68;0.0;Partly Cloudy
1517666400;29.0;22.0;0.66;E;4.722222222222222;0.0;1007.68;0.0;Partly Cloudy
1517670000;30.0;22.0;0.62;ENE;4.722222222222222;0.0;1007.68;0.0;Partly Cloudy
1517673600;29.0;22.0;0.66;ENE;4.722222222222222;0.0;1006.69;0.0;Partly Cloudy
1517677200;29.0;22.0;0.66;ENE;3.611111111111111;0.0;1006.69;0.0;Partly Cloudy
1517680800;29.0;22.0;0.66;ENE;4.166666666666667;0.0;1006.69;0.0;Fair
1517684400;29.0;22.0;0.66;ENE;3.611111111111111;0.0;1005.69;0.0;Fair
1517688000;28.0;22.0;0.7;ENE;3.0555555555555554;0.0;1006.69;0.0;Fair
1517691600;27.0;21.0;0.7;E;3.0555555555555554;0.0;1006.69;0.0;Fair
1517695200;27.0;21.0;0.7;ENE;1.9444444444444444;0.0;1007.68;0.0;Fair
1517698800;27.0;21.0;0.7;ENE;2.5;0.0;1007.68;0.0;Fair
1517702400;27.0;21.0;0.7;E;3.0555555555555554;0.0;1008.68;0.0;Fair
1517706000;27.0;21.0;0.7;ENE;1.6666666666666665;0.0;1008.68;0.0;Mostly Cloudy
1517709600;27.0;21.0;0.7;E;1.9444444444444444;0.0;1007.68;0.0;Partly Cloudy
1517713200;27.0;22.0;0.74;E;2.5;0.0;1007.68;0.0;Partly Cloudy
1517716800;27.0;22.0;0.74;ESE;1.9444444444444444;0.0;1007.68;0.0;Partly Cloudy
1517720400;27.0;22.0;0.74;ESE;1.9444444444444444;0.0;1006.69;0.0;Mostly Cloudy
1517724000;27.0;22.0;0.74;ESE;3.0555555555555554;0.0;1006.69;0.0;Partly Cloudy
1517727600;27.0;22.0;0.74;E;3.0555555555555554;0.0;1007.68;0.0;Partly Cloudy
1517731200;27.0;22.0;0.74;E;3.0555555555555554;0.0;1007.68;0.0;Partly Cloudy
1517734800;28.0;21.0;0.66;E;3.611111111111111;0.0;1008.68;0.0;Partly Cloudy
1517738400;29.0;21.0;0.62;E;3.611111111111111;0.0;1009.68;0.0;Fair
1517742000;29.0;21.0;0.62;E;3.611111111111111;0.0;1009.68;0.0;Fair
1517745600;29.0;22.0;0.66;ESE;4.166666666666667;0.0;1009.68;0.0;Fair
1517749200;29.0;22.0;0.66;E;4.166666666666667;0.0;1009.68;0.0;Fair
1517752800;29.0;21.0;0.62;E;4.166666666666667;0.0;1009.68;0.0;Fair
1517756400;30.0;22.0;0.62;E;4.166666666666667;0.0;1008.68;0.0;Fair
1517760000;30.0;21.0;0.58;E;4.166666666666667;0.0;1008.68;0.0;Fair
1517763600;29.0;22.0;0.66;E;4.166666666666667;0.0;1007.68;0.0;Fair
1517767200;29.0;22.0;0.66;ESE;4.166666666666667;0.0;1007.68;0.0;Fair
1517770800;28.0;22.0;0.7;VAR;2.5;0.0;1007.68;0.0;Fair
1517774400;28.0;22.0;0.7;ESE;2.5;0.0;1008.68;0.0;Fair
1517778000;28.0;22.0;0.7;ESE;3.0555555555555554;0.0;1008.68;0.0;Fair
1517781600;28.0;23.0;0.74;ESE;2.5;0.0;1009.68;0.0;Fair
1517785200;27.0;23.0;0.79;ESE;2.5;0.0;1010.68;0.0;Partly Cloudy
1517788800;27.0;23.0;0.79;ESE;3.0555555555555554;0.0;1010.68;0.0;Partly Cloudy
1517792400;27.0;23.0;0.79;SE;3.0555555555555554;0.0;1009.68;0.0;Partly Cloudy
1517796000;27.0;22.0;0.74;ESE;3.0555555555555554;0.0;1009.68;0.0;Partly Cloudy
1517799600;27.0;23.0;0.79;ESE;3.0555555555555554;0.0;1008.68;0.0;Partly Cloudy
1517803200;27.0;22.0;0.74;ESE;3.0555555555555554;0.0;1007.68;0.0;Partly Cloudy
1517806800;27.0;22.0;0.74;E;3.611111111111111;0.0;1007.68;0.0;Partly Cloudy
1517810400;27.0;22.0;0.74;ESE;3.0555555555555554;0.0;1007.68;0.0;Partly Cloudy
1517814000;27.0;22.0;0.74;ESE;3.0555555555555554;0.0;1008.68;0.0;Partly Cloudy
1517817600;27.0;23.0;0.79;ESE;3.0555555555555554;0.0;1008.68;0.0;Partly Cloudy
1517821200;28.0;22.0;0.7;E;3.0555555555555554;0.0;1008.68;0.0;Partly Cloudy
1517824800;29.0;23.0;0.7;ESE;4.166666666666667;0.0;1009.68;0.0;Fair
1517828400;29.0;23.0;0.7;E;3.611111111111111;0.0;1009.68;0.0;Partly Cloudy
1517832000;30.0;23.0;0.66;ESE;4.722222222222222;0.0;1009.68;0.0;Partly Cloudy
1517835600;30.0;23.0;0.66;E;5.277777777777778;0.0;1008.68;0.0;Partly Cloudy
1517839200;29.0;23.0;0.7;ENE;4.166666666666667;0.0;1008.68;0.0;Mostly Cloudy
1517842800;30.0;23.0;0.66;ENE;3.611111111111111;0.0;1007.68;0.0;Mostly Cloudy
1517846400;30.0;24.0;0.7;ESE;5.277777777777778;0.0;1007.68;0.0;Partly Cloudy
1517850000;30.0;23.0;0.66;E;4.722222222222222;0.0;1007.68;0.0;Partly Cloudy
1517853600;29.0;23.0;0.7;E;4.166666666666667;0.0;1007.68;0.0;Partly Cloudy
1517857200;29.0;23.0;0.7;ENE;3.0555555555555554;0.0;1007.68;0.0;Mostly Cloudy
1517860800;28.0;23.0;0.74;ENE;3.0555555555555554;0.0;1008.68;0.0;Partly Cloudy
1517864400;28.0;24.0;0.79;ENE;2.5;0.0;1009.68;0.0;Mostly Cloudy
1517868000;28.0;23.0;0.74;ENE;2.5;0.0;1009.68;0.0;Partly Cloudy
1517871600;28.0;23.0;0.74;ENE;3.0555555555555554;0.0;1010.68;0.0;Mostly Cloudy
1517875200;28.0;23.0;0.74;ENE;2.5;0.0;1010.68;0.0;Partly Cloudy
1517878800;28.0;23.0;0.74;E;2.5;0.0;1010.68;0.0;Partly Cloudy
1517882400;27.0;23.0;0.79;E;2.5;0.0;1009.68;0.0;Partly Cloudy
1517886000;27.0;23.0;0.79;E;3.611111111111111;0.0;1008.68;0.0;Partly Cloudy
1517889600;27.0;23.0;0.79;E;4.166666666666667;0.0;1008.68;0.0;Partly Cloudy
1517893200;27.0;23.0;0.79;E;4.166666666666667;0.0;1008.68;0.0;Partly Cloudy
1517896800;27.0;23.0;0.79;E;3.0555555555555554;0.0;1008.68;0.0;Partly Cloudy
1517900400;28.0;23.0;0.74;E;2.5;0.0;1008.68;0.0;Partly Cloudy
1517904000;27.0;23.0;0.79;E;3.611111111111111;0.0;1009.68;0.0;Partly Cloudy
1517907600;27.0;23.0;0.79;E;4.722222222222222;0.0;1009.68;0.0;Mostly Cloudy
1517911200;28.0;23.0;0.74;E;4.166666666666667;0.0;1010.68;0.0;Mostly Cloudy
1517914800;29.0;23.0;0.7;E;4.722222222222222;0.0;1010.68;0.0;Mostly Cloudy
1517918400;29.0;23.0;0.7;E;4.722222222222222;0.0;1010.68;0.0;Partly Cloudy
1517922000;29.0;23.0;0.7;E;4.722222222222222;0.0;1009.68;0.0;Mostly Cloudy
1517925600;29.0;23.0;0.7;E;5.277777777777778;0.0;1009.68;0.0;Mostly Cloudy
1517929200;30.0;23.0;0.66;E;4.166666666666667;0.0;1008.68;0.0;Partly Cloudy
1517932800;30.0;23.0;0.66;E;4.722222222222222;0.0;1007.68;0.0;Partly Cloudy
1517936400;30.0;23.0;0.66;E;4.722222222222222;0.0;1007.68;0.0;Fair
1517940000;29.0;24.0;0.74;E;3.611111111111111;0.0;1007.68;0.0;Partly Cloudy
1517943600;29.0;23.0;0.7;E;3.611111111111111;0.0;1007.68;0.0;Fair
1517947200;28.0;23.0;0.74;E;4.166666666666667;0.0;1007.68;0.0;Fair
1517950800;28.0;24.0;0.79;E;3.611111111111111;0.0;1008.68;0.0;Partly Cloudy
1517954400;28.0;23.0;0.74;E;3.611111111111111;0.0;1009.68;0.0;Partly Cloudy
1517958000;28.0;23.0;0.74;E;3.611111111111111;0.0;1009.68;0.0;Partly Cloudy
1517961600;27.0;23.0;0.79;E;3.611111111111111;0.0;1009.68;0.0;Mostly Cloudy
1517965200;27.0;23.0;0.79;E;4.166666666666667;0.0;1010.68;0.0;Mostly Cloudy
1517968800;27.0;23.0;0.79;E;3.611111111111111;0.0;1009.68;0.0;Partly Cloudy
1517972400;27.0;23.0;0.79;E;3.611111111111111;0.0;1009.68;0.0;Mostly Cloudy
1517976000;26.0;23.0;0.83;E;3.611111111111111;0.0;1008.68;0.0;Showers in the Vicinity
1517979600;27.0;23.0;0.79;E;3.611111111111111;0.0;1008.68;0.0;Partly Cloudy
1517983200;27.0;23.0;0.79;E;3.611111111111111;0.0;1008.68;0.0;Partly Cloudy
1517986800;27.0;23.0;0.79;E;3.611111111111111;0.0;1009.68;0.0;Partly Cloudy
1517990400;27.0;23.0;0.79;E;3.611111111111111;0.0;1009.68;0.0;Mostly Cloudy
1517994000;28.0;23.0;0.74;E;3.611111111111111;0.0;1009.68;0.0;Mostly Cloudy
1517997600;29.0;24.0;0.74;E;4.166666666666667;0.0;1010.68;0.0;Partly Cloudy
1518001200;29.0;24.0;0.74;E;5.277777777777778;0.0;1010.68;0.0;Partly Cloudy
1518004800;29.0;24.0;0.74;E;4.722222222222222;0.0;1010.68;0.0;Partly Cloudy
1518008400;30.0;23.0;0.66;E;4.166666666666667;0.0;1010.68;0.0;Partly Cloudy
1518012000;30.0;23.0;0.66;E;4.166666666666667;0.0;1009.68;0.0;Fair
1518015600;30.0;23.0;0.66;E;4.722222222222222;0.0;1009.68;0.0;Fair
1518019200;30.0;23.0;0.66;E;5.277777777777778;0.0;1008.68;0.0;Fair
1518022800;30.0;23.0;0.66;E;4.166666666666667;0.0;1008.68;0.0;Fair
1518026400;29.0;23.0;0.7;E;4.722222222222222;0.0;1008.68;0.0;Fair
1518030000;28.0;23.0;0.74;E;4.722222222222222;0.0;1008.68;0.0;Mostly Cloudy
1518033600;28.0;23.0;0.74;E;3.0555555555555554;0.0;1009.68;0.0;Partly Cloudy
1518037200;28.0;23.0;0.74;E;4.166666666666667;0.0;1009.68;0.0;Partly Cloudy
1518040800;28.0;23.0;0.74;E;3.611111111111111;0.0;1010.68;0.0;Partly Cloudy
1518044400;28.0;23.0;0.74;E;2.5;0.0;1010.68;0.0;Partly Cloudy
1518048000;28.0;23.0;0.74;ENE;3.0555555555555554;0.0;1010.68;0.0;Partly Cloudy
1518051600;28.0;23.0;0.74;ENE;3.0555555555555554;0.0;1010.68;0.0;Partly Cloudy
1518055200;27.0;23.0;0.79;ENE;3.0555555555555554;0.0;1010.68;0.0;Partly Cloudy
1518058800;27.0;23.0;0.79;ENE;3.0555555555555554;0.0;1009.68;0.0;Partly Cloudy
1518062400;27.0;23.0;0.79;ENE;3.0555555555555554;0.0;1009.68;0.0;Partly Cloudy
1518066000;27.0;23.0;0.79;ENE;3.0555555555555554;0.0;1009.68;0.0;Fair
1518069600;27.0;22.0;0.74;ENE;3.0555555555555554;0.0;1010.68;0.0;Partly Cloudy
1518073200;27.0;22.0;0.74;ENE;2.5;0.0;1010.68;0.0;Partly Cloudy
1518076800;27.0;22.0;0.74;ENE;3.0555555555555554;0.0;1010.68;0.0;Partly Cloudy
1518080400;28.0;23.0;0.74;ENE;3.611111111111111;0.0;1011.68;0.0;Partly Cloudy
1518084000;29.0;22.0;0.66;E;4.722222222222222;0.0;1011.68;0.0;Fair
1518087600;29.0;22.0;0.66;ENE;4.722222222222222;0.0;1011.68;0.0;Fair
1518091200;29.0;23.0;0.7;E;4.166666666666667;0.0;1011.68;0.0;Partly Cloudy
1518094800;30.0;23.0;0.66;E;5.277777777777778;0.0;1011.68;0.0;Partly Cloudy
1518098400;30.0;23.0;0.66;E;4.166666666666667;0.0;1010.68;0.0;Partly Cloudy
1518102000;30.0;23.0;0.66;ENE;4.722222222222222;0.0;1009.68;0.0;Mostly Cloudy
1518105600;28.0;23.0;0.74;NE;1.9444444444444444;0.0;1009.68;0.0;Partly Cloudy
1518109200;29.0;22.0;0.66;ENE;4.166666666666667;0.0;1009.68;0.0;Partly Cloudy
1518112800;28.0;23.0;0.74;E;4.166666666666667;0.0;1008.68;0.0;Fair
1518116400;29.0;23.0;0.7;E;2.5;0.0;1009.68;0.0;Fair
1518120000;28.0;23.0;0.74;E;3.0555555555555554;0.0;1009.68;0.0;Mostly Cloudy
1518123600;28.0;23.0;0.74;E;2.5;0.0;1009.68;0.0;Mostly Cloudy
1518127200;28.0;24.0;0.79;E;4.166666666666667;0.0;1010.68;0.0;Partly Cloudy
1518130800;27.0;24.0;0.84;E;2.5;0.0;1011.68;0.0;Mostly Cloudy
1518134400;28.0;24.0;0.79;E;2.5;0.0;1011.68;0.0;Showers in the Vicinity
1518135000;26.0;24.0;0.89;NNE;3.0555555555555554;0.0;1011.68;0.0;Rain Shower
1518138000;26.0;24.0;0.89;WNW;1.6666666666666665;0.0;1011.68;0.0;Showers in the Vicinity
1518141600;26.0;24.0;0.89;VAR;1.1111111111111112;0.0;1010.68;0.0;Mostly Cloudy
1518145200;27.0;24.0;0.84;ENE;1.9444444444444444;0.0;1010.68;0.0;Mostly Cloudy
1518148800;27.0;24.0;0.84;ENE;2.5;0.0;1009.68;0.0;Mostly Cloudy
1518152400;27.0;24.0;0.84;NE;1.9444444444444444;0.0;1009.68;0.0;Partly Cloudy
1518156000;27.0;24.0;0.84;NE;2.5;0.0;1009.68;0.0;Mostly Cloudy
1518159600;27.0;24.0;0.84;ENE;1.9444444444444444;0.0;1009.68;0.0;Mostly Cloudy
1518163200;27.0;24.0;0.84;E;1.9444444444444444;0.0;1010.68;0.0;Showers in the Vicinity
1518166800;25.0;23.0;0.89;NNE;4.166666666666667;0.0;0.0;0.0;Rain Shower
1518168000;24.0;23.0;0.94;N;3.0555555555555554;0.0;1011.68;0.0;Showers in the Vicinity
1518170400;24.0;22.0;0.89;N;1.6666666666666665;0.0;1011.68;0.0;Showers in the Vicinity
1518174000;25.0;22.0;0.83;W;1.1111111111111112;0.0;1011.68;0.0;Mostly Cloudy
1518177600;28.0;23.0;0.74;CALM;0.0;0.0;1011.68;0.0;Partly Cloudy
1518181200;29.0;23.0;0.7;NNE;2.5;0.0;1010.68;0.0;Fair
1518184800;30.0;23.0;0.66;E;3.0555555555555554;0.0;1010.68;0.0;Partly Cloudy
1518188400;30.0;24.0;0.7;E;4.166666666666667;0.0;1009.68;0.0;Fair
1518192000;30.0;24.0;0.7;ESE;4.722222222222222;0.0;1009.68;0.0;Partly Cloudy
1518195600;28.0;23.0;0.74;SE;5.277777777777778;0.0;1008.68;0.0;Partly Cloudy
1518199200;29.0;21.0;0.62;E;3.611111111111111;0.0;1009.68;0.0;Fair
1518202800;28.0;22.0;0.7;SE;4.722222222222222;0.0;1009.68;0.0;Fair
1518206400;27.0;23.0;0.79;SE;4.166666666666667;0.0;1010.68;0.0;Partly Cloudy
1518210000;26.0;23.0;0.83;SE;4.166666666666667;0.0;1010.68;0.0;Fair
1518213600;26.0;22.0;0.78;SE;2.5;0.0;1011.68;0.0;Fair
1518217200;26.0;24.0;0.89;SSE;3.0555555555555554;0.0;1011.68;0.0;Mostly Cloudy
1518220800;28.0;23.0;0.74;SSE;3.611111111111111;0.0;1011.68;0.0;Partly Cloudy
1518224400;27.0;23.0;0.79;ESE;5.277777777777778;0.0;1011.68;0.0;Partly Cloudy
1518228000;27.0;23.0;0.79;SE;4.722222222222222;0.0;1010.68;0.0;Mostly Cloudy
1518231600;27.0;23.0;0.79;SE;3.611111111111111;0.0;1009.68;0.0;Partly Cloudy
1518235200;27.0;23.0;0.79;SE;4.722222222222222;0.0;1008.68;0.0;Partly Cloudy
1518238800;27.0;23.0;0.79;ESE;5.555555555555555;0.0;1009.68;0.0;Partly Cloudy
1518242400;27.0;23.0;0.79;SE;5.277777777777778;0.0;1009.68;0.0;Partly Cloudy
1518246000;27.0;22.0;0.74;SE;4.166666666666667;0.0;1009.68;0.0;Partly Cloudy
1518249600;27.0;23.0;0.79;ESE;3.611111111111111;0.0;1010.68;0.0;Mostly Cloudy
1518253200;27.0;22.0;0.74;SE;5.277777777777778;0.0;1010.68;0.0;Mostly Cloudy
1518256800;28.0;22.0;0.7;SE;5.555555555555555;0.0;1011.68;0.0;Fair
1518260400;28.0;23.0;0.74;SE;6.111111111111111;0.0;1011.68;0.0;Mostly Cloudy
1518264000;28.0;22.0;0.7;SE;5.277777777777778;0.0;1011.68;0.0;Partly Cloudy
1518267600;29.0;23.0;0.7;SSE;5.277777777777778;0.0;1010.68;0.0;Mostly Cloudy
1518271200;29.0;23.0;0.7;SSE;6.111111111111111;0.0;1010.68;0.0;Showers in the Vicinity
1518274800;29.0;23.0;0.7;SSE;6.666666666666666;0.0;1009.68;0.0;Partly Cloudy
1518278400;29.0;23.0;0.7;SSE;6.111111111111111;0.0;1009.68;0.0;Partly Cloudy
1518282000;28.0;22.0;0.7;SSE;7.222222222222222;0.0;1008.68;0.0;Mostly Cloudy
1518285600;28.0;22.0;0.7;SSE;6.111111111111111;0.0;1009.68;0.0;Mostly Cloudy
1518289200;28.0;22.0;0.7;SSE;5.277777777777778;0.0;1009.68;0.0;Mostly Cloudy
1518292800;27.0;22.0;0.74;SSE;6.111111111111111;0.0;1009.68;0.0;Mostly Cloudy
1518296400;27.0;21.0;0.7;SSE;5.555555555555555;0.0;1009.68;0.0;Partly Cloudy
1518300000;27.0;22.0;0.74;SSE;5.277777777777778;0.0;1010.68;0.0;Partly Cloudy
1518303600;27.0;22.0;0.74;SSE;5.555555555555555;0.0;1010.68;0.0;Partly Cloudy
1518307200;27.0;22.0;0.74;SSE;6.111111111111111;0.0;1010.68;0.0;Partly Cloudy
1518310800;27.0;21.0;0.7;SE;5.277777777777778;0.0;1010.68;0.0;Mostly Cloudy
1518314400;27.0;21.0;0.7;SSE;5.555555555555555;0.0;1009.68;0.0;Mostly Cloudy
1518318000;26.0;21.0;0.74;S;5.555555555555555;0.0;1008.68;0.0;Mostly Cloudy
1518321600;26.0;21.0;0.74;S;5.555555555555555;0.0;1008.68;0.0;Partly Cloudy
1518325200;26.0;21.0;0.74;SSE;5.555555555555555;0.0;1008.68;0.0;Partly Cloudy
1518328800;26.0;21.0;0.74;S;4.166666666666667;0.0;1008.68;0.0;Fair
1518332400;24.0;21.0;0.83;SSW;3.0555555555555554;0.0;1008.68;0.0;Mostly Cloudy
1518336000;24.0;21.0;0.83;WSW;1.9444444444444444;0.0;1009.68;0.0;Partly Cloudy
1518339600;25.0;22.0;0.83;SW;1.6666666666666665;0.0;1010.68;0.0;Partly Cloudy
1518343200;27.0;22.0;0.74;SSW;3.611111111111111;0.0;1010.68;0.0;Partly Cloudy
1518346800;29.0;21.0;0.62;SSE;6.666666666666666;0.0;1010.68;0.0;Partly Cloudy
1518350400;28.0;21.0;0.66;SSE;5.555555555555555;0.0;1010.68;0.0;Partly Cloudy
1518354000;30.0;22.0;0.62;SE;5.555555555555555;0.0;1010.68;0.0;Partly Cloudy
1518357600;29.0;21.0;0.62;SE;6.666666666666666;0.0;1009.68;0.0;Fair
1518361200;30.0;22.0;0.62;SE;5.555555555555555;0.0;1008.68;0.0;Fair
1518364800;29.0;21.0;0.62;SSE;6.666666666666666;0.0;1008.68;0.0;Fair
1518368400;29.0;21.0;0.62;SSE;7.222222222222222;0.0;1007.68;0.0;Fair
1518372000;28.0;21.0;0.66;SSE;6.666666666666666;0.0;1007.68;0.0;Partly Cloudy
1518375600;28.0;21.0;0.66;SSE;6.666666666666666;0.0;1008.68;0.0;Fair
1518379200;27.0;22.0;0.74;SSE;6.111111111111111;0.0;1008.68;0.0;Fair
1518382800;27.0;22.0;0.74;SSE;6.111111111111111;0.0;1009.68;0.0;Fair
1518386400;27.0;22.0;0.74;SSE;5.555555555555555;0.0;1009.68;0.0;Partly Cloudy
1518390000;27.0;22.0;0.74;S;4.722222222222222;0.0;1010.68;0.0;Partly Cloudy
1518393600;27.0;22.0;0.74;S;5.555555555555555;0.0;1010.68;0.0;Fair
1518397200;25.0;22.0;0.83;SSW;3.0555555555555554;0.0;1009.68;0.0;Fair
1518400800;25.0;22.0;0.83;SSW;2.5;0.0;1009.68;0.0;Fair
1518404400;25.0;22.0;0.83;SSW;1.9444444444444444;0.0;1008.68;0.0;Partly Cloudy
1518408000;24.0;22.0;0.89;SSW;2.5;0.0;1008.68;0.0;Partly Cloudy
1518411600;24.0;22.0;0.89;WSW;1.6666666666666665;0.0;1008.68;0.0;Partly Cloudy
1518415200;24.0;21.0;0.83;SSW;1.6666666666666665;0.0;1008.68;0.0;Partly Cloudy
1518418800;24.0;21.0;0.83;SW;1.1111111111111112;0.0;1008.68;0.0;Partly Cloudy
1518422400;24.0;22.0;0.89;SSE;1.6666666666666665;0.0;1009.68;0.0;Light Rain
1518426000;24.0;22.0;0.89;SSW;2.5;0.0;1010.68;0.0;Showers in the Vicinity
1518429600;26.0;23.0;0.83;SW;1.6666666666666665;0.0;1010.68;0.0;Partly Cloudy
1518433200;27.0;22.0;0.74;SSE;4.166666666666667;0.0;1010.68;0.0;Showers in the Vicinity
1518436800;28.0;22.0;0.7;SSE;4.722222222222222;0.0;1010.68;0.0;Showers in the Vicinity
1518440400;28.0;25.0;0.84;S;1.9444444444444444;0.0;0.0;0.0;Showers in the Vicinity
1518444000;28.0;23.0;0.74;SSE;4.166666666666667;0.0;1009.68;0.0;Partly Cloudy
1518447600;28.0;22.0;0.7;SE;4.166666666666667;0.0;1008.68;0.0;Mostly Cloudy
1518451200;29.0;22.0;0.66;SE;4.722222222222222;0.0;1008.68;0.0;Partly Cloudy
1518454800;28.0;23.0;0.74;SE;4.722222222222222;0.0;1008.68;0.0;Fair
1518458400;28.0;22.0;0.7;SE;4.722222222222222;0.0;1008.68;0.0;Fair
1518462000;28.0;22.0;0.7;SE;4.722222222222222;0.0;1008.68;0.0;Fair
1518465600;27.0;23.0;0.79;SE;4.166666666666667;0.0;1009.68;0.0;Mostly Cloudy
1518469200;27.0;23.0;0.79;SE;3.0555555555555554;0.0;1009.68;0.0;Mostly Cloudy
1518472800;27.0;22.0;0.74;SE;3.0555555555555554;0.0;1010.68;0.0;Mostly Cloudy
1518476400;27.0;22.0;0.74;SE;3.0555555555555554;0.0;1010.68;0.0;Partly Cloudy
1518480000;26.0;23.0;0.83;ESE;4.166666666666667;0.0;1011.68;0.0;Showers in the Vicinity
1518483600;26.0;21.0;0.74;CALM;0.0;0.0;1010.68;0.0;Mostly Cloudy
1518487200;25.0;22.0;0.83;SSW;2.5;0.0;1009.68;0.0;Partly Cloudy
1518490800;25.0;23.0;0.89;SW;2.5;0.0;1009.68;0.0;Partly Cloudy
1518494400;25.0;23.0;0.89;SW;3.0555555555555554;0.0;1009.68;0.0;Mostly Cloudy
1518498000;25.0;23.0;0.89;SSE;2.5;0.0;1009.68;0.0;Showers in the Vicinity
1518501600;24.0;23.0;0.94;SW;2.5;0.0;1009.68;0.0;Mostly Cloudy
1518505200;24.0;23.0;0.94;CALM;0.0;0.0;1009.68;0.0;Partly Cloudy
1518508800;25.0;23.0;0.89;CALM;0.0;0.0;1010.68;0.0;Mostly Cloudy
1518512400;25.0;23.0;0.89;SW;2.5;0.0;1010.68;0.0;Mostly Cloudy
1518516000;27.0;24.0;0.84;SSW;1.6666666666666665;0.0;1010.68;0.0;Mostly Cloudy
1518519600;27.0;24.0;0.84;SE;1.9444444444444444;0.0;1010.68;0.0;Mostly Cloudy
1518523200;27.0;24.0;0.84;SE;2.5;0.0;1011.68;0.0;Rain Shower
1518526800;29.0;24.0;0.74;ESE;3.611111111111111;0.0;1010.68;0.0;Mostly Cloudy
1518530400;27.0;25.0;0.89;S;4.166666666666667;0.0;1010.68;0.0;Rain Shower
1518531900;27.0;25.0;0.89;SSE;3.0555555555555554;0.0;1009.68;0.0;Showers in the Vicinity
1518534000;28.0;24.0;0.79;SSE;3.611111111111111;0.0;1009.68;0.0;Rain Shower
1518537600;28.0;25.0;0.84;SSE;3.611111111111111;0.0;1009.68;0.0;Mostly Cloudy
1518541200;28.0;23.0;0.74;ESE;4.166666666666667;0.0;1008.68;0.0;Mostly Cloudy
1518544800;28.0;24.0;0.79;ESE;4.166666666666667;0.0;1008.68;0.0;Partly Cloudy
1518548400;28.0;24.0;0.79;E;2.5;0.0;1008.68;0.0;Mostly Cloudy
1518552000;27.0;24.0;0.84;ESE;3.0555555555555554;0.0;1009.68;0.0;Partly Cloudy
1518555600;27.0;23.0;0.79;ESE;4.722222222222222;0.0;1009.68;0.0;Mostly Cloudy
1518559200;27.0;23.0;0.79;ESE;4.722222222222222;0.0;1010.68;0.0;Partly Cloudy
1518562800;27.0;23.0;0.79;SE;4.722222222222222;0.0;1010.68;0.0;Mostly Cloudy
1518566400;27.0;23.0;0.79;SE;4.166666666666667;0.0;1010.68;0.0;Partly Cloudy
1518570000;27.0;23.0;0.79;SE;4.722222222222222;0.0;1010.68;0.0;Partly Cloudy
1518573600;27.0;23.0;0.79;SE;5.277777777777778;0.0;1010.68;0.0;Mostly Cloudy
1518577200;25.0;22.0;0.83;SE;7.777777777777778;0.0;1009.68;0.0;Light Rain
1518580800;25.0;22.0;0.83;SE;5.277777777777778;0.0;0.0;0.0;Rain Shower
1518584400;26.0;23.0;0.83;SE;4.166666666666667;0.0;1008.68;0.0;Light Rain
1518588000;27.0;23.0;0.79;SE;6.666666666666666;0.0;1008.68;0.0;Mostly Cloudy
1518591600;27.0;23.0;0.79;SSE;7.777777777777778;0.0;1009.68;0.0;Partly Cloudy
1518595200;27.0;23.0;0.79;SSE;5.555555555555555;0.0;1009.68;0.0;Mostly Cloudy
1518598800;27.0;23.0;0.79;SSE;6.666666666666666;0.0;1010.68;0.0;Showers in the Vicinity
1518602400;27.0;24.0;0.84;SSE;7.222222222222222;0.0;1010.68;0.0;Mostly Cloudy
1518606000;27.0;23.0;0.79;SE;6.111111111111111;0.0;1010.68;0.0;Mostly Cloudy
1518609600;28.0;23.0;0.74;SE;6.666666666666666;0.0;1011.68;0.0;Mostly Cloudy
1518611220;25.0;22.0;0.83;SE;8.333333333333334;15.0;1011.68;0.0;Rain Shower
1518612060;24.0;23.0;0.94;SE;6.666666666666666;0.0;1011.68;0.0;Light Rain
1518613200;26.0;22.0;0.78;SE;4.722222222222222;0.0;1011.68;0.0;Mostly Cloudy
1518616800;28.0;23.0;0.74;ESE;3.611111111111111;0.0;1011.68;0.0;Mostly Cloudy
1518620400;28.0;23.0;0.74;SE;4.722222222222222;0.0;1010.68;0.0;Mostly Cloudy
1518624000;28.0;23.0;0.74;SE;4.166666666666667;0.0;1010.68;0.0;Mostly Cloudy
1518627600;27.0;23.0;0.79;ESE;5.277777777777778;0.0;1009.68;0.0;Mostly Cloudy
1518631200;27.0;22.0;0.74;ESE;4.722222222222222;0.0;1009.68;0.0;Mostly Cloudy
1518634800;27.0;21.0;0.7;E;1.9444444444444444;0.0;1010.68;0.0;Fair
1518638400;27.0;21.0;0.7;VAR;1.1111111111111112;0.0;1010.68;0.0;Fair
1518642000;26.0;23.0;0.83;SSW;1.6666666666666665;0.0;1010.68;0.0;Fair
1518645600;25.0;23.0;0.89;VAR;1.1111111111111112;0.0;1011.68;0.0;Mostly Cloudy
1518649200;25.0;22.0;0.83;SSW;1.9444444444444444;0.0;1011.68;0.0;Fair
1518652800;25.0;22.0;0.83;S;1.1111111111111112;0.0;1011.68;0.0;Partly Cloudy
1518656400;24.0;22.0;0.89;S;1.6666666666666665;0.0;1011.68;0.0;Partly Cloudy
1518660000;24.0;23.0;0.94;SSW;1.6666666666666665;0.0;1010.68;0.0;Fair
1518663600;24.0;23.0;0.94;SSW;1.1111111111111112;0.0;1010.68;0.0;Partly Cloudy
1518667200;25.0;22.0;0.83;SSE;1.6666666666666665;0.0;1010.68;0.0;Partly Cloudy
1518670800;25.0;23.0;0.89;SW;1.9444444444444444;0.0;1010.68;0.0;Mostly Cloudy
1518674400;24.0;23.0;0.94;W;1.1111111111111112;0.0;1010.68;0.0;Mostly Cloudy
1518678000;24.0;23.0;0.94;NW;1.6666666666666665;0.0;1010.68;0.0;Partly Cloudy
1518681600;24.0;23.0;0.94;NNW;1.6666666666666665;0.0;1011.68;0.0;Partly Cloudy
1518685200;26.0;23.0;0.83;SE;3.0555555555555554;0.0;1011.68;0.0;Partly Cloudy
1518688800;27.0;23.0;0.79;ESE;3.0555555555555554;0.0;1012.68;0.0;Mostly Cloudy
1518692400;29.0;24.0;0.74;ESE;5.277777777777778;0.0;1012.68;0.0;Partly Cloudy
1518696000;29.0;23.0;0.7;SE;5.555555555555555;0.0;1012.68;0.0;Partly Cloudy
1518699600;29.0;23.0;0.7;ESE;5.277777777777778;0.0;1012.68;0.0;Partly Cloudy
1518703200;29.0;23.0;0.7;SE;5.555555555555555;0.0;1012.68;0.0;Partly Cloudy
1518706800;29.0;23.0;0.7;ESE;5.555555555555555;0.0;1011.68;0.0;Showers in the Vicinity
1518707400;26.0;23.0;0.83;E;5.277777777777778;0.0;1011.68;0.0;Rain
1518708300;27.0;24.0;0.84;E;2.5;0.0;0.0;0.0;Showers in the Vicinity
1518710400;29.0;24.0;0.74;ESE;3.611111111111111;0.0;1010.68;0.0;Partly Cloudy
1518714000;28.0;23.0;0.74;ESE;5.277777777777778;0.0;1010.68;0.0;Partly Cloudy
1518717600;28.0;23.0;0.74;SE;4.722222222222222;0.0;1010.68;0.0;Partly Cloudy
1518721200;28.0;23.0;0.74;SSE;5.277777777777778;0.0;1010.68;0.0;Partly Cloudy
1518724800;28.0;23.0;0.74;ESE;3.611111111111111;0.0;1011.68;0.0;Mostly Cloudy
1518728400;27.0;23.0;0.79;ESE;5.277777777777778;0.0;1011.68;0.0;Partly Cloudy
1518732000;27.0;23.0;0.79;ESE;5.277777777777778;0.0;1012.68;0.0;Mostly Cloudy
1518735600;27.0;23.0;0.79;ESE;4.722222222222222;0.0;1013.68;0.0;Mostly Cloudy
1518739200;28.0;23.0;0.74;ESE;3.0555555555555554;0.0;1013.68;0.0;Mostly Cloudy
1518742800;27.0;23.0;0.79;SE;3.0555555555555554;0.0;1012.68;0.0;Mostly Cloudy
1518746400;27.0;23.0;0.79;SE;4.722222222222222;0.0;1011.68;0.0;Mostly Cloudy
1518750000;27.0;23.0;0.79;SE;5.277777777777778;0.0;1010.68;0.0;Mostly Cloudy
1518753600;27.0;23.0;0.79;SE;4.166666666666667;0.0;1010.68;0.0;Mostly Cloudy
1518757200;27.0;23.0;0.79;SE;4.166666666666667;0.0;1010.68;0.0;Cloudy
1518760800;27.0;23.0;0.79;SE;3.611111111111111;0.0;1010.68;0.0;Mostly Cloudy
1518764400;27.0;23.0;0.79;SE;4.722222222222222;0.0;1010.68;0.0;Mostly Cloudy
1518768000;27.0;23.0;0.79;SE;4.722222222222222;0.0;1011.68;0.0;Mostly Cloudy
1518771600;28.0;23.0;0.74;SE;5.277777777777778;0.0;1011.68;0.0;Partly Cloudy
1518775200;28.0;23.0;0.74;SE;5.277777777777778;0.0;1012.68;0.0;Partly Cloudy
1518778800;28.0;23.0;0.74;SE;6.111111111111111;0.0;0.0;0.0;Showers in the Vicinity
1518782400;28.0;23.0;0.74;ESE;7.222222222222222;0.0;0.0;0.0;Showers in the Vicinity
1518786000;28.0;23.0;0.74;SE;5.277777777777778;0.0;1012.68;0.0;Mostly Cloudy
1518789600;29.0;24.0;0.74;SE;5.277777777777778;0.0;1011.68;0.0;Partly Cloudy
1518793200;29.0;24.0;0.74;ESE;5.277777777777778;0.0;1010.68;0.0;Mostly Cloudy
1518796800;29.0;23.0;0.7;SE;5.277777777777778;0.0;1010.68;0.0;Mostly Cloudy
1518800400;29.0;24.0;0.74;SE;5.277777777777778;0.0;1010.68;0.0;Partly Cloudy
1518804000;29.0;24.0;0.74;SE;4.722222222222222;0.0;1010.68;0.0;Partly Cloudy
1518807600;29.0;23.0;0.7;SE;3.611111111111111;0.0;1010.68;0.0;Partly Cloudy
1518811200;27.0;23.0;0.79;ESE;3.611111111111111;0.0;1010.68;0.0;Partly Cloudy
1518814800;27.0;23.0;0.79;SE;2.5;0.0;1010.68;0.0;Partly Cloudy
1518818400;27.0;23.0;0.79;SE;3.0555555555555554;0.0;1011.68;0.0;Partly Cloudy
1518822000;27.0;24.0;0.84;ESE;3.0555555555555554;0.0;1011.68;0.0;Mostly Cloudy
1518825600;27.0;23.0;0.79;E;3.611111111111111;0.0;1011.68;0.0;Partly Cloudy
1518829200;27.0;23.0;0.79;ESE;5.277777777777778;0.0;1011.68;0.0;Showers in the Vicinity
1518832800;27.0;23.0;0.79;E;4.166666666666667;0.0;1010.68;0.0;Mostly Cloudy
1518836400;27.0;23.0;0.79;ESE;4.166666666666667;0.0;1009.68;0.0;Mostly Cloudy
1518840000;27.0;23.0;0.79;ESE;4.166666666666667;0.0;1009.68;0.0;Mostly Cloudy
1518843600;27.0;23.0;0.79;E;3.611111111111111;0.0;1009.68;0.0;Mostly Cloudy
1518847200;27.0;23.0;0.79;ESE;2.5;0.0;1008.68;0.0;Mostly Cloudy
1518850800;26.0;23.0;0.83;E;4.166666666666667;0.0;1009.68;0.0;Mostly Cloudy
1518854400;26.0;23.0;0.83;E;4.166666666666667;0.0;0.0;0.0;Showers in the Vicinity
1518858000;27.0;23.0;0.79;E;5.277777777777778;0.0;1010.68;0.0;Mostly Cloudy
1518861600;28.0;24.0;0.79;ESE;4.166666666666667;0.0;1010.68;0.0;Mostly Cloudy
1518865200;29.0;24.0;0.74;ESE;5.277777777777778;0.0;1010.68;0.0;Mostly Cloudy
1518868800;29.0;23.0;0.7;ESE;5.555555555555555;0.0;1010.68;0.0;Mostly Cloudy
1518872400;28.0;23.0;0.74;ESE;5.277777777777778;0.0;1010.68;0.0;Mostly Cloudy
1518876000;29.0;24.0;0.74;E;4.722222222222222;0.0;1010.68;0.0;Mostly Cloudy
1518879600;29.0;23.0;0.7;E;5.277777777777778;0.0;1009.68;0.0;Partly Cloudy
1518883200;29.0;24.0;0.74;E;4.722222222222222;0.0;1008.68;0.0;Mostly Cloudy
1518886800;29.0;24.0;0.74;E;4.166666666666667;0.0;1008.68;0.0;Mostly Cloudy
1518890400;28.0;24.0;0.79;E;3.0555555555555554;0.0;1008.68;0.0;Showers in the Vicinity
1518894000;28.0;0.0;0.0;E;5.555555555555555;0.0;1009.68;0.0;Showers in the Vicinity
1518897600;27.0;24.0;0.84;E;5.277777777777778;10.277777777777777;1009.68;0.0;Rain Shower
1518901200;27.0;24.0;0.84;E;2.5;0.0;1010.68;0.0;Mostly Cloudy
1518904800;27.0;24.0;0.84;ENE;1.9444444444444444;0.0;1011.68;0.0;Mostly Cloudy
1518906600;27.0;24.0;0.84;ENE;1.9444444444444444;0.0;1011.68;0.0;Rain Shower
1518908400;25.0;23.0;0.89;NNE;3.0555555555555554;0.0;1011.68;0.0;Showers in the Vicinity
1518912000;27.0;24.0;0.84;ENE;3.0555555555555554;0.0;1011.68;0.0;Light Rain
1518915600;27.0;23.0;0.79;ENE;2.5;0.0;1010.68;0.0;Mostly Cloudy
1518922800;27.0;24.0;0.84;NE;1.9444444444444444;0.0;1010.68;0.0;Mostly Cloudy
1518926400;27.0;23.0;0.79;ENE;2.5;0.0;1009.68;0.0;Mostly Cloudy
1518930000;25.0;24.0;0.94;NNE;1.9444444444444444;0.0;1009.68;0.0;Mostly Cloudy
1518933600;25.0;24.0;0.94;SW;1.6666666666666665;0.0;1009.68;0.0;Showers in the Vicinity
1518937200;24.0;23.0;0.94;W;1.1111111111111112;0.0;1009.68;0.0;Showers in the Vicinity
1518940800;24.0;24.0;1.0;NW;2.5;0.0;1009.68;0.0;Light Rain
1518944400;24.0;23.0;0.94;NW;1.6666666666666665;0.0;1010.68;0.0;Showers in the Vicinity
1518948000;25.0;24.0;0.94;WNW;1.6666666666666665;0.0;1010.68;0.0;Mostly Cloudy
1518951600;27.0;24.0;0.84;NW;1.6666666666666665;0.0;1010.68;0.0;Mostly Cloudy
1518955200;28.0;24.0;0.79;VAR;1.1111111111111112;0.0;1010.68;0.0;Partly Cloudy
1518958800;28.0;25.0;0.84;E;3.0555555555555554;0.0;0.0;0.0;Mostly Cloudy
1518962400;28.0;24.0;0.79;ESE;4.722222222222222;0.0;1009.68;0.0;Mostly Cloudy
1518966000;28.0;24.0;0.79;E;3.611111111111111;0.0;1008.68;0.0;Mostly Cloudy
1518969600;28.0;24.0;0.79;ESE;4.722222222222222;0.0;0.0;0.0;Showers in the Vicinity
1518973200;29.0;24.0;0.74;ESE;4.722222222222222;0.0;0.0;0.0;Showers in the Vicinity
1518976800;28.0;24.0;0.79;E;4.722222222222222;0.0;1007.68;0.0;Mostly Cloudy
1518980400;28.0;23.0;0.74;ESE;3.611111111111111;0.0;1007.68;0.0;Mostly Cloudy
1518984000;28.0;23.0;0.74;E;4.166666666666667;0.0;1007.68;0.0;Mostly Cloudy
1518987600;28.0;24.0;0.79;ESE;3.611111111111111;0.0;1008.68;0.0;Mostly Cloudy
1518991200;28.0;23.0;0.74;E;3.611111111111111;0.0;1009.68;0.0;Partly Cloudy
1518994800;28.0;23.0;0.74;E;3.0555555555555554;0.0;1009.68;0.0;Mostly Cloudy
1518998400;27.0;24.0;0.84;E;3.0555555555555554;0.0;1009.68;0.0;Mostly Cloudy
1519002000;27.0;24.0;0.84;E;3.611111111111111;0.0;1009.68;0.0;Mostly Cloudy
1519005600;27.0;23.0;0.79;E;3.0555555555555554;0.0;1009.68;0.0;Mostly Cloudy
1519009200;27.0;23.0;0.79;E;2.5;0.0;1009.68;0.0;Partly Cloudy
1519012800;27.0;23.0;0.79;ENE;1.9444444444444444;0.0;1008.68;0.0;Partly Cloudy
1519016400;27.0;23.0;0.79;NE;1.6666666666666665;0.0;1007.68;0.0;Partly Cloudy
1519020000;25.0;24.0;0.94;NW;1.9444444444444444;0.0;1008.68;0.0;Partly Cloudy
1519023600;25.0;24.0;0.94;VAR;2.5;0.0;1008.68;0.0;Rain Shower
1519027200;24.0;0.0;0.0;SW;1.9444444444444444;0.0;1008.68;0.0;Showers in the Vicinity
1519030800;24.0;23.0;0.94;W;2.5;0.0;1009.68;0.0;Showers in the Vicinity
1519034400;25.0;23.0;0.89;W;1.6666666666666665;0.0;1009.68;0.0;Mostly Cloudy
1519038000;26.0;24.0;0.89;WSW;1.6666666666666665;0.0;1010.68;0.0;Mostly Cloudy
1519041600;29.0;24.0;0.74;ESE;1.9444444444444444;0.0;1010.68;0.0;Mostly Cloudy
1519045200;24.0;23.0;0.94;SE;7.777777777777778;13.88888888888889;0.0;0.0;Light Rain Shower
1519048800;28.0;24.0;0.79;SE;3.0555555555555554;0.0;1009.68;0.0;Light Rain
1519052400;28.0;24.0;0.79;E;3.611111111111111;0.0;1009.68;0.0;Mostly Cloudy
1519056000;29.0;24.0;0.74;ESE;4.166666666666667;0.0;1008.68;0.0;Partly Cloudy
1519059600;30.0;24.0;0.7;ESE;3.611111111111111;0.0;1007.68;0.0;Partly Cloudy
1519063200;29.0;24.0;0.74;E;4.166666666666667;0.0;1007.68;0.0;Partly Cloudy
1519066800;28.0;23.0;0.74;E;4.166666666666667;0.0;1007.68;0.0;Partly Cloudy
1519070400;28.0;23.0;0.74;E;3.611111111111111;0.0;1007.68;0.0;Partly Cloudy
1519074000;28.0;23.0;0.74;ENE;3.0555555555555554;0.0;1008.68;0.0;Partly Cloudy
1519077600;28.0;23.0;0.74;E;2.5;0.0;1008.68;0.0;Partly Cloudy
1519081200;27.0;23.0;0.79;E;2.5;0.0;1008.68;0.0;Partly Cloudy
1519084800;27.0;24.0;0.84;E;2.5;0.0;1009.68;0.0;Mostly Cloudy
1519088400;27.0;23.0;0.79;E;3.0555555555555554;0.0;1009.68;0.0;Partly Cloudy
1519092000;27.0;23.0;0.79;ESE;3.0555555555555554;0.0;1008.68;0.0;Partly Cloudy
1519095600;27.0;23.0;0.79;E;2.5;0.0;1008.68;0.0;Partly Cloudy
1519099200;27.0;23.0;0.79;E;2.5;0.0;1007.68;0.0;Fair
1519102800;27.0;23.0;0.79;ENE;1.6666666666666665;0.0;1007.68;0.0;Mostly Cloudy
1519106400;27.0;23.0;0.79;ENE;1.9444444444444444;0.0;1007.68;0.0;Fair
1519110000;27.0;23.0;0.79;ENE;1.6666666666666665;0.0;1008.68;0.0;Partly Cloudy
1519113600;25.0;23.0;0.89;CALM;0.0;0.0;1008.68;0.0;Mostly Cloudy
1519117200;25.0;23.0;0.89;SW;1.1111111111111112;0.0;1008.68;0.0;Partly Cloudy
1519120800;26.0;23.0;0.83;NNE;1.9444444444444444;0.0;1009.68;0.0;Mostly Cloudy
1519124400;27.0;23.0;0.79;ENE;3.0555555555555554;0.0;1009.68;0.0;Showers in the Vicinity
1519128000;28.0;25.0;0.84;ENE;2.5;0.0;1009.68;0.0;Mostly Cloudy
1519131600;25.0;23.0;0.89;ESE;5.555555555555555;0.0;0.0;0.0;Light Rain
1519135200;26.0;23.0;0.83;ESE;5.277777777777778;0.0;0.0;0.0;Showers in the Vicinity
1519138800;28.0;23.0;0.74;E;2.5;0.0;1008.68;0.0;Mostly Cloudy
1519142400;29.0;24.0;0.74;E;3.0555555555555554;0.0;1008.68;0.0;Mostly Cloudy
1519146000;29.0;23.0;0.7;ENE;2.5;0.0;1008.68;0.0;Mostly Cloudy
1519149600;29.0;23.0;0.7;E;3.611111111111111;0.0;1007.68;0.0;Partly Cloudy
1519153200;28.0;23.0;0.74;ENE;3.0555555555555554;0.0;1007.68;0.0;Mostly Cloudy
1519156800;28.0;23.0;0.74;E;1.9444444444444444;0.0;1008.68;0.0;Mostly Cloudy
1519160400;28.0;23.0;0.74;E;3.0555555555555554;0.0;1008.68;0.0;Partly Cloudy
1519164000;27.0;23.0;0.79;ENE;2.5;0.0;1009.68;0.0;Partly Cloudy
1519167600;27.0;23.0;0.79;E;3.0555555555555554;0.0;1009.68;0.0;Partly Cloudy
1519171200;27.0;23.0;0.79;E;3.0555555555555554;0.0;1010.68;0.0;Partly Cloudy
1519174800;27.0;23.0;0.79;E;2.5;0.0;1010.68;0.0;Partly Cloudy
1519178400;27.0;22.0;0.74;E;1.6666666666666665;0.0;1010.68;0.0;Partly Cloudy
1519182000;27.0;23.0;0.79;ENE;1.6666666666666665;0.0;1010.68;0.0;Partly Cloudy
1519185600;27.0;22.0;0.74;E;1.9444444444444444;0.0;1009.68;0.0;Partly Cloudy
1519189200;27.0;22.0;0.74;E;1.9444444444444444;0.0;1008.68;0.0;Partly Cloudy
1519192800;27.0;23.0;0.79;E;3.0555555555555554;0.0;1008.68;0.0;Partly Cloudy
1519196400;26.0;22.0;0.78;ENE;1.6666666666666665;0.0;1009.68;0.0;Partly Cloudy
1519200000;27.0;22.0;0.74;E;2.5;0.0;1009.68;0.0;Partly Cloudy
1519203600;27.0;22.0;0.74;E;2.5;0.0;1009.68;0.0;Partly Cloudy
1519207200;28.0;22.0;0.7;E;3.611111111111111;0.0;1010.68;0.0;Partly Cloudy
1519210800;28.0;22.0;0.7;E;4.166666666666667;0.0;1010.68;0.0;Partly Cloudy
1519214400;29.0;23.0;0.7;E;3.0555555555555554;0.0;1010.68;0.0;Mostly Cloudy
1519218000;30.0;23.0;0.66;E;4.166666666666667;0.0;1010.68;0.0;Mostly Cloudy
1519221600;29.0;22.0;0.66;E;4.166666666666667;0.0;1010.68;0.0;Partly Cloudy
1519225200;29.0;23.0;0.7;E;3.611111111111111;0.0;1009.68;0.0;Partly Cloudy
1519228800;30.0;23.0;0.66;E;4.166666666666667;0.0;1008.68;0.0;Partly Cloudy
1519232400;29.0;22.0;0.66;E;4.166666666666667;0.0;1008.68;0.0;Partly Cloudy
1519236000;29.0;22.0;0.66;E;3.611111111111111;0.0;1007.68;0.0;Fair
1519239600;29.0;22.0;0.66;E;3.611111111111111;0.0;1007.68;0.0;Fair
1519243200;28.0;23.0;0.74;ENE;3.0555555555555554;0.0;1007.68;0.0;Fair
1519246800;28.0;22.0;0.7;E;3.611111111111111;0.0;1007.68;0.0;Fair
1519250400;28.0;22.0;0.7;E;3.0555555555555554;0.0;1008.68;0.0;Fair
1519254000;28.0;23.0;0.74;E;2.5;0.0;1008.68;0.0;Partly Cloudy
1519257600;27.0;23.0;0.79;E;3.611111111111111;0.0;1009.68;0.0;Partly Cloudy
1519261200;27.0;23.0;0.79;E;3.0555555555555554;0.0;1009.68;0.0;Mostly Cloudy
1519264800;27.0;23.0;0.79;E;4.166666666666667;0.0;1009.68;0.0;Mostly Cloudy
1519268400;27.0;22.0;0.74;E;4.166666666666667;0.0;1009.68;0.0;Partly Cloudy
1519272000;27.0;22.0;0.74;ENE;3.0555555555555554;0.0;1009.68;0.0;Partly Cloudy
1519275600;27.0;22.0;0.74;E;2.5;0.0;1008.68;0.0;Partly Cloudy
1519279200;27.0;22.0;0.74;NE;1.9444444444444444;0.0;1008.68;0.0;Partly Cloudy
1519282800;26.0;23.0;0.83;ENE;3.0555555555555554;0.0;1008.68;0.0;Partly Cloudy
1519286400;25.0;23.0;0.89;CALM;0.0;0.0;1008.68;0.0;Partly Cloudy
1519290000;24.0;22.0;0.89;CALM;0.0;0.0;1009.68;0.0;Partly Cloudy
1519293600;26.0;23.0;0.83;CALM;0.0;0.0;1009.68;0.0;Partly Cloudy
1519297200;27.0;23.0;0.79;WSW;1.1111111111111112;0.0;1010.68;0.0;Partly Cloudy
1519300800;29.0;24.0;0.74;ESE;3.611111111111111;0.0;1010.68;0.0;Partly Cloudy
1519304400;29.0;23.0;0.7;E;3.611111111111111;0.0;1010.68;0.0;Partly Cloudy
1519308000;29.0;24.0;0.74;E;4.166666666666667;0.0;1010.68;0.0;Partly Cloudy
1519311600;30.0;24.0;0.7;E;4.166666666666667;0.0;1009.68;0.0;Partly Cloudy
1519315200;29.0;23.0;0.7;E;4.722222222222222;0.0;1009.68;0.0;Partly Cloudy
1519318800;30.0;24.0;0.7;E;4.722222222222222;0.0;1008.68;0.0;Partly Cloudy
1519322400;29.0;24.0;0.74;E;4.166666666666667;0.0;1007.68;0.0;Partly Cloudy
1519326000;28.0;23.0;0.74;E;4.722222222222222;0.0;1007.68;0.0;Mostly Cloudy
1519329600;28.0;23.0;0.74;ENE;3.611111111111111;0.0;1008.68;0.0;Partly Cloudy
1519333200;28.0;23.0;0.74;E;3.0555555555555554;0.0;1008.68;0.0;Partly Cloudy
1519336800;28.0;23.0;0.74;ENE;3.611111111111111;0.0;1009.68;0.0;Partly Cloudy
1519340400;28.0;23.0;0.74;ENE;3.0555555555555554;0.0;1009.68;0.0;Fair
1519344000;28.0;23.0;0.74;E;3.611111111111111;0.0;1010.68;0.0;Partly Cloudy
1519347600;28.0;24.0;0.79;ENE;3.611111111111111;0.0;1010.68;0.0;Mostly Cloudy
1519351200;27.0;23.0;0.79;ENE;2.5;0.0;1010.68;0.0;Showers in the Vicinity
1519354800;27.0;23.0;0.79;ENE;2.5;0.0;1010.68;0.0;Showers in the Vicinity
1519358400;27.0;23.0;0.79;ENE;2.5;0.0;1009.68;0.0;Partly Cloudy
1519362000;26.0;24.0;0.89;NNE;1.6666666666666665;0.0;1009.68;0.0;Mostly Cloudy
1519365600;25.0;23.0;0.89;NNW;1.6666666666666665;0.0;1009.68;0.0;Mostly Cloudy
1519369200;25.0;23.0;0.89;WNW;1.6666666666666665;0.0;1009.68;0.0;Mostly Cloudy
1519372800;25.0;23.0;0.89;WNW;1.1111111111111112;0.0;1009.68;0.0;Mostly Cloudy
1519376400;25.0;23.0;0.89;NNW;1.9444444444444444;0.0;1010.68;0.0;Partly Cloudy
1519380000;26.0;24.0;0.89;W;1.1111111111111112;0.0;1010.68;0.0;Mostly Cloudy
1519383600;27.0;24.0;0.84;NW;1.9444444444444444;0.0;1011.68;0.0;Partly Cloudy
1519387200;29.0;23.0;0.7;ESE;3.611111111111111;0.0;1011.68;0.0;Mostly Cloudy
1519390800;29.0;23.0;0.7;E;3.611111111111111;0.0;1011.68;0.0;Partly Cloudy
1519394400;29.0;24.0;0.74;E;4.722222222222222;0.0;1010.68;0.0;Partly Cloudy
1519398000;30.0;23.0;0.66;E;3.611111111111111;0.0;1009.68;0.0;Partly Cloudy
1519401600;29.0;23.0;0.7;E;4.722222222222222;0.0;1009.68;0.0;Partly Cloudy
1519405200;29.0;23.0;0.7;E;4.722222222222222;0.0;1008.68;0.0;Fair
1519408800;29.0;22.0;0.66;E;3.611111111111111;0.0;1007.68;0.0;Fair
1519412400;29.0;22.0;0.66;E;4.722222222222222;0.0;1007.68;0.0;Fair
1519416000;28.0;22.0;0.7;E;4.722222222222222;0.0;1008.68;0.0;Partly Cloudy
1519419600;28.0;22.0;0.7;E;3.0555555555555554;0.0;1008.68;0.0;Mostly Cloudy
1519423200;28.0;22.0;0.7;ESE;3.611111111111111;0.0;1009.68;0.0;Mostly Cloudy
1519426800;28.0;22.0;0.7;E;3.0555555555555554;0.0;1009.68;0.0;Mostly Cloudy
1519430400;27.0;22.0;0.74;E;4.166666666666667;0.0;1010.68;0.0;Partly Cloudy
1519434000;27.0;22.0;0.74;E;3.611111111111111;0.0;1010.68;0.0;Partly Cloudy
1519437600;27.0;22.0;0.74;E;2.5;0.0;1010.68;0.0;Partly Cloudy
1519441200;27.0;22.0;0.74;E;2.5;0.0;1009.68;0.0;Mostly Cloudy
1519444800;27.0;22.0;0.74;E;3.0555555555555554;0.0;1009.68;0.0;Partly Cloudy
1519448400;26.0;22.0;0.78;E;2.5;0.0;1008.68;0.0;Partly Cloudy
1519452000;27.0;22.0;0.74;E;3.0555555555555554;0.0;1008.68;0.0;Partly Cloudy
1519455600;26.0;21.0;0.74;E;3.0555555555555554;0.0;1008.68;0.0;Partly Cloudy
1519459200;26.0;22.0;0.78;E;1.9444444444444444;0.0;1008.68;0.0;Partly Cloudy
1519462800;27.0;22.0;0.74;CALM;0.0;0.0;1009.68;0.0;Partly Cloudy
1519466400;26.0;22.0;0.78;CALM;0.0;0.0;1009.68;0.0;Partly Cloudy
1519470000;26.0;23.0;0.83;ESE;4.166666666666667;0.0;1010.68;0.0;Light Rain
1519473600;28.0;24.0;0.79;W;1.1111111111111112;0.0;1010.68;0.0;Partly Cloudy
1519477200;29.0;22.0;0.66;E;3.0555555555555554;0.0;1010.68;0.0;Partly Cloudy
1519480800;28.0;22.0;0.7;SE;4.722222222222222;0.0;1010.68;0.0;Fair
1519484400;29.0;22.0;0.66;SE;4.722222222222222;0.0;1009.68;0.0;Fair
1519488000;29.0;22.0;0.66;SE;4.166666666666667;0.0;1008.68;0.0;Fair
1519491600;29.0;21.0;0.62;SE;4.722222222222222;0.0;1007.68;0.0;Partly Cloudy
1519495200;29.0;22.0;0.66;E;4.722222222222222;0.0;1007.68;0.0;Partly Cloudy
1519498800;29.0;22.0;0.66;SE;4.166666666666667;0.0;1007.68;0.0;Partly Cloudy
1519502400;28.0;22.0;0.7;ESE;5.277777777777778;0.0;1008.68;0.0;Partly Cloudy
1519506000;28.0;22.0;0.7;ESE;3.611111111111111;0.0;1008.68;0.0;Fair
1519509600;28.0;22.0;0.7;SE;4.166666666666667;0.0;1008.68;0.0;Partly Cloudy
1519513200;27.0;22.0;0.74;ESE;4.722222222222222;0.0;1009.68;0.0;Fair
1519516800;27.0;22.0;0.74;SE;3.611111111111111;0.0;1009.68;0.0;Partly Cloudy
1519520400;27.0;22.0;0.74;SE;3.0555555555555554;0.0;1010.68;0.0;Mostly Cloudy
1519524000;27.0;22.0;0.74;SE;3.0555555555555554;0.0;1010.68;0.0;Partly Cloudy
1519527600;27.0;22.0;0.74;SE;3.611111111111111;0.0;1009.68;0.0;Fair
1519531200;26.0;22.0;0.78;S;2.5;0.0;1009.68;0.0;Partly Cloudy
1519534800;26.0;22.0;0.78;SE;3.611111111111111;0.0;1009.68;0.0;Fair
1519538400;27.0;22.0;0.74;SE;3.611111111111111;0.0;1009.68;0.0;Mostly Cloudy
1519542000;25.0;21.0;0.78;ESE;3.611111111111111;0.0;1009.68;0.0;Mostly Cloudy
1519545600;25.0;22.0;0.83;S;1.1111111111111112;0.0;1009.68;0.0;Mostly Cloudy
1519549200;27.0;22.0;0.74;ESE;1.6666666666666665;0.0;1010.68;0.0;Mostly Cloudy
1519552800;27.0;21.0;0.7;ESE;2.5;0.0;1010.68;0.0;Partly Cloudy
1519556400;28.0;21.0;0.66;E;3.0555555555555554;0.0;1011.68;0.0;Partly Cloudy
1519560000;29.0;22.0;0.66;ESE;3.0555555555555554;0.0;1011.68;0.0;Partly Cloudy
1519563600;29.0;23.0;0.7;ESE;5.277777777777778;0.0;1010.68;0.0;Mostly Cloudy
1519567200;29.0;22.0;0.66;E;5.277777777777778;0.0;1010.68;0.0;Partly Cloudy
1519570800;28.0;22.0;0.7;E;4.722222222222222;0.0;1009.68;0.0;Mostly Cloudy
1519574400;29.0;21.0;0.62;E;3.611111111111111;0.0;1009.68;0.0;Partly Cloudy
1519578000;29.0;21.0;0.62;E;4.166666666666667;0.0;1008.68;0.0;Mostly Cloudy
1519581600;27.0;22.0;0.74;SE;6.111111111111111;0.0;1008.68;0.0;Mostly Cloudy
1519585200;27.0;22.0;0.74;ENE;4.166666666666667;0.0;0.0;0.0;Showers in the Vicinity
1519588800;27.0;21.0;0.7;NE;3.0555555555555554;0.0;1009.68;0.0;Mostly Cloudy
1519592400;27.0;22.0;0.74;ENE;2.5;0.0;1009.68;0.0;Showers in the Vicinity
1519596000;26.0;21.0;0.74;ENE;3.611111111111111;0.0;1010.68;0.0;Mostly Cloudy
1519599600;26.0;20.0;0.69;NE;2.5;0.0;1010.68;0.0;Mostly Cloudy
1519603200;26.0;20.0;0.69;NNE;2.5;0.0;1011.68;0.0;Mostly Cloudy
1519606800;26.0;20.0;0.69;CALM;0.0;0.0;1011.68;0.0;Mostly Cloudy
1519610400;25.0;21.0;0.78;W;1.6666666666666665;0.0;1011.68;0.0;Fair
1519614000;25.0;21.0;0.78;W;1.1111111111111112;0.0;1010.68;0.0;Mostly Cloudy
1519617600;25.0;22.0;0.83;SSW;1.9444444444444444;0.0;1010.68;0.0;Mostly Cloudy
1519621200;24.0;22.0;0.89;SSW;1.6666666666666665;0.0;1010.68;0.0;Mostly Cloudy
1519624800;24.0;21.0;0.83;CALM;0.0;0.0;1010.68;0.0;Partly Cloudy
1519628400;24.0;21.0;0.83;CALM;0.0;0.0;1010.68;0.0;Partly Cloudy
1519632000;23.0;21.0;0.88;W;1.6666666666666665;0.0;1010.68;0.0;Mostly Cloudy
1519635600;24.0;21.0;0.83;NW;1.1111111111111112;0.0;1010.68;0.0;Partly Cloudy
1519639200;26.0;22.0;0.78;NNW;1.1111111111111112;0.0;1011.68;0.0;Fair
1519642800;27.0;23.0;0.79;WNW;1.6666666666666665;0.0;1012.68;0.0;Partly Cloudy
1519646400;29.0;22.0;0.66;ENE;3.0555555555555554;0.0;1012.68;0.0;Partly Cloudy
1519650000;29.0;21.0;0.62;E;3.611111111111111;0.0;1012.68;0.0;Partly Cloudy
1519653600;29.0;22.0;0.66;ESE;4.166666666666667;0.0;1012.68;0.0;Partly Cloudy
1519657200;29.0;22.0;0.66;E;4.722222222222222;0.0;1011.68;0.0;Partly Cloudy
1519660800;29.0;22.0;0.66;ESE;4.166666666666667;0.0;1010.68;0.0;Partly Cloudy
1519664400;29.0;22.0;0.66;ESE;4.722222222222222;0.0;1010.68;0.0;Fair
1519668000;29.0;22.0;0.66;E;4.722222222222222;0.0;1009.68;0.0;Fair
1519671600;29.0;22.0;0.66;E;4.166666666666667;0.0;1010.68;0.0;Fair
1519675200;28.0;22.0;0.7;E;3.611111111111111;0.0;1010.68;0.0;Fair
1519678800;28.0;23.0;0.74;E;3.611111111111111;0.0;1010.68;0.0;Partly Cloudy
1519682400;27.0;22.0;0.74;E;3.611111111111111;0.0;1011.68;0.0;Fair
1519686000;27.0;22.0;0.74;ESE;3.611111111111111;0.0;1011.68;0.0;Partly Cloudy
1519689600;27.0;22.0;0.74;E;3.611111111111111;0.0;1012.68;0.0;Partly Cloudy
1519693200;27.0;23.0;0.79;E;3.0555555555555554;0.0;1012.68;0.0;Partly Cloudy
1519696800;26.0;22.0;0.78;ESE;4.166666666666667;0.0;1012.68;0.0;Partly Cloudy
1519700400;27.0;22.0;0.74;E;3.0555555555555554;0.0;1011.68;0.0;Partly Cloudy
1519704000;27.0;22.0;0.74;E;3.0555555555555554;0.0;1010.68;0.0;Partly Cloudy
1519707600;26.0;22.0;0.78;ESE;2.5;0.0;1010.68;0.0;Partly Cloudy
1519711200;26.0;22.0;0.78;E;2.5;0.0;1010.68;0.0;Partly Cloudy
1519714800;26.0;22.0;0.78;SE;2.5;0.0;1010.68;0.0;Partly Cloudy
1519718400;26.0;22.0;0.78;ESE;2.5;0.0;1010.68;0.0;Partly Cloudy
1519722000;25.0;23.0;0.89;CALM;0.0;0.0;1011.68;0.0;Partly Cloudy
1519725600;26.0;23.0;0.83;CALM;0.0;0.0;1012.68;0.0;Partly Cloudy
1519729200;28.0;22.0;0.7;E;2.5;0.0;1012.68;0.0;Partly Cloudy
1519732800;29.0;22.0;0.66;SE;4.166666666666667;0.0;1013.68;0.0;Partly Cloudy
1519736400;29.0;23.0;0.7;ESE;3.611111111111111;0.0;1013.68;0.0;Fair
1519740000;29.0;23.0;0.7;ESE;3.611111111111111;0.0;1012.68;0.0;Partly Cloudy
1519743600;29.0;24.0;0.74;SE;4.722222222222222;0.0;1011.68;0.0;Partly Cloudy
1519747200;29.0;23.0;0.7;ESE;5.277777777777778;0.0;1010.68;0.0;Partly Cloudy
1519750800;30.0;23.0;0.66;SE;5.277777777777778;0.0;1010.68;0.0;Partly Cloudy
1519754400;29.0;23.0;0.7;SE;5.555555555555555;0.0;1009.68;0.0;Mostly Cloudy
1519758000;29.0;23.0;0.7;ESE;5.277777777777778;0.0;1009.68;0.0;Partly Cloudy
1519761600;28.0;23.0;0.74;SE;5.277777777777778;0.0;1009.68;0.0;Partly Cloudy
1519765200;28.0;23.0;0.74;SE;5.277777777777778;0.0;1010.68;0.0;Partly Cloudy
1519768800;28.0;23.0;0.74;ESE;4.166666666666667;0.0;1010.68;0.0;Mostly Cloudy
1519772400;28.0;23.0;0.74;ESE;4.722222222222222;0.0;1011.68;0.0;Partly Cloudy
1519776000;28.0;23.0;0.74;ESE;4.722222222222222;0.0;1011.68;0.0;Partly Cloudy
1519779600;28.0;24.0;0.79;ESE;4.166666666666667;0.0;1011.68;0.0;Partly Cloudy
1519783200;28.0;23.0;0.74;ESE;4.166666666666667;0.0;1011.68;0.0;Partly Cloudy
1519786800;27.0;23.0;0.79;ESE;5.277777777777778;0.0;1010.68;0.0;Partly Cloudy
1519790400;27.0;22.0;0.74;E;3.611111111111111;0.0;1009.68;0.0;Partly Cloudy
1519794000;27.0;22.0;0.74;E;4.166666666666667;0.0;1009.68;0.0;Partly Cloudy
1519797600;27.0;22.0;0.74;E;3.611111111111111;0.0;1009.68;0.0;Partly Cloudy
1519801200;27.0;23.0;0.79;E;2.5;0.0;1009.68;0.0;Partly Cloudy
1519804800;27.0;22.0;0.74;E;2.5;0.0;1009.68;0.0;Fair
1519808400;27.0;22.0;0.74;E;3.611111111111111;0.0;1009.68;0.0;Partly Cloudy
1519812000;29.0;23.0;0.7;E;1.9444444444444444;0.0;1010.68;0.0;Partly Cloudy
1519815600;29.0;23.0;0.7;E;2.5;0.0;1011.68;0.0;Partly Cloudy
1519819200;29.0;23.0;0.7;E;4.166666666666667;0.0;1011.68;0.0;Partly Cloudy
1519822800;29.0;24.0;0.74;ENE;3.611111111111111;0.0;1011.68;0.0;Partly Cloudy
1519825200;26.0;24.0;0.89;E;6.111111111111111;0.0;1011.68;0.0;Light Rain
1519826400;25.0;23.0;0.89;E;4.166666666666667;0.0;1011.68;0.0;Partly Cloudy
1519830000;28.0;24.0;0.79;E;4.166666666666667;0.0;1010.68;0.0;Partly Cloudy
1519833600;29.0;24.0;0.74;ESE;4.722222222222222;0.0;1009.68;0.0;Partly Cloudy
1519837200;29.0;24.0;0.74;ESE;5.277777777777778;0.0;1009.68;0.0;Partly Cloudy
1519840800;28.0;23.0;0.74;E;5.555555555555555;0.0;1009.68;0.0;Mostly Cloudy
1519844400;26.0;23.0;0.83;E;5.277777777777778;0.0;1009.68;0.0;Showers in the Vicinity
1519848000;26.0;22.0;0.78;ENE;3.0555555555555554;0.0;1009.68;0.0;Mostly Cloudy
1519851600;27.0;22.0;0.74;CALM;0.0;0.0;1010.68;0.0;Mostly Cloudy
1519855200;27.0;23.0;0.79;SSE;4.722222222222222;0.0;1010.68;0.0;Mostly Cloudy
1519858800;26.0;23.0;0.83;S;3.0555555555555554;0.0;1011.68;0.0;Mostly Cloudy
1519862400;25.0;23.0;0.89;SW;1.9444444444444444;0.0;1012.68;0.0;Partly Cloudy
1519866000;25.0;23.0;0.89;SW;1.1111111111111112;0.0;1012.68;0.0;Showers in the Vicinity
1519869600;25.0;23.0;0.89;WSW;1.6666666666666665;0.0;1012.68;0.0;Partly Cloudy
1520046000;26.0;23.0;0.83;CALM;0.0;0.0;1011.68;0.0;Partly Cloudy
1520049600;25.0;23.0;0.89;CALM;0.0;0.0;1011.68;0.0;Showers in the Vicinity
1520053200;25.0;23.0;0.89;W;1.6666666666666665;0.0;1010.68;0.0;Partly Cloudy
1520056800;25.0;23.0;0.89;CALM;0.0;0.0;1010.68;0.0;Partly Cloudy
1520060400;25.0;23.0;0.89;CALM;0.0;0.0;1010.68;0.0;Mostly Cloudy
1520064000;25.0;24.0;0.94;W;3.0555555555555554;0.0;1010.68;0.0;Partly Cloudy
1520067600;26.0;23.0;0.83;E;2.5;0.0;1010.68;0.0;Partly Cloudy
1520071200;27.0;23.0;0.79;E;2.5;0.0;1010.68;0.0;Mostly Cloudy
1520074800;29.0;23.0;0.7;ENE;3.611111111111111;0.0;1011.68;0.0;Partly Cloudy
1520078400;29.0;24.0;0.74;NE;3.611111111111111;0.0;1011.68;0.0;Mostly Cloudy
1520082000;28.0;23.0;0.74;ENE;5.277777777777778;0.0;1011.68;0.0;Light Rain
1520085600;29.0;23.0;0.7;E;5.277777777777778;0.0;1011.68;0.0;Partly Cloudy
1520089200;29.0;23.0;0.7;E;4.166666666666667;0.0;1010.68;0.0;Partly Cloudy
1520092800;29.0;23.0;0.7;E;5.277777777777778;0.0;1009.68;0.0;Mostly Cloudy
1520096400;29.0;23.0;0.7;E;5.277777777777778;0.0;1009.68;0.0;Mostly Cloudy
1520100000;28.0;23.0;0.74;ESE;4.166666666666667;0.0;0.0;0.0;Showers in the Vicinity
1520103600;28.0;23.0;0.74;E;3.0555555555555554;0.0;1008.68;0.0;Partly Cloudy
1520107200;28.0;23.0;0.74;ENE;3.611111111111111;8.61111111111111;1009.68;0.0;Partly Cloudy
1520110800;28.0;23.0;0.74;ENE;2.5;9.166666666666666;1009.68;0.0;Partly Cloudy
1520114400;28.0;23.0;0.74;E;1.9444444444444444;0.0;1009.68;0.0;Partly Cloudy
1520118000;27.0;23.0;0.79;ESE;1.9444444444444444;0.0;1010.68;0.0;Mostly Cloudy
1520121600;26.0;24.0;0.89;S;1.9444444444444444;0.0;1010.68;0.0;Mostly Cloudy
1520125200;27.0;23.0;0.79;ENE;2.5;0.0;1010.68;0.0;Partly Cloudy
1520128800;27.0;23.0;0.79;ENE;2.5;0.0;1009.68;0.0;Partly Cloudy
1520132400;27.0;23.0;0.79;E;1.9444444444444444;0.0;1009.68;0.0;Partly Cloudy
1520136000;27.0;23.0;0.79;E;1.9444444444444444;0.0;1008.68;0.0;Partly Cloudy
1520139600;27.0;23.0;0.79;E;3.0555555555555554;0.0;1008.68;0.0;Partly Cloudy
1520143200;27.0;23.0;0.79;ENE;1.9444444444444444;0.0;1008.68;0.0;Partly Cloudy
1520146800;27.0;22.0;0.74;E;1.9444444444444444;0.0;1008.68;0.0;Fair
1520150400;27.0;23.0;0.79;E;2.5;0.0;1008.68;0.0;Partly Cloudy
1520154000;26.0;23.0;0.83;NNE;1.6666666666666665;0.0;1008.68;0.0;Partly Cloudy
1520157600;28.0;23.0;0.74;E;2.5;0.0;1009.68;0.0;Partly Cloudy
1520161200;29.0;23.0;0.7;E;3.611111111111111;0.0;1010.68;0.0;Mostly Cloudy
1520164800;29.0;23.0;0.7;E;4.722222222222222;0.0;1010.68;0.0;Mostly Cloudy
1520168400;29.0;24.0;0.74;ENE;3.0555555555555554;0.0;1010.68;0.0;Showers in the Vicinity
1520172000;28.0;23.0;0.74;ESE;4.722222222222222;0.0;1010.68;0.0;Showers in the Vicinity
1520175600;27.0;23.0;0.79;SE;5.555555555555555;0.0;0.0;0.0;Light Rain
1520179200;25.0;23.0;0.89;ESE;4.166666666666667;0.0;1009.68;0.0;Light Rain
1520182800;27.0;23.0;0.79;SE;1.6666666666666665;0.0;1008.68;0.0;Partly Cloudy
1520186400;28.0;23.0;0.74;E;2.5;0.0;1008.68;0.0;Mostly Cloudy
1520190000;27.0;24.0;0.84;SE;1.9444444444444444;0.0;1008.68;0.0;Mostly Cloudy
1520193600;28.0;23.0;0.74;E;2.5;0.0;1008.68;0.0;Mostly Cloudy
1520197200;27.0;22.0;0.74;SE;1.6666666666666665;0.0;1008.68;0.0;Mostly Cloudy
1520200800;28.0;23.0;0.74;E;2.5;0.0;1008.68;0.0;Mostly Cloudy
1520204400;28.0;23.0;0.74;E;2.5;0.0;1009.68;0.0;Partly Cloudy
1520208000;27.0;23.0;0.79;ENE;2.5;0.0;1009.68;0.0;Partly Cloudy
1520211600;27.0;23.0;0.79;E;2.5;0.0;1009.68;0.0;Partly Cloudy
1520215200;27.0;23.0;0.79;ENE;1.9444444444444444;0.0;1009.68;0.0;Partly Cloudy
1520218800;27.0;23.0;0.79;ENE;2.5;0.0;1009.68;0.0;Partly Cloudy
1520222400;27.0;23.0;0.79;NE;1.6666666666666665;0.0;1009.68;0.0;Partly Cloudy
1520226000;26.0;23.0;0.83;ENE;1.1111111111111112;0.0;1008.68;0.0;Partly Cloudy
1520229600;26.0;23.0;0.83;VAR;1.1111111111111112;0.0;1008.68;0.0;Partly Cloudy
1520233200;26.0;23.0;0.83;ENE;1.6666666666666665;0.0;1008.68;0.0;Partly Cloudy
1520236800;25.0;23.0;0.89;NW;1.9444444444444444;0.0;1008.68;0.0;Light Rain
1520240400;25.0;23.0;0.89;SSW;1.1111111111111112;0.0;1008.68;0.0;Partly Cloudy
1520244000;27.0;24.0;0.84;VAR;1.1111111111111112;0.0;1009.68;0.0;Fair
1520247600;28.0;24.0;0.79;E;3.0555555555555554;0.0;1009.68;0.0;Partly Cloudy
1520251200;29.0;23.0;0.7;NE;3.611111111111111;0.0;1010.68;0.0;Mostly Cloudy
1520254800;29.0;23.0;0.7;VAR;3.0555555555555554;0.0;1010.68;0.0;Partly Cloudy
1520258400;29.0;24.0;0.74;E;4.166666666666667;0.0;1010.68;0.0;Showers in the Vicinity
1520262000;29.0;23.0;0.7;ENE;4.166666666666667;0.0;1009.68;0.0;Partly Cloudy
1520265600;29.0;24.0;0.74;E;4.722222222222222;0.0;1008.68;0.0;Partly Cloudy
1520269200;30.0;23.0;0.66;E;4.166666666666667;0.0;1007.68;0.0;Partly Cloudy
1520272800;29.0;23.0;0.7;E;4.166666666666667;0.0;1007.68;0.0;Partly Cloudy
1520276400;29.0;24.0;0.74;E;3.611111111111111;0.0;1007.68;0.0;Partly Cloudy
1520280000;28.0;24.0;0.79;E;3.611111111111111;0.0;1007.68;0.0;Mostly Cloudy
1520283600;28.0;23.0;0.74;ENE;3.0555555555555554;0.0;1007.68;0.0;Partly Cloudy
1520287200;27.0;24.0;0.84;ENE;3.611111111111111;0.0;1008.68;0.0;Partly Cloudy
1520290800;27.0;23.0;0.79;E;3.0555555555555554;0.0;1008.68;0.0;Partly Cloudy
1520294400;23.0;23.0;1.0;ENE;3.0555555555555554;0.0;1009.68;0.0;Fair
1520298000;27.0;24.0;0.84;NE;1.9444444444444444;0.0;1009.68;0.0;Fair
1520301600;27.0;23.0;0.79;NE;1.9444444444444444;0.0;1009.68;0.0;Fair
1520305200;27.0;24.0;0.84;NE;1.9444444444444444;0.0;1009.68;0.0;Partly Cloudy
1520308800;27.0;24.0;0.84;NE;1.6666666666666665;0.0;1008.68;0.0;Mostly Cloudy
1520312400;26.0;24.0;0.89;NW;1.6666666666666665;0.0;1008.68;0.0;Partly Cloudy
1520316000;25.0;24.0;0.94;SSW;1.9444444444444444;0.0;1008.68;0.0;Mostly Cloudy
1520317260;25.0;24.0;0.94;N;1.6666666666666665;0.0;1008.68;0.0;Rain Shower
1520319600;25.0;25.0;1.0;WNW;1.9444444444444444;0.0;1008.68;0.0;Light Rain
1520323200;25.0;24.0;0.94;WNW;3.0555555555555554;0.0;1008.68;0.0;Rain Shower
1520326800;24.0;23.0;0.94;NE;1.6666666666666665;0.0;0.0;0.0;Rain Shower
1520330400;24.0;0.0;0.0;SSW;1.6666666666666665;0.0;1009.68;0.0;Showers in the Vicinity
1520334000;25.0;24.0;0.94;NW;1.6666666666666665;0.0;1010.68;0.0;Showers in the Vicinity
1520334900;25.0;23.0;0.89;N;2.5;0.0;1011.68;0.0;Rain
1520337600;26.0;24.0;0.89;N;1.9444444444444444;0.0;1010.68;0.0;Showers in the Vicinity
1520341200;27.0;24.0;0.84;NNW;2.5;0.0;1010.68;0.0;Mostly Cloudy
1520344800;29.0;24.0;0.74;NNE;2.5;0.0;1010.68;0.0;Mostly Cloudy
1520348400;30.0;24.0;0.7;NE;4.166666666666667;0.0;1009.68;0.0;Partly Cloudy
1520352000;30.0;25.0;0.74;NE;4.722222222222222;0.0;1008.68;0.0;Showers in the Vicinity
1520355600;30.0;25.0;0.74;NE;4.166666666666667;0.0;1008.68;0.0;Partly Cloudy
1520359200;30.0;24.0;0.7;NE;4.722222222222222;0.0;1008.68;0.0;Partly Cloudy
1520362800;29.0;24.0;0.74;NE;4.166666666666667;0.0;1007.68;0.0;Partly Cloudy
1520366400;29.0;24.0;0.74;NE;3.611111111111111;0.0;1008.68;0.0;Partly Cloudy
1520370000;28.0;24.0;0.79;NE;3.611111111111111;0.0;1008.68;0.0;Partly Cloudy
1520373600;27.0;24.0;0.84;NNE;3.611111111111111;0.0;1008.68;0.0;Partly Cloudy
1520377200;27.0;24.0;0.84;NNE;2.5;0.0;1009.68;0.0;Partly Cloudy
1520380800;28.0;24.0;0.79;NNE;1.9444444444444444;0.0;1009.68;0.0;Fair
1520384400;28.0;24.0;0.79;NNE;1.9444444444444444;0.0;1010.68;0.0;Partly Cloudy
1520388000;26.0;24.0;0.89;NNW;1.6666666666666665;0.0;1010.68;0.0;Partly Cloudy
1520391600;25.0;24.0;0.94;NNW;1.9444444444444444;0.0;1009.68;0.0;Fair
1520395200;25.0;24.0;0.94;NW;1.6666666666666665;0.0;1009.68;0.0;Fair
1520398800;24.0;23.0;0.94;NW;2.5;0.0;1009.68;0.0;Fair
1520402400;24.0;23.0;0.94;NW;1.6666666666666665;0.0;1008.68;0.0;Fair
1520406000;24.0;23.0;0.94;NNW;1.9444444444444444;0.0;1008.68;0.0;Fair
1520409600;24.0;23.0;0.94;NNW;1.9444444444444444;0.0;1008.68;0.0;Fair
1520413200;24.0;23.0;0.94;NNW;1.9444444444444444;0.0;1009.68;0.0;Fair
1520416800;25.0;24.0;0.94;NW;3.0555555555555554;0.0;1009.68;0.0;Fair
1520420400;27.0;24.0;0.84;NNW;2.5;0.0;1010.68;0.0;Partly Cloudy
1520424000;29.0;23.0;0.7;NNE;3.0555555555555554;0.0;1010.68;0.0;Partly Cloudy
1520427600;31.0;24.0;0.66;NE;4.722222222222222;0.0;1010.68;0.0;Mostly Cloudy
1520431200;31.0;23.0;0.62;ENE;6.111111111111111;0.0;1009.68;0.0;Partly Cloudy
1520434800;31.0;23.0;0.62;ENE;6.111111111111111;0.0;1009.68;0.0;Partly Cloudy
1520438400;31.0;24.0;0.66;NE;5.277777777777778;0.0;1008.68;0.0;Partly Cloudy
1520442000;30.0;24.0;0.7;ENE;6.111111111111111;0.0;1008.68;0.0;Partly Cloudy
1520445600;30.0;23.0;0.66;ENE;5.555555555555555;0.0;1007.68;0.0;Fair
1520449200;30.0;23.0;0.66;NE;5.555555555555555;0.0;1007.68;0.0;Fair
1520452800;29.0;24.0;0.74;NE;4.722222222222222;0.0;1007.68;0.0;Fair
1520456400;28.0;23.0;0.74;NE;4.722222222222222;0.0;1008.68;0.0;Fair
1520460000;28.0;24.0;0.79;NE;3.611111111111111;0.0;1008.68;0.0;Fair
1520463600;28.0;23.0;0.74;NE;3.611111111111111;0.0;1009.68;0.0;Partly Cloudy
1520467200;27.0;24.0;0.84;NE;4.166666666666667;0.0;1009.68;0.0;Partly Cloudy
1520470800;27.0;23.0;0.79;NE;3.0555555555555554;0.0;1010.68;0.0;Partly Cloudy
1520474400;27.0;23.0;0.79;NE;3.0555555555555554;0.0;1010.68;0.0;Partly Cloudy
1520478000;27.0;23.0;0.79;NE;3.0555555555555554;0.0;1009.68;0.0;Partly Cloudy
1520481600;27.0;23.0;0.79;NE;1.9444444444444444;0.0;1008.68;0.0;Partly Cloudy
1520485200;26.0;23.0;0.83;NNW;2.5;0.0;1008.68;0.0;Fair
1520488800;25.0;23.0;0.89;NW;3.0555555555555554;0.0;1008.68;0.0;Partly Cloudy
1520492400;25.0;23.0;0.89;NNW;3.0555555555555554;0.0;1008.68;0.0;Partly Cloudy
1520496000;24.0;22.0;0.89;NW;2.5;0.0;1008.68;0.0;Partly Cloudy
1520499600;24.0;23.0;0.94;NNW;2.5;0.0;1009.68;0.0;Partly Cloudy
1520503200;26.0;24.0;0.89;WNW;3.0555555555555554;0.0;1009.68;0.0;Partly Cloudy
1520506800;29.0;24.0;0.74;NNE;3.611111111111111;0.0;1010.68;0.0;Partly Cloudy
1520510400;29.0;23.0;0.7;NE;4.722222222222222;0.0;1010.68;0.0;Fair
1520514000;30.0;23.0;0.66;ENE;5.555555555555555;0.0;1010.68;0.0;Partly Cloudy
1520517600;30.0;23.0;0.66;NE;5.555555555555555;0.0;1010.68;0.0;Partly Cloudy
1520521200;30.0;23.0;0.66;ENE;6.111111111111111;0.0;1009.68;0.0;Partly Cloudy
1520524800;30.0;24.0;0.7;NE;5.555555555555555;0.0;1009.68;0.0;Partly Cloudy
1520528400;30.0;24.0;0.7;NE;5.277777777777778;0.0;1008.68;0.0;Partly Cloudy
1520532000;30.0;23.0;0.66;NE;4.166666666666667;0.0;1008.68;0.0;Partly Cloudy
1520535600;29.0;24.0;0.74;NE;4.722222222222222;0.0;1008.68;0.0;Partly Cloudy
1520539200;29.0;21.0;0.62;NE;4.722222222222222;0.0;1008.68;0.0;Partly Cloudy
1520542800;28.0;23.0;0.74;NE;3.611111111111111;0.0;1009.68;0.0;Mostly Cloudy
1520546400;28.0;23.0;0.74;NE;3.611111111111111;0.0;1009.68;0.0;Partly Cloudy
1520550000;28.0;23.0;0.74;NE;3.611111111111111;0.0;1010.68;0.0;Mostly Cloudy
1520553600;28.0;23.0;0.74;NE;3.611111111111111;0.0;1010.68;0.0;Partly Cloudy
1520557200;28.0;23.0;0.74;NNE;2.5;0.0;1011.68;0.0;Partly Cloudy
1520560800;28.0;23.0;0.74;NNE;2.5;0.0;1010.68;0.0;Partly Cloudy
1520737200;27.0;22.0;0.74;NE;2.5;0.0;1011.68;0.0;Partly Cloudy
1520740800;28.0;21.0;0.66;NE;1.9444444444444444;0.0;1010.68;0.0;Partly Cloudy
1520744400;27.0;21.0;0.7;NE;2.5;0.0;1010.68;0.0;Mostly Cloudy
1520748000;26.0;22.0;0.78;NW;1.9444444444444444;0.0;1010.68;0.0;Mostly Cloudy
1520751600;26.0;22.0;0.78;NW;1.6666666666666665;0.0;1010.68;0.0;Mostly Cloudy
1520755200;25.0;22.0;0.83;NW;1.9444444444444444;0.0;1010.68;0.0;Partly Cloudy
1520758800;25.0;22.0;0.83;NW;1.6666666666666665;0.0;1010.68;0.0;Fair
1520762400;26.0;22.0;0.78;NNW;1.9444444444444444;0.0;1010.68;0.0;Fair
1520766000;28.0;22.0;0.7;N;2.5;0.0;1011.68;0.0;Partly Cloudy
1520769600;29.0;22.0;0.66;NE;3.611111111111111;0.0;1011.68;0.0;Partly Cloudy
1520773200;30.0;22.0;0.62;NE;4.166666666666667;0.0;1011.68;0.0;Fair
1520776800;31.0;22.0;0.58;ENE;4.722222222222222;0.0;1011.68;0.0;Fair
1520780400;31.0;23.0;0.62;ENE;4.722222222222222;0.0;1010.68;0.0;Partly Cloudy
1520784000;31.0;23.0;0.62;ENE;5.277777777777778;0.0;1009.68;0.0;Fair
1520787600;31.0;23.0;0.62;ENE;4.722222222222222;0.0;1009.68;0.0;Fair
1520791200;30.0;23.0;0.66;NE;5.277777777777778;0.0;1008.68;0.0;Partly Cloudy
1520794800;30.0;23.0;0.66;NE;5.277777777777778;0.0;1008.68;0.0;Fair
1520798400;29.0;23.0;0.7;ENE;6.111111111111111;0.0;1008.68;0.0;Fair
1520802000;28.0;23.0;0.74;NE;4.166666666666667;0.0;1008.68;0.0;Fair
1520805600;28.0;23.0;0.74;NE;3.611111111111111;0.0;1009.68;0.0;Fair
1520809200;28.0;23.0;0.74;NNE;3.611111111111111;0.0;1009.68;0.0;Partly Cloudy
1520812800;28.0;23.0;0.74;NE;3.611111111111111;0.0;1010.68;0.0;Partly Cloudy
1520816400;28.0;23.0;0.74;NNE;3.611111111111111;0.0;1010.68;0.0;Partly Cloudy
1520820000;28.0;23.0;0.74;NNE;2.5;0.0;1010.68;0.0;Partly Cloudy
1520823600;28.0;23.0;0.74;NNE;2.5;0.0;1010.68;0.0;Partly Cloudy
1520827200;26.0;23.0;0.83;NW;1.9444444444444444;0.0;1009.68;0.0;Mostly Cloudy
1520830800;25.0;23.0;0.89;NW;2.5;0.0;1009.68;0.0;Mostly Cloudy
1520834400;25.0;23.0;0.89;NW;3.0555555555555554;0.0;1008.68;0.0;Partly Cloudy
1520838000;25.0;23.0;0.89;NNW;1.9444444444444444;0.0;1008.68;0.0;Fair
1520841600;24.0;23.0;0.94;NW;2.5;0.0;1009.68;0.0;Fair
1520845200;24.0;23.0;0.94;NW;1.9444444444444444;0.0;1009.68;0.0;Fair
1520848800;26.0;24.0;0.89;NW;1.9444444444444444;0.0;1010.68;0.0;Fair
1520852400;28.0;24.0;0.79;NNW;3.0555555555555554;0.0;1011.68;0.0;Partly Cloudy
1520856000;29.0;23.0;0.7;N;4.166666666666667;0.0;1011.68;0.0;Mostly Cloudy
1520859600;30.0;24.0;0.7;NE;3.611111111111111;0.0;1011.68;0.0;Partly Cloudy
1520863200;31.0;24.0;0.66;ENE;5.277777777777778;0.0;1010.68;0.0;Partly Cloudy
1520866800;31.0;23.0;0.62;ENE;5.277777777777778;0.0;1010.68;0.0;Partly Cloudy
1520870400;31.0;25.0;0.7;ENE;6.111111111111111;0.0;1009.68;0.0;Partly Cloudy
1520874000;31.0;24.0;0.66;NE;5.277777777777778;0.0;1008.68;0.0;Partly Cloudy
1520877600;30.0;24.0;0.7;ENE;6.111111111111111;0.0;1007.68;0.0;Fair
1520881200;30.0;24.0;0.7;NE;5.277777777777778;0.0;1007.68;0.0;Fair
1520884800;29.0;24.0;0.74;NE;5.277777777777778;0.0;1007.68;0.0;Fair
1520888400;29.0;24.0;0.74;NNE;5.277777777777778;0.0;1007.68;0.0;Partly Cloudy
1520892000;29.0;23.0;0.7;NNE;4.722222222222222;0.0;1008.68;0.0;Fair
1520895600;28.0;23.0;0.74;NNE;4.166666666666667;0.0;1009.68;0.0;Fair
1520899200;27.0;24.0;0.84;NNE;3.611111111111111;0.0;1010.68;0.0;Partly Cloudy
1520902800;27.0;24.0;0.84;NNE;3.0555555555555554;0.0;1011.68;0.0;Mostly Cloudy
1520906400;27.0;23.0;0.79;NNE;4.166666666666667;0.0;1010.68;0.0;Partly Cloudy
1520910000;27.0;23.0;0.79;N;3.0555555555555554;0.0;1010.68;0.0;Partly Cloudy
1520913600;27.0;23.0;0.79;N;4.722222222222222;0.0;1010.68;0.0;Partly Cloudy
1520917200;26.0;23.0;0.83;NW;2.5;0.0;1009.68;0.0;Partly Cloudy
1520920800;25.0;23.0;0.89;NW;3.0555555555555554;0.0;1009.68;0.0;Partly Cloudy
1520924400;24.0;23.0;0.94;NW;2.5;0.0;1009.68;0.0;Partly Cloudy
1520928000;25.0;23.0;0.89;CALM;0.0;0.0;1009.68;0.0;Partly Cloudy
1520931600;25.0;23.0;0.89;CALM;0.0;0.0;1010.68;0.0;Partly Cloudy
1520935200;26.0;23.0;0.83;NW;3.0555555555555554;0.0;1010.68;0.0;Partly Cloudy
1520938800;28.0;24.0;0.79;N;1.9444444444444444;0.0;1011.68;0.0;Fair
1520942400;30.0;23.0;0.66;NE;4.166666666666667;0.0;1011.68;0.0;Fair
1520946000;30.0;23.0;0.66;NE;4.166666666666667;0.0;1011.68;0.0;Partly Cloudy
1520949600;31.0;24.0;0.66;NE;4.166666666666667;0.0;1010.68;0.0;Partly Cloudy
1520953200;31.0;23.0;0.62;NE;5.277777777777778;0.0;1010.68;0.0;Fair
1520956800;31.0;23.0;0.62;NE;4.722222222222222;0.0;1009.68;0.0;Fair
1520960400;31.0;24.0;0.66;NE;5.277777777777778;0.0;1008.68;0.0;Fair
1520964000;30.0;24.0;0.7;NE;6.111111111111111;0.0;1008.68;0.0;Fair
1520967600;30.0;24.0;0.7;NE;4.722222222222222;0.0;1009.68;0.0;Mostly Cloudy
1520971200;29.0;24.0;0.74;ENE;4.722222222222222;0.0;1009.68;0.0;Partly Cloudy
1520974800;29.0;24.0;0.74;NE;3.0555555555555554;0.0;1010.68;0.0;Partly Cloudy
1520978400;28.0;24.0;0.79;NE;3.611111111111111;0.0;1010.68;0.0;Partly Cloudy
1520982000;28.0;24.0;0.79;ENE;2.5;0.0;1011.68;0.0;Partly Cloudy
1520985600;28.0;24.0;0.79;ENE;1.9444444444444444;0.0;1012.68;0.0;Partly Cloudy
1520989200;28.0;24.0;0.79;ENE;3.611111111111111;0.0;1012.68;0.0;Partly Cloudy
1520992800;28.0;24.0;0.79;ENE;1.9444444444444444;0.0;1011.68;0.0;Partly Cloudy
1521082800;27.0;22.0;0.74;NE;2.5;0.0;1010.68;0.0;Partly Cloudy
1521090000;27.0;23.0;0.79;ESE;1.9444444444444444;0.0;1009.68;0.0;Partly Cloudy
1521093600;26.0;23.0;0.83;WSW;1.9444444444444444;0.0;1009.68;0.0;Mostly Cloudy
1521097200;25.0;22.0;0.83;NW;1.6666666666666665;0.0;1009.68;0.0;Mostly Cloudy
1521099600;25.0;23.0;0.89;N;5.277777777777778;0.0;1010.68;0.0;Rain
1521100800;24.0;23.0;0.94;W;3.0555555555555554;0.0;1010.68;0.0;Light Rain
1521103200;24.0;23.0;0.94;S;1.9444444444444444;0.0;1010.68;0.0;Rain
1521104400;25.0;23.0;0.89;VAR;1.9444444444444444;0.0;1011.68;0.0;Light Rain
1521108000;25.0;23.0;0.89;VAR;1.6666666666666665;0.0;1011.68;0.0;Mostly Cloudy
1521111600;27.0;23.0;0.79;SW;2.5;0.0;1011.68;0.0;Partly Cloudy
1521115200;28.0;23.0;0.74;SE;3.0555555555555554;0.0;1012.68;0.0;Partly Cloudy
1521118800;30.0;23.0;0.66;SE;3.0555555555555554;0.0;1012.68;0.0;Partly Cloudy
1521122400;30.0;23.0;0.66;SE;3.611111111111111;0.0;1011.68;0.0;Fair
1521126000;30.0;22.0;0.62;SE;3.611111111111111;0.0;1010.68;0.0;Fair
1521129600;30.0;23.0;0.66;SE;6.111111111111111;0.0;1009.68;0.0;Fair
1521133200;30.0;22.0;0.62;SE;5.277777777777778;0.0;1009.68;0.0;Partly Cloudy
1521136800;30.0;22.0;0.62;SE;5.555555555555555;0.0;1009.68;0.0;Fair
1521140400;29.0;22.0;0.66;SE;5.277777777777778;0.0;1009.68;0.0;Fair
1521144000;28.0;22.0;0.7;SSE;4.722222222222222;0.0;1009.68;0.0;Fair
1521147600;28.0;23.0;0.74;SSE;5.555555555555555;0.0;1010.68;0.0;Partly Cloudy
1521151200;27.0;23.0;0.79;SE;5.555555555555555;0.0;1010.68;0.0;Partly Cloudy
1521154800;27.0;22.0;0.74;SE;5.555555555555555;0.0;1011.68;0.0;Partly Cloudy
1521158400;27.0;24.0;0.84;ESE;5.277777777777778;0.0;1012.68;0.0;Partly Cloudy
1521162000;27.0;23.0;0.79;ESE;2.5;0.0;1012.68;0.0;Fair
1521165600;27.0;22.0;0.74;ESE;2.5;0.0;1011.68;0.0;Partly Cloudy
1521169200;26.0;23.0;0.83;ESE;5.277777777777778;0.0;1011.68;0.0;Light Rain
1521172800;25.0;22.0;0.83;SE;2.5;0.0;1010.68;0.0;Partly Cloudy
1521176400;26.0;23.0;0.83;SE;3.0555555555555554;0.0;1010.68;0.0;Partly Cloudy
1521180000;26.0;21.0;0.74;ESE;3.611111111111111;0.0;1010.68;0.0;Mostly Cloudy
1521183600;26.0;22.0;0.78;CALM;0.0;0.0;1009.68;0.0;Mostly Cloudy
1521187200;26.0;21.0;0.74;VAR;1.1111111111111112;0.0;1010.68;0.0;Mostly Cloudy
1521190800;25.0;22.0;0.83;ESE;5.555555555555555;0.0;1010.68;0.0;Mostly Cloudy
1521194400;25.0;22.0;0.83;ESE;3.611111111111111;0.0;1011.68;0.0;Mostly Cloudy
1521198000;26.0;21.0;0.74;ESE;1.9444444444444444;0.0;1011.68;0.0;Cloudy
1521201600;27.0;22.0;0.74;NE;4.166666666666667;0.0;1012.68;0.0;Mostly Cloudy
1521205200;27.0;21.0;0.7;NE;1.9444444444444444;0.0;1012.68;0.0;Mostly Cloudy
1521208800;28.0;21.0;0.66;N;1.9444444444444444;0.0;1011.68;0.0;Mostly Cloudy
1521212400;30.0;22.0;0.62;E;3.0555555555555554;0.0;1010.68;0.0;Mostly Cloudy
1521216000;30.0;21.0;0.58;ESE;3.0555555555555554;0.0;1009.68;0.0;Mostly Cloudy
1521219600;30.0;21.0;0.58;ENE;3.0555555555555554;0.0;1008.68;0.0;Mostly Cloudy
1521223200;29.0;22.0;0.66;ENE;4.166666666666667;0.0;1008.68;0.0;Partly Cloudy
1521226800;29.0;22.0;0.66;E;3.611111111111111;0.0;1008.68;0.0;Partly Cloudy
1521230400;28.0;22.0;0.7;E;3.0555555555555554;0.0;1008.68;0.0;Partly Cloudy
1521234000;28.0;22.0;0.7;E;3.0555555555555554;0.0;1008.68;0.0;Partly Cloudy
1521237600;27.0;22.0;0.74;E;2.5;0.0;1009.68;0.0;Partly Cloudy
1521241200;27.0;22.0;0.74;E;3.0555555555555554;0.0;1010.68;0.0;Partly Cloudy
1521244800;28.0;22.0;0.7;E;2.5;0.0;1010.68;0.0;Partly Cloudy
1521248400;28.0;22.0;0.7;E;3.611111111111111;0.0;1010.68;0.0;Partly Cloudy
1521252000;28.0;22.0;0.7;E;2.5;0.0;1010.68;0.0;Partly Cloudy
1521255600;28.0;21.0;0.66;ESE;3.0555555555555554;0.0;1010.68;0.0;Partly Cloudy
1521259200;27.0;21.0;0.7;ESE;1.9444444444444444;0.0;1009.68;0.0;Fair
1521262800;27.0;21.0;0.7;ESE;1.9444444444444444;0.0;1008.68;0.0;Fair
1521266400;27.0;22.0;0.74;ESE;1.6666666666666665;0.0;1008.68;0.0;Mostly Cloudy
1521270000;26.0;21.0;0.74;ESE;1.6666666666666665;0.0;1008.68;0.0;Fair
1521273600;24.0;22.0;0.89;CALM;0.0;0.0;1009.68;0.0;Fair
1521277200;24.0;22.0;0.89;VAR;1.1111111111111112;0.0;1009.68;0.0;Fair
1521280800;25.0;22.0;0.83;NNW;1.1111111111111112;0.0;1010.68;0.0;Fair
1521284400;28.0;22.0;0.7;CALM;0.0;0.0;1011.68;0.0;Partly Cloudy
1521288000;29.0;22.0;0.66;E;1.9444444444444444;0.0;1011.68;0.0;Partly Cloudy
1521291600;30.0;21.0;0.58;E;3.611111111111111;0.0;1011.68;0.0;Partly Cloudy
1521295200;30.0;22.0;0.62;E;5.277777777777778;0.0;1010.68;0.0;Partly Cloudy
1521298800;30.0;21.0;0.58;E;4.166666666666667;0.0;1009.68;0.0;Partly Cloudy
1521302400;30.0;21.0;0.58;ESE;5.277777777777778;0.0;1008.68;0.0;Partly Cloudy
1521306000;30.0;21.0;0.58;E;3.0555555555555554;0.0;1008.68;0.0;Partly Cloudy
1521309600;29.0;22.0;0.66;E;4.722222222222222;0.0;1007.68;0.0;Fair
1521313200;29.0;22.0;0.66;E;4.166666666666667;0.0;1007.68;0.0;Fair
1521316800;28.0;22.0;0.7;ENE;3.611111111111111;0.0;1007.68;0.0;Fair
1521320400;28.0;21.0;0.66;E;3.0555555555555554;0.0;1008.68;0.0;Fair
1521324000;28.0;21.0;0.66;E;3.611111111111111;0.0;1008.68;0.0;Fair
1521327600;28.0;21.0;0.66;E;3.611111111111111;0.0;1008.68;0.0;Fair
1521331200;27.0;21.0;0.7;E;3.0555555555555554;0.0;1009.68;0.0;Partly Cloudy
1521334800;27.0;21.0;0.7;E;3.0555555555555554;0.0;1009.68;0.0;Partly Cloudy
1521338400;27.0;21.0;0.7;E;2.5;0.0;1009.68;0.0;Partly Cloudy
1521342000;27.0;21.0;0.7;E;3.0555555555555554;0.0;1008.68;0.0;Partly Cloudy
1521345600;27.0;21.0;0.7;E;3.0555555555555554;0.0;1008.68;0.0;Fair
1521349200;27.0;21.0;0.7;SE;2.5;0.0;1008.68;0.0;Partly Cloudy
1521352800;26.0;20.0;0.69;E;3.0555555555555554;0.0;1007.68;0.0;Partly Cloudy
1521356400;24.0;21.0;0.83;CALM;0.0;0.0;1007.68;0.0;Partly Cloudy
1521360000;24.0;21.0;0.83;NNW;1.9444444444444444;0.0;1007.68;0.0;Partly Cloudy
1521363600;25.0;21.0;0.78;CALM;0.0;0.0;1008.68;0.0;Partly Cloudy
1521367200;26.0;22.0;0.78;W;2.5;0.0;1008.68;0.0;Partly Cloudy
1521370800;28.0;22.0;0.7;ENE;3.611111111111111;0.0;1009.68;0.0;Partly Cloudy
1521374400;29.0;22.0;0.66;ESE;3.0555555555555554;0.0;1010.68;0.0;Mostly Cloudy
1521378000;29.0;22.0;0.66;ENE;3.0555555555555554;0.0;1010.68;0.0;Mostly Cloudy
1521381600;30.0;21.0;0.58;ESE;4.722222222222222;0.0;1010.68;0.0;Mostly Cloudy
1521385200;30.0;22.0;0.62;ESE;4.722222222222222;0.0;1009.68;0.0;Mostly Cloudy
1521388800;30.0;22.0;0.62;ESE;4.166666666666667;0.0;1008.68;0.0;Fair
1521392400;29.0;22.0;0.66;E;3.611111111111111;0.0;1007.68;0.0;Fair
1521396000;29.0;22.0;0.66;E;4.166666666666667;0.0;1007.68;0.0;Fair
1521399600;29.0;21.0;0.62;E;4.166666666666667;0.0;1007.68;0.0;Fair
1521403200;28.0;22.0;0.7;E;4.722222222222222;0.0;1007.68;0.0;Fair
1521406800;28.0;22.0;0.7;E;3.611111111111111;0.0;1007.68;0.0;Fair
1521410400;28.0;22.0;0.7;E;3.611111111111111;0.0;1008.68;0.0;Fair
1521414000;28.0;22.0;0.7;E;3.0555555555555554;0.0;1009.68;0.0;Fair
1521417600;28.0;22.0;0.7;ENE;2.5;0.0;1009.68;0.0;Fair
1521421200;28.0;22.0;0.7;ENE;2.5;0.0;1010.68;0.0;Partly Cloudy
1521424800;28.0;22.0;0.7;ENE;3.0555555555555554;0.0;1010.68;0.0;Partly Cloudy
1521428400;27.0;22.0;0.74;E;2.5;0.0;1009.68;0.0;Fair
1521432000;27.0;22.0;0.74;ENE;1.9444444444444444;0.0;1008.68;0.0;Fair
1521435600;27.0;22.0;0.74;ENE;1.1111111111111112;0.0;1008.68;0.0;Fair
1521439200;27.0;22.0;0.74;E;1.1111111111111112;0.0;1007.68;0.0;Fair
1521442800;24.0;22.0;0.89;CALM;0.0;0.0;1007.68;0.0;Fair
1521446400;24.0;22.0;0.89;N;1.6666666666666665;0.0;1008.68;0.0;Partly Cloudy
1521450000;24.0;22.0;0.89;CALM;0.0;0.0;1008.68;0.0;Partly Cloudy
1521453600;27.0;23.0;0.79;W;1.1111111111111112;0.0;1009.68;0.0;Fair
1521457200;28.0;23.0;0.74;VAR;1.1111111111111112;0.0;1010.68;0.0;Mostly Cloudy
1521460800;29.0;23.0;0.7;ESE;3.611111111111111;0.0;1010.68;0.0;Mostly Cloudy
1521464400;30.0;22.0;0.62;E;3.611111111111111;0.0;1010.68;0.0;Partly Cloudy
1521468000;30.0;23.0;0.66;ESE;3.611111111111111;0.0;1010.68;0.0;Partly Cloudy
1521471600;29.0;22.0;0.66;E;4.166666666666667;0.0;1009.68;0.0;Fair
1521475200;30.0;21.0;0.58;ESE;4.722222222222222;0.0;1008.68;0.0;Fair
1521478800;30.0;22.0;0.62;E;4.166666666666667;0.0;1008.68;0.0;Fair
1521482400;30.0;22.0;0.62;E;4.166666666666667;0.0;1007.68;0.0;Fair
1521486000;29.0;22.0;0.66;E;4.166666666666667;0.0;1007.68;0.0;Fair
1521489600;29.0;22.0;0.66;E;3.611111111111111;0.0;1007.68;0.0;Fair
1521493200;29.0;23.0;0.7;E;3.611111111111111;0.0;1007.68;0.0;Partly Cloudy
1521496800;28.0;22.0;0.7;E;4.166666666666667;0.0;1008.68;0.0;Fair
1521500400;28.0;22.0;0.7;E;3.611111111111111;0.0;1008.68;0.0;Fair
1521504000;28.0;22.0;0.7;E;3.0555555555555554;0.0;1009.68;0.0;Partly Cloudy
1521507600;28.0;23.0;0.74;ENE;2.5;0.0;1009.68;0.0;Mostly Cloudy
1521511200;28.0;22.0;0.7;ENE;4.722222222222222;11.944444444444445;1009.68;0.0;Light Rain
1521687600;28.0;22.0;0.7;E;2.5;0.0;1010.68;0.0;Partly Cloudy
1521691200;27.0;22.0;0.74;E;2.5;0.0;1009.68;0.0;Partly Cloudy
1521694800;28.0;22.0;0.7;E;2.5;0.0;1009.68;0.0;Partly Cloudy
1521698400;27.0;22.0;0.74;E;2.5;0.0;1008.68;0.0;Mostly Cloudy
1521702000;27.0;22.0;0.74;E;2.5;0.0;1008.68;0.0;Partly Cloudy
1521705600;27.0;22.0;0.74;E;1.9444444444444444;0.0;1009.68;0.0;Partly Cloudy
1521709200;28.0;23.0;0.74;E;1.9444444444444444;0.0;1009.68;0.0;Partly Cloudy
1521712800;27.0;22.0;0.74;ENE;3.0555555555555554;0.0;1010.68;0.0;Mostly Cloudy
1521716400;28.0;23.0;0.74;E;4.166666666666667;0.0;1010.68;0.0;Partly Cloudy
1521720000;28.0;23.0;0.74;ENE;4.166666666666667;0.0;1011.68;0.0;Showers in the Vicinity
1521720960;26.0;24.0;0.89;ENE;2.5;0.0;1011.68;0.0;Light Rain Shower
1521723600;27.0;24.0;0.84;NE;2.5;0.0;1011.68;0.0;Showers in the Vicinity
1521727200;28.0;23.0;0.74;E;3.0555555555555554;0.0;1011.68;0.0;Mostly Cloudy
1521730800;29.0;23.0;0.7;ENE;4.166666666666667;0.0;1010.68;0.0;Mostly Cloudy
1521734400;29.0;23.0;0.7;ENE;4.166666666666667;0.0;1009.68;0.0;Mostly Cloudy
1521738000;30.0;23.0;0.66;E;4.722222222222222;0.0;1009.68;0.0;Partly Cloudy
1521741600;29.0;23.0;0.7;ENE;3.611111111111111;0.0;1009.68;0.0;Mostly Cloudy
1521745200;29.0;23.0;0.7;E;3.611111111111111;0.0;1009.68;0.0;Mostly Cloudy
1521748800;28.0;22.0;0.7;E;3.0555555555555554;0.0;1009.68;0.0;Mostly Cloudy
1521752400;28.0;23.0;0.74;E;4.166666666666667;0.0;1009.68;0.0;Mostly Cloudy
1521756000;28.0;22.0;0.7;E;3.0555555555555554;0.0;1009.68;0.0;Partly Cloudy
1521759600;28.0;23.0;0.74;E;3.0555555555555554;0.0;1010.68;0.0;Mostly Cloudy
1521763200;27.0;24.0;0.84;SE;4.166666666666667;0.0;1010.68;0.0;Showers in the Vicinity
1521766800;26.0;23.0;0.83;E;3.0555555555555554;0.0;1011.68;0.0;Mostly Cloudy
1521770400;27.0;23.0;0.79;ENE;2.5;0.0;1011.68;0.0;Mostly Cloudy
1521774000;26.0;23.0;0.83;E;2.5;0.0;1010.68;0.0;Partly Cloudy
1521777600;27.0;23.0;0.79;ENE;2.5;0.0;1009.68;0.0;Partly Cloudy
1521781200;25.0;23.0;0.89;NW;2.5;0.0;1009.68;0.0;Partly Cloudy
1521784800;25.0;24.0;0.94;CALM;0.0;0.0;1009.68;0.0;Partly Cloudy
1521788400;25.0;24.0;0.94;CALM;0.0;0.0;1008.68;0.0;Showers in the Vicinity
1521792000;26.0;24.0;0.89;NE;1.9444444444444444;0.0;1008.68;0.0;Partly Cloudy
1521795600;27.0;23.0;0.79;ENE;3.0555555555555554;0.0;1009.68;0.0;Partly Cloudy
1521799200;27.0;23.0;0.79;E;3.0555555555555554;0.0;1009.68;0.0;Partly Cloudy
1521802800;29.0;23.0;0.7;E;3.611111111111111;0.0;1010.68;0.0;Mostly Cloudy
1521806400;29.0;23.0;0.7;E;3.611111111111111;0.0;1010.68;0.0;Partly Cloudy
1521810000;29.0;23.0;0.7;ENE;3.611111111111111;0.0;1010.68;0.0;Partly Cloudy
1521813600;29.0;22.0;0.66;E;3.611111111111111;0.0;1010.68;0.0;Partly Cloudy
1521817200;30.0;23.0;0.66;E;4.166666666666667;0.0;1009.68;0.0;Partly Cloudy
1521820800;30.0;23.0;0.66;ENE;3.611111111111111;0.0;1009.68;0.0;Showers in the Vicinity
1521824400;30.0;23.0;0.66;ENE;3.0555555555555554;0.0;1008.68;0.0;Partly Cloudy
1521828000;29.0;22.0;0.66;ENE;3.611111111111111;0.0;1008.68;0.0;Partly Cloudy
1521831600;29.0;23.0;0.7;E;3.611111111111111;0.0;1008.68;0.0;Partly Cloudy
1521835200;29.0;22.0;0.66;VAR;1.9444444444444444;0.0;1008.68;0.0;Fair
1521838800;28.0;23.0;0.74;E;2.5;0.0;1008.68;0.0;Fair
1521842400;28.0;22.0;0.7;E;2.5;0.0;1008.68;0.0;Fair
1521846000;28.0;23.0;0.74;ESE;2.5;0.0;1009.68;0.0;Fair
1521849600;28.0;23.0;0.74;ESE;2.5;0.0;1009.68;0.0;Fair
1521853200;27.0;23.0;0.79;ESE;3.0555555555555554;0.0;1009.68;0.0;Partly Cloudy
1521856800;27.0;23.0;0.79;E;2.5;0.0;1009.68;0.0;Partly Cloudy
1521860400;27.0;23.0;0.79;ESE;2.5;0.0;1009.68;0.0;Showers in the Vicinity
1521864000;27.0;23.0;0.79;ESE;3.0555555555555554;0.0;1009.68;0.0;Partly Cloudy
1521867600;27.0;23.0;0.79;ESE;2.5;0.0;1008.68;0.0;Partly Cloudy
1521871200;26.0;23.0;0.83;SW;2.5;0.0;1008.68;0.0;Partly Cloudy
1521874800;25.0;23.0;0.89;CALM;0.0;0.0;1008.68;0.0;Partly Cloudy
1521878400;24.0;23.0;0.94;NW;2.5;0.0;1008.68;0.0;Partly Cloudy
1521882000;25.0;23.0;0.89;SW;2.5;0.0;1009.68;0.0;Partly Cloudy
1521885600;26.0;23.0;0.83;WSW;2.5;0.0;1009.68;0.0;Partly Cloudy
1521889200;27.0;0.0;0.0;S;3.0555555555555554;0.0;1010.68;0.0;Showers in the Vicinity
1521892800;29.0;23.0;0.7;ESE;3.0555555555555554;0.0;1010.68;0.0;Partly Cloudy
1521896400;28.0;23.0;0.74;ESE;4.166666666666667;0.0;1010.68;0.0;Light Rain
1521900000;28.0;23.0;0.74;SE;3.0555555555555554;0.0;1010.68;0.0;Partly Cloudy
1521903600;28.0;23.0;0.74;SE;5.277777777777778;0.0;1009.68;0.0;Mostly Cloudy
1521907200;28.0;23.0;0.74;SE;5.277777777777778;0.0;1008.68;0.0;Showers in the Vicinity
1521910800;26.0;23.0;0.83;SE;5.277777777777778;0.0;0.0;0.0;Showers in the Vicinity
1521914400;27.0;23.0;0.79;ESE;3.0555555555555554;0.0;1007.68;0.0;Mostly Cloudy
1521918000;26.0;23.0;0.83;SE;4.722222222222222;0.0;1008.68;0.0;Mostly Cloudy
1521921600;27.0;23.0;0.79;SE;4.166666666666667;0.0;1008.68;0.0;Showers in the Vicinity
1521925200;26.0;22.0;0.78;SE;5.277777777777778;0.0;1009.68;0.0;Mostly Cloudy
1521928800;26.0;22.0;0.78;SSE;7.777777777777778;0.0;1010.68;0.0;Showers in the Vicinity
1521932400;24.0;22.0;0.89;SE;7.777777777777778;0.0;1011.68;0.0;Rain
1521936000;23.0;22.0;0.94;SSE;4.722222222222222;0.0;1011.68;0.0;Light Rain
1521937080;23.0;22.0;0.94;ESE;3.0555555555555554;0.0;1012.68;0.0;Light Rain
1521939600;0.0;0.0;0.0;SSW;2.5;0.0;1011.68;0.0;Light Rain
1521943200;23.0;22.0;0.94;SSW;1.9444444444444444;0.0;1010.68;0.0;Mostly Cloudy
1521946800;23.0;22.0;0.94;WSW;1.1111111111111112;0.0;1010.68;0.0;Partly Cloudy
1521950400;23.0;22.0;0.94;SSW;1.6666666666666665;0.0;1009.68;0.0;Mostly Cloudy
1521954000;23.0;22.0;0.94;SW;1.6666666666666665;0.0;1009.68;0.0;Mostly Cloudy
1521957600;23.0;22.0;0.94;S;2.5;0.0;1008.68;0.0;Mostly Cloudy
1521961200;23.0;22.0;0.94;SW;1.9444444444444444;0.0;1008.68;0.0;Light Rain
1521964800;23.0;22.0;0.94;CALM;0.0;0.0;1009.68;0.0;Mostly Cloudy
1521968400;23.0;22.0;0.94;NNW;1.6666666666666665;0.0;1009.68;0.0;Mostly Cloudy
1521972000;25.0;23.0;0.89;W;1.1111111111111112;0.0;1010.68;0.0;Mostly Cloudy
1521975600;27.0;24.0;0.84;SSW;1.9444444444444444;0.0;1010.68;0.0;Partly Cloudy
1521979200;27.0;24.0;0.84;S;3.0555555555555554;0.0;1010.68;0.0;Partly Cloudy
1521982800;27.0;24.0;0.84;SSE;5.277777777777778;0.0;1010.68;0.0;Showers in the Vicinity
1521986400;28.0;23.0;0.74;S;4.166666666666667;0.0;1010.68;0.0;Mostly Cloudy
1521990000;27.0;23.0;0.79;ESE;4.722222222222222;0.0;1010.68;0.0;Showers in the Vicinity
1521993600;27.0;23.0;0.79;E;3.611111111111111;0.0;1009.68;0.0;Mostly Cloudy
1521997200;28.0;23.0;0.74;ESE;4.166666666666667;0.0;1008.68;0.0;Mostly Cloudy
1522000800;27.0;22.0;0.74;SSE;3.0555555555555554;0.0;1008.68;0.0;Mostly Cloudy
1522004400;27.0;23.0;0.79;S;3.0555555555555554;0.0;1008.68;0.0;Cloudy
1522008000;25.0;22.0;0.83;SSW;4.166666666666667;0.0;1009.68;0.0;Cloudy
1522011600;24.0;22.0;0.89;S;1.6666666666666665;0.0;1009.68;0.0;Mostly Cloudy
1522015200;25.0;22.0;0.83;S;1.9444444444444444;0.0;1010.68;0.0;Fair
1522018800;24.0;22.0;0.89;VAR;1.1111111111111112;0.0;1010.68;0.0;Mostly Cloudy
1522022400;24.0;22.0;0.89;SW;2.5;0.0;1011.68;0.0;Fair
1522026000;24.0;22.0;0.89;CALM;0.0;0.0;1011.68;0.0;Mostly Cloudy
1522029600;24.0;22.0;0.89;W;1.9444444444444444;0.0;1010.68;0.0;Mostly Cloudy
1522033200;24.0;22.0;0.89;SW;1.9444444444444444;0.0;1009.68;0.0;Fair
1522036800;23.0;22.0;0.94;SSW;1.6666666666666665;0.0;1008.68;0.0;Mostly Cloudy
1522040400;23.0;22.0;0.94;SW;2.5;0.0;1008.68;0.0;Rain Shower
1522044000;23.0;22.0;0.94;SSW;1.6666666666666665;0.0;1008.68;0.0;Showers in the Vicinity
1522047600;23.0;22.0;0.94;W;1.1111111111111112;0.0;1009.68;0.0;Partly Cloudy
1522051200;23.0;22.0;0.94;WSW;1.6666666666666665;0.0;1009.68;0.0;Mostly Cloudy
1522054800;23.0;22.0;0.94;SW;1.6666666666666665;0.0;1009.68;0.0;Partly Cloudy
1522056420;24.0;23.0;0.94;SSW;1.1111111111111112;0.0;1010.68;0.0;Rain
1522058400;24.0;22.0;0.89;W;1.6666666666666665;0.0;1010.68;0.0;Light Rain
1522062000;25.0;23.0;0.89;WSW;1.6666666666666665;0.0;0.0;0.0;Showers in the Vicinity
1522063200;0.0;0.0;0.0;SSE;1.6666666666666665;0.0;1011.68;0.0;Light Rain
1522064400;25.0;24.0;0.94;VAR;1.1111111111111112;0.0;1011.68;0.0;Showers in the Vicinity
1522065600;27.0;23.0;0.79;VAR;3.0555555555555554;0.0;1011.68;0.0;Showers in the Vicinity
1522069200;28.0;23.0;0.74;ESE;5.555555555555555;0.0;1011.68;0.0;Mostly Cloudy
1522072800;28.0;22.0;0.7;ESE;3.611111111111111;0.0;1011.68;0.0;Mostly Cloudy
1522076400;28.0;23.0;0.74;S;4.722222222222222;0.0;1010.68;0.0;Mostly Cloudy
1522080000;29.0;23.0;0.7;ESE;3.611111111111111;0.0;1009.68;0.0;Mostly Cloudy
1522083600;29.0;24.0;0.74;SSE;6.111111111111111;0.0;1009.68;0.0;Partly Cloudy
1522087200;29.0;21.0;0.62;SSE;3.611111111111111;0.0;1009.68;0.0;Mostly Cloudy
1522090800;28.0;22.0;0.7;SE;3.611111111111111;0.0;1009.68;0.0;Mostly Cloudy
1522094400;27.0;23.0;0.79;ESE;4.166666666666667;0.0;1010.68;0.0;Mostly Cloudy
1522098000;27.0;22.0;0.74;SE;3.611111111111111;0.0;1010.68;0.0;Partly Cloudy
1522101600;27.0;22.0;0.74;SE;3.611111111111111;0.0;1011.68;0.0;Mostly Cloudy
1522105200;26.0;23.0;0.83;SSW;2.5;0.0;1011.68;0.0;Partly Cloudy
1522108800;26.0;23.0;0.83;SSW;2.5;0.0;1011.68;0.0;Partly Cloudy
1522112400;25.0;23.0;0.89;SW;1.9444444444444444;0.0;1012.68;0.0;Fair
1522116000;25.0;23.0;0.89;SSW;1.6666666666666665;0.0;1011.68;0.0;Fair
1522119600;25.0;23.0;0.89;SSW;1.1111111111111112;0.0;1010.68;0.0;Partly Cloudy
1522123200;24.0;23.0;0.94;SSW;1.6666666666666665;0.0;1010.68;0.0;Fair
1522126800;24.0;22.0;0.89;WSW;1.1111111111111112;0.0;1009.68;0.0;Mostly Cloudy
1522130400;24.0;22.0;0.89;S;1.6666666666666665;0.0;1009.68;0.0;Partly Cloudy
1522134000;24.0;22.0;0.89;VAR;1.1111111111111112;0.0;1009.68;0.0;Fair
1522137600;24.0;22.0;0.89;SW;1.6666666666666665;0.0;1010.68;0.0;Fair
1522141200;24.0;22.0;0.89;SW;1.9444444444444444;0.0;1010.68;0.0;Partly Cloudy
1522144800;25.0;22.0;0.83;SSW;1.6666666666666665;0.0;1011.68;0.0;Partly Cloudy
1522148400;27.0;23.0;0.79;S;3.611111111111111;0.0;1012.68;0.0;Partly Cloudy
1522152000;28.0;23.0;0.74;S;3.611111111111111;0.0;1012.68;0.0;Partly Cloudy
1522155600;29.0;23.0;0.7;SSE;5.277777777777778;0.0;1012.68;0.0;Partly Cloudy
1522159200;29.0;24.0;0.74;SSE;5.277777777777778;0.0;1011.68;0.0;Partly Cloudy
1522162800;29.0;23.0;0.7;SE;6.666666666666666;0.0;1010.68;0.0;Partly Cloudy
1522166400;29.0;23.0;0.7;SE;5.277777777777778;0.0;1010.68;0.0;Partly Cloudy
1522170000;29.0;23.0;0.7;SE;5.277777777777778;0.0;1009.68;0.0;Partly Cloudy
1522173600;28.0;23.0;0.74;ESE;5.277777777777778;0.0;1009.68;0.0;Partly Cloudy
1522177200;28.0;23.0;0.74;SE;5.277777777777778;0.0;1009.68;0.0;Partly Cloudy
1522180800;25.0;22.0;0.83;SSE;5.277777777777778;0.0;1010.68;0.0;Showers in the Vicinity
1522184400;26.0;24.0;0.89;S;2.5;0.0;1010.68;0.0;Mostly Cloudy
1522188000;25.0;23.0;0.89;S;6.666666666666666;0.0;1010.68;0.0;Light Rain
1522191600;26.0;23.0;0.83;SE;6.111111111111111;0.0;1011.68;0.0;Light Rain
1522195200;26.0;23.0;0.83;SE;5.277777777777778;0.0;1011.68;0.0;Showers in the Vicinity
1522198800;25.0;23.0;0.89;SSW;1.6666666666666665;0.0;1011.68;0.0;Showers in the Vicinity
1522202400;25.0;23.0;0.89;WSW;2.5;0.0;1011.68;0.0;Mostly Cloudy
1522206000;26.0;23.0;0.83;ESE;2.5;0.0;1010.68;0.0;Partly Cloudy
1522209600;27.0;22.0;0.74;SE;3.0555555555555554;0.0;1009.68;0.0;Partly Cloudy
1522213200;27.0;22.0;0.74;ESE;3.0555555555555554;0.0;1009.68;0.0;Partly Cloudy
1522216800;27.0;23.0;0.79;ESE;4.166666666666667;0.0;1008.68;0.0;Mostly Cloudy
1522220400;27.0;23.0;0.79;E;4.722222222222222;0.0;1008.68;0.0;Partly Cloudy
1522224000;26.0;22.0;0.78;SE;4.166666666666667;0.0;1009.68;0.0;Partly Cloudy
1522227600;26.0;24.0;0.89;CALM;0.0;0.0;1009.68;0.0;Mostly Cloudy
1522231200;27.0;23.0;0.79;SSE;2.5;0.0;1010.68;0.0;Mostly Cloudy
1522234800;28.0;23.0;0.74;ESE;3.611111111111111;0.0;1010.68;0.0;Mostly Cloudy
1522238400;28.0;25.0;0.84;E;1.9444444444444444;0.0;1010.68;0.0;Showers in the Vicinity
1522242000;29.0;23.0;0.7;E;4.166666666666667;0.0;1010.68;0.0;Partly Cloudy
1522245600;29.0;22.0;0.66;SE;4.722222222222222;0.0;1010.68;0.0;Partly Cloudy
1522249200;28.0;23.0;0.74;E;3.611111111111111;0.0;1009.68;0.0;Partly Cloudy
1522252800;29.0;24.0;0.74;E;4.166666666666667;0.0;1008.68;0.0;Mostly Cloudy
1522256400;28.0;23.0;0.74;E;5.277777777777778;0.0;1008.68;0.0;Partly Cloudy
1522260000;27.0;23.0;0.79;E;3.0555555555555554;0.0;1007.68;0.0;Partly Cloudy
1522263600;26.0;23.0;0.83;S;4.166666666666667;0.0;1008.68;0.0;Showers in the Vicinity
1522266300;25.0;24.0;0.94;S;3.611111111111111;0.0;1008.68;0.0;Light Rain
1522267200;25.0;24.0;0.94;E;5.555555555555555;0.0;1008.68;0.0;Light Rain
1522270800;0.0;0.0;0.0;E;3.611111111111111;8.61111111111111;1008.68;0.0;Light Rain
1522274400;25.0;24.0;0.94;E;3.0555555555555554;0.0;1008.68;0.0;Light Rain
1522278000;25.0;23.0;0.89;E;3.611111111111111;0.0;1009.68;0.0;Light Rain
1522281600;24.0;23.0;0.94;SSE;4.166666666666667;0.0;1009.68;0.0;Light Rain
1522285200;25.0;23.0;0.89;SE;2.5;0.0;1010.68;0.0;Cloudy
1522286100;25.0;23.0;0.89;SE;4.722222222222222;0.0;1010.68;0.0;Light Rain
1522287300;24.0;23.0;0.94;SSE;5.555555555555555;0.0;1010.68;0.0;Rain
1522288800;24.0;23.0;0.94;S;5.277777777777778;0.0;1010.68;0.0;Light Rain
1522292400;25.0;24.0;0.94;SSE;4.722222222222222;0.0;1009.68;0.0;Light Rain
1522293600;25.0;23.0;0.89;SSE;4.722222222222222;0.0;1008.68;0.0;Light Rain
1522296000;24.0;23.0;0.94;ESE;5.555555555555555;0.0;1008.68;0.0;Light Rain
1522299600;24.0;23.0;0.94;SSE;5.277777777777778;0.0;1008.68;0.0;Light Rain
1522303200;25.0;22.0;0.83;SSE;5.555555555555555;0.0;1007.68;0.0;Cloudy
1522306800;24.0;23.0;0.94;SE;5.277777777777778;0.0;1007.68;0.0;Cloudy
1522310400;24.0;22.0;0.89;E;4.166666666666667;0.0;1008.68;0.0;Cloudy
1522314000;24.0;23.0;0.94;E;2.5;0.0;1009.68;0.0;Cloudy
1522317600;24.0;23.0;0.94;ESE;3.0555555555555554;0.0;1010.68;0.0;Light Rain
1522321200;0.0;0.0;0.0;S;4.722222222222222;0.0;1010.68;0.0;Light Rain
1522324800;24.0;23.0;0.94;SE;5.277777777777778;0.0;1011.68;0.0;Light Rain
1522328400;24.0;23.0;0.94;SSE;4.722222222222222;0.0;1011.68;0.0;Light Rain
1522332000;24.0;22.0;0.89;S;5.277777777777778;0.0;0.0;0.0;Light Rain
1522335600;0.0;0.0;0.0;S;1.9444444444444444;0.0;1010.68;0.0;Light Rain
1522339200;24.0;23.0;0.94;S;6.666666666666666;0.0;1009.68;0.0;Light Rain
1522340400;24.0;23.0;0.94;S;6.111111111111111;0.0;1009.68;0.0;Light Rain
1522342800;24.0;22.0;0.89;S;5.555555555555555;0.0;1008.68;0.0;Light Rain
1522346400;26.0;22.0;0.78;S;5.277777777777778;0.0;1007.68;0.0;Mostly Cloudy
1522350000;27.0;21.0;0.7;SSE;3.611111111111111;0.0;1007.68;0.0;Mostly Cloudy
1522353600;27.0;20.0;0.65;SSE;3.611111111111111;0.0;1008.68;0.0;Mostly Cloudy
1522357200;26.0;22.0;0.78;SSW;2.5;0.0;1008.68;0.0;Mostly Cloudy
1522360800;26.0;23.0;0.83;SE;3.0555555555555554;0.0;1009.68;0.0;Mostly Cloudy
1522364400;26.0;22.0;0.78;SW;1.1111111111111112;0.0;1009.68;0.0;Mostly Cloudy
1522368000;25.0;22.0;0.83;SSW;1.6666666666666665;0.0;1010.68;0.0;Mostly Cloudy
1522371600;25.0;22.0;0.83;SW;1.9444444444444444;0.0;1010.68;0.0;Mostly Cloudy
1522375200;25.0;23.0;0.89;SW;2.5;0.0;1010.68;0.0;Light Rain
1522638000;25.0;24.0;0.94;S;2.5;0.0;1008.68;0.0;Light Rain
1522641600;25.0;24.0;0.94;SSW;2.5;0.0;1008.68;0.0;Light Rain
1522645200;25.0;24.0;0.94;W;2.5;0.0;1007.68;0.0;Light Rain
1522648800;24.0;24.0;1.0;CALM;0.0;0.0;1007.68;0.0;Showers in the Vicinity
1522652400;25.0;24.0;0.94;CALM;0.0;0.0;1007.68;0.0;Mostly Cloudy
1522656000;26.0;23.0;0.83;SE;2.5;0.0;1007.68;0.0;Partly Cloudy
1522659600;25.0;24.0;0.94;SW;2.5;0.0;1008.68;0.0;Mostly Cloudy
1522663200;25.0;24.0;0.94;SSW;2.5;0.0;1009.68;0.0;Partly Cloudy
1522666800;27.0;25.0;0.89;SW;2.5;0.0;1009.68;0.0;Mostly Cloudy
1522670400;29.0;24.0;0.74;SSE;3.611111111111111;0.0;1010.68;0.0;Mostly Cloudy
1522674000;29.0;25.0;0.79;SSE;4.166666666666667;0.0;1010.68;0.0;Mostly Cloudy
1522677600;29.0;24.0;0.74;SSE;5.277777777777778;0.0;1009.68;0.0;Partly Cloudy
1522681200;28.0;23.0;0.74;SSE;3.611111111111111;0.0;1009.68;0.0;Partly Cloudy
1522684800;29.0;23.0;0.7;SE;4.722222222222222;0.0;1008.68;0.0;Fair
1522688400;29.0;24.0;0.74;SE;4.722222222222222;0.0;1007.68;0.0;Fair
1522692000;29.0;23.0;0.7;SE;4.722222222222222;0.0;1006.69;0.0;Fair
1522695600;28.0;23.0;0.74;SE;4.722222222222222;0.0;1006.69;0.0;Fair
1522699200;28.0;23.0;0.74;ESE;4.166666666666667;0.0;1006.69;0.0;Fair
1522702800;28.0;23.0;0.74;SE;3.611111111111111;0.0;1007.68;0.0;Fair
1522706400;27.0;23.0;0.79;SE;3.0555555555555554;0.0;1008.68;0.0;Partly Cloudy
1522710000;27.0;23.0;0.79;ESE;4.166666666666667;0.0;1008.68;0.0;Partly Cloudy
1522713600;27.0;23.0;0.79;SE;2.5;0.0;1009.68;0.0;Fair
1522717200;27.0;24.0;0.84;SE;3.611111111111111;0.0;1009.68;0.0;Partly Cloudy
1522720800;27.0;24.0;0.84;SE;3.0555555555555554;0.0;1008.68;0.0;Partly Cloudy
1522724400;27.0;24.0;0.84;ESE;2.5;0.0;1008.68;0.0;Partly Cloudy
1522728000;27.0;23.0;0.79;SE;3.611111111111111;0.0;1007.68;0.0;Partly Cloudy
1522731600;26.0;23.0;0.83;SE;2.5;0.0;1007.68;0.0;Mostly Cloudy
1522735200;27.0;23.0;0.79;SE;2.5;0.0;1007.68;0.0;Mostly Cloudy
1522738800;27.0;23.0;0.79;SE;3.611111111111111;0.0;1006.69;0.0;Mostly Cloudy
1522742400;27.0;23.0;0.79;SE;3.0555555555555554;0.0;1007.68;0.0;Partly Cloudy
1522746000;27.0;23.0;0.79;SE;3.0555555555555554;0.0;1007.68;0.0;Partly Cloudy
1522749600;27.0;24.0;0.84;SE;3.611111111111111;0.0;1008.68;0.0;Mostly Cloudy
1522753200;29.0;23.0;0.7;SE;4.166666666666667;0.0;1009.68;0.0;Partly Cloudy
1522756800;29.0;23.0;0.7;ESE;4.722222222222222;0.0;1009.68;0.0;Partly Cloudy
1522760400;29.0;23.0;0.7;SE;5.277777777777778;0.0;1009.68;0.0;Partly Cloudy
1522764000;29.0;24.0;0.74;SE;4.722222222222222;0.0;1009.68;0.0;Fair
1522767600;29.0;24.0;0.74;SSE;4.722222222222222;0.0;1008.68;0.0;Fair
1522771200;29.0;24.0;0.74;ESE;4.722222222222222;0.0;1007.68;0.0;Fair
1522774800;29.0;24.0;0.74;ESE;5.277777777777778;0.0;1006.69;0.0;Partly Cloudy
1522778400;29.0;24.0;0.74;SE;4.722222222222222;0.0;1006.69;0.0;Partly Cloudy
1522782000;29.0;24.0;0.74;E;3.611111111111111;0.0;1006.69;0.0;Partly Cloudy
1522785600;28.0;23.0;0.74;E;3.0555555555555554;0.0;1006.69;0.0;Fair
1522789200;28.0;23.0;0.74;E;3.611111111111111;0.0;1006.69;0.0;Fair
1522792800;28.0;22.0;0.7;E;3.611111111111111;10.833333333333334;1007.68;0.0;Mostly Cloudy
1522796400;28.0;23.0;0.74;E;3.611111111111111;0.0;1008.68;0.0;Mostly Cloudy
1522800000;28.0;23.0;0.74;ESE;3.611111111111111;0.0;1008.68;0.0;Mostly Cloudy
1522803600;28.0;23.0;0.74;ESE;4.166666666666667;0.0;1008.68;0.0;Partly Cloudy
1522807200;27.0;24.0;0.84;E;2.5;0.0;1008.68;0.0;Fair
1522810800;27.0;24.0;0.84;E;1.9444444444444444;0.0;1007.68;0.0;Partly Cloudy
1522814400;27.0;23.0;0.79;ESE;2.5;0.0;1006.69;0.0;Partly Cloudy
1522818000;27.0;24.0;0.84;ESE;3.0555555555555554;0.0;1006.69;0.0;Partly Cloudy
1522821600;27.0;23.0;0.79;ESE;3.0555555555555554;0.0;1006.69;0.0;Partly Cloudy
1522825200;27.0;23.0;0.79;ESE;2.5;0.0;1006.69;0.0;Fair
1522828800;27.0;23.0;0.79;ESE;1.9444444444444444;0.0;1007.68;0.0;Partly Cloudy
1522832400;27.0;24.0;0.84;ESE;1.9444444444444444;0.0;1007.68;0.0;Partly Cloudy
1522836000;29.0;24.0;0.74;E;3.0555555555555554;0.0;1008.68;0.0;Partly Cloudy
1522839600;29.0;24.0;0.74;ESE;4.166666666666667;0.0;1009.68;0.0;Mostly Cloudy
1522843200;29.0;23.0;0.7;E;3.611111111111111;0.0;1009.68;0.0;Partly Cloudy
1522846800;30.0;24.0;0.7;E;3.0555555555555554;0.0;1009.68;0.0;Partly Cloudy
1522850400;29.0;23.0;0.7;ESE;4.722222222222222;0.0;1008.68;0.0;Mostly Cloudy
1522854000;29.0;22.0;0.66;ESE;4.166666666666667;0.0;1008.68;0.0;Partly Cloudy
1522857600;30.0;23.0;0.66;E;4.166666666666667;0.0;1007.68;0.0;Partly Cloudy
1522861200;30.0;24.0;0.7;E;3.611111111111111;0.0;1006.69;0.0;Fair
1522864800;29.0;24.0;0.74;E;3.611111111111111;0.0;1006.69;0.0;Fair
1522868400;29.0;23.0;0.7;E;4.166666666666667;0.0;1006.69;0.0;Fair
1522872000;28.0;23.0;0.74;ESE;3.611111111111111;0.0;1006.69;0.0;Partly Cloudy
1522875600;28.0;23.0;0.74;E;3.611111111111111;0.0;1006.69;0.0;Partly Cloudy
1522879200;28.0;23.0;0.74;E;3.0555555555555554;0.0;1007.68;0.0;Partly Cloudy
1522882800;28.0;23.0;0.74;E;2.5;0.0;1007.68;0.0;Partly Cloudy
1522886400;28.0;23.0;0.74;E;2.5;0.0;1008.68;0.0;Partly Cloudy
1522890000;28.0;24.0;0.79;E;1.9444444444444444;0.0;1008.68;0.0;Partly Cloudy
1522893600;28.0;23.0;0.74;E;1.9444444444444444;0.0;1008.68;0.0;Partly Cloudy
1522897200;27.0;23.0;0.79;E;1.6666666666666665;0.0;1007.68;0.0;Partly Cloudy
1522900800;27.0;23.0;0.79;E;1.9444444444444444;0.0;1007.68;0.0;Partly Cloudy
1522904400;26.0;23.0;0.83;N;1.9444444444444444;0.0;1007.68;0.0;Partly Cloudy
1522908000;26.0;23.0;0.83;WSW;1.1111111111111112;0.0;1006.69;0.0;Partly Cloudy
1522911600;25.0;24.0;0.94;NNW;2.5;0.0;1007.68;0.0;Mostly Cloudy
1522915200;25.0;23.0;0.89;WSW;1.1111111111111112;0.0;1007.68;0.0;Partly Cloudy
1522918800;24.0;23.0;0.94;CALM;0.0;0.0;1007.68;0.0;Partly Cloudy
1522922400;26.0;24.0;0.89;W;1.1111111111111112;0.0;1008.68;0.0;Partly Cloudy
1522926000;27.0;24.0;0.84;NNW;1.1111111111111112;0.0;1008.68;0.0;Partly Cloudy
1522929600;28.0;25.0;0.84;SSE;3.0555555555555554;0.0;1009.68;0.0;Partly Cloudy
1522933200;30.0;24.0;0.7;E;3.0555555555555554;0.0;1009.68;0.0;Partly Cloudy
1522936800;30.0;24.0;0.7;ESE;4.166666666666667;0.0;1008.68;0.0;Partly Cloudy
1522940400;30.0;24.0;0.7;E;3.611111111111111;0.0;1007.68;0.0;Partly Cloudy
1522944000;30.0;23.0;0.66;E;3.611111111111111;0.0;1006.69;0.0;Partly Cloudy
1522947600;30.0;24.0;0.7;E;3.0555555555555554;0.0;1006.69;0.0;Mostly Cloudy
1522951200;29.0;24.0;0.74;E;3.611111111111111;0.0;1005.69;0.0;Partly Cloudy
1522954800;29.0;24.0;0.74;E;4.166666666666667;0.0;1005.69;0.0;Partly Cloudy
1522958400;28.0;24.0;0.79;E;3.611111111111111;0.0;1005.69;0.0;Partly Cloudy
1522962000;28.0;24.0;0.79;E;3.0555555555555554;0.0;1006.69;0.0;Mostly Cloudy
1522965600;28.0;24.0;0.79;E;3.0555555555555554;0.0;1006.69;0.0;Mostly Cloudy
1522969200;28.0;24.0;0.79;ENE;2.5;0.0;1007.68;0.0;Mostly Cloudy
1522972800;27.0;23.0;0.79;E;4.722222222222222;0.0;1008.68;0.0;Mostly Cloudy
1522976400;28.0;24.0;0.79;E;3.0555555555555554;0.0;1008.68;0.0;Mostly Cloudy
1522980000;28.0;24.0;0.79;ENE;1.9444444444444444;0.0;1008.68;0.0;Mostly Cloudy
1522983600;28.0;23.0;0.74;ENE;2.5;0.0;1007.68;0.0;Partly Cloudy
1522987200;27.0;23.0;0.79;ENE;2.5;0.0;1007.68;0.0;Partly Cloudy
1522990800;26.0;23.0;0.83;ENE;3.611111111111111;0.0;1007.68;0.0;Partly Cloudy
1522994400;25.0;24.0;0.94;W;0.5555555555555556;0.0;1007.68;0.0;Partly Cloudy
1522998000;25.0;24.0;0.94;W;1.6666666666666665;0.0;1007.68;0.0;Mostly Cloudy
1523001600;26.0;24.0;0.89;NW;1.6666666666666665;0.0;1007.68;0.0;Partly Cloudy
1523005200;26.0;24.0;0.89;NW;1.1111111111111112;0.0;1007.68;0.0;Partly Cloudy
1523008800;27.0;24.0;0.84;NNE;1.6666666666666665;0.0;1008.68;0.0;Mostly Cloudy
1523012400;26.0;23.0;0.83;E;5.277777777777778;0.0;0.0;0.0;Light Rain Shower
1523016000;28.0;24.0;0.79;ESE;3.611111111111111;0.0;1009.68;0.0;Showers in the Vicinity
1523019600;28.0;24.0;0.79;ESE;3.0555555555555554;0.0;0.0;0.0;Showers in the Vicinity
1523023200;27.0;24.0;0.84;WSW;2.5;0.0;1009.68;0.0;Mostly Cloudy
1523026800;29.0;24.0;0.74;ENE;4.166666666666667;0.0;1008.68;0.0;Partly Cloudy
1523030400;28.0;24.0;0.79;SE;4.166666666666667;0.0;1007.68;0.0;Mostly Cloudy
1523034000;29.0;24.0;0.74;SE;3.0555555555555554;0.0;1007.68;0.0;Partly Cloudy
1523037600;29.0;24.0;0.74;E;3.0555555555555554;0.0;1006.69;0.0;Partly Cloudy
1523041200;28.0;24.0;0.79;SE;4.722222222222222;0.0;1006.69;0.0;Partly Cloudy
1523044800;27.0;24.0;0.84;SSE;5.555555555555555;0.0;1007.68;0.0;Partly Cloudy
1523046600;25.0;23.0;0.89;E;4.166666666666667;0.0;1008.68;0.0;Light Rain
1523047620;24.0;23.0;0.94;E;4.722222222222222;0.0;1008.68;0.0;Rain
1523048400;23.0;23.0;1.0;E;4.166666666666667;0.0;1008.68;0.0;Light Rain
1523050200;24.0;23.0;0.94;ENE;1.9444444444444444;0.0;1008.68;0.0;Light Rain
1523052000;24.0;23.0;0.94;CALM;0.0;0.0;1008.68;0.0;Light Rain
1523055600;24.0;23.0;0.94;S;0.5555555555555556;0.0;1009.68;0.0;Mostly Cloudy
1523059200;26.0;23.0;0.83;E;2.5;0.0;1009.68;0.0;Mostly Cloudy
1523062800;25.0;24.0;0.94;ENE;3.611111111111111;0.0;1009.68;0.0;Showers in the Vicinity
1523066400;25.0;23.0;0.89;ENE;3.0555555555555554;0.0;1010.68;0.0;Mostly Cloudy
1523070000;25.0;23.0;0.89;CALM;0.0;0.0;1009.68;0.0;Mostly Cloudy
1523073600;24.0;23.0;0.94;NW;3.0555555555555554;0.0;1009.68;0.0;Mostly Cloudy
1523077200;24.0;23.0;0.94;CALM;0.0;0.0;1008.68;0.0;Mostly Cloudy
1523080800;24.0;23.0;0.94;CALM;0.0;0.0;1008.68;0.0;Showers in the Vicinity
1523084400;24.0;23.0;0.94;WNW;1.6666666666666665;0.0;1008.68;0.0;Mostly Cloudy
1523088000;24.0;23.0;0.94;SSW;1.1111111111111112;0.0;1008.68;0.0;Mostly Cloudy
1523091600;24.0;23.0;0.94;CALM;0.0;0.0;0.0;0.0;Showers in the Vicinity
1523093640;24.0;23.0;0.94;S;2.5;0.0;1010.68;0.0;Light Rain
1523095200;24.0;23.0;0.94;NNW;2.5;0.0;1010.68;0.0;Light Rain
1523096880;24.0;23.0;0.94;W;1.9444444444444444;0.0;1011.68;0.0;Light Rain with Thunder
1523098800;24.0;24.0;1.0;WSW;1.6666666666666665;0.0;0.0;0.0;Mostly Cloudy
1523102400;24.0;23.0;0.94;NNW;1.9444444444444444;0.0;1011.68;0.0;Light Rain
1523104440;25.0;24.0;0.94;SW;1.6666666666666665;0.0;1011.68;0.0;Mostly Cloudy
1523106000;25.0;23.0;0.89;SW;1.1111111111111112;0.0;1011.68;0.0;Mostly Cloudy
1523109600;26.0;24.0;0.89;W;1.6666666666666665;0.0;1010.68;0.0;Mostly Cloudy
1523113200;28.0;23.0;0.74;ESE;3.0555555555555554;0.0;1009.68;0.0;Mostly Cloudy
1523116800;29.0;24.0;0.74;E;1.6666666666666665;0.0;1008.68;0.0;Mostly Cloudy
1523120400;29.0;22.0;0.66;SE;3.611111111111111;0.0;1008.68;0.0;Mostly Cloudy
1523124000;28.0;23.0;0.74;ESE;3.0555555555555554;0.0;1008.68;0.0;Mostly Cloudy
1523127600;27.0;24.0;0.84;SE;3.0555555555555554;0.0;1008.68;0.0;Mostly Cloudy
1523131200;27.0;23.0;0.79;SSE;4.166666666666667;0.0;1008.68;0.0;Mostly Cloudy
1523134800;27.0;23.0;0.79;SE;1.9444444444444444;0.0;1009.68;0.0;Fair
1523138400;27.0;23.0;0.79;SSE;2.5;0.0;1009.68;0.0;Fair
1523142000;27.0;24.0;0.84;SSE;3.0555555555555554;0.0;1010.68;0.0;Fair
1523145600;26.0;24.0;0.89;SSW;1.6666666666666665;0.0;1010.68;0.0;Mostly Cloudy
1523149200;26.0;24.0;0.89;SW;1.9444444444444444;0.0;1010.68;0.0;Mostly Cloudy
1523152800;26.0;24.0;0.89;SW;1.6666666666666665;0.0;1010.68;0.0;Mostly Cloudy
1523156400;25.0;24.0;0.94;W;1.6666666666666665;0.0;1010.68;0.0;Mostly Cloudy
1523160000;25.0;24.0;0.94;WNW;1.6666666666666665;0.0;1009.68;0.0;Mostly Cloudy
1523162160;23.0;22.0;0.94;ESE;3.611111111111111;0.0;1009.68;0.0;Rain
1523162940;23.0;22.0;0.94;SSE;5.555555555555555;0.0;0.0;0.0;T-Storm
1523163600;23.0;22.0;0.94;SE;1.9444444444444444;0.0;1009.68;0.0;Rain
1523164260;23.0;23.0;1.0;SW;1.6666666666666665;0.0;1009.68;0.0;Light Rain
1523167200;23.0;23.0;1.0;SSW;1.9444444444444444;0.0;1009.68;0.0;Mostly Cloudy
1523170800;24.0;23.0;0.94;NNW;1.6666666666666665;0.0;1009.68;0.0;Mostly Cloudy
1523174400;24.0;23.0;0.94;N;1.6666666666666665;0.0;1009.68;0.0;Mostly Cloudy
1523178000;24.0;23.0;0.94;W;1.9444444444444444;0.0;1010.68;0.0;Light Rain
1523181600;24.0;23.0;0.94;CALM;0.0;0.0;1010.68;0.0;Mostly Cloudy
1523185200;24.0;23.0;0.94;CALM;0.0;0.0;1012.68;0.0;Light Rain
1523185920;24.0;23.0;0.94;SSW;1.6666666666666665;0.0;1012.68;0.0;T-Storm
1523186700;23.0;22.0;0.94;SE;3.0555555555555554;0.0;1012.68;0.0;Heavy Rain
1523187900;22.0;22.0;1.0;SSW;2.5;0.0;1012.68;0.0;Light Rain
1523188800;0.0;0.0;0.0;SSW;1.6666666666666665;0.0;1012.68;0.0;Light Rain
1523192400;24.0;23.0;0.94;SSE;1.6666666666666665;0.0;1012.68;0.0;Cloudy
1523196000;24.0;23.0;0.94;S;4.166666666666667;0.0;1011.68;0.0;Mostly Cloudy
1523199600;25.0;23.0;0.89;S;2.5;0.0;1010.68;0.0;Mostly Cloudy
1523203200;26.0;24.0;0.89;S;4.166666666666667;0.0;1010.68;0.0;Mostly Cloudy
1523206800;26.0;23.0;0.83;SSE;5.277777777777778;0.0;1009.68;0.0;Mostly Cloudy
1523210400;26.0;23.0;0.83;SE;4.722222222222222;0.0;1008.68;0.0;Mostly Cloudy
1523214000;26.0;23.0;0.83;SSE;3.611111111111111;0.0;1008.68;0.0;Light Rain
1523217600;26.0;23.0;0.83;SE;4.722222222222222;0.0;1009.68;0.0;Mostly Cloudy
1523221200;26.0;23.0;0.83;SE;4.722222222222222;0.0;1010.68;0.0;Mostly Cloudy
1523224800;26.0;23.0;0.83;SE;3.611111111111111;0.0;1010.68;0.0;Partly Cloudy
1523228400;25.0;22.0;0.83;S;2.5;0.0;1010.68;0.0;Fair
1523232000;25.0;23.0;0.89;SE;1.9444444444444444;0.0;1011.68;0.0;Partly Cloudy
1523235600;25.0;23.0;0.89;SSE;2.5;0.0;1011.68;0.0;Fair
1523239200;25.0;22.0;0.83;SW;1.9444444444444444;0.0;1011.68;0.0;Fair
1523242800;24.0;23.0;0.94;SSE;1.1111111111111112;0.0;1010.68;0.0;Mostly Cloudy
1523246400;24.0;23.0;0.94;SW;1.1111111111111112;0.0;1010.68;0.0;Mostly Cloudy
1523250000;23.0;22.0;0.94;SW;1.6666666666666665;0.0;1009.68;0.0;Fair
1523253600;23.0;22.0;0.94;WSW;1.1111111111111112;0.0;1009.68;0.0;Fair
1523257200;24.0;22.0;0.89;SSW;4.166666666666667;0.0;1009.68;0.0;Mostly Cloudy
1523260800;23.0;21.0;0.88;SSW;3.0555555555555554;0.0;1010.68;0.0;Mostly Cloudy
1523264400;23.0;22.0;0.94;CALM;0.0;0.0;1010.68;0.0;Fair
1523268000;24.0;22.0;0.89;SW;4.166666666666667;0.0;1011.68;0.0;Mostly Cloudy
1523271600;25.0;21.0;0.78;SSE;3.0555555555555554;0.0;1012.68;0.0;Mostly Cloudy
1523275200;25.0;23.0;0.89;SE;2.5;0.0;1012.68;0.0;Mostly Cloudy
1523278800;25.0;22.0;0.83;E;3.611111111111111;0.0;1012.68;0.0;Mostly Cloudy
1523282400;27.0;22.0;0.74;VAR;1.1111111111111112;0.0;1012.68;0.0;Mostly Cloudy
1523286000;27.0;23.0;0.79;SE;3.611111111111111;0.0;1011.68;0.0;Mostly Cloudy
1523289600;27.0;22.0;0.74;ESE;4.166666666666667;0.0;1010.68;0.0;Mostly Cloudy
1523293200;26.0;22.0;0.78;ESE;4.722222222222222;0.0;1009.68;0.0;Mostly Cloudy
1523296800;26.0;21.0;0.74;SSE;5.277777777777778;0.0;1008.68;0.0;Mostly Cloudy
1523300400;27.0;22.0;0.74;SSE;4.166666666666667;0.0;1008.68;0.0;Partly Cloudy
1523304000;27.0;22.0;0.74;SSE;4.722222222222222;0.0;1009.68;0.0;Fair
1523307600;26.0;23.0;0.83;S;3.611111111111111;0.0;1009.68;0.0;Partly Cloudy
1523311200;27.0;22.0;0.74;SE;4.166666666666667;0.0;1009.68;0.0;Fair
1523314800;27.0;22.0;0.74;SSE;4.722222222222222;0.0;1010.68;0.0;Fair
1523318400;27.0;21.0;0.7;SE;4.166666666666667;0.0;1010.68;0.0;Partly Cloudy
1523322000;25.0;22.0;0.83;WSW;2.5;0.0;1010.68;0.0;Showers in the Vicinity
1523325600;26.0;22.0;0.78;SSE;4.166666666666667;0.0;1010.68;0.0;Partly Cloudy
1523329200;26.0;21.0;0.74;S;2.5;0.0;1010.68;0.0;Partly Cloudy
1523332800;24.0;22.0;0.89;SW;2.5;0.0;1009.68;0.0;Partly Cloudy
1523336400;24.0;22.0;0.89;S;1.9444444444444444;0.0;1009.68;0.0;Partly Cloudy
1523340000;24.0;21.0;0.83;S;2.5;0.0;1009.68;0.0;Mostly Cloudy
1523343600;24.0;21.0;0.83;S;2.5;0.0;1009.68;0.0;Partly Cloudy
1523347200;24.0;21.0;0.83;SSW;2.5;0.0;1009.68;0.0;Partly Cloudy
1523350800;24.0;21.0;0.83;SSW;2.5;0.0;1009.68;0.0;Partly Cloudy
1523354400;25.0;22.0;0.83;SSW;2.5;0.0;1010.68;0.0;Partly Cloudy
1523358000;27.0;22.0;0.74;S;3.611111111111111;0.0;1010.68;0.0;Partly Cloudy
1523361600;29.0;23.0;0.7;S;5.277777777777778;0.0;1010.68;0.0;Partly Cloudy
1523365200;29.0;21.0;0.62;SSE;6.666666666666666;0.0;1011.68;0.0;Partly Cloudy
1523368800;28.0;21.0;0.66;S;6.111111111111111;0.0;1010.68;0.0;Partly Cloudy
1523372400;29.0;23.0;0.7;SSE;5.277777777777778;0.0;1010.68;0.0;Partly Cloudy
1523376000;29.0;22.0;0.66;SSE;6.111111111111111;0.0;1009.68;0.0;Fair
1523379600;29.0;22.0;0.66;SSE;6.666666666666666;0.0;1008.68;0.0;Partly Cloudy
1523383200;28.0;22.0;0.7;SSE;7.222222222222222;0.0;1008.68;0.0;Partly Cloudy
1523386800;28.0;22.0;0.7;S;6.111111111111111;0.0;1008.68;0.0;Partly Cloudy
1523390400;27.0;21.0;0.7;SSE;6.111111111111111;0.0;1009.68;0.0;Partly Cloudy
1523394000;27.0;22.0;0.74;SSE;5.555555555555555;0.0;1009.68;0.0;Partly Cloudy
1523397600;27.0;22.0;0.74;S;5.555555555555555;0.0;1010.68;0.0;Partly Cloudy
1523401200;27.0;22.0;0.74;S;5.277777777777778;0.0;1010.68;0.0;Partly Cloudy
1523404800;26.0;20.0;0.69;SSW;5.277777777777778;0.0;1011.68;0.0;Partly Cloudy
1523408400;25.0;22.0;0.83;SSW;3.611111111111111;0.0;1010.68;0.0;Showers in the Vicinity
1523412000;26.0;22.0;0.78;S;3.611111111111111;0.0;1010.68;0.0;Showers in the Vicinity
1523415600;24.0;23.0;0.94;SE;4.166666666666667;0.0;1009.68;0.0;Mostly Cloudy
1523419200;24.0;22.0;0.89;S;4.166666666666667;0.0;1009.68;0.0;Showers in the Vicinity
1523422800;24.0;22.0;0.89;S;1.6666666666666665;0.0;1008.68;0.0;Mostly Cloudy
1523426400;24.0;22.0;0.89;SSE;3.611111111111111;0.0;1009.68;0.0;Light Rain
1523427480;23.0;22.0;0.94;SE;3.0555555555555554;0.0;1009.68;0.0;Rain Shower
1523430000;23.0;22.0;0.94;SE;4.722222222222222;0.0;1009.68;0.0;Rain
1523433600;22.0;22.0;1.0;S;3.611111111111111;0.0;1010.68;0.0;Rain
1523437200;22.0;22.0;1.0;SE;3.0555555555555554;0.0;1010.68;0.0;Rain
1523440800;23.0;22.0;0.94;S;2.5;0.0;1011.68;0.0;Rain
1523444400;22.0;22.0;1.0;SE;2.5;0.0;1012.68;0.0;Rain
1523448000;23.0;22.0;0.94;SSE;3.611111111111111;0.0;1012.68;0.0;Rain
1523451600;23.0;22.0;0.94;SSW;2.5;0.0;1012.68;0.0;Light Rain
1523455200;24.0;22.0;0.89;SW;2.5;0.0;1011.68;0.0;Light Rain
1523458800;24.0;22.0;0.89;S;2.5;0.0;1010.68;0.0;Light Rain
1523462400;25.0;23.0;0.89;S;2.5;0.0;1009.68;0.0;Showers in the Vicinity
1523466000;25.0;23.0;0.89;SE;3.0555555555555554;0.0;1009.68;0.0;Light Rain
1523469600;24.0;22.0;0.89;SE;1.9444444444444444;0.0;1009.68;0.0;Mostly Cloudy
1523473200;25.0;23.0;0.89;VAR;0.5555555555555556;0.0;1009.68;0.0;Mostly Cloudy
1523476800;24.0;22.0;0.89;ESE;1.9444444444444444;0.0;1009.68;0.0;Mostly Cloudy
1523480400;24.0;22.0;0.89;W;1.1111111111111112;0.0;1010.68;0.0;Mostly Cloudy
1523484000;24.0;22.0;0.89;S;1.6666666666666665;0.0;1010.68;0.0;Mostly Cloudy
1523487600;24.0;23.0;0.94;WSW;1.6666666666666665;0.0;1010.68;0.0;Mostly Cloudy
1523491200;24.0;22.0;0.89;SSW;1.6666666666666665;0.0;1010.68;0.0;Mostly Cloudy
1523494800;24.0;22.0;0.89;SW;2.5;0.0;1010.68;0.0;Mostly Cloudy
1523498400;24.0;21.0;0.83;CALM;0.0;0.0;1010.68;0.0;Mostly Cloudy
1523502000;23.0;22.0;0.94;CALM;0.0;0.0;1010.68;0.0;Mostly Cloudy
1523505600;23.0;22.0;0.94;CALM;0.0;0.0;1010.68;0.0;Mostly Cloudy
1523509200;23.0;22.0;0.94;SW;3.0555555555555554;0.0;1009.68;0.0;Mostly Cloudy
1523512800;23.0;22.0;0.94;CALM;0.0;0.0;1009.68;0.0;Showers in the Vicinity
1523516400;23.0;22.0;0.94;WSW;2.5;0.0;1009.68;0.0;Mostly Cloudy
1523520000;23.0;22.0;0.94;SE;4.722222222222222;0.0;1010.68;0.0;Showers in the Vicinity
1523523600;23.0;22.0;0.94;CALM;0.0;0.0;1010.68;0.0;Light Rain
1523527200;24.0;23.0;0.94;S;2.5;0.0;1011.68;0.0;Mostly Cloudy
1523530800;24.0;23.0;0.94;SSW;1.6666666666666665;0.0;1011.68;0.0;Partly Cloudy
1523534400;25.0;24.0;0.94;SE;4.166666666666667;0.0;1012.68;0.0;Showers in the Vicinity
1523538000;26.0;24.0;0.89;E;2.5;0.0;1012.68;0.0;Mostly Cloudy
1523541600;27.0;23.0;0.79;E;2.5;0.0;1011.68;0.0;Mostly Cloudy
1523545200;28.0;23.0;0.74;SE;3.0555555555555554;0.0;1009.68;0.0;Fair
1523548800;29.0;24.0;0.74;ESE;3.611111111111111;0.0;1009.68;0.0;Fair
1523552400;29.0;24.0;0.74;E;3.0555555555555554;0.0;1008.68;0.0;Partly Cloudy
1523556000;27.0;24.0;0.84;ESE;4.166666666666667;0.0;1008.68;0.0;Partly Cloudy
1523559600;28.0;23.0;0.74;E;2.5;0.0;1008.68;0.0;Fair
1523563200;27.0;23.0;0.79;SE;1.9444444444444444;0.0;1009.68;0.0;Showers in the Vicinity
1523566800;26.0;23.0;0.83;E;3.0555555555555554;0.0;1009.68;0.0;Light Rain
1523570400;26.0;0.0;0.0;NE;1.9444444444444444;0.0;1010.68;0.0;Showers in the Vicinity
1523574000;26.0;24.0;0.89;VAR;1.1111111111111112;0.0;1010.68;0.0;Fair
1523577600;25.0;24.0;0.94;SSW;1.1111111111111112;0.0;1011.68;0.0;Mostly Cloudy
1523581200;26.0;23.0;0.83;ESE;4.722222222222222;0.0;1011.68;0.0;Mostly Cloudy
1523584800;25.0;23.0;0.89;SSW;1.1111111111111112;0.0;1011.68;0.0;Mostly Cloudy
1523588400;24.0;23.0;0.94;ENE;1.6666666666666665;0.0;1010.68;0.0;Light Rain
1523592000;24.0;24.0;1.0;WSW;2.5;0.0;1010.68;0.0;Light Rain
1523595600;24.0;24.0;1.0;WSW;1.9444444444444444;0.0;1009.68;0.0;Mostly Cloudy
1523599200;24.0;24.0;1.0;WNW;1.6666666666666665;0.0;1009.68;0.0;Mostly Cloudy
1523602800;24.0;23.0;0.94;ESE;4.166666666666667;0.0;1010.68;0.0;Mostly Cloudy
1523606400;24.0;23.0;0.94;ENE;1.9444444444444444;0.0;1010.68;0.0;Mostly Cloudy
1523610000;24.0;23.0;0.94;NW;1.1111111111111112;0.0;1011.68;0.0;Mostly Cloudy
1523613600;24.0;23.0;0.94;SSW;1.1111111111111112;0.0;1011.68;0.0;Mostly Cloudy
1523617200;25.0;23.0;0.89;SW;1.6666666666666665;0.0;1012.68;0.0;Mostly Cloudy
1523620800;25.0;23.0;0.89;NNW;2.5;0.0;1013.68;0.0;Mostly Cloudy
1523624400;27.0;24.0;0.84;NW;4.166666666666667;0.0;1013.68;0.0;Partly Cloudy
1523628000;28.0;24.0;0.79;NNW;3.0555555555555554;0.0;1012.68;0.0;Partly Cloudy
1523631600;29.0;22.0;0.66;VAR;1.9444444444444444;0.0;1011.68;0.0;Partly Cloudy
1523635200;29.0;23.0;0.7;E;3.0555555555555554;0.0;1010.68;0.0;Fair
1523638800;29.0;23.0;0.7;ENE;3.611111111111111;0.0;1010.68;0.0;Fair
1523642400;29.0;24.0;0.74;E;3.611111111111111;0.0;1010.68;0.0;Fair
1523646000;28.0;23.0;0.74;E;3.611111111111111;0.0;1010.68;0.0;Fair
1523649600;27.0;23.0;0.79;ENE;2.5;0.0;1010.68;0.0;Fair
1523653200;27.0;23.0;0.79;ENE;1.9444444444444444;0.0;1010.68;0.0;Fair
1523656800;27.0;22.0;0.74;ESE;2.5;0.0;1011.68;0.0;Fair
1523660400;27.0;23.0;0.79;ESE;2.5;0.0;1012.68;0.0;Partly Cloudy
1523664000;27.0;24.0;0.84;E;1.6666666666666665;0.0;1012.68;0.0;Mostly Cloudy
1523667600;27.0;23.0;0.79;E;1.9444444444444444;0.0;1013.68;0.0;Cloudy
1523671200;27.0;23.0;0.79;ENE;1.6666666666666665;0.0;0.0;0.0;Cloudy
1523674800;25.0;23.0;0.89;W;1.6666666666666665;0.0;1012.68;0.0;Mostly Cloudy
1523678400;25.0;23.0;0.89;WSW;1.9444444444444444;0.0;1011.68;0.0;Fair
1523682000;24.0;23.0;0.94;SSW;1.1111111111111112;0.0;1011.68;0.0;Fair
1523685600;24.0;23.0;0.94;W;1.6666666666666665;0.0;1011.68;0.0;Mostly Cloudy
1523689200;24.0;23.0;0.94;SSW;1.1111111111111112;0.0;1011.68;0.0;Mostly Cloudy
1523692800;24.0;23.0;0.94;SSW;1.6666666666666665;0.0;1011.68;0.0;Mostly Cloudy
1523696400;24.0;23.0;0.94;SSW;1.1111111111111112;0.0;1012.68;0.0;Partly Cloudy
1523700000;25.0;23.0;0.89;SW;1.6666666666666665;0.0;1012.68;0.0;Partly Cloudy
1523703600;26.0;23.0;0.83;S;3.611111111111111;0.0;1013.68;0.0;Mostly Cloudy
1523707200;27.0;23.0;0.79;SW;2.5;0.0;1014.67;0.0;Partly Cloudy
1523710800;27.0;23.0;0.79;SSE;4.166666666666667;0.0;1014.67;0.0;Partly Cloudy
1523714400;27.0;23.0;0.79;SSE;4.166666666666667;0.0;1013.68;0.0;Mostly Cloudy
1523718000;29.0;0.0;0.0;SSE;3.611111111111111;0.0;1012.68;0.0;Showers in the Vicinity
1523721600;28.0;24.0;0.79;SE;4.722222222222222;0.0;0.0;0.0;Mostly Cloudy
1523725200;27.0;22.0;0.74;SSE;4.166666666666667;0.0;1011.68;0.0;Mostly Cloudy
1523728800;28.0;23.0;0.74;SE;4.722222222222222;0.0;1011.68;0.0;Partly Cloudy
1523732400;27.0;24.0;0.84;SSE;5.277777777777778;0.0;1011.68;0.0;Mostly Cloudy
1523736000;26.0;23.0;0.83;SSE;4.722222222222222;0.0;1011.68;0.0;Partly Cloudy
1523739600;26.0;24.0;0.89;SSE;2.5;0.0;1012.68;0.0;Mostly Cloudy
1523743200;25.0;23.0;0.89;SE;3.611111111111111;0.0;1012.68;0.0;Light Rain
1523746800;25.0;23.0;0.89;SSW;1.9444444444444444;0.0;1013.68;0.0;Partly Cloudy
1523750400;24.0;23.0;0.94;SSW;1.9444444444444444;0.0;1013.68;0.0;Mostly Cloudy
1523754000;25.0;23.0;0.89;SSW;1.9444444444444444;0.0;1014.67;0.0;Partly Cloudy
1523757600;24.0;23.0;0.94;SW;1.9444444444444444;0.0;1013.68;0.0;Partly Cloudy
1523761200;24.0;23.0;0.94;WSW;1.6666666666666665;0.0;1013.68;0.0;Light Rain
1523764800;24.0;23.0;0.94;VAR;1.1111111111111112;0.0;1012.68;0.0;Partly Cloudy
1523768400;24.0;23.0;0.94;SE;2.5;0.0;1012.68;0.0;Rain
1523770200;23.0;23.0;1.0;SW;1.6666666666666665;0.0;1012.68;0.0;Light Rain
1523772000;24.0;23.0;0.94;SW;1.6666666666666665;0.0;1011.68;0.0;Light Rain
1523775600;24.0;23.0;0.94;SW;1.6666666666666665;0.0;1011.68;0.0;Partly Cloudy
1523779200;24.0;23.0;0.94;SSE;1.6666666666666665;0.0;1011.68;0.0;Light Rain
1523782800;24.0;23.0;0.94;S;1.9444444444444444;0.0;1012.68;0.0;Light Rain
1523785080;24.0;23.0;0.94;SSW;2.5;0.0;1013.68;0.0;Light Rain
1523786400;24.0;24.0;1.0;S;4.722222222222222;0.0;1013.68;0.0;Light Rain
1523788080;24.0;23.0;0.94;SSE;6.666666666666666;0.0;1013.68;0.0;Rain
1523790000;25.0;23.0;0.89;ESE;5.277777777777778;0.0;1013.68;0.0;Light Rain
1523793600;25.0;24.0;0.94;SSE;4.166666666666667;0.0;1014.67;0.0;Light Rain
1523797200;25.0;24.0;0.94;SSE;5.555555555555555;0.0;1014.67;0.0;Light Rain
1523800800;27.0;24.0;0.84;SSE;5.555555555555555;0.0;1013.68;0.0;Mostly Cloudy
1523804400;27.0;23.0;0.79;SSE;6.111111111111111;0.0;1012.68;0.0;Partly Cloudy
1523808000;28.0;23.0;0.74;SSE;5.555555555555555;0.0;1011.68;0.0;Mostly Cloudy
1523811600;27.0;23.0;0.79;SSE;5.277777777777778;0.0;1011.68;0.0;Partly Cloudy
1523815200;27.0;23.0;0.79;SSE;5.277777777777778;0.0;0.0;0.0;Showers in the Vicinity
1523818800;25.0;24.0;0.94;S;3.611111111111111;0.0;1011.68;0.0;Light Rain
1523822400;25.0;23.0;0.89;S;5.277777777777778;0.0;1011.68;0.0;Showers in the Vicinity
1523826000;24.0;23.0;0.94;S;3.611111111111111;0.0;1011.68;0.0;Mostly Cloudy
1523829600;25.0;23.0;0.89;S;3.611111111111111;0.0;1012.68;0.0;Mostly Cloudy
1523833200;24.0;23.0;0.94;S;3.0555555555555554;0.0;1013.68;0.0;Light Rain
1523836800;23.0;22.0;0.94;S;3.611111111111111;0.0;1014.67;0.0;Light Rain
1523838480;23.0;22.0;0.94;SW;1.6666666666666665;0.0;1013.68;0.0;Mostly Cloudy
1523840400;23.0;22.0;0.94;WNW;1.1111111111111112;0.0;1013.68;0.0;Mostly Cloudy
1523844000;23.0;22.0;0.94;SSW;2.5;0.0;1013.68;0.0;Mostly Cloudy
1523847600;23.0;22.0;0.94;SSW;3.0555555555555554;0.0;1013.68;0.0;Light Rain
1523851200;23.0;22.0;0.94;SSW;2.5;0.0;1012.68;0.0;Light Rain
1523854800;23.0;22.0;0.94;SSW;3.0555555555555554;0.0;1011.68;0.0;Light Rain
1523858400;22.0;22.0;1.0;SSW;3.0555555555555554;0.0;1011.68;0.0;Light Rain
1523862000;22.0;22.0;1.0;SSW;2.5;0.0;1010.68;0.0;Mostly Cloudy
1523865600;22.0;22.0;1.0;SSW;3.0555555555555554;0.0;1011.68;0.0;Light Rain
1523869200;23.0;22.0;0.94;VAR;1.1111111111111112;0.0;1011.68;0.0;Mostly Cloudy
1523872800;23.0;22.0;0.94;SW;1.6666666666666665;0.0;1012.68;0.0;Mostly Cloudy
1523874060;23.0;22.0;0.94;SSW;2.5;0.0;1012.68;0.0;Light Rain
1523876400;23.0;23.0;1.0;S;3.0555555555555554;0.0;1013.68;0.0;Light Rain
1523880000;24.0;23.0;0.94;SW;3.611111111111111;0.0;1013.68;0.0;Light Rain
1523883600;26.0;23.0;0.83;SSW;2.5;0.0;1013.68;0.0;Mostly Cloudy
1523887200;28.0;23.0;0.74;S;3.611111111111111;0.0;1012.68;0.0;Mostly Cloudy
1523890800;27.0;22.0;0.74;S;5.277777777777778;0.0;1011.68;0.0;Mostly Cloudy
1523894400;27.0;21.0;0.7;SE;5.277777777777778;0.0;1010.68;0.0;Showers in the Vicinity
1523898000;28.0;21.0;0.66;SE;4.166666666666667;0.0;1010.68;0.0;Mostly Cloudy
1523901600;28.0;22.0;0.7;SSE;5.555555555555555;0.0;1009.68;0.0;Mostly Cloudy
1523905200;28.0;22.0;0.7;SSE;5.277777777777778;0.0;1009.68;0.0;Partly Cloudy
1523908800;27.0;22.0;0.74;SSE;5.277777777777778;0.0;1010.68;0.0;Partly Cloudy
1523912400;27.0;22.0;0.74;SSE;4.722222222222222;0.0;1010.68;0.0;Mostly Cloudy
1523916000;27.0;22.0;0.74;SSE;6.111111111111111;0.0;1011.68;0.0;Mostly Cloudy
1523919600;27.0;22.0;0.74;SSE;5.277777777777778;0.0;1011.68;0.0;Mostly Cloudy
1523923200;27.0;22.0;0.74;SE;5.277777777777778;0.0;1012.68;0.0;Partly Cloudy
1523926800;27.0;22.0;0.74;SSE;4.722222222222222;0.0;1012.68;0.0;Partly Cloudy
1523930400;26.0;22.0;0.78;SE;3.611111111111111;0.0;1012.68;0.0;Showers in the Vicinity
1523934000;25.0;21.0;0.78;S;2.5;0.0;1011.68;0.0;Mostly Cloudy
1523937600;24.0;22.0;0.89;SSW;2.5;0.0;1011.68;0.0;Partly Cloudy
1523941200;24.0;22.0;0.89;S;2.5;0.0;1010.68;0.0;Partly Cloudy
1523944800;24.0;22.0;0.89;SSW;1.9444444444444444;0.0;1010.68;0.0;Mostly Cloudy
1523948400;24.0;22.0;0.89;SSW;3.0555555555555554;0.0;1010.68;0.0;Partly Cloudy
1523952000;24.0;22.0;0.89;SSW;3.0555555555555554;0.0;1010.68;0.0;Partly Cloudy
1523955600;24.0;22.0;0.89;WSW;1.6666666666666665;0.0;1011.68;0.0;Partly Cloudy
1523959200;24.0;23.0;0.94;S;1.6666666666666665;0.0;1012.68;0.0;Light Rain
1523962800;26.0;23.0;0.83;SSE;1.6666666666666665;0.0;1012.68;0.0;Partly Cloudy
1523966400;29.0;24.0;0.74;SSE;4.166666666666667;0.0;1013.68;0.0;Partly Cloudy
1523970000;29.0;23.0;0.7;SE;4.166666666666667;0.0;1013.68;0.0;Fair
1523973600;28.0;23.0;0.74;SE;5.277777777777778;0.0;1012.68;0.0;Partly Cloudy
1523977200;29.0;23.0;0.7;SE;4.722222222222222;0.0;1012.68;0.0;Fair
1523980800;29.0;22.0;0.66;SE;4.722222222222222;0.0;1011.68;0.0;Fair
1523984400;29.0;23.0;0.7;SE;4.722222222222222;0.0;1011.68;0.0;Partly Cloudy
1523988000;28.0;22.0;0.7;ESE;4.166666666666667;0.0;1011.68;0.0;Fair
1523991600;29.0;22.0;0.66;ESE;3.611111111111111;0.0;1011.68;0.0;Fair
1523995200;28.0;22.0;0.7;SE;3.611111111111111;0.0;1012.68;0.0;Fair
1523998800;27.0;22.0;0.74;SE;3.611111111111111;0.0;1012.68;0.0;Fair
1524002400;26.0;23.0;0.83;SSE;2.5;0.0;1012.68;0.0;Showers in the Vicinity
1524006000;26.0;23.0;0.83;SSE;3.611111111111111;0.0;1013.68;0.0;Partly Cloudy
1524009600;26.0;23.0;0.83;SSE;3.611111111111111;0.0;1014.67;0.0;Partly Cloudy
1524013200;25.0;23.0;0.89;ESE;1.9444444444444444;0.0;1014.67;0.0;Light Rain
1524016800;25.0;23.0;0.89;SSW;1.9444444444444444;0.0;1014.67;0.0;Mostly Cloudy
1524020400;24.0;23.0;0.94;SW;1.9444444444444444;0.0;1014.67;0.0;Fair
1524024000;24.0;23.0;0.94;WSW;1.9444444444444444;0.0;1013.68;0.0;Fair
1524027600;23.0;22.0;0.94;SSE;1.9444444444444444;0.0;1013.68;0.0;Rain
1524028680;23.0;23.0;1.0;WSW;1.9444444444444444;0.0;1013.68;0.0;Light Rain
1524031200;23.0;23.0;1.0;SW;1.9444444444444444;0.0;1013.68;0.0;Mostly Cloudy
1524034800;23.0;22.0;0.94;SSW;1.9444444444444444;0.0;1013.68;0.0;Mostly Cloudy
1524038400;23.0;23.0;1.0;SSE;1.1111111111111112;0.0;1013.68;0.0;Light Rain
1524042000;23.0;23.0;1.0;SW;1.6666666666666665;0.0;1013.68;0.0;Partly Cloudy
1524045600;24.0;23.0;0.94;SSW;2.5;0.0;1014.67;0.0;Showers in the Vicinity
1524049200;26.0;23.0;0.83;SW;2.5;0.0;1015.67;0.0;Partly Cloudy
1524052800;27.0;24.0;0.84;S;3.611111111111111;0.0;1015.67;0.0;Partly Cloudy
1524056400;27.0;24.0;0.84;SSW;2.5;0.0;0.0;0.0;Showers in the Vicinity
1524060000;27.0;24.0;0.84;S;4.722222222222222;0.0;1014.67;0.0;Light Rain
1524063600;28.0;24.0;0.79;S;4.722222222222222;0.0;1013.68;0.0;Showers in the Vicinity
1524067200;28.0;24.0;0.79;S;5.277777777777778;0.0;1012.68;0.0;Partly Cloudy
1524070800;27.0;24.0;0.84;SSE;7.777777777777778;0.0;1012.68;0.0;Mostly Cloudy
1524074400;26.0;24.0;0.89;S;1.9444444444444444;0.0;1012.68;0.0;Light Rain
1524078000;27.0;23.0;0.79;S;5.555555555555555;0.0;1012.68;0.0;Showers in the Vicinity
1524081600;26.0;23.0;0.83;ESE;6.111111111111111;0.0;0.0;0.0;Light Rain
1524085200;25.0;24.0;0.94;E;3.0555555555555554;0.0;1013.68;0.0;Light Rain
1524088800;26.0;24.0;0.89;SSE;4.166666666666667;0.0;1014.67;0.0;Showers in the Vicinity
1524089100;25.0;24.0;0.94;SE;6.111111111111111;0.0;1014.67;0.0;Rain Shower
1524090300;25.0;24.0;0.94;SSE;5.555555555555555;0.0;1014.67;0.0;Light Rain
1524092400;26.0;24.0;0.89;SSE;4.722222222222222;0.0;1014.67;0.0;Partly Cloudy
1524096000;26.0;23.0;0.83;SSE;4.166666666666667;0.0;1015.67;0.0;Partly Cloudy
1524099600;25.0;24.0;0.94;S;3.611111111111111;0.0;1015.67;0.0;Mostly Cloudy
1524103200;26.0;23.0;0.83;S;4.166666666666667;0.0;1015.67;0.0;Mostly Cloudy
1524106800;25.0;23.0;0.89;SSW;3.611111111111111;0.0;1014.67;0.0;Mostly Cloudy
1524110400;24.0;23.0;0.94;SSW;2.5;0.0;1014.67;0.0;Cloudy
1524114000;24.0;22.0;0.89;WSW;1.6666666666666665;0.0;1013.68;0.0;Cloudy
1524117600;24.0;22.0;0.89;SSW;1.6666666666666665;0.0;1013.68;0.0;Light Rain
1524121200;23.0;22.0;0.94;SSW;2.5;0.0;1013.68;0.0;Partly Cloudy
1524124800;23.0;22.0;0.94;SW;1.6666666666666665;0.0;1013.68;0.0;Partly Cloudy
1524128400;23.0;22.0;0.94;VAR;1.1111111111111112;0.0;1013.68;0.0;Fair
1524132000;24.0;22.0;0.89;SW;2.5;0.0;1014.67;0.0;Partly Cloudy
1524135600;25.0;22.0;0.83;SSW;4.166666666666667;0.0;1014.67;0.0;Showers in the Vicinity
1524139200;26.0;23.0;0.83;SSW;3.611111111111111;0.0;1015.67;0.0;Mostly Cloudy
1524142800;28.0;23.0;0.74;SSW;3.0555555555555554;0.0;1014.67;0.0;Mostly Cloudy
1524146400;29.0;24.0;0.74;SSE;5.555555555555555;0.0;1014.67;0.0;Mostly Cloudy
1524150000;28.0;24.0;0.79;SSE;6.666666666666666;0.0;1013.68;0.0;Mostly Cloudy
1524153600;28.0;23.0;0.74;SSE;6.666666666666666;0.0;1012.68;0.0;Mostly Cloudy
1524157200;27.0;24.0;0.84;SSE;7.222222222222222;0.0;1012.68;0.0;Showers in the Vicinity
1524160800;27.0;24.0;0.84;S;5.277777777777778;0.0;1012.68;0.0;Showers in the Vicinity
1524164400;25.0;24.0;0.94;SSE;5.277777777777778;0.0;1012.68;0.0;Light Rain
1524168000;25.0;24.0;0.94;S;3.0555555555555554;0.0;1012.68;0.0;Partly Cloudy
1524171600;25.0;24.0;0.94;S;2.5;0.0;1012.68;0.0;Partly Cloudy
1524175200;25.0;24.0;0.94;SSW;3.611111111111111;0.0;1013.68;0.0;Partly Cloudy
1524178800;24.0;23.0;0.94;SW;1.9444444444444444;0.0;1014.67;0.0;Showers in the Vicinity
1524182400;24.0;23.0;0.94;SW;3.0555555555555554;0.0;1014.67;0.0;Light Rain
1524183780;24.0;23.0;0.94;SSW;3.0555555555555554;0.0;1014.67;0.0;Rain
1524186000;24.0;23.0;0.94;WSW;2.5;0.0;1014.67;0.0;Light Rain
1524189600;24.0;23.0;0.94;SW;1.6666666666666665;0.0;1014.67;0.0;Light Rain
1524191280;24.0;23.0;0.94;S;1.9444444444444444;0.0;1013.68;0.0;Rain
1524193200;24.0;23.0;0.94;VAR;1.9444444444444444;0.0;1013.68;0.0;Heavy Rain
1524194700;24.0;23.0;0.94;WSW;3.0555555555555554;0.0;1013.68;0.0;Light Rain
1524196800;24.0;23.0;0.94;WSW;2.5;0.0;1012.68;0.0;Mostly Cloudy
1524200400;23.0;23.0;1.0;WSW;3.611111111111111;0.0;1012.68;0.0;Heavy Rain
1524204000;24.0;23.0;0.94;WSW;1.9444444444444444;0.0;1011.68;0.0;Light Rain
1524204600;24.0;23.0;0.94;SW;2.5;0.0;1011.68;0.0;Rain
1524207600;24.0;23.0;0.94;SSW;1.9444444444444444;0.0;1011.68;0.0;Light Rain
1524211200;24.0;23.0;0.94;S;1.6666666666666665;0.0;1011.68;0.0;Light Rain
1524214800;24.0;23.0;0.94;S;4.722222222222222;0.0;1012.68;0.0;Showers in the Vicinity
1524218400;25.0;23.0;0.89;S;3.0555555555555554;0.0;1012.68;0.0;Mostly Cloudy
1524222000;25.0;23.0;0.89;S;3.611111111111111;0.0;1013.68;0.0;Mostly Cloudy
1524222900;25.0;23.0;0.89;S;4.166666666666667;0.0;1013.68;0.0;Rain
1524225600;25.0;24.0;0.94;S;4.166666666666667;0.0;1013.68;0.0;Showers in the Vicinity
1524226380;25.0;23.0;0.89;S;4.166666666666667;0.0;1013.68;0.0;Light Rain
1524229200;26.0;24.0;0.89;S;4.166666666666667;0.0;1013.68;0.0;Mostly Cloudy
1524232800;27.0;24.0;0.84;SW;3.0555555555555554;0.0;1012.68;0.0;Mostly Cloudy
1524236400;29.0;23.0;0.7;SSE;5.555555555555555;0.0;1011.68;0.0;Showers in the Vicinity
1524240000;29.0;22.0;0.66;SSE;5.555555555555555;0.0;1010.68;0.0;Partly Cloudy
1524243600;29.0;23.0;0.7;SSE;5.555555555555555;0.0;1010.68;0.0;Partly Cloudy
1524247200;28.0;23.0;0.74;SSE;6.666666666666666;0.0;1010.68;0.0;Partly Cloudy
1524250800;28.0;22.0;0.7;SSE;6.111111111111111;0.0;1010.68;0.0;Partly Cloudy
1524254400;27.0;23.0;0.79;SSE;5.277777777777778;0.0;1010.68;0.0;Partly Cloudy
1524258000;27.0;22.0;0.74;S;4.166666666666667;0.0;1010.68;0.0;Partly Cloudy
1524261600;26.0;22.0;0.78;SSE;3.611111111111111;0.0;1011.68;0.0;Fair
1524265200;26.0;22.0;0.78;SSE;3.0555555555555554;0.0;1012.68;0.0;Partly Cloudy
1524268800;25.0;22.0;0.83;SW;2.5;0.0;1012.68;0.0;Partly Cloudy
1524272400;25.0;22.0;0.83;WSW;1.9444444444444444;0.0;1012.68;0.0;Partly Cloudy
1524276000;24.0;22.0;0.89;SW;1.6666666666666665;0.0;1012.68;0.0;Partly Cloudy
1524279600;24.0;22.0;0.89;SW;1.9444444444444444;0.0;1011.68;0.0;Fair
1524283200;24.0;22.0;0.89;SW;1.9444444444444444;0.0;1011.68;0.0;Fair
1524286800;24.0;22.0;0.89;CALM;0.0;0.0;1010.68;0.0;Mostly Cloudy
1524290400;23.0;23.0;1.0;ENE;1.6666666666666665;0.0;1010.68;0.0;Light Rain
1524294000;23.0;23.0;1.0;SW;1.9444444444444444;0.0;1010.68;0.0;Light Rain
1524297600;24.0;23.0;0.94;VAR;0.5555555555555556;0.0;1010.68;0.0;Light Rain
1524301200;24.0;23.0;0.94;S;1.6666666666666665;0.0;1010.68;0.0;Mostly Cloudy
1524304800;24.0;23.0;0.94;NW;2.5;0.0;1011.68;0.0;Showers in the Vicinity
1524308400;26.0;24.0;0.89;SW;2.5;0.0;0.0;0.0;Showers in the Vicinity
1524312000;26.0;24.0;0.89;SSW;3.0555555555555554;0.0;0.0;0.0;Showers in the Vicinity
1524315600;29.0;24.0;0.74;ESE;2.5;0.0;1011.68;0.0;Partly Cloudy
1524319200;26.0;24.0;0.89;E;3.0555555555555554;0.0;0.0;0.0;Light Rain Shower
1524322800;25.0;23.0;0.89;SE;3.611111111111111;0.0;1010.68;0.0;Showers in the Vicinity
1524326400;28.0;23.0;0.74;ESE;2.5;0.0;1009.68;0.0;Partly Cloudy
1524330000;29.0;24.0;0.74;E;2.5;0.0;1009.68;0.0;Partly Cloudy
1524333600;28.0;24.0;0.79;ESE;2.5;0.0;1008.68;0.0;Partly Cloudy
1524337200;28.0;23.0;0.74;SE;4.166666666666667;0.0;1008.68;0.0;Partly Cloudy
1524340800;27.0;23.0;0.79;SE;2.5;0.0;1008.68;0.0;Fair
1524344400;27.0;24.0;0.84;SE;2.5;0.0;1009.68;0.0;Mostly Cloudy
1524348000;27.0;23.0;0.79;SE;3.611111111111111;0.0;1009.68;0.0;Light Rain
1524351600;26.0;24.0;0.89;SE;1.9444444444444444;0.0;1010.68;0.0;Mostly Cloudy
1524355200;26.0;23.0;0.83;SE;4.166666666666667;0.0;1010.68;0.0;Mostly Cloudy
1524358800;25.0;23.0;0.89;SW;2.5;0.0;1011.68;0.0;Mostly Cloudy
1524362400;25.0;23.0;0.89;WSW;2.5;0.0;1010.68;0.0;Showers in the Vicinity
1524366000;24.0;23.0;0.94;SSW;3.0555555555555554;0.0;1010.68;0.0;Mostly Cloudy
1524369600;24.0;23.0;0.94;SW;1.9444444444444444;0.0;1009.68;0.0;Showers in the Vicinity
1524371340;24.0;23.0;0.94;WSW;2.5;0.0;1009.68;0.0;Light Rain
1524373200;23.0;23.0;1.0;W;2.5;0.0;1009.68;0.0;Light Rain
1524376800;23.0;23.0;1.0;S;2.5;0.0;1009.68;0.0;Light Rain
1524380400;23.0;23.0;1.0;CALM;0.0;0.0;1009.68;0.0;Showers in the Vicinity
1524384000;24.0;23.0;0.94;CALM;0.0;0.0;1009.68;0.0;Mostly Cloudy
1524387600;23.0;23.0;1.0;CALM;0.0;0.0;1010.68;0.0;Light Rain
1524391200;24.0;23.0;0.94;WSW;2.5;0.0;1010.68;0.0;Showers in the Vicinity
1524392520;24.0;23.0;0.94;NNE;1.1111111111111112;0.0;0.0;0.0;Light Rain
1524394800;24.0;23.0;0.94;NNW;1.9444444444444444;0.0;1011.68;0.0;Light Rain
1524398400;24.0;23.0;0.94;SSE;5.555555555555555;0.0;1011.68;0.0;Light Rain
1524402000;25.0;24.0;0.94;SSE;1.9444444444444444;0.0;1011.68;0.0;Mostly Cloudy
1524405600;27.0;23.0;0.79;SE;6.111111111111111;0.0;1011.68;0.0;Mostly Cloudy
1524409200;26.0;23.0;0.83;SE;5.277777777777778;0.0;1010.68;0.0;Mostly Cloudy
1524412800;26.0;23.0;0.83;SSE;6.111111111111111;0.0;1010.68;0.0;Mostly Cloudy
1524416400;26.0;23.0;0.83;SE;4.722222222222222;0.0;1009.68;0.0;Cloudy
1524420000;26.0;22.0;0.78;SE;3.0555555555555554;0.0;1009.68;0.0;Mostly Cloudy
1524423600;26.0;23.0;0.83;ESE;3.611111111111111;0.0;1009.68;0.0;Cloudy
1524427200;27.0;23.0;0.79;SE;5.277777777777778;0.0;1009.68;0.0;Cloudy
1524430800;26.0;24.0;0.89;S;5.277777777777778;0.0;1010.68;0.0;Mostly Cloudy
1524434400;24.0;23.0;0.94;SSW;3.611111111111111;0.0;1010.68;0.0;Light Rain
1524436200;24.0;23.0;0.94;SSE;1.6666666666666665;0.0;1012.68;0.0;Rain
1524438000;23.0;22.0;0.94;E;1.6666666666666665;0.0;1012.68;0.0;Rain
1524438300;23.0;23.0;1.0;SW;1.6666666666666665;0.0;1012.68;0.0;Heavy Rain
1524439800;0.0;0.0;0.0;S;1.9444444444444444;0.0;1012.68;0.0;Light Rain
1524440700;0.0;0.0;0.0;SSW;2.5;0.0;1012.68;0.0;Heavy Rain
1524441600;23.0;23.0;1.0;S;3.611111111111111;0.0;1012.68;0.0;Heavy Rain
1524445200;23.0;23.0;1.0;S;3.611111111111111;0.0;0.0;0.0;Light Rain with Thunder
1524448800;23.0;23.0;1.0;W;1.6666666666666665;0.0;1012.68;0.0;Light Rain with Thunder
1524452400;0.0;0.0;0.0;E;1.6666666666666665;0.0;1012.68;0.0;T-Storm
1524456000;23.0;22.0;0.94;SSE;3.0555555555555554;0.0;1011.68;0.0;Light Rain
1524459600;23.0;22.0;0.94;SSW;2.5;0.0;1011.68;0.0;Light Rain
1524463200;23.0;22.0;0.94;SW;1.9444444444444444;0.0;1011.68;0.0;Light Rain
1524466800;23.0;22.0;0.94;SW;1.6666666666666665;0.0;1011.68;0.0;Mostly Cloudy
1524470400;23.0;22.0;0.94;SW;1.1111111111111112;0.0;1011.68;0.0;Mostly Cloudy
1524474000;23.0;22.0;0.94;SW;1.6666666666666665;0.0;1011.68;0.0;Rain
1524475320;23.0;22.0;0.94;WSW;1.9444444444444444;0.0;1011.68;0.0;Light Rain
1524477600;24.0;23.0;0.94;SW;2.5;0.0;0.0;0.0;Showers in the Vicinity
1524481200;24.0;23.0;0.94;SSW;3.611111111111111;0.0;1012.68;0.0;Rain
1524483000;0.0;0.0;0.0;SSW;1.9444444444444444;0.0;1012.68;0.0;Light Rain
1524484800;24.0;23.0;0.94;VAR;1.1111111111111112;0.0;1012.68;0.0;Light Rain
1524488400;26.0;23.0;0.83;S;4.166666666666667;0.0;1012.68;0.0;Partly Cloudy
1524492000;27.0;24.0;0.84;S;5.277777777777778;0.0;1011.68;0.0;Mostly Cloudy
1524493020;26.0;24.0;0.89;ESE;4.166666666666667;0.0;1011.68;0.0;Light Rain
1524495600;25.0;24.0;0.94;S;4.722222222222222;0.0;1010.68;0.0;Showers in the Vicinity
1524499200;28.0;24.0;0.79;S;5.277777777777778;0.0;1010.68;0.0;Fair
1524502800;28.0;24.0;0.79;SSE;6.111111111111111;0.0;1009.68;0.0;Partly Cloudy
1524510000;27.0;24.0;0.84;S;7.222222222222222;0.0;0.0;0.0;Rain Shower
1524513600;25.0;24.0;0.94;S;1.9444444444444444;0.0;0.0;0.0;Showers in the Vicinity
1524517200;25.0;24.0;0.94;SSW;1.9444444444444444;0.0;1011.68;0.0;Partly Cloudy
1524520800;27.0;23.0;0.79;E;3.0555555555555554;0.0;1011.68;0.0;Showers in the Vicinity
1524521280;25.0;24.0;0.94;SE;5.555555555555555;0.0;1012.68;0.0;Rain Shower
1524524400;25.0;23.0;0.89;SE;5.277777777777778;0.0;1012.68;0.0;Showers in the Vicinity
1524528000;25.0;24.0;0.94;SSE;1.9444444444444444;0.0;1013.68;0.0;Mostly Cloudy
1524531600;25.0;24.0;0.94;SSW;2.5;0.0;1013.68;0.0;Mostly Cloudy
1524535200;24.0;23.0;0.94;SSW;1.9444444444444444;0.0;1012.68;0.0;Mostly Cloudy
1524538800;25.0;23.0;0.89;S;3.0555555555555554;0.0;1012.68;0.0;Mostly Cloudy
1524542400;25.0;23.0;0.89;SW;1.9444444444444444;0.0;1011.68;0.0;Mostly Cloudy
1524546000;24.0;23.0;0.94;SSW;1.6666666666666665;0.0;1010.68;0.0;Cloudy
1524549600;25.0;23.0;0.89;SSW;1.1111111111111112;0.0;1010.68;0.0;Mostly Cloudy
1524553200;25.0;22.0;0.83;S;1.6666666666666665;0.0;1010.68;0.0;Mostly Cloudy
1524556800;24.0;23.0;0.94;VAR;1.1111111111111112;0.0;1011.68;0.0;Mostly Cloudy
1524560400;0.0;0.0;0.0;E;3.611111111111111;0.0;1012.68;0.0;Light Rain
1524561600;25.0;22.0;0.83;ENE;1.9444444444444444;0.0;1012.68;0.0;Showers in the Vicinity
1524564000;25.0;23.0;0.89;SSW;1.1111111111111112;6.666666666666666;1012.68;0.0;Mostly Cloudy
1524567600;28.0;23.0;0.74;SE;1.9444444444444444;0.0;1013.68;0.0;Mostly Cloudy
1524571200;29.0;23.0;0.7;ESE;4.166666666666667;0.0;1013.68;0.0;Partly Cloudy
1524574800;29.0;23.0;0.7;SE;4.722222222222222;0.0;1013.68;0.0;Partly Cloudy
1524578400;29.0;22.0;0.66;ESE;5.277777777777778;0.0;1012.68;0.0;Partly Cloudy
1524582000;29.0;22.0;0.66;ESE;4.722222222222222;0.0;1011.68;0.0;Partly Cloudy
1524585600;29.0;22.0;0.66;ESE;3.611111111111111;0.0;1011.68;0.0;Partly Cloudy
1524589200;29.0;23.0;0.7;SE;4.166666666666667;0.0;1010.68;0.0;Light Rain
1524592800;28.0;23.0;0.74;ESE;5.277777777777778;0.0;1010.68;0.0;Mostly Cloudy
1524596400;27.0;23.0;0.79;SE;5.555555555555555;0.0;1010.68;0.0;Partly Cloudy
1524600000;27.0;23.0;0.79;SSE;4.722222222222222;0.0;1010.68;0.0;Mostly Cloudy
1524603600;26.0;23.0;0.83;SSE;4.722222222222222;0.0;1011.68;0.0;Showers in the Vicinity
1524607200;26.0;23.0;0.83;S;2.5;0.0;1011.68;0.0;Mostly Cloudy
1524610800;26.0;23.0;0.83;SSW;1.9444444444444444;0.0;1012.68;0.0;Showers in the Vicinity
1524611640;26.0;23.0;0.83;SSW;1.9444444444444444;0.0;1012.68;0.0;Rain Shower
1524614400;25.0;24.0;0.94;S;3.611111111111111;0.0;1012.68;0.0;Light Rain
1524618000;24.0;23.0;0.94;WSW;1.6666666666666665;0.0;1012.68;0.0;Light Rain
1524621600;24.0;23.0;0.94;SW;1.9444444444444444;0.0;0.0;0.0;Mostly Cloudy
1524625200;24.0;23.0;0.94;ESE;2.5;0.0;1011.68;0.0;Light Rain
1524628800;26.0;22.0;0.78;SE;4.166666666666667;0.0;1011.68;0.0;Mostly Cloudy
1524632400;27.0;23.0;0.79;SE;4.166666666666667;0.0;1011.68;0.0;Mostly Cloudy
1524636000;27.0;23.0;0.79;ESE;4.166666666666667;0.0;1011.68;0.0;Mostly Cloudy
1524639600;24.0;23.0;0.94;NNE;1.6666666666666665;0.0;1011.68;0.0;Mostly Cloudy
1524643200;24.0;23.0;0.94;NNW;2.5;0.0;1012.68;0.0;Light Rain
1524644100;23.0;23.0;1.0;W;1.9444444444444444;0.0;1012.68;0.0;Rain
1524645900;24.0;23.0;0.94;SE;5.555555555555555;0.0;1013.68;0.0;Rain
1524646800;23.0;22.0;0.94;ESE;6.666666666666666;0.0;1013.68;0.0;Rain
1524647640;23.0;22.0;0.94;SE;7.222222222222222;0.0;1013.68;0.0;Light Rain
1524650400;24.0;22.0;0.89;ESE;1.9444444444444444;0.0;1014.67;0.0;Mostly Cloudy
1524654000;26.0;23.0;0.83;ENE;3.611111111111111;0.0;1014.67;0.0;Mostly Cloudy
1524657600;26.0;22.0;0.78;E;4.166666666666667;0.0;1013.68;0.0;Mostly Cloudy
1524661200;26.0;23.0;0.83;E;1.9444444444444444;0.0;1013.68;0.0;Mostly Cloudy
1524664800;27.0;23.0;0.79;VAR;1.6666666666666665;0.0;1013.68;0.0;Cloudy
1524668400;28.0;22.0;0.7;ESE;3.0555555555555554;0.0;1012.68;0.0;Fair
1524672000;28.0;22.0;0.7;SE;2.5;0.0;1011.68;0.0;Fair
1524675600;28.0;23.0;0.74;ESE;2.5;0.0;1011.68;0.0;Showers in the Vicinity
1524679200;27.0;23.0;0.79;SE;3.0555555555555554;0.0;1011.68;0.0;Mostly Cloudy
1524682800;27.0;23.0;0.79;SSE;4.166666666666667;0.0;1011.68;0.0;Partly Cloudy
1524686400;27.0;23.0;0.79;SSE;3.611111111111111;0.0;1011.68;0.0;Partly Cloudy
1524690000;27.0;23.0;0.79;SSE;3.0555555555555554;0.0;1012.68;0.0;Mostly Cloudy
1524693600;26.0;23.0;0.83;SE;3.611111111111111;0.0;1012.68;0.0;Partly Cloudy
1524697200;26.0;24.0;0.89;S;3.0555555555555554;0.0;1012.68;0.0;Partly Cloudy
1524700800;26.0;23.0;0.83;S;3.611111111111111;0.0;1013.68;0.0;Partly Cloudy
1524704400;26.0;23.0;0.83;S;3.0555555555555554;0.0;1012.68;0.0;Mostly Cloudy
1524708000;26.0;24.0;0.89;SSW;2.5;0.0;1012.68;0.0;Mostly Cloudy
1524711600;26.0;23.0;0.83;S;3.611111111111111;0.0;1011.68;0.0;Partly Cloudy
1524715200;25.0;23.0;0.89;SSW;2.5;0.0;1011.68;0.0;Partly Cloudy
1524718800;25.0;23.0;0.89;SSW;1.9444444444444444;0.0;1011.68;0.0;Partly Cloudy
1524722400;26.0;23.0;0.83;SSE;5.555555555555555;0.0;1010.68;0.0;Partly Cloudy
1524726000;27.0;23.0;0.79;SE;5.555555555555555;0.0;1010.68;0.0;Partly Cloudy
1524729600;27.0;22.0;0.74;SSE;5.555555555555555;0.0;1011.68;0.0;Partly Cloudy
1524733200;26.0;22.0;0.78;SSE;3.611111111111111;0.0;1011.68;0.0;Partly Cloudy
1524736800;26.0;23.0;0.83;SW;2.5;0.0;1012.68;0.0;Partly Cloudy
1524740400;27.0;23.0;0.79;SSW;3.0555555555555554;0.0;1013.68;0.0;Mostly Cloudy
1524744000;29.0;23.0;0.7;SSE;6.111111111111111;0.0;1013.68;0.0;Mostly Cloudy
1524747600;29.0;22.0;0.66;SSE;6.666666666666666;0.0;1013.68;0.0;Partly Cloudy
1524751200;29.0;23.0;0.7;SSE;6.111111111111111;0.0;1012.68;0.0;Partly Cloudy
1524754800;29.0;23.0;0.7;SE;5.277777777777778;0.0;1012.68;0.0;Partly Cloudy
1524758400;29.0;21.0;0.62;SSE;5.277777777777778;0.0;1011.68;0.0;Partly Cloudy
1524762000;28.0;22.0;0.7;SSE;6.111111111111111;0.0;1010.68;0.0;Partly Cloudy
1524765600;28.0;22.0;0.7;S;5.555555555555555;0.0;1010.68;0.0;Fair
1524769200;28.0;22.0;0.7;SSE;4.722222222222222;0.0;1011.68;0.0;Fair
1524772800;27.0;22.0;0.74;S;4.722222222222222;0.0;1011.68;0.0;Fair
1524776400;27.0;22.0;0.74;S;4.722222222222222;0.0;1011.68;0.0;Partly Cloudy
1524780000;27.0;22.0;0.74;S;3.0555555555555554;0.0;1012.68;0.0;Fair
1524783600;26.0;23.0;0.83;SSW;2.5;0.0;1012.68;0.0;Fair
1524787200;26.0;23.0;0.83;SSW;1.9444444444444444;0.0;1013.68;0.0;Partly Cloudy
1524790800;25.0;23.0;0.89;SSW;2.5;0.0;1013.68;0.0;Partly Cloudy
1524794400;25.0;22.0;0.83;SSW;2.5;0.0;1012.68;0.0;Mostly Cloudy
1524798000;25.0;22.0;0.83;SW;2.5;0.0;1012.68;0.0;Mostly Cloudy
1524801600;24.0;22.0;0.89;SW;2.5;0.0;1011.68;0.0;Partly Cloudy
1524805200;24.0;22.0;0.89;SW;3.611111111111111;0.0;1011.68;0.0;Partly Cloudy
1524808800;24.0;22.0;0.89;CALM;0.0;0.0;1010.68;0.0;Partly Cloudy
1524812400;23.0;22.0;0.94;CALM;0.0;0.0;1010.68;0.0;Partly Cloudy
1524816000;24.0;22.0;0.89;SSW;2.5;0.0;1010.68;0.0;Partly Cloudy
1524819600;24.0;22.0;0.89;SSW;3.0555555555555554;0.0;1011.68;0.0;Partly Cloudy
1524823200;25.0;23.0;0.89;SSW;3.0555555555555554;0.0;1011.68;0.0;Partly Cloudy
1524826800;27.0;24.0;0.84;SSW;3.611111111111111;0.0;1011.68;0.0;Fair
1524830400;28.0;23.0;0.74;SSE;5.555555555555555;0.0;1012.68;0.0;Fair
1524834000;28.0;25.0;0.84;SSE;5.555555555555555;0.0;1012.68;0.0;Fair
1524837600;28.0;24.0;0.79;SSE;6.111111111111111;0.0;1012.68;0.0;Mostly Cloudy
1524841200;29.0;24.0;0.74;SSE;6.666666666666666;0.0;1011.68;0.0;Mostly Cloudy
1524844800;29.0;25.0;0.79;SSE;7.222222222222222;0.0;1010.68;0.0;Mostly Cloudy
1524848400;26.0;24.0;0.89;N/A;0.0;0.0;1010.68;0.0;Mostly Cloudy
1524852000;27.0;24.0;0.84;S;4.166666666666667;0.0;1010.68;0.0;Partly Cloudy
1524855600;27.0;23.0;0.79;S;6.111111111111111;0.0;1010.68;0.0;Partly Cloudy
1524859200;26.0;23.0;0.83;S;5.555555555555555;0.0;1011.68;0.0;Showers in the Vicinity
1524862800;26.0;23.0;0.83;S;4.166666666666667;0.0;1011.68;0.0;Partly Cloudy
1524866400;25.0;23.0;0.89;SSW;3.0555555555555554;0.0;1012.68;0.0;Partly Cloudy
1524870000;25.0;23.0;0.89;S;2.5;0.0;1013.68;0.0;Partly Cloudy
1524873600;24.0;23.0;0.94;SSW;2.5;0.0;1013.68;0.0;Light Rain
1524877200;24.0;23.0;0.94;SSW;2.5;0.0;1013.68;0.0;Mostly Cloudy
1524880800;24.0;23.0;0.94;S;1.9444444444444444;0.0;1013.68;0.0;Partly Cloudy
1524884400;24.0;23.0;0.94;S;1.1111111111111112;0.0;1012.68;0.0;Partly Cloudy
1524888000;24.0;23.0;0.94;VAR;1.1111111111111112;0.0;1012.68;0.0;Fair
1524891600;23.0;22.0;0.94;S;1.1111111111111112;0.0;1011.68;0.0;Fair
1524895200;24.0;23.0;0.94;SSW;1.9444444444444444;0.0;1011.68;0.0;Partly Cloudy
1524898800;24.0;23.0;0.94;SW;2.5;0.0;1011.68;0.0;Fair
1524902400;24.0;23.0;0.94;S;2.5;0.0;1011.68;0.0;Light Rain
1524906000;24.0;23.0;0.94;SSW;1.9444444444444444;0.0;1012.68;0.0;Light Rain
1524909600;25.0;23.0;0.89;SSW;1.9444444444444444;0.0;1012.68;0.0;Partly Cloudy
1524913200;26.0;24.0;0.89;SSW;3.611111111111111;0.0;1013.68;0.0;Fair
1524916800;28.0;23.0;0.74;SSE;5.555555555555555;0.0;1013.68;0.0;Fair
1524920400;29.0;24.0;0.74;SSE;5.555555555555555;0.0;1013.68;0.0;Fair
1524924000;29.0;24.0;0.74;SSE;5.555555555555555;0.0;1012.68;0.0;Fair
1524927600;29.0;23.0;0.7;SSE;5.277777777777778;0.0;1012.68;0.0;Fair
1524931200;29.0;23.0;0.7;SSE;6.111111111111111;0.0;1011.68;0.0;Fair
1524934800;29.0;24.0;0.74;SSE;6.111111111111111;0.0;1010.68;0.0;Partly Cloudy
1524938400;28.0;23.0;0.74;SSE;5.555555555555555;0.0;1010.68;0.0;Partly Cloudy
1524942000;28.0;23.0;0.74;SSE;5.555555555555555;0.0;1010.68;0.0;Partly Cloudy
1524945600;27.0;23.0;0.79;SSE;5.555555555555555;0.0;1011.68;0.0;Partly Cloudy
1524949200;27.0;23.0;0.79;SSE;4.722222222222222;0.0;1011.68;0.0;Partly Cloudy
1524952800;27.0;23.0;0.79;SSE;5.277777777777778;0.0;1011.68;0.0;Mostly Cloudy
1524956400;27.0;23.0;0.79;SSE;5.277777777777778;0.0;1012.68;0.0;Partly Cloudy
1524960000;26.0;23.0;0.83;S;4.722222222222222;0.0;1012.68;0.0;Fair
1524963600;27.0;24.0;0.84;SSE;4.166666666666667;0.0;1013.68;0.0;Partly Cloudy
1524967200;26.0;23.0;0.83;SSE;4.722222222222222;0.0;1013.68;0.0;Partly Cloudy
1524970800;27.0;23.0;0.79;SSE;3.611111111111111;0.0;1012.68;0.0;Partly Cloudy
1524974400;26.0;24.0;0.89;S;4.166666666666667;0.0;1011.68;0.0;Partly Cloudy
1524978000;25.0;23.0;0.89;SSW;2.5;0.0;1011.68;0.0;Partly Cloudy
1524981600;24.0;23.0;0.94;SSW;1.9444444444444444;0.0;1010.68;0.0;Fair
1524985200;24.0;23.0;0.94;SSW;1.1111111111111112;0.0;1010.68;0.0;Light Rain
1524988800;24.0;23.0;0.94;SSW;1.6666666666666665;0.0;1010.68;0.0;Showers in the Vicinity
1524992400;24.0;23.0;0.94;SW;1.6666666666666665;0.0;1011.68;0.0;Partly Cloudy
1524996000;25.0;23.0;0.89;SW;1.9444444444444444;0.0;1012.68;0.0;Partly Cloudy
1524997020;25.0;24.0;0.94;S;2.5;0.0;1012.68;0.0;Light Rain Shower
1524999600;26.0;24.0;0.89;S;1.9444444444444444;0.0;1012.68;0.0;Light Rain Shower
1525003200;27.0;24.0;0.84;SE;4.166666666666667;0.0;1013.68;0.0;Showers in the Vicinity
1525006800;29.0;24.0;0.74;SE;6.111111111111111;0.0;1013.68;0.0;Partly Cloudy
1525010400;29.0;24.0;0.74;SE;5.277777777777778;0.0;1012.68;0.0;Partly Cloudy
1525014000;29.0;24.0;0.74;SE;5.277777777777778;0.0;1012.68;0.0;Partly Cloudy
1525017600;28.0;24.0;0.79;SE;5.277777777777778;0.0;1011.68;0.0;Mostly Cloudy
1525021200;29.0;24.0;0.74;SSE;5.277777777777778;0.0;1010.68;0.0;Mostly Cloudy
1525024800;28.0;24.0;0.79;SSE;5.555555555555555;0.0;1010.68;0.0;Mostly Cloudy
1525028400;28.0;24.0;0.79;SSE;5.555555555555555;0.0;1010.68;0.0;Mostly Cloudy
1525032000;28.0;23.0;0.74;SSE;5.555555555555555;0.0;1011.68;0.0;Partly Cloudy
1525035600;27.0;24.0;0.84;SSE;5.555555555555555;0.0;1011.68;0.0;Mostly Cloudy
1525039200;27.0;24.0;0.84;SSE;4.722222222222222;0.0;1012.68;0.0;Partly Cloudy
1525042800;26.0;24.0;0.89;S;3.611111111111111;0.0;1012.68;0.0;Mostly Cloudy
1525046400;25.0;24.0;0.94;SSW;2.5;0.0;1013.68;0.0;Mostly Cloudy
1525050000;25.0;23.0;0.89;SSW;2.5;0.0;1013.68;0.0;Mostly Cloudy
1525053600;25.0;24.0;0.94;SSW;3.0555555555555554;0.0;1013.68;0.0;Mostly Cloudy
1525057200;25.0;23.0;0.89;SSW;3.0555555555555554;0.0;1012.68;0.0;Mostly Cloudy
1525057500;25.0;23.0;0.89;S;3.0555555555555554;0.0;1012.68;0.0;Rain
1525060800;24.0;23.0;0.94;SSW;2.5;0.0;1011.68;0.0;Light Rain
1525064400;24.0;23.0;0.94;NNE;1.9444444444444444;0.0;1011.68;0.0;Light Rain
1525068000;24.0;23.0;0.94;WSW;1.9444444444444444;0.0;1010.68;0.0;Partly Cloudy
1525071600;24.0;23.0;0.94;SSW;1.9444444444444444;0.0;1010.68;0.0;Partly Cloudy
1525075200;24.0;23.0;0.94;SE;1.6666666666666665;0.0;1010.68;0.0;Partly Cloudy
1525075620;24.0;23.0;0.94;SW;1.9444444444444444;0.0;1011.68;0.0;Heavy Rain
1525078800;24.0;23.0;0.94;SSW;1.6666666666666665;0.0;1011.68;0.0;Light Rain
1525082400;24.0;23.0;0.94;SW;1.6666666666666665;0.0;0.0;0.0;Showers in the Vicinity
1525086000;0.0;0.0;0.0;SSW;3.0555555555555554;0.0;1012.68;0.0;Showers in the Vicinity
1525089600;25.0;24.0;0.94;S;3.0555555555555554;0.0;1013.68;0.0;Light Rain
1525093200;25.0;24.0;0.94;SSW;2.5;0.0;1012.68;0.0;Light Rain
1525093800;24.0;23.0;0.94;SE;6.111111111111111;0.0;1013.68;0.0;Rain
1525095120;24.0;23.0;0.94;SE;5.555555555555555;0.0;1013.68;0.0;Light Rain
1525096800;25.0;23.0;0.89;SSE;5.555555555555555;0.0;1013.68;0.0;Showers in the Vicinity
1525100400;24.0;23.0;0.94;S;3.0555555555555554;0.0;1012.68;0.0;Showers in the Vicinity
1525104000;24.0;23.0;0.94;SW;1.9444444444444444;0.0;1011.68;0.0;Showers in the Vicinity
1525107600;25.0;23.0;0.89;SSW;2.5;0.0;1011.68;0.0;Showers in the Vicinity
1525111200;25.0;23.0;0.89;SSE;2.5;0.0;1010.68;0.0;Showers in the Vicinity
1525114800;25.0;23.0;0.89;S;3.0555555555555554;0.0;1011.68;0.0;Mostly Cloudy
1525118400;25.0;23.0;0.89;CALM;0.0;0.0;1011.68;0.0;Light Rain
1525122000;24.0;23.0;0.94;SE;3.611111111111111;0.0;1011.68;0.0;Light Rain
1525125600;24.0;23.0;0.94;S;3.0555555555555554;0.0;1012.68;0.0;Mostly Cloudy
1525129200;24.0;22.0;0.89;SSW;2.5;0.0;1012.68;0.0;Mostly Cloudy
1525132800;24.0;22.0;0.89;SW;2.5;0.0;1013.68;0.0;Mostly Cloudy
1525136400;24.0;22.0;0.89;S;1.6666666666666665;0.0;1013.68;0.0;Partly Cloudy
1525140000;24.0;22.0;0.89;S;1.6666666666666665;0.0;1013.68;0.0;Partly Cloudy
1525143600;23.0;22.0;0.94;SW;1.6666666666666665;0.0;1012.68;0.0;Partly Cloudy
1525147200;24.0;22.0;0.89;SSW;3.611111111111111;0.0;1012.68;0.0;Mostly Cloudy
1525150800;23.0;22.0;0.94;S;3.0555555555555554;0.0;1011.68;0.0;Partly Cloudy
1525154400;23.0;22.0;0.94;S;1.6666666666666665;0.0;1011.68;0.0;Mostly Cloudy
1525158000;23.0;22.0;0.94;WSW;1.1111111111111112;0.0;1011.68;0.0;Mostly Cloudy
1525161600;23.0;22.0;0.94;NNW;1.6666666666666665;0.0;1011.68;0.0;Mostly Cloudy
1525165200;23.0;22.0;0.94;S;1.1111111111111112;0.0;1011.68;0.0;Mostly Cloudy
1525168800;24.0;23.0;0.94;S;1.9444444444444444;0.0;1012.68;0.0;Mostly Cloudy
1525172400;27.0;24.0;0.84;S;3.611111111111111;0.0;1012.68;0.0;Mostly Cloudy
1525176000;28.0;24.0;0.79;S;2.5;0.0;1013.68;0.0;Partly Cloudy
1525179600;28.0;24.0;0.79;SE;3.611111111111111;0.0;1013.68;0.0;Partly Cloudy
1525183200;28.0;24.0;0.79;SE;3.611111111111111;0.0;1013.68;0.0;Mostly Cloudy
1525186800;29.0;23.0;0.7;SE;4.722222222222222;0.0;1012.68;0.0;Mostly Cloudy
1525190400;29.0;24.0;0.74;ESE;4.166666666666667;0.0;1011.68;0.0;Partly Cloudy
1525194000;29.0;24.0;0.74;ESE;4.166666666666667;0.0;1010.68;0.0;Partly Cloudy
1525197600;29.0;23.0;0.7;ESE;5.277777777777778;0.0;1010.68;0.0;Partly Cloudy
1525201200;28.0;22.0;0.7;SE;4.722222222222222;0.0;1011.68;0.0;Partly Cloudy
1525204800;27.0;22.0;0.74;SE;4.722222222222222;0.0;1011.68;0.0;Fair
1525208400;28.0;22.0;0.7;SE;4.166666666666667;0.0;1012.68;0.0;Mostly Cloudy
1525212000;27.0;22.0;0.74;SE;4.722222222222222;0.0;1012.68;0.0;Mostly Cloudy
1525215600;27.0;22.0;0.74;SE;4.722222222222222;0.0;1013.68;0.0;Mostly Cloudy
1525219200;27.0;22.0;0.74;SE;3.611111111111111;0.0;1013.68;0.0;Partly Cloudy
1525222800;27.0;23.0;0.79;SE;3.0555555555555554;0.0;1013.68;0.0;Partly Cloudy
1525226400;27.0;22.0;0.74;SE;2.5;0.0;1013.68;0.0;Partly Cloudy
1525230000;27.0;22.0;0.74;SE;3.0555555555555554;0.0;1013.68;0.0;Partly Cloudy
1525233600;26.0;22.0;0.78;S;4.166666666666667;0.0;1012.68;0.0;Mostly Cloudy
1525237200;25.0;23.0;0.89;CALM;0.0;0.0;1011.68;0.0;Mostly Cloudy
1525240800;25.0;23.0;0.89;SSE;1.9444444444444444;0.0;1011.68;0.0;Showers in the Vicinity
1525244400;25.0;23.0;0.89;CALM;0.0;0.0;1011.68;0.0;Partly Cloudy
1525248000;24.0;23.0;0.94;CALM;0.0;0.0;1011.68;0.0;Mostly Cloudy
1525251600;25.0;22.0;0.83;WNW;2.5;0.0;1012.68;0.0;Mostly Cloudy
1525255200;26.0;22.0;0.78;CALM;0.0;0.0;1012.68;0.0;Partly Cloudy
1525258800;26.0;23.0;0.83;SSW;1.9444444444444444;0.0;1013.68;0.0;Mostly Cloudy
1525262400;28.0;23.0;0.74;SE;4.166666666666667;0.0;1014.67;0.0;Partly Cloudy
1525266000;28.0;23.0;0.74;SE;4.166666666666667;0.0;1014.67;0.0;Mostly Cloudy
1525269600;29.0;23.0;0.7;SE;4.722222222222222;0.0;1013.68;0.0;Mostly Cloudy
1525273200;29.0;23.0;0.7;SE;4.722222222222222;0.0;1012.68;0.0;Mostly Cloudy
1525276800;29.0;23.0;0.7;SE;4.722222222222222;0.0;1012.68;0.0;Mostly Cloudy
1525280400;29.0;23.0;0.7;SSE;5.277777777777778;0.0;1011.68;0.0;Mostly Cloudy
1525284000;29.0;23.0;0.7;SSE;5.277777777777778;0.0;1011.68;0.0;Partly Cloudy
1525287600;28.0;24.0;0.79;SSE;4.166666666666667;0.0;1011.68;0.0;Mostly Cloudy
1525291200;27.0;23.0;0.79;S;4.722222222222222;0.0;1011.68;0.0;Partly Cloudy
1525294800;26.0;23.0;0.83;S;3.611111111111111;0.0;1011.68;0.0;Partly Cloudy
1525298400;26.0;24.0;0.89;S;3.0555555555555554;0.0;1011.68;0.0;Partly Cloudy
1525302000;27.0;23.0;0.79;SE;4.722222222222222;0.0;1012.68;0.0;Partly Cloudy
1525305600;27.0;23.0;0.79;SE;4.722222222222222;0.0;1012.68;0.0;Partly Cloudy
1525309200;27.0;23.0;0.79;SSE;5.277777777777778;0.0;1012.68;0.0;Mostly Cloudy
1525311720;25.0;23.0;0.89;E;3.611111111111111;0.0;1012.68;0.0;Light Rain
1525312800;25.0;23.0;0.89;SSE;3.0555555555555554;0.0;1012.68;0.0;Mostly Cloudy
1525316400;25.0;23.0;0.89;SSE;1.9444444444444444;0.0;1012.68;0.0;Light Rain
1525320000;24.0;23.0;0.94;SW;1.9444444444444444;0.0;1011.68;0.0;Mostly Cloudy
1525323600;25.0;23.0;0.89;E;3.0555555555555554;0.0;1011.68;0.0;Mostly Cloudy
1525327200;24.0;23.0;0.94;NNW;1.6666666666666665;0.0;1011.68;0.0;Mostly Cloudy
1525330800;24.0;23.0;0.94;W;1.1111111111111112;0.0;1011.68;0.0;Mostly Cloudy
1525334400;24.0;23.0;0.94;SW;1.1111111111111112;0.0;1011.68;0.0;Partly Cloudy
1525338000;24.0;23.0;0.94;SSW;1.6666666666666665;0.0;1011.68;0.0;Mostly Cloudy
1525341600;26.0;23.0;0.83;SE;3.611111111111111;0.0;1012.68;0.0;Mostly Cloudy
1525345200;26.0;24.0;0.89;SSW;1.9444444444444444;0.0;1012.68;0.0;Partly Cloudy
1525348800;25.0;24.0;0.94;S;7.777777777777778;0.0;1013.68;0.0;Light Rain
1525352400;27.0;23.0;0.79;SSE;6.666666666666666;0.0;1013.68;0.0;Mostly Cloudy
1525356000;27.0;24.0;0.84;S;6.666666666666666;0.0;1012.68;0.0;Cloudy
1525359600;27.0;23.0;0.79;S;7.777777777777778;0.0;1012.68;0.0;Mostly Cloudy
1525363200;28.0;22.0;0.7;S;6.666666666666666;0.0;1011.68;0.0;Partly Cloudy
1525366800;29.0;22.0;0.66;SSE;7.222222222222222;0.0;1010.68;0.0;Fair
1525370400;28.0;23.0;0.74;SSE;7.222222222222222;0.0;1010.68;0.0;Partly Cloudy
1525374000;27.0;23.0;0.79;SSE;8.333333333333334;0.0;1011.68;0.0;Partly Cloudy
1525377600;27.0;22.0;0.74;S;4.722222222222222;0.0;1011.68;0.0;Partly Cloudy
1525381200;27.0;21.0;0.7;S;3.611111111111111;0.0;1011.68;0.0;Partly Cloudy
1525384800;26.0;22.0;0.78;SSW;2.5;0.0;1012.68;0.0;Partly Cloudy
1525388400;25.0;22.0;0.83;SSW;4.166666666666667;10.833333333333334;1012.68;0.0;Partly Cloudy
1525392000;25.0;23.0;0.89;SSW;4.722222222222222;0.0;1013.68;0.0;Light Rain
1525395600;25.0;23.0;0.89;SW;2.5;0.0;1013.68;0.0;Mostly Cloudy
1525399200;25.0;23.0;0.89;SSW;3.0555555555555554;0.0;1012.68;0.0;Mostly Cloudy
1525402800;24.0;23.0;0.94;SW;1.9444444444444444;0.0;1012.68;0.0;Mostly Cloudy
1525406400;24.0;23.0;0.94;SW;3.611111111111111;0.0;1011.68;0.0;Mostly Cloudy
1525410000;24.0;23.0;0.94;SSW;3.0555555555555554;0.0;1011.68;0.0;Cloudy
1525413600;24.0;22.0;0.89;SSW;2.5;0.0;1010.68;0.0;Cloudy
1525417200;24.0;22.0;0.89;SSW;3.0555555555555554;0.0;1010.68;0.0;Cloudy
1525420800;26.0;22.0;0.78;SSE;7.777777777777778;0.0;1010.68;0.0;Partly Cloudy
1525424400;26.0;22.0;0.78;SSE;6.111111111111111;0.0;1011.68;0.0;Partly Cloudy
1525428000;27.0;22.0;0.74;SSE;7.777777777777778;0.0;1011.68;0.0;Partly Cloudy
1525431600;28.0;22.0;0.7;SSE;7.222222222222222;0.0;1012.68;0.0;Partly Cloudy
1525435200;29.0;23.0;0.7;SSE;7.222222222222222;0.0;1012.68;0.0;Partly Cloudy
1525438800;29.0;22.0;0.66;SSE;7.222222222222222;0.0;1012.68;0.0;Partly Cloudy
1525442400;29.0;23.0;0.7;SSE;8.333333333333334;0.0;1012.68;0.0;Mostly Cloudy
1525446000;29.0;22.0;0.66;SSE;9.166666666666666;0.0;1011.68;0.0;Partly Cloudy / Windy
1525449600;29.0;22.0;0.66;SSE;7.777777777777778;0.0;1010.68;0.0;Partly Cloudy
1525453200;29.0;21.0;0.62;SSE;7.777777777777778;0.0;1010.68;0.0;Fair
1525456800;28.0;22.0;0.7;SSE;8.333333333333334;0.0;1010.68;0.0;Fair
1525460400;28.0;22.0;0.7;S;6.666666666666666;0.0;1010.68;0.0;Fair
1525464000;27.0;22.0;0.74;S;6.111111111111111;0.0;1011.68;0.0;Fair
1525467600;27.0;22.0;0.74;S;6.111111111111111;0.0;1011.68;0.0;Fair
1525471200;27.0;22.0;0.74;S;4.722222222222222;0.0;1011.68;0.0;Fair
1525474800;26.0;22.0;0.78;S;4.722222222222222;0.0;1012.68;0.0;Partly Cloudy
1525478400;27.0;22.0;0.74;S;4.722222222222222;0.0;1012.68;0.0;Mostly Cloudy
1525482000;24.0;23.0;0.94;SE;4.166666666666667;9.166666666666666;0.0;0.0;Rain
1525485600;24.0;23.0;0.94;SE;3.0555555555555554;0.0;1012.68;0.0;Rain
1525489200;25.0;23.0;0.89;E;1.6666666666666665;0.0;1011.68;0.0;Light Rain
1525492800;24.0;23.0;0.94;N;1.9444444444444444;0.0;1011.68;0.0;Rain
1525496400;24.0;23.0;0.94;ENE;1.9444444444444444;0.0;1010.68;0.0;Light Rain
1525500000;24.0;23.0;0.94;SW;2.5;0.0;1010.68;0.0;Partly Cloudy
1525503600;24.0;22.0;0.89;SSW;1.9444444444444444;0.0;1010.68;0.0;Partly Cloudy
1525507200;24.0;22.0;0.89;SSW;1.9444444444444444;0.0;1010.68;0.0;Partly Cloudy
1525510800;24.0;23.0;0.94;S;3.0555555555555554;0.0;1011.68;0.0;Light Rain
1525514400;25.0;23.0;0.89;SSW;1.9444444444444444;0.0;1012.68;0.0;Partly Cloudy
1525518000;27.0;23.0;0.79;SSE;5.555555555555555;0.0;1012.68;0.0;Mostly Cloudy
1525521600;28.0;23.0;0.74;SE;6.666666666666666;0.0;1012.68;0.0;Mostly Cloudy
1525525200;28.0;22.0;0.7;SE;6.666666666666666;0.0;1012.68;0.0;Mostly Cloudy
1525528800;28.0;22.0;0.7;SSE;7.222222222222222;0.0;1012.68;0.0;Mostly Cloudy
1525532400;28.0;22.0;0.7;SSE;6.111111111111111;0.0;1011.68;0.0;Mostly Cloudy
1525536000;28.0;22.0;0.7;SSE;6.666666666666666;0.0;1010.68;0.0;Mostly Cloudy
1525539600;28.0;22.0;0.7;SSE;6.111111111111111;0.0;1010.68;0.0;Mostly Cloudy
1525543200;28.0;22.0;0.7;S;5.277777777777778;0.0;1010.68;0.0;Mostly Cloudy
1525546800;27.0;22.0;0.74;S;6.666666666666666;0.0;1010.68;0.0;Showers in the Vicinity
1525550400;27.0;23.0;0.79;S;5.277777777777778;0.0;1010.68;0.0;Showers in the Vicinity
1525554000;27.0;22.0;0.74;SSE;5.277777777777778;0.0;1011.68;0.0;Mostly Cloudy
1525557600;26.0;23.0;0.83;SSW;2.5;0.0;1012.68;0.0;Mostly Cloudy
1525561200;26.0;23.0;0.83;SSW;2.5;0.0;1012.68;0.0;Partly Cloudy
1525564800;25.0;23.0;0.89;SSW;2.5;0.0;1012.68;0.0;Partly Cloudy
1525566180;25.0;23.0;0.89;S;3.0555555555555554;0.0;1012.68;0.0;Light Rain
1525567200;24.0;23.0;0.94;SSW;3.0555555555555554;0.0;1012.68;0.0;Rain
1525568400;24.0;22.0;0.89;SSW;5.555555555555555;0.0;1012.68;0.0;Light Rain
1525568580;24.0;23.0;0.94;VAR;2.5;0.0;1012.68;0.0;Rain
1525569900;0.0;0.0;0.0;W;1.6666666666666665;0.0;1012.68;0.0;Light Rain
1525572000;24.0;23.0;0.94;N;1.9444444444444444;0.0;0.0;0.0;Showers in the Vicinity
1525575600;24.0;23.0;0.94;N;1.6666666666666665;0.0;1012.68;0.0;Light Rain
1525576380;24.0;23.0;0.94;VAR;1.6666666666666665;0.0;1011.68;0.0;Light Rain
1525577400;24.0;23.0;0.94;SE;5.555555555555555;0.0;1011.68;0.0;Rain
1525579200;24.0;23.0;0.94;SSE;5.555555555555555;0.0;1011.68;0.0;Light Rain
1525582800;23.0;22.0;0.94;VAR;1.1111111111111112;0.0;1011.68;0.0;Showers in the Vicinity
1525586400;24.0;23.0;0.94;SSW;1.9444444444444444;0.0;1011.68;0.0;Mostly Cloudy
1525590000;24.0;22.0;0.89;S;2.5;0.0;1011.68;0.0;Cloudy
1525593600;25.0;22.0;0.83;SSW;3.0555555555555554;0.0;1011.68;0.0;Mostly Cloudy
1525597200;24.0;22.0;0.89;SSW;3.611111111111111;0.0;1011.68;0.0;Partly Cloudy
1525600800;25.0;22.0;0.83;SSW;3.0555555555555554;0.0;1012.68;0.0;Partly Cloudy
1525603080;24.0;22.0;0.89;SSE;5.277777777777778;0.0;1013.68;0.0;Light Rain
1525604400;25.0;23.0;0.89;S;4.722222222222222;0.0;0.0;0.0;Showers in the Vicinity
1525608000;27.0;23.0;0.79;S;4.722222222222222;0.0;0.0;0.0;Showers in the Vicinity
1525611600;27.0;23.0;0.79;S;4.722222222222222;0.0;1014.67;0.0;Partly Cloudy
1525615200;29.0;23.0;0.7;SE;4.722222222222222;0.0;1013.68;0.0;Mostly Cloudy
1525618800;30.0;23.0;0.66;SE;5.277777777777778;0.0;1012.68;0.0;Partly Cloudy
1525622400;29.0;23.0;0.7;SSE;6.111111111111111;0.0;1011.68;0.0;Partly Cloudy
1525626000;29.0;23.0;0.7;SE;5.277777777777778;0.0;1011.68;0.0;Partly Cloudy
1525629600;28.0;22.0;0.7;SE;6.111111111111111;0.0;1010.68;0.0;Partly Cloudy
1525633200;27.0;22.0;0.74;SSE;5.555555555555555;0.0;1011.68;0.0;Partly Cloudy
1525636800;27.0;22.0;0.74;SSE;5.277777777777778;0.0;1011.68;0.0;Partly Cloudy
1525640400;27.0;22.0;0.74;S;4.166666666666667;0.0;1011.68;0.0;Fair
1525644000;27.0;22.0;0.74;SE;4.722222222222222;0.0;1012.68;0.0;Partly Cloudy
1525647600;26.0;21.0;0.74;SE;4.722222222222222;0.0;1012.68;0.0;Fair
1525651200;26.0;21.0;0.74;SSE;4.166666666666667;0.0;1012.68;0.0;Partly Cloudy
1525654800;26.0;21.0;0.74;SSE;3.0555555555555554;0.0;1013.68;0.0;Partly Cloudy
1525658400;25.0;22.0;0.83;S;2.5;0.0;1012.68;0.0;Partly Cloudy
1525662000;24.0;21.0;0.83;SW;2.5;0.0;1012.68;0.0;Mostly Cloudy
1525665600;24.0;21.0;0.83;SW;2.5;0.0;1011.68;0.0;Partly Cloudy
1525669200;23.0;21.0;0.88;CALM;0.0;0.0;1011.68;0.0;Partly Cloudy
1525672800;23.0;21.0;0.88;CALM;0.0;0.0;1011.68;0.0;Partly Cloudy
1525676400;23.0;21.0;0.88;WNW;2.5;0.0;1011.68;0.0;Showers in the Vicinity
1525680000;23.0;21.0;0.88;CALM;0.0;0.0;1011.68;0.0;Partly Cloudy
1525683600;23.0;21.0;0.88;S;2.5;0.0;1011.68;0.0;Partly Cloudy
1525687200;24.0;22.0;0.89;S;2.5;0.0;1012.68;0.0;Partly Cloudy
1525690800;26.0;23.0;0.83;S;1.9444444444444444;0.0;1012.68;0.0;Partly Cloudy
1525694400;28.0;23.0;0.74;SSE;4.722222222222222;0.0;1013.68;0.0;Partly Cloudy
1525698000;29.0;24.0;0.74;SE;4.166666666666667;0.0;1013.68;0.0;Partly Cloudy
1525701600;28.0;23.0;0.74;SSE;6.111111111111111;0.0;1013.68;0.0;Showers in the Vicinity
1525705200;28.0;23.0;0.74;SSE;6.666666666666666;0.0;1012.68;0.0;Partly Cloudy
1525708800;28.0;22.0;0.7;SSE;5.277777777777778;0.0;1011.68;0.0;Mostly Cloudy
1525712400;27.0;23.0;0.79;SSE;6.666666666666666;0.0;1011.68;0.0;Mostly Cloudy
1525716000;27.0;22.0;0.74;SE;3.0555555555555554;0.0;1011.68;0.0;Mostly Cloudy
1525719600;27.0;22.0;0.74;S;3.0555555555555554;0.0;1011.68;0.0;Mostly Cloudy
1525723200;27.0;22.0;0.74;S;3.0555555555555554;0.0;1011.68;0.0;Mostly Cloudy
1525726800;26.0;22.0;0.78;S;2.5;0.0;1012.68;0.0;Mostly Cloudy
1525730400;26.0;22.0;0.78;SSW;3.0555555555555554;0.0;1012.68;0.0;Fair
1525734000;25.0;22.0;0.83;SSW;2.5;0.0;1013.68;0.0;Fair
1525737600;25.0;22.0;0.83;SSW;3.0555555555555554;0.0;1013.68;0.0;Fair
1525741200;24.0;22.0;0.89;S;1.6666666666666665;0.0;1013.68;0.0;Fair
1525744800;24.0;22.0;0.89;SW;1.6666666666666665;0.0;1013.68;0.0;Fair
1525748400;23.0;22.0;0.94;SW;1.6666666666666665;0.0;1012.68;0.0;Fair
1525752000;23.0;22.0;0.94;SSW;2.5;0.0;1012.68;0.0;Fair
1525755600;23.0;22.0;0.94;S;1.1111111111111112;0.0;1011.68;0.0;Fair
1525759200;23.0;22.0;0.94;SSW;1.1111111111111112;0.0;1011.68;0.0;Fair
1525762800;23.0;22.0;0.94;S;1.9444444444444444;0.0;1011.68;0.0;Fair
1525766400;23.0;22.0;0.94;SSW;1.6666666666666665;0.0;1011.68;0.0;Fair
1525770000;23.0;22.0;0.94;SSW;1.1111111111111112;0.0;1011.68;0.0;Fair
1525773600;24.0;22.0;0.89;SW;2.5;0.0;1012.68;0.0;Partly Cloudy
1525777200;27.0;23.0;0.79;SSW;3.0555555555555554;0.0;1012.68;0.0;Fair
1525780800;28.0;23.0;0.74;S;5.555555555555555;0.0;1012.68;0.0;Partly Cloudy
1525784400;28.0;23.0;0.74;SSE;6.666666666666666;0.0;1012.68;0.0;Partly Cloudy
1525788000;29.0;23.0;0.7;SSE;7.777777777777778;0.0;1011.68;0.0;Partly Cloudy
1525791600;29.0;23.0;0.7;SSE;7.222222222222222;0.0;1010.68;0.0;Partly Cloudy
1525795200;29.0;23.0;0.7;SSE;7.777777777777778;0.0;1010.68;0.0;Fair
1525798800;28.0;23.0;0.74;SSE;7.777777777777778;0.0;1010.68;0.0;Fair
1525802400;27.0;23.0;0.79;SSE;7.777777777777778;0.0;1010.68;0.0;Partly Cloudy
1525806000;27.0;23.0;0.79;S;6.666666666666666;0.0;1010.68;0.0;Partly Cloudy
1525809600;27.0;22.0;0.74;SSE;6.111111111111111;0.0;1010.68;0.0;Fair
1525813200;27.0;22.0;0.74;S;5.555555555555555;0.0;1010.68;0.0;Fair
1525816800;27.0;22.0;0.74;S;5.277777777777778;0.0;1011.68;0.0;Partly Cloudy
1525820400;27.0;23.0;0.79;S;4.722222222222222;0.0;1012.68;0.0;Fair
1525824000;26.0;22.0;0.78;SSW;2.5;0.0;1012.68;0.0;Fair
1525827600;25.0;23.0;0.89;SSW;3.611111111111111;0.0;1012.68;0.0;Partly Cloudy
1525831200;25.0;23.0;0.89;SSW;3.611111111111111;0.0;1012.68;0.0;Mostly Cloudy
1525834800;25.0;23.0;0.89;SW;4.166666666666667;0.0;1011.68;0.0;Partly Cloudy
1525838400;24.0;23.0;0.94;SSW;2.5;0.0;1011.68;0.0;Light Rain
1525842000;24.0;23.0;0.94;SSW;1.9444444444444444;0.0;1011.68;0.0;Showers in the Vicinity
1525845600;24.0;23.0;0.94;SSW;2.5;0.0;1010.68;0.0;Partly Cloudy
1525849200;24.0;22.0;0.89;SSW;4.166666666666667;0.0;1011.68;0.0;Mostly Cloudy
1525852800;24.0;22.0;0.89;SSW;3.611111111111111;0.0;1011.68;0.0;Mostly Cloudy
1525856400;24.0;22.0;0.89;SSW;3.0555555555555554;0.0;1011.68;0.0;Cloudy
1525860000;24.0;22.0;0.89;SSW;3.0555555555555554;0.0;1012.68;0.0;Cloudy
1525863600;25.0;22.0;0.83;SSW;3.0555555555555554;0.0;1013.68;0.0;Cloudy
1525867200;25.0;22.0;0.83;SSW;3.611111111111111;0.0;1013.68;0.0;Mostly Cloudy
1525870800;26.0;23.0;0.83;S;4.166666666666667;0.0;1013.68;0.0;Mostly Cloudy
1525874400;27.0;23.0;0.79;S;4.722222222222222;0.0;1012.68;0.0;Mostly Cloudy
1525878000;27.0;23.0;0.79;S;4.166666666666667;0.0;1012.68;0.0;Partly Cloudy
1525881600;27.0;22.0;0.74;S;4.166666666666667;0.0;1011.68;0.0;Partly Cloudy
1525885200;27.0;23.0;0.79;SSE;4.722222222222222;0.0;1010.68;0.0;Showers in the Vicinity
1525888800;27.0;22.0;0.74;S;4.166666666666667;0.0;1010.68;0.0;Showers in the Vicinity
1525892400;26.0;22.0;0.78;S;3.0555555555555554;0.0;1010.68;0.0;Fair
1525896000;25.0;22.0;0.83;S;2.5;0.0;1011.68;0.0;Showers in the Vicinity
1525899600;23.0;0.0;0.0;E;1.6666666666666665;0.0;1011.68;0.0;Showers in the Vicinity
1525903200;24.0;22.0;0.89;S;3.611111111111111;0.0;1012.68;0.0;Mostly Cloudy
1525906800;24.0;22.0;0.89;S;3.611111111111111;0.0;1013.68;0.0;Mostly Cloudy
1525910400;23.0;22.0;0.94;SSW;1.9444444444444444;0.0;1013.68;0.0;Mostly Cloudy
1525914000;23.0;21.0;0.88;S;2.5;0.0;1013.68;0.0;Mostly Cloudy
1525917600;23.0;21.0;0.88;SW;3.0555555555555554;0.0;1013.68;0.0;Light Rain
1525921200;23.0;21.0;0.88;SW;1.9444444444444444;0.0;1012.68;0.0;Mostly Cloudy
1525924800;23.0;21.0;0.88;SW;1.6666666666666665;0.0;1011.68;0.0;Mostly Cloudy
1525928400;23.0;21.0;0.88;SW;1.9444444444444444;0.0;1011.68;0.0;Fair
1525932000;22.0;21.0;0.94;SW;1.1111111111111112;0.0;1011.68;0.0;Fair
1525935600;23.0;21.0;0.88;SW;1.9444444444444444;0.0;1011.68;0.0;Fair
1525939200;22.0;21.0;0.94;SW;1.6666666666666665;0.0;1011.68;0.0;Fair
1525942800;23.0;21.0;0.88;SW;2.5;0.0;1011.68;0.0;Fair
1525946400;24.0;21.0;0.83;SW;1.6666666666666665;0.0;1012.68;0.0;Fair
1525950000;26.0;22.0;0.78;SSW;3.0555555555555554;0.0;1013.68;0.0;Mostly Cloudy
1525953600;27.0;22.0;0.74;SSW;4.166666666666667;0.0;1013.68;0.0;Mostly Cloudy
1525957200;28.0;22.0;0.7;S;4.722222222222222;0.0;1013.68;0.0;Mostly Cloudy
1525960800;28.0;22.0;0.7;S;6.666666666666666;0.0;1013.68;0.0;Mostly Cloudy
1525964400;29.0;22.0;0.66;S;6.666666666666666;0.0;1012.68;0.0;Mostly Cloudy
1525968000;29.0;23.0;0.7;S;6.666666666666666;0.0;1011.68;0.0;Partly Cloudy
1525971600;28.0;23.0;0.74;SSE;7.222222222222222;0.0;1010.68;0.0;Mostly Cloudy
1525975200;28.0;24.0;0.79;SSE;7.777777777777778;0.0;1010.68;0.0;Partly Cloudy
1525978800;27.0;23.0;0.79;SSE;7.777777777777778;0.0;1010.68;0.0;Partly Cloudy
1525982400;27.0;22.0;0.74;S;7.777777777777778;0.0;1011.68;0.0;Partly Cloudy
1525986000;27.0;22.0;0.74;S;6.111111111111111;0.0;1011.68;0.0;Partly Cloudy
1525989600;27.0;22.0;0.74;S;5.277777777777778;0.0;1012.68;0.0;Partly Cloudy
1525993200;26.0;23.0;0.83;SSE;6.111111111111111;0.0;1012.68;0.0;Partly Cloudy
1525996800;26.0;22.0;0.78;S;6.111111111111111;0.0;1012.68;0.0;Mostly Cloudy
1526000400;27.0;23.0;0.79;S;6.111111111111111;0.0;1012.68;0.0;Mostly Cloudy
1526004000;27.0;23.0;0.79;SSE;6.666666666666666;0.0;1012.68;0.0;Partly Cloudy
1526007600;26.0;23.0;0.83;S;4.166666666666667;0.0;1012.68;0.0;Partly Cloudy
1526011200;25.0;23.0;0.89;SSW;3.0555555555555554;0.0;1011.68;0.0;Partly Cloudy
1526014800;25.0;22.0;0.83;SSW;3.0555555555555554;0.0;1010.68;0.0;Partly Cloudy
1526018400;24.0;23.0;0.94;SSW;3.0555555555555554;0.0;1010.68;0.0;Partly Cloudy
1526022000;24.0;23.0;0.94;SSW;2.5;0.0;1011.68;0.0;Partly Cloudy
1526025600;24.0;22.0;0.89;SSW;2.5;0.0;1011.68;0.0;Mostly Cloudy
1526029200;24.0;23.0;0.94;S;3.0555555555555554;0.0;1012.68;0.0;Showers in the Vicinity
1526032800;25.0;23.0;0.89;SSW;3.0555555555555554;0.0;1013.68;0.0;Mostly Cloudy
1526036400;25.0;23.0;0.89;SSW;3.611111111111111;0.0;1013.68;0.0;Showers in the Vicinity
1526040000;25.0;24.0;0.94;SSW;4.722222222222222;0.0;1013.68;0.0;Rain Shower
1526040900;25.0;23.0;0.89;S;3.611111111111111;0.0;1013.68;0.0;Rain Shower
1526043600;28.0;25.0;0.84;SE;3.611111111111111;0.0;1013.68;0.0;Mostly Cloudy
1526047200;28.0;24.0;0.79;SE;6.111111111111111;0.0;1013.68;0.0;Partly Cloudy
1526050800;28.0;24.0;0.79;SE;5.555555555555555;0.0;1012.68;0.0;Partly Cloudy
1526054400;28.0;24.0;0.79;SSE;7.222222222222222;0.0;1011.68;0.0;Partly Cloudy
1526058000;28.0;24.0;0.79;SSE;5.555555555555555;0.0;1010.68;0.0;Partly Cloudy
1526061600;28.0;23.0;0.74;SSE;6.111111111111111;0.0;1011.68;0.0;Mostly Cloudy
1526065200;27.0;24.0;0.84;SSE;5.555555555555555;0.0;1011.68;0.0;Mostly Cloudy
1526068800;27.0;23.0;0.79;SE;4.166666666666667;0.0;1011.68;0.0;Partly Cloudy
1526072400;27.0;23.0;0.79;SE;4.166666666666667;0.0;1012.68;0.0;Partly Cloudy
1526076000;24.0;23.0;0.94;SSW;4.722222222222222;0.0;1013.68;0.0;Mostly Cloudy
1526079600;23.0;23.0;1.0;S;3.611111111111111;0.0;1014.67;0.0;Light Rain
1526080380;24.0;23.0;0.94;WSW;1.6666666666666665;0.0;1014.67;0.0;Light Rain
1526083200;24.0;23.0;0.94;SSW;1.6666666666666665;0.0;1014.67;0.0;Mostly Cloudy
1526086800;24.0;23.0;0.94;SW;2.5;0.0;1014.67;0.0;Showers in the Vicinity
1526090400;24.0;23.0;0.94;CALM;0.0;0.0;1014.67;0.0;Mostly Cloudy
1526091660;24.0;23.0;0.94;NE;2.5;0.0;1014.67;0.0;Light Rain
1526094000;24.0;23.0;0.94;SW;2.5;0.0;1013.68;0.0;Rain
1526097600;24.0;23.0;0.94;NW;2.5;0.0;1012.68;0.0;Showers in the Vicinity
1526101200;23.0;23.0;1.0;CALM;0.0;0.0;1011.68;0.0;Mostly Cloudy
1526104800;24.0;23.0;0.94;CALM;0.0;0.0;1011.68;0.0;Mostly Cloudy
1526108400;24.0;23.0;0.94;E;2.5;0.0;1011.68;0.0;Light Rain Shower
1526112000;24.0;23.0;0.94;CALM;0.0;0.0;1011.68;0.0;Showers in the Vicinity
1526115600;24.0;23.0;0.94;CALM;0.0;0.0;1012.68;0.0;Partly Cloudy
1526119200;24.0;23.0;0.94;S;2.5;0.0;1012.68;0.0;Partly Cloudy
1526122800;26.0;24.0;0.89;S;1.6666666666666665;0.0;1013.68;0.0;Mostly Cloudy
1526126400;28.0;24.0;0.79;SSE;4.166666666666667;0.0;1013.68;0.0;Partly Cloudy
1526130000;29.0;23.0;0.7;ESE;4.722222222222222;0.0;1013.68;0.0;Fair
1526133600;28.0;23.0;0.74;ESE;4.166666666666667;0.0;1013.68;0.0;Partly Cloudy
1526137200;28.0;23.0;0.74;E;4.722222222222222;0.0;1012.68;0.0;Partly Cloudy
1526140800;28.0;22.0;0.7;ESE;4.722222222222222;0.0;1011.68;0.0;Fair
1526144400;28.0;22.0;0.7;ESE;4.722222222222222;0.0;1010.68;0.0;Partly Cloudy
1526148000;28.0;23.0;0.74;ESE;3.611111111111111;0.0;1010.68;0.0;Partly Cloudy
1526151600;28.0;23.0;0.74;ESE;3.611111111111111;0.0;1010.68;0.0;Partly Cloudy
1526155200;27.0;23.0;0.79;SSE;4.166666666666667;0.0;1010.68;0.0;Partly Cloudy
1526158800;28.0;22.0;0.7;SE;3.0555555555555554;0.0;1011.68;0.0;Partly Cloudy
1526162400;27.0;23.0;0.79;SE;3.611111111111111;0.0;1011.68;0.0;Partly Cloudy
1526166000;27.0;23.0;0.79;SE;2.5;0.0;1012.68;0.0;Partly Cloudy
1526169600;27.0;23.0;0.79;SE;3.611111111111111;0.0;1012.68;0.0;Partly Cloudy
1526173200;26.0;23.0;0.83;SE;3.0555555555555554;0.0;1012.68;0.0;Fair
1526176800;26.0;23.0;0.83;SE;2.5;0.0;1012.68;0.0;Fair
1526180400;25.0;23.0;0.89;S;0.5555555555555556;0.0;1011.68;0.0;Partly Cloudy
1526184000;25.0;23.0;0.89;S;1.9444444444444444;0.0;1011.68;0.0;Fair
1526187600;25.0;23.0;0.89;SSW;1.9444444444444444;0.0;1010.68;0.0;Partly Cloudy
1526191200;25.0;23.0;0.89;S;1.6666666666666665;0.0;1010.68;0.0;Partly Cloudy
1526194800;25.0;23.0;0.89;SSW;1.6666666666666665;0.0;1010.68;0.0;Mostly Cloudy
1526198400;24.0;23.0;0.94;SSW;1.6666666666666665;0.0;1010.68;0.0;Light Rain
1526202000;24.0;23.0;0.94;SW;1.9444444444444444;0.0;1011.68;0.0;Mostly Cloudy
1526205600;25.0;23.0;0.89;SSW;1.9444444444444444;0.0;1012.68;0.0;Mostly Cloudy
1526209200;26.0;24.0;0.89;S;2.5;0.0;1012.68;0.0;Partly Cloudy
1526212800;28.0;24.0;0.79;SSE;3.611111111111111;0.0;1013.68;0.0;Partly Cloudy
1526216400;29.0;24.0;0.74;SSE;4.722222222222222;0.0;1013.68;0.0;Partly Cloudy
1526220000;29.0;23.0;0.7;SSE;5.277777777777778;0.0;1012.68;0.0;Partly Cloudy
1526223600;28.0;23.0;0.74;SE;5.277777777777778;0.0;1011.68;0.0;Partly Cloudy
1526227200;28.0;24.0;0.79;SSE;5.277777777777778;0.0;1010.68;0.0;Partly Cloudy
1526230800;28.0;24.0;0.79;SSE;5.555555555555555;0.0;1010.68;0.0;Mostly Cloudy
1526234400;28.0;23.0;0.74;SE;5.277777777777778;0.0;1009.68;0.0;Partly Cloudy
1526238000;27.0;23.0;0.79;SE;5.555555555555555;0.0;1010.68;0.0;Mostly Cloudy
1526241600;27.0;23.0;0.79;SE;5.277777777777778;0.0;1010.68;0.0;Partly Cloudy
1526245200;27.0;23.0;0.79;SE;4.722222222222222;0.0;1011.68;0.0;Partly Cloudy
1526248800;27.0;23.0;0.79;SE;4.722222222222222;0.0;1011.68;0.0;Mostly Cloudy
1526252400;26.0;23.0;0.83;SSE;4.722222222222222;0.0;1012.68;0.0;Partly Cloudy
1526256000;26.0;22.0;0.78;SSE;5.555555555555555;0.0;1012.68;0.0;Fair
1526259600;26.0;23.0;0.83;SSE;5.277777777777778;0.0;1012.68;0.0;Partly Cloudy
1526263200;26.0;22.0;0.78;S;5.277777777777778;0.0;1012.68;0.0;Partly Cloudy
1526266800;26.0;22.0;0.78;S;4.166666666666667;0.0;1012.68;0.0;Partly Cloudy
1526270400;26.0;22.0;0.78;SSE;4.166666666666667;0.0;1011.68;0.0;Partly Cloudy
1526274000;24.0;22.0;0.89;SW;2.5;0.0;1011.68;0.0;Showers in the Vicinity
1526277600;24.0;22.0;0.89;SSW;2.5;0.0;1010.68;0.0;Partly Cloudy
1526281200;24.0;22.0;0.89;S;2.5;0.0;1010.68;0.0;Mostly Cloudy
1526284800;23.0;22.0;0.94;SSW;2.5;0.0;1011.68;0.0;Partly Cloudy
1526288400;24.0;22.0;0.89;SSW;2.5;0.0;1011.68;0.0;Partly Cloudy
1526292000;26.0;23.0;0.83;SSW;3.0555555555555554;0.0;1012.68;0.0;Partly Cloudy
1526295600;28.0;22.0;0.7;SSE;6.111111111111111;0.0;1012.68;0.0;Fair
1526299200;28.0;23.0;0.74;SSE;7.222222222222222;0.0;1013.68;0.0;Partly Cloudy
1526302800;28.0;23.0;0.74;SSE;7.222222222222222;0.0;1013.68;0.0;Mostly Cloudy
1526306400;28.0;23.0;0.74;SSE;6.111111111111111;0.0;0.0;0.0;Showers in the Vicinity
1526310000;26.0;23.0;0.83;SE;5.277777777777778;0.0;1011.68;0.0;Mostly Cloudy
1526313600;28.0;24.0;0.79;SSE;6.666666666666666;0.0;1011.68;0.0;Mostly Cloudy
1526317200;27.0;21.0;0.7;SSE;7.777777777777778;0.0;1010.68;0.0;Showers in the Vicinity
1526320800;28.0;24.0;0.79;SSE;4.722222222222222;0.0;1010.68;0.0;Showers in the Vicinity
1526324400;28.0;24.0;0.79;SSE;4.722222222222222;0.0;1010.68;0.0;Partly Cloudy
1526328000;27.0;23.0;0.79;SSE;6.666666666666666;0.0;1010.68;0.0;Partly Cloudy
1526331600;27.0;22.0;0.74;SSE;6.111111111111111;0.0;1010.68;0.0;Mostly Cloudy
1526335200;27.0;23.0;0.79;SSE;6.666666666666666;0.0;1010.68;0.0;Mostly Cloudy
1526338800;27.0;23.0;0.79;SSE;6.111111111111111;0.0;1011.68;0.0;Showers in the Vicinity
1526342400;27.0;22.0;0.74;SSE;6.666666666666666;0.0;1011.68;0.0;Light Rain
1526346000;24.0;23.0;0.94;SE;6.666666666666666;13.88888888888889;1011.68;0.0;Rain
1526349600;26.0;24.0;0.89;SE;2.5;0.0;1011.68;0.0;Light Rain
1526351400;24.0;23.0;0.94;ESE;3.611111111111111;0.0;1011.68;0.0;Rain
1526353200;25.0;23.0;0.89;SE;2.5;0.0;1011.68;0.0;Light Rain
1526356800;25.0;23.0;0.89;S;3.0555555555555554;0.0;1010.68;0.0;Partly Cloudy
1526360400;26.0;23.0;0.83;SE;4.722222222222222;0.0;1010.68;0.0;Partly Cloudy
1526364000;26.0;23.0;0.83;ESE;3.0555555555555554;0.0;1010.68;0.0;Light Rain
1526367600;26.0;23.0;0.83;ESE;3.0555555555555554;0.0;1010.68;0.0;Partly Cloudy
1526371200;26.0;23.0;0.83;ESE;3.0555555555555554;0.0;1010.68;0.0;Partly Cloudy
1526374800;26.0;22.0;0.78;ESE;3.611111111111111;0.0;1010.68;0.0;Partly Cloudy
1526378400;27.0;23.0;0.79;ESE;4.166666666666667;0.0;1011.68;0.0;Partly Cloudy
1526382000;28.0;22.0;0.7;E;3.611111111111111;0.0;1012.68;0.0;Partly Cloudy
1526385600;29.0;23.0;0.7;ESE;4.722222222222222;0.0;1012.68;0.0;Mostly Cloudy
1526389200;28.0;24.0;0.79;E;4.166666666666667;0.0;0.0;0.0;Showers in the Vicinity
1526392800;29.0;23.0;0.7;E;5.277777777777778;0.0;1011.68;0.0;Partly Cloudy
1526396400;29.0;24.0;0.74;E;4.722222222222222;0.0;1011.68;0.0;Partly Cloudy
1526400000;29.0;23.0;0.7;E;5.555555555555555;0.0;1010.68;0.0;Partly Cloudy
1526403600;29.0;23.0;0.7;E;4.722222222222222;0.0;1010.68;0.0;Partly Cloudy
1526407200;29.0;23.0;0.7;E;4.722222222222222;0.0;1009.68;0.0;Partly Cloudy
1526410800;28.0;22.0;0.7;E;4.722222222222222;0.0;1010.68;0.0;Mostly Cloudy
1526414400;28.0;23.0;0.74;ESE;3.611111111111111;0.0;1010.68;0.0;Partly Cloudy
1526418000;28.0;23.0;0.74;ESE;5.277777777777778;0.0;1010.68;0.0;Mostly Cloudy
1526421600;27.0;22.0;0.74;ESE;4.166666666666667;0.0;1011.68;0.0;Partly Cloudy
1526425200;26.0;22.0;0.78;ENE;4.722222222222222;0.0;1012.68;0.0;Mostly Cloudy
1526428800;26.0;22.0;0.78;SE;5.277777777777778;0.0;1012.68;0.0;Mostly Cloudy
1526432400;27.0;22.0;0.74;ESE;5.277777777777778;0.0;1012.68;0.0;Partly Cloudy
1526436000;27.0;22.0;0.74;ESE;3.0555555555555554;10.833333333333334;1012.68;0.0;Partly Cloudy
1526612400;25.0;23.0;0.89;WSW;1.6666666666666665;0.0;1011.68;0.0;Mostly Cloudy
1526616000;24.0;23.0;0.94;SW;1.1111111111111112;0.0;1011.68;0.0;Mostly Cloudy
1526618520;24.0;23.0;0.94;SE;4.722222222222222;12.777777777777777;1011.68;0.0;Rain
1526618940;24.0;23.0;0.94;SSE;8.61111111111111;9.166666666666666;1011.68;0.0;Light Rain
1526619600;24.0;23.0;0.94;ESE;6.111111111111111;0.0;1011.68;0.0;Light Rain
1526621760;24.0;23.0;0.94;ESE;6.111111111111111;0.0;1010.68;0.0;Mostly Cloudy
1526623200;24.0;22.0;0.89;ESE;5.277777777777778;0.0;1010.68;0.0;Light Rain
1526626800;24.0;22.0;0.89;W;1.9444444444444444;0.0;1010.68;0.0;Showers in the Vicinity
1526630400;24.0;23.0;0.94;S;1.6666666666666665;0.0;1010.68;0.0;Mostly Cloudy
1526634000;24.0;23.0;0.94;S;1.9444444444444444;0.0;1011.68;0.0;Mostly Cloudy
1526637600;25.0;23.0;0.89;SSE;5.555555555555555;0.0;1011.68;0.0;Light Rain
1526641200;24.0;23.0;0.94;SE;7.222222222222222;0.0;1012.68;0.0;Showers in the Vicinity
1526644800;25.0;21.0;0.78;E;3.0555555555555554;0.0;1013.68;0.0;Showers in the Vicinity
1526648400;28.0;21.0;0.66;ENE;1.6666666666666665;0.0;1012.68;0.0;Mostly Cloudy
1526652000;28.0;22.0;0.7;ESE;1.9444444444444444;0.0;1012.68;0.0;Mostly Cloudy
1526655600;28.0;23.0;0.74;SSE;4.166666666666667;0.0;1011.68;0.0;Partly Cloudy
1526659200;28.0;23.0;0.74;SSE;4.166666666666667;0.0;1011.68;0.0;Partly Cloudy
1526662800;28.0;24.0;0.79;SSE;4.166666666666667;0.0;1010.68;0.0;Partly Cloudy
1526666400;28.0;23.0;0.74;SSE;4.722222222222222;0.0;1009.68;0.0;Partly Cloudy
1526670000;27.0;23.0;0.79;SE;5.277777777777778;0.0;1010.68;0.0;Fair
1526673600;27.0;23.0;0.79;SE;4.722222222222222;0.0;1010.68;0.0;Fair
1526677200;27.0;22.0;0.74;SE;4.722222222222222;0.0;1010.68;0.0;Partly Cloudy
1526680800;27.0;22.0;0.74;SSE;5.555555555555555;0.0;1011.68;0.0;Partly Cloudy
1526684400;26.0;22.0;0.78;SE;4.722222222222222;0.0;1011.68;0.0;Partly Cloudy
1526688000;26.0;21.0;0.74;SSE;5.555555555555555;0.0;1012.68;0.0;Partly Cloudy
1526691600;26.0;21.0;0.74;SE;5.277777777777778;0.0;1012.68;0.0;Partly Cloudy
1526695200;26.0;22.0;0.78;SE;5.277777777777778;0.0;1012.68;0.0;Partly Cloudy
1526698800;26.0;21.0;0.74;SE;4.722222222222222;0.0;1011.68;0.0;Partly Cloudy
1526702400;26.0;22.0;0.78;SSE;4.166666666666667;0.0;1011.68;0.0;Mostly Cloudy
1526706000;24.0;22.0;0.89;SW;1.9444444444444444;0.0;1010.68;0.0;Partly Cloudy
1526709600;24.0;21.0;0.83;WSW;4.166666666666667;0.0;1010.68;0.0;Mostly Cloudy
1526713200;23.0;21.0;0.88;SW;1.9444444444444444;0.0;1010.68;0.0;Partly Cloudy
1526716800;23.0;21.0;0.88;S;1.1111111111111112;0.0;1011.68;0.0;Partly Cloudy
1526720400;23.0;21.0;0.88;SSW;0.5555555555555556;0.0;1011.68;0.0;Partly Cloudy
1526724000;24.0;21.0;0.83;SSW;1.1111111111111112;0.0;1011.68;0.0;Partly Cloudy
1526727600;26.0;22.0;0.78;SSW;1.6666666666666665;0.0;1012.68;0.0;Partly Cloudy
1526731200;28.0;22.0;0.7;S;3.611111111111111;0.0;1012.68;0.0;Partly Cloudy
1526734800;28.0;23.0;0.74;SSE;3.611111111111111;0.0;1012.68;0.0;Partly Cloudy
1526738400;28.0;22.0;0.7;ESE;3.611111111111111;0.0;1012.68;0.0;Partly Cloudy
1526742000;28.0;23.0;0.74;SE;3.611111111111111;0.0;1011.68;0.0;Partly Cloudy
1526745600;28.0;23.0;0.74;SE;3.0555555555555554;0.0;1010.68;0.0;Partly Cloudy
1526749200;28.0;22.0;0.7;SE;3.611111111111111;0.0;1010.68;0.0;Partly Cloudy
1526752800;28.0;22.0;0.7;ESE;3.0555555555555554;0.0;1010.68;0.0;Partly Cloudy
1526756400;27.0;22.0;0.74;SSE;3.611111111111111;0.0;1010.68;0.0;Partly Cloudy
1526760000;26.0;22.0;0.78;SSE;4.166666666666667;0.0;1010.68;0.0;Fair
1526763600;26.0;22.0;0.78;SSE;4.166666666666667;0.0;1010.68;0.0;Partly Cloudy
1526767200;26.0;22.0;0.78;S;3.0555555555555554;0.0;1011.68;0.0;Fair
1526770800;26.0;22.0;0.78;S;1.9444444444444444;0.0;1011.68;0.0;Fair
1526774400;25.0;22.0;0.83;SSW;1.1111111111111112;0.0;1011.68;0.0;Fair
1526778000;25.0;22.0;0.83;SW;2.5;0.0;1011.68;0.0;Partly Cloudy
1526781600;24.0;22.0;0.89;SW;2.5;0.0;1011.68;0.0;Partly Cloudy
1526785200;24.0;22.0;0.89;CALM;0.0;0.0;1011.68;0.0;Fair
1526788800;23.0;22.0;0.94;SW;2.5;0.0;1010.68;0.0;Partly Cloudy
1526792400;23.0;22.0;0.94;CALM;0.0;0.0;1010.68;0.0;Partly Cloudy
1526796000;23.0;22.0;0.94;CALM;0.0;0.0;1010.68;0.0;Fair
1526799600;23.0;22.0;0.94;CALM;0.0;0.0;1010.68;0.0;Fair
1526803200;23.0;22.0;0.94;WSW;2.5;0.0;1010.68;0.0;Fair
1526806800;23.0;22.0;0.94;CALM;0.0;0.0;1011.68;0.0;Fair
1526810400;25.0;22.0;0.83;SW;2.5;0.0;1011.68;0.0;Fair
1526814000;27.0;23.0;0.79;SW;2.5;0.0;1012.68;0.0;Fair
1526817600;27.0;23.0;0.79;S;2.5;0.0;1012.68;0.0;Partly Cloudy
1526821200;28.0;23.0;0.74;SE;3.611111111111111;0.0;1012.68;0.0;Fair
1526824800;29.0;23.0;0.7;SE;3.0555555555555554;0.0;1011.68;0.0;Fair
1526828400;29.0;23.0;0.7;SE;4.166666666666667;0.0;1010.68;0.0;Fair
1526832000;29.0;23.0;0.7;SSE;5.277777777777778;0.0;1010.68;0.0;Fair
1526835600;29.0;23.0;0.7;SE;5.555555555555555;0.0;1009.68;0.0;Fair
1526839200;28.0;23.0;0.74;SSE;5.277777777777778;0.0;1009.68;0.0;Partly Cloudy
1526842800;28.0;23.0;0.74;SE;5.277777777777778;0.0;1009.68;0.0;Partly Cloudy
1526846400;27.0;23.0;0.79;SE;4.722222222222222;0.0;1009.68;0.0;Partly Cloudy
1526850000;27.0;23.0;0.79;SE;3.611111111111111;0.0;1009.68;0.0;Fair
1526853600;27.0;23.0;0.79;SE;3.611111111111111;0.0;1010.68;0.0;Partly Cloudy
1526857200;26.0;23.0;0.83;SE;3.611111111111111;0.0;1011.68;0.0;Partly Cloudy
1526860800;27.0;23.0;0.79;SE;3.611111111111111;0.0;1011.68;0.0;Partly Cloudy
1526864400;27.0;23.0;0.79;SE;3.0555555555555554;0.0;1011.68;0.0;Partly Cloudy
1526868000;27.0;23.0;0.79;ESE;3.611111111111111;0.0;1011.68;0.0;Partly Cloudy
1526871600;27.0;23.0;0.79;ESE;3.0555555555555554;0.0;1011.68;0.0;Partly Cloudy
1526875200;26.0;23.0;0.83;SE;1.9444444444444444;0.0;1010.68;0.0;Partly Cloudy
1526878800;26.0;23.0;0.83;E;2.5;0.0;1009.68;0.0;Partly Cloudy
1526882400;27.0;23.0;0.79;E;2.5;0.0;1009.68;0.0;Partly Cloudy
1526886000;27.0;23.0;0.79;E;2.5;0.0;1009.68;0.0;Partly Cloudy
1526889600;26.0;24.0;0.89;ESE;3.611111111111111;0.0;1009.68;0.0;Partly Cloudy
1526893200;26.0;23.0;0.83;E;3.0555555555555554;0.0;1009.68;0.0;Partly Cloudy
1526896800;27.0;24.0;0.84;E;2.5;0.0;1010.68;0.0;Mostly Cloudy
1526900400;29.0;23.0;0.7;E;4.166666666666667;0.0;1011.68;0.0;Mostly Cloudy
1526904000;29.0;23.0;0.7;E;4.722222222222222;0.0;1011.68;0.0;Partly Cloudy
1526907600;29.0;23.0;0.7;E;3.611111111111111;0.0;1011.68;0.0;Partly Cloudy
1526911200;29.0;24.0;0.74;E;4.166666666666667;0.0;1010.68;0.0;Partly Cloudy
1526914800;30.0;23.0;0.66;E;4.722222222222222;0.0;1010.68;0.0;Partly Cloudy
1526918400;30.0;23.0;0.66;ESE;4.722222222222222;0.0;1009.68;0.0;Partly Cloudy
1526922000;29.0;23.0;0.7;E;5.277777777777778;0.0;1009.68;0.0;Partly Cloudy
1526925600;28.0;22.0;0.7;ESE;5.277777777777778;0.0;1009.68;0.0;Partly Cloudy
1526929200;28.0;22.0;0.7;ESE;5.277777777777778;0.0;1009.68;0.0;Fair
1526932800;28.0;23.0;0.74;ESE;4.722222222222222;0.0;1010.68;0.0;Partly Cloudy
1526936400;27.0;23.0;0.79;SE;5.277777777777778;0.0;1010.68;0.0;Fair
1526940000;27.0;23.0;0.79;SE;4.722222222222222;0.0;1010.68;0.0;Fair
1526943600;27.0;23.0;0.79;SE;3.611111111111111;0.0;1011.68;0.0;Fair
1526947200;27.0;22.0;0.74;ESE;4.166666666666667;0.0;1011.68;0.0;Fair
1526950800;27.0;22.0;0.74;ESE;4.166666666666667;0.0;1012.68;0.0;Partly Cloudy
1526954400;27.0;22.0;0.74;ESE;4.166666666666667;0.0;1012.68;0.0;Mostly Cloudy
1526958000;27.0;22.0;0.74;ESE;3.0555555555555554;0.0;1012.68;0.0;Partly Cloudy
1526961600;27.0;22.0;0.74;SE;4.166666666666667;0.0;1011.68;0.0;Partly Cloudy
1526965200;26.0;22.0;0.78;SE;3.611111111111111;0.0;1011.68;0.0;Partly Cloudy
1526968800;26.0;22.0;0.78;SE;2.5;0.0;1011.68;0.0;Mostly Cloudy
1526972400;26.0;22.0;0.78;SE;2.5;0.0;1011.68;0.0;Partly Cloudy
1526976000;26.0;22.0;0.78;SSE;5.277777777777778;0.0;1012.68;0.0;Partly Cloudy
1526979600;26.0;22.0;0.78;SSE;4.166666666666667;0.0;1012.68;0.0;Partly Cloudy
1526983200;27.0;22.0;0.74;SSE;5.277777777777778;0.0;1012.68;0.0;Partly Cloudy
1526986800;28.0;22.0;0.7;SE;5.555555555555555;0.0;1013.68;0.0;Mostly Cloudy
1526990400;29.0;22.0;0.66;SE;6.111111111111111;0.0;1013.68;0.0;Partly Cloudy
1526994000;30.0;22.0;0.62;SSE;6.666666666666666;0.0;1013.68;0.0;Fair
1526997600;30.0;23.0;0.66;SE;6.666666666666666;0.0;1012.68;0.0;Mostly Cloudy
1527001200;30.0;23.0;0.66;SE;5.555555555555555;0.0;1012.68;0.0;Fair
1527004800;29.0;23.0;0.7;SE;6.111111111111111;0.0;1011.68;0.0;Partly Cloudy
1527008400;28.0;23.0;0.74;ESE;5.277777777777778;0.0;1011.68;0.0;Partly Cloudy
1527012000;28.0;22.0;0.7;ESE;5.277777777777778;0.0;1011.68;0.0;Partly Cloudy
1527015600;28.0;21.0;0.66;SE;5.277777777777778;0.0;1011.68;0.0;Fair
1527019200;27.0;21.0;0.7;SE;5.555555555555555;0.0;1011.68;0.0;Partly Cloudy
1527022800;27.0;21.0;0.7;SE;5.277777777777778;0.0;1012.68;0.0;Partly Cloudy
1527026400;27.0;21.0;0.7;SE;4.166666666666667;0.0;1012.68;0.0;Fair
1527030000;27.0;22.0;0.74;SSE;5.277777777777778;0.0;1013.68;0.0;Partly Cloudy
1527033600;26.0;22.0;0.78;SSE;4.722222222222222;0.0;1013.68;0.0;Partly Cloudy
1527037200;26.0;22.0;0.78;SSE;4.166666666666667;0.0;1013.68;0.0;Fair
1527040800;25.0;22.0;0.83;S;3.611111111111111;0.0;1013.68;0.0;Partly Cloudy
1527130800;24.0;22.0;0.89;SSW;5.277777777777778;0.0;1014.67;0.0;Partly Cloudy
1527134400;24.0;22.0;0.89;SSW;2.5;0.0;1013.68;0.0;Mostly Cloudy
1527138000;24.0;22.0;0.89;SW;2.5;0.0;1013.68;0.0;Partly Cloudy
1527141600;24.0;21.0;0.83;S;1.6666666666666665;0.0;1013.68;0.0;Partly Cloudy
1527145200;23.0;22.0;0.94;S;3.0555555555555554;0.0;1013.68;0.0;Light Rain Shower
1527148800;23.0;22.0;0.94;SW;3.0555555555555554;0.0;1013.68;0.0;Showers in the Vicinity
1527156000;24.0;22.0;0.89;SSW;1.9444444444444444;0.0;1014.67;0.0;Mostly Cloudy
1527159600;25.0;23.0;0.89;S;2.5;0.0;1014.67;0.0;Partly Cloudy
1527163200;27.0;23.0;0.79;S;4.166666666666667;0.0;1015.67;0.0;Fair
1527166800;29.0;23.0;0.7;SSE;6.111111111111111;0.0;1014.67;0.0;Partly Cloudy
1527170400;29.0;23.0;0.7;S;7.222222222222222;0.0;1014.67;0.0;Partly Cloudy
1527174000;29.0;23.0;0.7;SSE;6.666666666666666;0.0;1013.68;0.0;Partly Cloudy
1527177600;29.0;22.0;0.66;SSE;7.222222222222222;0.0;1012.68;0.0;Partly Cloudy
1527181200;29.0;22.0;0.66;SSE;7.222222222222222;0.0;1012.68;0.0;Partly Cloudy
1527184800;28.0;23.0;0.74;SSE;6.666666666666666;0.0;1011.68;0.0;Fair
1527188400;28.0;22.0;0.7;S;7.222222222222222;0.0;1012.68;0.0;Fair
1527192000;27.0;22.0;0.74;SSE;6.111111111111111;0.0;1012.68;0.0;Fair
1527195600;27.0;22.0;0.74;S;6.111111111111111;0.0;1012.68;0.0;Fair
1527199200;26.0;22.0;0.78;S;5.555555555555555;0.0;1013.68;0.0;Fair
1527202800;26.0;22.0;0.78;S;6.111111111111111;0.0;1013.68;0.0;Fair
1527206400;26.0;22.0;0.78;S;5.555555555555555;0.0;1013.68;0.0;Fair
1527210000;25.0;22.0;0.83;SSW;2.5;0.0;1014.67;0.0;Light Rain Shower
1527213600;25.0;22.0;0.83;SSW;2.5;0.0;1013.68;0.0;Partly Cloudy
1527303600;25.0;20.0;0.74;SSE;4.166666666666667;0.0;1012.68;0.0;Fair
1527307200;23.0;21.0;0.88;SW;1.9444444444444444;0.0;1012.68;0.0;Fair
1527310800;23.0;21.0;0.88;SW;3.0555555555555554;0.0;1011.68;0.0;Partly Cloudy
1527314400;23.0;21.0;0.88;SW;1.9444444444444444;0.0;1011.68;0.0;Partly Cloudy
1527318000;22.0;21.0;0.94;SW;1.9444444444444444;0.0;1011.68;0.0;Partly Cloudy
1527321600;22.0;21.0;0.94;SSW;1.6666666666666665;0.0;1011.68;0.0;Partly Cloudy
1527325200;22.0;21.0;0.94;S;1.1111111111111112;0.0;1012.68;0.0;Fair
1527328800;24.0;22.0;0.89;SSW;1.9444444444444444;0.0;1012.68;0.0;Fair
1527332400;26.0;22.0;0.78;SSW;2.5;0.0;1013.68;0.0;Partly Cloudy
1527336000;28.0;22.0;0.7;SSE;4.166666666666667;0.0;1013.68;0.0;Mostly Cloudy
1527339600;28.0;22.0;0.7;SE;5.277777777777778;0.0;1013.68;0.0;Partly Cloudy
1527343200;28.0;23.0;0.74;SE;3.0555555555555554;0.0;1012.68;0.0;Showers in the Vicinity
1527346800;29.0;21.0;0.62;SE;6.111111111111111;0.0;1012.68;0.0;Mostly Cloudy
1527350400;29.0;21.0;0.62;SE;5.277777777777778;0.0;1011.68;0.0;Partly Cloudy
1527354000;29.0;21.0;0.62;ESE;5.277777777777778;0.0;1010.68;0.0;Mostly Cloudy
1527357600;28.0;21.0;0.66;SE;6.111111111111111;0.0;1010.68;0.0;Partly Cloudy
1527361200;28.0;21.0;0.66;SE;5.555555555555555;0.0;1010.68;0.0;Partly Cloudy
1527364800;27.0;21.0;0.7;SE;4.722222222222222;0.0;1011.68;0.0;Partly Cloudy
1527368400;27.0;21.0;0.7;SSE;5.277777777777778;0.0;1011.68;0.0;Partly Cloudy
1527372000;27.0;21.0;0.7;SE;4.722222222222222;0.0;1012.68;0.0;Partly Cloudy
1527375600;27.0;20.0;0.65;SE;5.277777777777778;0.0;1013.68;0.0;Partly Cloudy
1527379200;27.0;20.0;0.65;SE;4.166666666666667;0.0;1013.68;0.0;Partly Cloudy
1527382800;26.0;20.0;0.69;SE;5.277777777777778;0.0;1013.68;0.0;Partly Cloudy
1527386400;26.0;20.0;0.69;SE;4.722222222222222;0.0;1013.68;0.0;Partly Cloudy
1527390000;27.0;20.0;0.65;SE;3.0555555555555554;0.0;1013.68;0.0;Partly Cloudy
1527393600;25.0;21.0;0.78;SSE;4.722222222222222;0.0;1012.68;0.0;Partly Cloudy
1527397200;26.0;20.0;0.69;SE;4.722222222222222;0.0;1011.68;0.0;Partly Cloudy
1527400800;24.0;20.0;0.78;S;1.9444444444444444;0.0;1011.68;0.0;Partly Cloudy
1527404400;25.0;20.0;0.74;SSE;3.611111111111111;0.0;1011.68;0.0;Partly Cloudy
1527408000;23.0;20.0;0.83;SW;2.5;0.0;1012.68;0.0;Partly Cloudy
1527411600;23.0;21.0;0.88;SSW;1.9444444444444444;0.0;1012.68;0.0;Partly Cloudy
1527415200;24.0;21.0;0.83;SSW;1.9444444444444444;0.0;1012.68;0.0;Partly Cloudy
1527418800;25.0;22.0;0.83;SSW;3.0555555555555554;0.0;1013.68;0.0;Mostly Cloudy
1527422400;27.0;21.0;0.7;SE;5.555555555555555;0.0;1013.68;0.0;Mostly Cloudy
1527426000;29.0;22.0;0.66;SE;5.277777777777778;0.0;1014.67;0.0;Mostly Cloudy
1527429600;29.0;22.0;0.66;SSE;5.555555555555555;0.0;1013.68;0.0;Mostly Cloudy
1527433200;29.0;22.0;0.66;SE;6.666666666666666;0.0;1013.68;0.0;Partly Cloudy
1527436800;27.0;22.0;0.74;SSE;7.777777777777778;0.0;1012.68;0.0;Mostly Cloudy
1527440400;28.0;22.0;0.7;SSE;8.333333333333334;0.0;1012.68;0.0;Partly Cloudy
1527444000;27.0;22.0;0.74;SSE;5.277777777777778;0.0;1011.68;0.0;Partly Cloudy
1527447600;27.0;21.0;0.7;S;4.166666666666667;0.0;1012.68;0.0;Partly Cloudy
1527451200;27.0;22.0;0.74;SSE;4.166666666666667;0.0;1012.68;0.0;Partly Cloudy
1527454800;26.0;22.0;0.78;E;3.611111111111111;0.0;1012.68;0.0;Showers in the Vicinity
1527458400;26.0;21.0;0.74;SE;4.166666666666667;0.0;1013.68;0.0;Partly Cloudy
1527462000;26.0;21.0;0.74;SE;5.277777777777778;0.0;1013.68;0.0;Partly Cloudy
1527465600;25.0;21.0;0.78;SSE;4.722222222222222;0.0;1014.67;0.0;Partly Cloudy
1527469200;25.0;22.0;0.83;SW;2.5;0.0;1014.67;0.0;Mostly Cloudy
1527472800;24.0;21.0;0.83;S;1.6666666666666665;0.0;1013.68;0.0;Partly Cloudy
1527476400;24.0;21.0;0.83;SSW;1.9444444444444444;0.0;1013.68;0.0;Mostly Cloudy
1527480000;24.0;22.0;0.89;SSW;1.9444444444444444;0.0;1012.68;0.0;Mostly Cloudy
1527483600;23.0;22.0;0.94;SW;1.6666666666666665;0.0;1012.68;0.0;Partly Cloudy
1527487200;23.0;22.0;0.94;S;1.6666666666666665;0.0;1011.68;0.0;Mostly Cloudy
1527490800;23.0;22.0;0.94;SSW;3.0555555555555554;0.0;1012.68;0.0;Mostly Cloudy
1527494400;23.0;22.0;0.94;SSW;1.9444444444444444;0.0;1012.68;0.0;Partly Cloudy
1527498000;23.0;22.0;0.94;S;1.1111111111111112;0.0;1012.68;0.0;Mostly Cloudy
1527501600;24.0;23.0;0.94;S;2.5;0.0;1013.68;0.0;Showers in the Vicinity
1527505200;26.0;23.0;0.83;SSE;4.166666666666667;0.0;1014.67;0.0;Partly Cloudy
1527508800;26.0;23.0;0.83;SSE;5.277777777777778;0.0;1014.67;0.0;Partly Cloudy
1527512400;27.0;23.0;0.79;ESE;6.666666666666666;0.0;1014.67;0.0;Partly Cloudy
1527516000;28.0;24.0;0.79;ESE;5.555555555555555;0.0;1014.67;0.0;Partly Cloudy
1527519600;28.0;22.0;0.7;ESE;6.666666666666666;0.0;1013.68;0.0;Partly Cloudy
1527523200;28.0;23.0;0.74;SE;6.111111111111111;0.0;1013.68;0.0;Partly Cloudy
1527526800;28.0;22.0;0.7;SE;6.111111111111111;0.0;1012.68;0.0;Mostly Cloudy
1527530400;28.0;23.0;0.74;SE;6.111111111111111;0.0;1012.68;0.0;Showers in the Vicinity
1527534000;27.0;23.0;0.79;SE;6.111111111111111;0.0;1012.68;0.0;Partly Cloudy
1527537600;27.0;22.0;0.74;SE;5.277777777777778;0.0;1012.68;0.0;Partly Cloudy
1527541200;27.0;22.0;0.74;SSE;5.277777777777778;0.0;1013.68;0.0;Partly Cloudy
1527544800;27.0;22.0;0.74;SSE;5.555555555555555;0.0;1013.68;0.0;Mostly Cloudy
1527548400;26.0;22.0;0.78;SE;6.111111111111111;0.0;1014.67;0.0;Mostly Cloudy
1527552000;26.0;22.0;0.78;SSE;5.277777777777778;0.0;1015.67;0.0;Mostly Cloudy
1527555600;26.0;22.0;0.78;SE;5.277777777777778;0.0;1015.67;0.0;Mostly Cloudy
1527559200;25.0;22.0;0.83;S;4.166666666666667;0.0;1014.67;0.0;Mostly Cloudy
1527562800;24.0;22.0;0.89;SSW;2.5;0.0;1014.67;0.0;Partly Cloudy
1527566400;24.0;22.0;0.89;SW;3.0555555555555554;0.0;1013.68;0.0;Mostly Cloudy
1527570000;23.0;22.0;0.94;SSW;3.0555555555555554;0.0;1013.68;0.0;Partly Cloudy
1527573600;23.0;21.0;0.88;S;1.1111111111111112;0.0;1012.68;0.0;Partly Cloudy
1527577200;23.0;21.0;0.88;S;1.1111111111111112;0.0;1012.68;0.0;Mostly Cloudy
1527580800;23.0;21.0;0.88;S;1.6666666666666665;0.0;1013.68;0.0;Partly Cloudy
1527584400;23.0;21.0;0.88;SSW;1.9444444444444444;0.0;1013.68;0.0;Mostly Cloudy
1527588000;25.0;22.0;0.83;SSW;2.5;0.0;1013.68;0.0;Mostly Cloudy
1527591600;27.0;20.0;0.65;SE;6.111111111111111;0.0;1014.67;0.0;Mostly Cloudy
1527595200;28.0;20.0;0.62;SSE;8.333333333333334;0.0;1014.67;0.0;Partly Cloudy
1527598800;28.0;19.0;0.58;SSE;6.666666666666666;0.0;1014.67;0.0;Fair
1527602400;29.0;20.0;0.58;SSE;6.666666666666666;0.0;1014.67;0.0;Partly Cloudy
1527606000;29.0;21.0;0.62;SSE;6.666666666666666;0.0;1013.68;0.0;Mostly Cloudy
1527609600;27.0;21.0;0.7;S;5.555555555555555;0.0;1012.68;0.0;Partly Cloudy
1527613200;29.0;21.0;0.62;SSE;8.333333333333334;0.0;1011.68;0.0;Partly Cloudy
1527616800;27.0;21.0;0.7;SSE;6.666666666666666;0.0;1011.68;0.0;Partly Cloudy
1527620400;27.0;21.0;0.7;SSE;7.777777777777778;0.0;1011.68;0.0;Partly Cloudy
1527624000;26.0;22.0;0.78;SE;7.222222222222222;0.0;1011.68;0.0;Mostly Cloudy
1527627600;26.0;21.0;0.74;SSE;6.111111111111111;0.0;1012.68;0.0;Partly Cloudy
1527631200;26.0;21.0;0.74;SSE;7.222222222222222;0.0;1012.68;0.0;Partly Cloudy
1527634800;26.0;21.0;0.74;SSE;6.111111111111111;0.0;1013.68;0.0;Partly Cloudy
1527638400;26.0;21.0;0.74;SSE;5.555555555555555;0.0;1013.68;0.0;Partly Cloudy
1527642000;26.0;20.0;0.69;SSE;7.222222222222222;0.0;1013.68;0.0;Partly Cloudy
1527645600;26.0;20.0;0.69;SE;7.777777777777778;0.0;1013.68;0.0;Fair
1527822000;23.0;21.0;0.88;SW;2.5;0.0;1012.68;0.0;Partly Cloudy
1527825600;23.0;21.0;0.88;SW;2.5;0.0;1011.68;0.0;Partly Cloudy
1527829200;23.0;20.0;0.83;SW;3.0555555555555554;0.0;1011.68;0.0;Partly Cloudy
1527832800;22.0;20.0;0.88;CALM;0.0;0.0;1010.68;0.0;Mostly Cloudy
1527836400;23.0;20.0;0.83;CALM;0.0;0.0;1010.68;0.0;Partly Cloudy
1527840000;23.0;20.0;0.83;CALM;0.0;0.0;1011.68;0.0;Partly Cloudy
1527843600;23.0;20.0;0.83;CALM;0.0;0.0;1011.68;0.0;Partly Cloudy
1527847200;24.0;20.0;0.78;SSW;2.5;0.0;1011.68;0.0;Partly Cloudy
1527850800;26.0;22.0;0.78;SW;1.9444444444444444;0.0;1012.68;0.0;Fair
1527854400;27.0;22.0;0.74;S;3.0555555555555554;0.0;1013.68;0.0;Partly Cloudy
1527858000;28.0;22.0;0.7;SSE;3.0555555555555554;0.0;1013.68;0.0;Fair
1527861600;29.0;22.0;0.66;SSE;4.166666666666667;0.0;1012.68;0.0;Fair
1527865200;29.0;23.0;0.7;SSE;4.166666666666667;0.0;1012.68;0.0;Fair
1527868800;28.0;22.0;0.7;SSE;4.166666666666667;0.0;1011.68;0.0;Fair
1527872400;28.0;23.0;0.74;SSE;4.722222222222222;0.0;1010.68;0.0;Partly Cloudy
1527876000;28.0;22.0;0.7;SSE;4.722222222222222;0.0;1010.68;0.0;Partly Cloudy
1527879600;27.0;22.0;0.74;SE;3.0555555555555554;0.0;1010.68;0.0;Partly Cloudy
1527883200;27.0;22.0;0.74;SSE;3.611111111111111;0.0;1011.68;0.0;Fair
1527886800;26.0;22.0;0.78;SSE;3.0555555555555554;0.0;1011.68;0.0;Fair
1527890400;26.0;22.0;0.78;S;4.166666666666667;0.0;1011.68;0.0;Partly Cloudy
1527894000;26.0;23.0;0.83;SSE;4.166666666666667;0.0;1012.68;0.0;Partly Cloudy
1527897600;26.0;23.0;0.83;SSW;1.6666666666666665;0.0;1012.68;0.0;Partly Cloudy
1527901200;25.0;23.0;0.89;SSW;1.9444444444444444;0.0;1012.68;0.0;Mostly Cloudy
1527904800;25.0;23.0;0.89;SSW;2.5;0.0;1012.68;0.0;Partly Cloudy
1527908400;24.0;23.0;0.94;SSW;1.9444444444444444;0.0;1012.68;0.0;Fair
1527912000;24.0;22.0;0.89;CALM;0.0;0.0;1012.68;0.0;Fair
1527915600;24.0;22.0;0.89;CALM;0.0;0.0;1011.68;0.0;Fair
1527919200;23.0;22.0;0.94;CALM;0.0;0.0;1011.68;0.0;Fair
1527922800;24.0;22.0;0.89;SW;1.9444444444444444;0.0;1011.68;0.0;Mostly Cloudy
1527926400;23.0;23.0;1.0;SSW;1.9444444444444444;0.0;1011.68;0.0;Partly Cloudy
1527930000;23.0;23.0;1.0;SW;1.6666666666666665;0.0;1012.68;0.0;Mostly Cloudy
1527933600;24.0;23.0;0.94;S;1.6666666666666665;0.0;1013.68;0.0;Mostly Cloudy
1527937200;26.0;23.0;0.83;SW;1.9444444444444444;0.0;1013.68;0.0;Partly Cloudy
1527940800;26.0;23.0;0.83;S;3.611111111111111;0.0;1014.67;0.0;Partly Cloudy
1527944400;27.0;24.0;0.84;SSW;3.611111111111111;0.0;1014.67;0.0;Partly Cloudy
1527948000;29.0;24.0;0.74;SSE;3.611111111111111;0.0;1013.68;0.0;Partly Cloudy
1527951600;26.0;24.0;0.89;SSE;3.611111111111111;0.0;1013.68;0.0;Showers in the Vicinity
1527955200;26.0;24.0;0.89;S;3.611111111111111;0.0;1012.68;0.0;Partly Cloudy
1527958800;27.0;24.0;0.84;SSE;2.5;0.0;1011.68;0.0;Partly Cloudy
1527962400;27.0;24.0;0.84;SSE;4.166666666666667;0.0;1011.68;0.0;Partly Cloudy
1527966000;27.0;23.0;0.79;SE;3.611111111111111;0.0;1011.68;0.0;Partly Cloudy
1527969600;27.0;24.0;0.84;SE;3.0555555555555554;0.0;1012.68;0.0;Partly Cloudy
1527973200;27.0;24.0;0.84;E;3.0555555555555554;0.0;1012.68;0.0;Partly Cloudy
1527976800;26.0;23.0;0.83;ESE;1.9444444444444444;0.0;1012.68;0.0;Partly Cloudy
1527980400;27.0;24.0;0.84;SE;3.0555555555555554;0.0;1013.68;0.0;Mostly Cloudy
1527984000;27.0;24.0;0.84;SE;3.0555555555555554;0.0;1013.68;0.0;Mostly Cloudy
1527987600;27.0;23.0;0.79;SE;4.166666666666667;0.0;1013.68;0.0;Partly Cloudy
1527991200;27.0;24.0;0.84;ESE;4.166666666666667;0.0;1013.68;0.0;Mostly Cloudy
1528081200;26.0;23.0;0.83;SE;5.277777777777778;0.0;1013.68;0.0;Partly Cloudy
1528084800;26.0;22.0;0.78;SSE;4.722222222222222;0.0;1013.68;0.0;Partly Cloudy
1528088400;25.0;23.0;0.89;SSE;3.611111111111111;0.0;1012.68;0.0;Mostly Cloudy
1528092000;25.0;23.0;0.89;SSE;4.166666666666667;0.0;1012.68;0.0;Partly Cloudy
1528095600;26.0;23.0;0.83;SE;4.722222222222222;0.0;1012.68;0.0;Partly Cloudy
1528099200;26.0;22.0;0.78;SE;4.166666666666667;0.0;1012.68;0.0;Partly Cloudy
1528102800;26.0;23.0;0.83;SE;5.277777777777778;10.277777777777777;1013.68;0.0;Light Rain
1528106400;27.0;22.0;0.74;SE;5.555555555555555;0.0;1014.67;0.0;Mostly Cloudy
1528110000;27.0;23.0;0.79;SE;6.111111111111111;0.0;1014.67;0.0;Mostly Cloudy
1528113600;28.0;23.0;0.74;SE;6.666666666666666;0.0;1015.67;0.0;Mostly Cloudy
1528117200;27.0;23.0;0.79;SE;6.111111111111111;0.0;1015.67;0.0;Partly Cloudy
1528120800;28.0;22.0;0.7;SE;7.222222222222222;0.0;1014.67;0.0;Partly Cloudy
1528124400;29.0;23.0;0.7;SSE;8.333333333333334;0.0;1013.68;0.0;Mostly Cloudy
1528128000;28.0;22.0;0.7;SSE;7.777777777777778;0.0;1013.68;0.0;Partly Cloudy
1528131600;28.0;22.0;0.7;SSE;7.777777777777778;0.0;1012.68;0.0;Partly Cloudy
1528135200;27.0;21.0;0.7;SSE;7.777777777777778;0.0;1012.68;0.0;Partly Cloudy
1528138800;27.0;21.0;0.7;SSE;7.222222222222222;0.0;1012.68;0.0;Partly Cloudy
1528142400;26.0;20.0;0.69;SSE;7.222222222222222;0.0;1012.68;0.0;Partly Cloudy
1528146000;26.0;20.0;0.69;SSE;6.666666666666666;0.0;1012.68;0.0;Partly Cloudy
1528149600;24.0;22.0;0.89;SSE;6.666666666666666;0.0;1013.68;0.0;Mostly Cloudy
1528153200;25.0;21.0;0.78;SSE;3.611111111111111;0.0;1013.68;0.0;Mostly Cloudy
1528156800;24.0;22.0;0.89;SW;2.5;0.0;1013.68;0.0;Partly Cloudy
1528160400;24.0;21.0;0.83;SW;3.611111111111111;0.0;1014.67;0.0;Partly Cloudy
1528164000;24.0;21.0;0.83;SW;3.0555555555555554;0.0;1013.68;0.0;Partly Cloudy
1528167600;23.0;21.0;0.88;SW;2.5;0.0;1013.68;0.0;Showers in the Vicinity
1528171200;23.0;20.0;0.83;CALM;0.0;0.0;1012.68;0.0;Partly Cloudy
1528174800;23.0;20.0;0.83;SSW;2.5;0.0;1012.68;0.0;Partly Cloudy
1528178400;22.0;20.0;0.88;CALM;0.0;0.0;1012.68;0.0;Partly Cloudy
1528182000;22.0;20.0;0.88;CALM;0.0;0.0;1012.68;0.0;Partly Cloudy
1528185600;22.0;20.0;0.88;CALM;0.0;0.0;1012.68;0.0;Partly Cloudy
1528189200;22.0;20.0;0.88;CALM;0.0;0.0;1012.68;0.0;Partly Cloudy
1528192800;23.0;20.0;0.83;SSW;1.9444444444444444;0.0;1012.68;0.0;Partly Cloudy
1528196400;25.0;21.0;0.78;SSW;2.5;0.0;1013.68;0.0;Partly Cloudy
1528200000;26.0;21.0;0.74;S;5.277777777777778;0.0;1013.68;0.0;Mostly Cloudy
1528203600;28.0;21.0;0.66;S;5.555555555555555;0.0;1013.68;0.0;Mostly Cloudy
1528207200;28.0;21.0;0.66;SSE;6.666666666666666;0.0;1012.68;0.0;Mostly Cloudy
1528210800;28.0;21.0;0.66;SSE;7.777777777777778;0.0;1011.68;0.0;Partly Cloudy
1528214400;28.0;21.0;0.66;SSE;7.777777777777778;0.0;1011.68;0.0;Partly Cloudy
1528218000;27.0;20.0;0.65;SSE;7.222222222222222;0.0;1010.68;0.0;Mostly Cloudy
1528221600;25.0;22.0;0.83;SSE;7.222222222222222;0.0;1010.68;0.0;Showers in the Vicinity
1528225200;25.0;22.0;0.83;SSE;4.166666666666667;0.0;1010.68;0.0;Partly Cloudy
1528228800;26.0;21.0;0.74;SSE;4.722222222222222;0.0;1010.68;0.0;Fair
1528232400;25.0;21.0;0.78;SSE;5.277777777777778;0.0;1011.68;0.0;Fair
1528236000;25.0;22.0;0.83;SSE;5.277777777777778;0.0;1011.68;0.0;Mostly Cloudy
1528239600;25.0;21.0;0.78;E;3.0555555555555554;0.0;1011.68;0.0;Fair
1528243200;24.0;21.0;0.83;SSW;1.6666666666666665;0.0;1012.68;0.0;Fair
1528246800;24.0;21.0;0.83;SW;1.9444444444444444;0.0;1012.68;0.0;Partly Cloudy
1528250400;24.0;21.0;0.83;SSW;1.6666666666666665;0.0;1012.68;0.0;Partly Cloudy
1528254000;23.0;21.0;0.88;SSW;1.1111111111111112;0.0;1012.68;0.0;Fair
1528257600;23.0;21.0;0.88;SW;1.1111111111111112;0.0;1011.68;0.0;Partly Cloudy
1528261200;23.0;21.0;0.88;WSW;1.6666666666666665;0.0;1011.68;0.0;Partly Cloudy
1528264800;23.0;21.0;0.88;SW;1.6666666666666665;0.0;1011.68;0.0;Partly Cloudy
1528268400;22.0;21.0;0.94;SSW;1.6666666666666665;0.0;1011.68;0.0;Partly Cloudy
1528272000;22.0;21.0;0.94;VAR;0.5555555555555556;0.0;1011.68;0.0;Partly Cloudy
1528275600;22.0;21.0;0.94;VAR;1.1111111111111112;0.0;1011.68;0.0;Partly Cloudy
1528279200;23.0;21.0;0.88;SW;3.0555555555555554;0.0;1012.68;0.0;Fair
1528282800;26.0;22.0;0.78;WSW;1.9444444444444444;0.0;1012.68;0.0;Fair
1528286400;27.0;22.0;0.74;SW;1.1111111111111112;0.0;1013.68;0.0;Partly Cloudy
1528290000;28.0;22.0;0.7;SE;3.0555555555555554;0.0;1012.68;0.0;Partly Cloudy
1528293600;28.0;22.0;0.7;SE;4.166666666666667;0.0;1012.68;0.0;Fair
1528297200;28.0;21.0;0.66;SE;4.166666666666667;0.0;1011.68;0.0;Fair
1528300800;28.0;21.0;0.66;ESE;3.611111111111111;0.0;1011.68;0.0;Fair
1528304400;29.0;22.0;0.66;ESE;4.166666666666667;0.0;1010.68;0.0;Fair
1528308000;28.0;22.0;0.7;SE;4.166666666666667;0.0;1010.68;0.0;Fair
1528311600;27.0;22.0;0.74;SE;3.611111111111111;0.0;1011.68;0.0;Fair
1528315200;26.0;22.0;0.78;SSE;3.611111111111111;0.0;1011.68;0.0;Fair
1528318800;26.0;23.0;0.83;SSE;4.166666666666667;0.0;1012.68;0.0;Fair
1528322400;26.0;23.0;0.83;SE;4.166666666666667;0.0;1012.68;0.0;Partly Cloudy
1528326000;26.0;22.0;0.78;SE;3.0555555555555554;0.0;1013.68;0.0;Partly Cloudy
1528329600;26.0;22.0;0.78;SSE;4.166666666666667;0.0;1013.68;0.0;Partly Cloudy
1528333200;25.0;22.0;0.83;SSW;1.9444444444444444;0.0;1013.68;0.0;Fair
1528336800;24.0;22.0;0.89;SSW;2.5;0.0;1013.68;0.0;Partly Cloudy
1528340400;24.0;22.0;0.89;SW;1.6666666666666665;0.0;1013.68;0.0;Partly Cloudy
1528343100;24.0;22.0;0.89;E;2.5;0.0;0.0;0.0;Light Rain
1528344000;0.0;0.0;0.0;SSE;2.5;0.0;1013.68;0.0;Light Rain
1528345620;24.0;23.0;0.94;SSE;1.6666666666666665;0.0;1012.68;0.0;Showers in the Vicinity
1528347600;24.0;23.0;0.94;SSW;1.6666666666666665;0.0;1012.68;0.0;Mostly Cloudy
1528351200;24.0;23.0;0.94;SSW;1.9444444444444444;0.0;1012.68;0.0;Mostly Cloudy
1528354800;23.0;23.0;1.0;SW;1.6666666666666665;0.0;1012.68;0.0;Fair
1528358400;23.0;22.0;0.94;CALM;0.0;0.0;1013.68;0.0;Mostly Cloudy
1528362000;23.0;23.0;1.0;N;0.5555555555555556;0.0;1013.68;0.0;Light Rain
1528365600;25.0;24.0;0.94;CALM;0.0;0.0;1014.67;0.0;Mostly Cloudy
1528367700;24.0;23.0;0.94;E;4.722222222222222;0.0;1015.67;0.0;Light Rain
1528369200;24.0;22.0;0.89;N;1.6666666666666665;0.0;1015.67;0.0;Mostly Cloudy
1528372800;27.0;24.0;0.84;SSE;2.5;0.0;1015.67;0.0;Partly Cloudy
1528376400;28.0;23.0;0.74;ESE;2.5;0.0;1015.67;0.0;Partly Cloudy
1528380000;29.0;23.0;0.7;E;3.611111111111111;0.0;1014.67;0.0;Partly Cloudy
1528383600;29.0;23.0;0.7;SE;4.722222222222222;0.0;1014.67;0.0;Partly Cloudy
1528387200;29.0;23.0;0.7;ESE;4.166666666666667;0.0;1013.68;0.0;Partly Cloudy
1528390800;28.0;24.0;0.79;E;4.166666666666667;0.0;1012.68;0.0;Partly Cloudy
1528394400;28.0;23.0;0.74;E;3.611111111111111;0.0;1012.68;0.0;Partly Cloudy
1528398000;29.0;23.0;0.7;ESE;3.611111111111111;0.0;1013.68;0.0;Partly Cloudy
1528401600;27.0;23.0;0.79;ESE;3.611111111111111;0.0;1013.68;0.0;Fair
1528405200;28.0;23.0;0.74;ESE;3.0555555555555554;0.0;1013.68;0.0;Partly Cloudy
1528408800;27.0;23.0;0.79;ESE;3.0555555555555554;0.0;1014.67;0.0;Fair
1528412400;27.0;23.0;0.79;SE;2.5;0.0;1014.67;0.0;Fair
1528416000;25.0;23.0;0.89;E;5.555555555555555;0.0;1015.67;0.0;Light Rain
1528419600;25.0;23.0;0.89;E;3.0555555555555554;0.0;1015.67;0.0;Mostly Cloudy
1528423200;25.0;23.0;0.89;SE;3.0555555555555554;0.0;1014.67;0.0;Mostly Cloudy
1528426800;25.0;23.0;0.89;SE;1.1111111111111112;0.0;1014.67;0.0;Mostly Cloudy
1528430400;25.0;23.0;0.89;SE;1.6666666666666665;0.0;1013.68;0.0;Mostly Cloudy
1528434000;25.0;23.0;0.89;E;1.6666666666666665;0.0;1013.68;0.0;Mostly Cloudy
1528437600;26.0;23.0;0.83;E;3.0555555555555554;0.0;1013.68;0.0;Mostly Cloudy
1528441200;26.0;23.0;0.83;E;3.0555555555555554;0.0;1013.68;0.0;Mostly Cloudy
1528444800;27.0;22.0;0.74;E;3.611111111111111;0.0;1014.67;0.0;Partly Cloudy
1528448400;27.0;22.0;0.74;E;3.611111111111111;0.0;1014.67;0.0;Partly Cloudy
1528452000;27.0;23.0;0.79;ENE;3.0555555555555554;0.0;1015.67;0.0;Partly Cloudy
1528455600;28.0;23.0;0.74;E;3.0555555555555554;0.0;1016.67;0.0;Partly Cloudy
1528459200;28.0;22.0;0.7;E;4.166666666666667;0.0;1016.67;0.0;Mostly Cloudy
1528462800;29.0;23.0;0.7;E;4.166666666666667;0.0;1016.67;0.0;Mostly Cloudy
1528466400;29.0;23.0;0.7;E;4.166666666666667;0.0;1015.67;0.0;Mostly Cloudy
1528470000;29.0;23.0;0.7;E;4.166666666666667;0.0;1015.67;0.0;Partly Cloudy
1528473600;28.0;22.0;0.7;E;4.166666666666667;0.0;1014.67;0.0;Partly Cloudy
1528477200;28.0;22.0;0.7;E;3.0555555555555554;0.0;1013.68;0.0;Partly Cloudy
1528480800;27.0;22.0;0.74;ESE;3.0555555555555554;0.0;1013.68;0.0;Mostly Cloudy
1528484400;27.0;22.0;0.74;ESE;3.0555555555555554;0.0;1013.68;0.0;Mostly Cloudy
1528488000;27.0;22.0;0.74;E;2.5;0.0;1013.68;0.0;Partly Cloudy
1528491600;27.0;22.0;0.74;SE;3.0555555555555554;0.0;1014.67;0.0;Partly Cloudy
1528495200;27.0;22.0;0.74;E;2.5;0.0;1014.67;0.0;Partly Cloudy
1528498800;27.0;22.0;0.74;E;3.0555555555555554;0.0;1015.67;0.0;Partly Cloudy
1528502400;27.0;22.0;0.74;E;3.0555555555555554;0.0;1015.67;0.0;Partly Cloudy
1528506000;26.0;22.0;0.78;E;2.5;0.0;1015.67;0.0;Mostly Cloudy
1528509600;26.0;22.0;0.78;ESE;2.5;0.0;1015.67;0.0;Mostly Cloudy
1528513200;26.0;22.0;0.78;ESE;3.0555555555555554;0.0;1015.67;0.0;Mostly Cloudy
1528516800;26.0;21.0;0.74;ESE;2.5;0.0;1014.67;0.0;Partly Cloudy
1528520400;26.0;22.0;0.78;ESE;1.9444444444444444;0.0;1014.67;0.0;Partly Cloudy
1528524000;25.0;22.0;0.83;SE;1.6666666666666665;0.0;1014.67;0.0;Partly Cloudy
1528527600;24.0;22.0;0.89;NW;1.6666666666666665;0.0;1014.67;0.0;Partly Cloudy
1528531200;22.0;21.0;0.94;WNW;1.6666666666666665;0.0;1014.67;0.0;Partly Cloudy
1528534800;22.0;21.0;0.94;NW;1.1111111111111112;0.0;1015.67;0.0;Partly Cloudy
1528538400;24.0;22.0;0.89;W;1.1111111111111112;0.0;1015.67;0.0;Partly Cloudy
1528542000;27.0;22.0;0.74;W;2.5;0.0;1016.67;0.0;Mostly Cloudy
1528545600;27.0;22.0;0.74;SE;4.166666666666667;0.0;1016.67;0.0;Mostly Cloudy
1528549200;28.0;23.0;0.74;SSE;4.722222222222222;0.0;1016.67;0.0;Mostly Cloudy
1528552800;29.0;23.0;0.7;SE;4.722222222222222;0.0;1015.67;0.0;Mostly Cloudy
1528556400;29.0;23.0;0.7;SE;4.166666666666667;0.0;1015.67;0.0;Partly Cloudy
1528560000;28.0;23.0;0.74;SE;3.611111111111111;0.0;1014.67;0.0;Mostly Cloudy
1528563600;29.0;23.0;0.7;ESE;4.166666666666667;0.0;1014.67;0.0;Partly Cloudy
1528567200;28.0;22.0;0.7;SE;5.277777777777778;0.0;1013.68;0.0;Partly Cloudy
1528570800;28.0;23.0;0.74;SE;4.722222222222222;0.0;1013.68;0.0;Partly Cloudy
1528574400;27.0;22.0;0.74;SE;4.166666666666667;0.0;1013.68;0.0;Partly Cloudy
1528578000;27.0;22.0;0.74;SE;3.611111111111111;0.0;1014.67;0.0;Partly Cloudy
1528581600;27.0;22.0;0.74;ESE;4.166666666666667;0.0;1014.67;0.0;Partly Cloudy
1528585200;27.0;22.0;0.74;ESE;4.166666666666667;0.0;1015.67;0.0;Partly Cloudy
1528588800;27.0;22.0;0.74;ESE;4.722222222222222;0.0;1015.67;0.0;Partly Cloudy
1528592400;26.0;22.0;0.78;SE;4.166666666666667;0.0;1015.67;0.0;Partly Cloudy
1528596000;26.0;21.0;0.74;SE;5.277777777777778;0.0;1015.67;0.0;Partly Cloudy
1528599600;26.0;21.0;0.74;SE;4.166666666666667;0.0;1015.67;0.0;Partly Cloudy
1528603200;26.0;21.0;0.74;SE;5.277777777777778;0.0;1014.67;0.0;Mostly Cloudy
1528606800;26.0;21.0;0.74;SE;4.722222222222222;0.0;1013.68;0.0;Partly Cloudy
1528610400;26.0;21.0;0.74;SSE;6.111111111111111;0.0;1013.68;0.0;Mostly Cloudy
1528614000;26.0;20.0;0.69;SE;6.111111111111111;0.0;1013.68;0.0;Partly Cloudy
1528617600;26.0;21.0;0.74;SE;5.277777777777778;0.0;1013.68;0.0;Partly Cloudy
1528621200;26.0;20.0;0.69;SSE;5.277777777777778;0.0;1014.67;0.0;Partly Cloudy
1528624800;26.0;21.0;0.74;SE;5.277777777777778;0.0;1014.67;0.0;Mostly Cloudy
1528628400;27.0;20.0;0.65;SE;6.111111111111111;0.0;1015.67;0.0;Partly Cloudy
1528632000;28.0;21.0;0.66;SE;5.277777777777778;0.0;1015.67;0.0;Mostly Cloudy
1528635600;29.0;22.0;0.66;SE;6.111111111111111;0.0;1015.67;0.0;Partly Cloudy
1528639200;29.0;22.0;0.66;SE;6.111111111111111;0.0;1015.67;0.0;Partly Cloudy
1528642800;28.0;21.0;0.66;SSE;7.222222222222222;0.0;1014.67;0.0;Partly Cloudy
1528646400;29.0;21.0;0.62;SE;6.111111111111111;0.0;1013.68;0.0;Mostly Cloudy
1528650000;28.0;21.0;0.66;SE;6.666666666666666;0.0;1012.68;0.0;Mostly Cloudy
1528653600;28.0;21.0;0.66;SSE;6.111111111111111;0.0;1012.68;0.0;Partly Cloudy
1528657200;27.0;20.0;0.65;SSE;6.666666666666666;0.0;1013.68;0.0;Partly Cloudy
1528660800;27.0;20.0;0.65;SSE;5.555555555555555;0.0;1013.68;0.0;Partly Cloudy
1528664400;26.0;21.0;0.74;SSE;4.722222222222222;0.0;1013.68;0.0;Mostly Cloudy
1528668000;26.0;21.0;0.74;SSE;5.277777777777778;0.0;1014.67;0.0;Mostly Cloudy
1528671600;26.0;22.0;0.78;SSE;4.166666666666667;0.0;1014.67;0.0;Mostly Cloudy
1528675200;26.0;21.0;0.74;SE;4.166666666666667;0.0;1014.67;0.0;Partly Cloudy
1528678800;26.0;21.0;0.74;ESE;4.722222222222222;0.0;1014.67;0.0;Partly Cloudy
1528682400;26.0;21.0;0.74;SE;4.166666666666667;0.0;1014.67;0.0;Partly Cloudy
1528686000;26.0;20.0;0.69;SE;3.611111111111111;0.0;1014.67;0.0;Partly Cloudy
1528689600;26.0;20.0;0.69;ESE;3.611111111111111;0.0;1013.68;0.0;Partly Cloudy
1528693200;26.0;21.0;0.74;ESE;3.611111111111111;0.0;1012.68;0.0;Partly Cloudy
1528696800;26.0;22.0;0.78;ESE;3.0555555555555554;0.0;1012.68;0.0;Partly Cloudy
1528700400;26.0;21.0;0.74;SE;4.722222222222222;0.0;1012.68;0.0;Partly Cloudy
1528704000;26.0;20.0;0.69;ESE;4.166666666666667;0.0;1013.68;0.0;Partly Cloudy
1528707600;26.0;21.0;0.74;ESE;4.722222222222222;0.0;1013.68;0.0;Mostly Cloudy
1528711200;27.0;21.0;0.7;ESE;5.277777777777778;0.0;1014.67;0.0;Fair
1528714800;28.0;21.0;0.66;ESE;4.166666666666667;0.0;1014.67;0.0;Fair
1528718400;28.0;22.0;0.7;ESE;5.277777777777778;0.0;1014.67;0.0;Partly Cloudy
1528722000;29.0;22.0;0.66;ESE;4.722222222222222;0.0;1014.67;0.0;Fair
1528725600;28.0;23.0;0.74;E;5.277777777777778;0.0;1014.67;0.0;Partly Cloudy
1528729200;29.0;21.0;0.62;E;4.722222222222222;0.0;1013.68;0.0;Partly Cloudy
1528732800;28.0;21.0;0.66;SE;6.111111111111111;0.0;1012.68;0.0;Fair
1528736400;28.0;21.0;0.66;ESE;6.111111111111111;0.0;1012.68;0.0;Fair
1528740000;28.0;21.0;0.66;ESE;6.111111111111111;0.0;1012.68;0.0;Partly Cloudy
1528743600;27.0;20.0;0.65;ESE;5.277777777777778;0.0;1012.68;0.0;Partly Cloudy
1528747200;27.0;20.0;0.65;SE;4.166666666666667;0.0;1012.68;0.0;Partly Cloudy
1528750800;26.0;20.0;0.69;ESE;3.611111111111111;0.0;1013.68;0.0;Partly Cloudy
1528754400;26.0;19.0;0.65;ESE;3.0555555555555554;0.0;1013.68;0.0;Fair
1528758000;26.0;20.0;0.69;SE;3.0555555555555554;0.0;1014.67;0.0;Partly Cloudy
1528761600;26.0;20.0;0.69;SE;3.611111111111111;0.0;1014.67;0.0;Partly Cloudy
1528765200;26.0;20.0;0.69;SE;4.166666666666667;0.0;1014.67;0.0;Partly Cloudy
1528768800;26.0;20.0;0.69;SE;3.611111111111111;0.0;1014.67;0.0;Partly Cloudy
1528772400;26.0;21.0;0.74;SE;4.166666666666667;0.0;1014.67;0.0;Mostly Cloudy
1528776000;26.0;21.0;0.74;SE;4.722222222222222;0.0;1013.68;0.0;Mostly Cloudy
1528779600;26.0;20.0;0.69;SE;3.611111111111111;0.0;1012.68;0.0;Partly Cloudy
1528783200;26.0;20.0;0.69;SE;4.166666666666667;0.0;1012.68;0.0;Fair
1528786800;26.0;20.0;0.69;SE;4.166666666666667;0.0;1012.68;0.0;Fair
1528790400;25.0;20.0;0.74;SE;4.166666666666667;0.0;1013.68;0.0;Fair
1528794000;25.0;21.0;0.78;SE;3.611111111111111;0.0;1013.68;0.0;Fair
1528797600;26.0;21.0;0.74;SE;4.722222222222222;0.0;1014.67;0.0;Fair
1528801200;27.0;20.0;0.65;SE;6.111111111111111;0.0;1015.67;0.0;Partly Cloudy
1528804800;28.0;20.0;0.62;SE;6.111111111111111;0.0;1015.67;0.0;Partly Cloudy
1528808400;28.0;21.0;0.66;SSE;6.666666666666666;0.0;1015.67;0.0;Partly Cloudy
1528812000;28.0;21.0;0.66;SSE;6.666666666666666;0.0;1015.67;0.0;Partly Cloudy
1528815600;29.0;21.0;0.62;SE;7.222222222222222;0.0;1014.67;0.0;Partly Cloudy
1528819200;28.0;21.0;0.66;SE;6.666666666666666;0.0;1014.67;0.0;Partly Cloudy
1528822800;28.0;21.0;0.66;SE;7.222222222222222;0.0;1013.68;0.0;Partly Cloudy
1528826400;28.0;21.0;0.66;SSE;7.222222222222222;0.0;1012.68;0.0;Mostly Cloudy
1528830000;27.0;20.0;0.65;SE;6.111111111111111;0.0;1013.68;0.0;Partly Cloudy
1528833600;26.0;21.0;0.74;SSE;6.111111111111111;0.0;1013.68;0.0;Partly Cloudy
1528837200;27.0;20.0;0.65;SE;4.722222222222222;0.0;1013.68;0.0;Mostly Cloudy
1528840800;27.0;20.0;0.65;SE;4.166666666666667;0.0;1013.68;0.0;Partly Cloudy
1528844400;26.0;20.0;0.69;SE;5.277777777777778;0.0;1014.67;0.0;Partly Cloudy
1528848000;26.0;26.0;1.0;SE;5.277777777777778;0.0;1014.67;0.0;Partly Cloudy
1528851600;26.0;20.0;0.69;SE;6.111111111111111;0.0;1014.67;0.0;Partly Cloudy
1528855200;26.0;20.0;0.69;SE;5.277777777777778;0.0;1014.67;0.0;Partly Cloudy
1528858800;26.0;20.0;0.69;SE;5.277777777777778;0.0;1013.68;0.0;Partly Cloudy
1528862400;26.0;20.0;0.69;ESE;5.555555555555555;0.0;1013.68;0.0;Partly Cloudy
1528866000;26.0;19.0;0.65;SE;5.277777777777778;0.0;1013.68;0.0;Fair
1528869600;26.0;19.0;0.65;ESE;6.111111111111111;0.0;1012.68;0.0;Fair
1528873200;26.0;19.0;0.65;ESE;6.111111111111111;0.0;1012.68;0.0;Fair
1528876800;26.0;19.0;0.65;ESE;5.277777777777778;0.0;1013.68;0.0;Fair
1528880400;26.0;20.0;0.69;ESE;4.722222222222222;0.0;1013.68;0.0;Partly Cloudy
1528884000;27.0;19.0;0.61;ESE;5.277777777777778;0.0;1014.67;0.0;Fair
1528887600;28.0;19.0;0.58;ESE;4.722222222222222;0.0;1014.67;0.0;Fair
1528891200;28.0;21.0;0.66;SE;5.555555555555555;0.0;1015.67;0.0;Partly Cloudy
1528894800;28.0;21.0;0.66;SE;6.111111111111111;0.0;1015.67;0.0;Mostly Cloudy
1528898400;28.0;21.0;0.66;ESE;6.666666666666666;0.0;1015.67;0.0;Mostly Cloudy
1528902000;28.0;21.0;0.66;ESE;6.111111111111111;0.0;1014.67;0.0;Mostly Cloudy
1528905600;29.0;22.0;0.66;SE;6.111111111111111;0.0;1013.68;0.0;Partly Cloudy
1528909200;28.0;22.0;0.7;SE;5.555555555555555;0.0;1013.68;0.0;Partly Cloudy
1528912800;27.0;21.0;0.7;SE;6.666666666666666;0.0;0.0;0.0;Showers in the Vicinity
1528916400;26.0;21.0;0.74;SE;8.333333333333334;0.0;1013.68;0.0;Showers in the Vicinity
1528920000;25.0;20.0;0.74;SSE;2.5;0.0;1013.68;0.0;Mostly Cloudy
1528923600;26.0;20.0;0.69;SE;3.611111111111111;0.0;1013.68;0.0;Partly Cloudy
1528927200;26.0;22.0;0.78;E;3.611111111111111;0.0;1013.68;0.0;Partly Cloudy
1528930800;26.0;22.0;0.78;ESE;3.611111111111111;0.0;1014.67;0.0;Light Rain Shower
1528934400;25.0;21.0;0.78;SE;4.166666666666667;0.0;1014.67;0.0;Partly Cloudy
1528938000;24.0;20.0;0.78;E;6.111111111111111;11.38888888888889;1015.67;0.0;Rain Shower
1528941600;24.0;22.0;0.89;WSW;1.1111111111111112;0.0;1014.67;0.0;Partly Cloudy
1528945200;24.0;22.0;0.89;VAR;2.5;0.0;1014.67;0.0;Partly Cloudy
1528948800;26.0;20.0;0.69;ESE;4.166666666666667;0.0;1013.68;0.0;Partly Cloudy
1528952400;26.0;20.0;0.69;ESE;4.166666666666667;0.0;1014.67;0.0;Partly Cloudy
1528956000;26.0;20.0;0.69;ESE;4.166666666666667;10.277777777777777;1013.68;0.0;Partly Cloudy
1528959600;25.0;20.0;0.74;SE;3.0555555555555554;0.0;1013.68;0.0;Partly Cloudy
1528963200;25.0;21.0;0.78;SE;3.0555555555555554;0.0;1013.68;0.0;Partly Cloudy
1528966800;25.0;20.0;0.74;SE;3.611111111111111;0.0;1014.67;0.0;Partly Cloudy
1528970400;27.0;20.0;0.65;SE;5.277777777777778;0.0;1014.67;0.0;Partly Cloudy
1528974000;27.0;20.0;0.65;SE;5.277777777777778;0.0;1015.67;0.0;Mostly Cloudy
1528977600;27.0;21.0;0.7;SE;4.722222222222222;0.0;1015.67;0.0;Showers in the Vicinity
1528981200;26.0;21.0;0.74;ESE;6.111111111111111;0.0;1016.67;0.0;Showers in the Vicinity
1528984800;28.0;21.0;0.66;SE;6.111111111111111;0.0;1015.67;0.0;Mostly Cloudy
1528986720;24.0;22.0;0.89;ESE;7.777777777777778;13.333333333333332;1015.67;0.0;Light Rain
1528988400;24.0;22.0;0.89;ESE;6.666666666666666;12.222222222222221;1015.67;0.0;Light Rain
1528992000;25.0;21.0;0.78;S;5.277777777777778;0.0;1014.67;0.0;Showers in the Vicinity
1528995600;27.0;20.0;0.65;SSE;4.166666666666667;0.0;1014.67;0.0;Showers in the Vicinity
1528999200;26.0;20.0;0.69;ESE;2.5;0.0;1013.68;0.0;Showers in the Vicinity
1529002800;0.0;0.0;0.0;VAR;1.1111111111111112;0.0;1013.68;0.0;Showers in the Vicinity
1529006400;23.0;0.0;0.0;SE;5.277777777777778;0.0;1014.67;0.0;Rain
1529007360;0.0;0.0;0.0;SSE;3.0555555555555554;0.0;1014.67;0.0;Light Rain
1529010000;0.0;0.0;0.0;SSE;3.0555555555555554;0.0;1014.67;0.0;Light Rain
1529013600;23.0;21.0;0.88;SW;1.6666666666666665;0.0;1014.67;0.0;Partly Cloudy
1529017200;23.0;21.0;0.88;SW;1.6666666666666665;0.0;1015.67;0.0;Partly Cloudy
1529020800;23.0;21.0;0.88;SW;1.1111111111111112;0.0;1015.67;0.0;Fair
1529024400;23.0;21.0;0.88;SW;2.5;0.0;1015.67;0.0;Partly Cloudy
1529028000;24.0;21.0;0.83;S;2.5;0.0;1015.67;0.0;Partly Cloudy
1529031600;25.0;20.0;0.74;ESE;4.166666666666667;0.0;1015.67;0.0;Partly Cloudy
1529035200;25.0;21.0;0.78;ESE;2.5;0.0;1015.67;0.0;Mostly Cloudy
1529038800;25.0;21.0;0.78;SE;3.611111111111111;0.0;1014.67;0.0;Partly Cloudy
1529042400;23.0;21.0;0.88;CALM;0.0;0.0;1014.67;0.0;Partly Cloudy
1529046000;22.0;21.0;0.94;CALM;0.0;0.0;1014.67;0.0;Partly Cloudy
1529049600;22.0;21.0;0.94;CALM;0.0;0.0;1014.67;0.0;Mostly Cloudy
1529053200;23.0;20.0;0.83;SSW;2.5;0.0;1014.67;0.0;Partly Cloudy
1529056800;24.0;21.0;0.83;SSW;2.5;0.0;1015.67;0.0;Partly Cloudy
1529060400;25.0;22.0;0.83;SSW;3.0555555555555554;0.0;1016.67;0.0;Fair
1529064000;28.0;22.0;0.7;SSE;4.722222222222222;0.0;1016.67;0.0;Mostly Cloudy
1529067600;27.0;22.0;0.74;SSE;5.555555555555555;0.0;1016.67;0.0;Mostly Cloudy
1529071200;28.0;21.0;0.66;SSE;5.555555555555555;0.0;1016.67;0.0;Mostly Cloudy
1529074800;28.0;22.0;0.7;SSE;6.111111111111111;0.0;1015.67;0.0;Mostly Cloudy
1529078400;26.0;23.0;0.83;SE;3.611111111111111;9.166666666666666;1014.67;0.0;Showers in the Vicinity
1529082000;28.0;23.0;0.74;SSE;5.555555555555555;0.0;1014.67;0.0;Showers in the Vicinity
1529085600;25.0;22.0;0.83;SSE;7.777777777777778;0.0;1014.67;0.0;Mostly Cloudy
1529089200;24.0;22.0;0.89;SE;3.0555555555555554;0.0;1014.67;0.0;Showers in the Vicinity
1529092800;24.0;22.0;0.89;SSW;1.9444444444444444;0.0;1014.67;0.0;Mostly Cloudy
1529096400;26.0;22.0;0.78;SSE;6.111111111111111;0.0;1015.67;0.0;Mostly Cloudy
1529100000;26.0;22.0;0.78;SSE;5.555555555555555;0.0;1015.67;0.0;Mostly Cloudy
1529103600;26.0;22.0;0.78;SSE;6.111111111111111;0.0;1016.67;0.0;Mostly Cloudy
1529107200;25.0;22.0;0.83;SE;5.277777777777778;0.0;1016.67;0.0;Mostly Cloudy
1529110800;25.0;22.0;0.83;SE;3.611111111111111;0.0;1016.67;0.0;Mostly Cloudy
1529114400;25.0;22.0;0.83;SE;5.555555555555555;0.0;1016.67;0.0;Mostly Cloudy
1529118000;24.0;22.0;0.89;S;6.111111111111111;0.0;1015.67;0.0;Mostly Cloudy
1529121600;24.0;22.0;0.89;SW;3.611111111111111;0.0;1015.67;0.0;Mostly Cloudy
1529125200;25.0;21.0;0.78;S;6.111111111111111;0.0;1014.67;0.0;Mostly Cloudy
1529128800;24.0;22.0;0.89;SSW;3.0555555555555554;0.0;1014.67;0.0;Mostly Cloudy
1529132400;26.0;21.0;0.74;SSE;7.222222222222222;0.0;1014.67;0.0;Mostly Cloudy
1529136000;25.0;21.0;0.78;S;4.722222222222222;0.0;1015.67;0.0;Partly Cloudy
1529139600;26.0;21.0;0.74;SSE;7.222222222222222;0.0;1015.67;0.0;Partly Cloudy
1529143200;25.0;21.0;0.78;SSW;1.9444444444444444;0.0;1016.67;0.0;Mostly Cloudy
1529146800;27.0;21.0;0.7;SSE;6.666666666666666;0.0;1017.67;0.0;Mostly Cloudy
1529150400;27.0;21.0;0.7;SSE;6.666666666666666;0.0;1017.67;0.0;Mostly Cloudy
1529154000;28.0;21.0;0.66;SE;6.666666666666666;0.0;1017.67;0.0;Mostly Cloudy
1529157600;29.0;21.0;0.62;SSE;7.222222222222222;0.0;1017.67;0.0;Mostly Cloudy
1529161200;28.0;21.0;0.66;SSE;7.777777777777778;0.0;1016.67;0.0;Mostly Cloudy
1529164800;28.0;21.0;0.66;SSE;7.777777777777778;0.0;1015.67;0.0;Mostly Cloudy
1529168400;28.0;21.0;0.66;S;7.222222222222222;0.0;1015.67;0.0;Mostly Cloudy
1529172000;27.0;20.0;0.65;SSE;6.666666666666666;0.0;1014.67;0.0;Mostly Cloudy
1529175600;27.0;20.0;0.65;SSE;6.111111111111111;0.0;1014.67;0.0;Mostly Cloudy
1529179200;26.0;20.0;0.69;S;6.111111111111111;0.0;1015.67;0.0;Mostly Cloudy
1529182800;26.0;21.0;0.74;SSE;6.111111111111111;0.0;1015.67;0.0;Mostly Cloudy
1529186400;26.0;21.0;0.74;S;5.277777777777778;0.0;1015.67;0.0;Fair
1529190000;26.0;20.0;0.69;S;4.166666666666667;0.0;1016.67;0.0;Partly Cloudy
1529193600;24.0;21.0;0.83;SSW;2.5;0.0;1016.67;0.0;Fair
1529197200;24.0;21.0;0.83;SSW;2.5;0.0;1016.67;0.0;Mostly Cloudy
1529200800;24.0;21.0;0.83;SSW;1.9444444444444444;0.0;1016.67;0.0;Partly Cloudy
1529204400;23.0;21.0;0.88;SSW;1.6666666666666665;0.0;1016.67;0.0;Mostly Cloudy
1529208000;23.0;21.0;0.88;SW;1.1111111111111112;0.0;1015.67;0.0;Mostly Cloudy
1529211600;23.0;21.0;0.88;CALM;0.0;0.0;1015.67;0.0;Fair
1529215200;22.0;21.0;0.94;SSW;1.1111111111111112;0.0;1015.67;0.0;Fair
1529218800;22.0;21.0;0.94;S;1.6666666666666665;0.0;1015.67;0.0;Fair
1529222400;22.0;21.0;0.94;CALM;0.0;0.0;1015.67;0.0;Fair
1529226000;22.0;21.0;0.94;WSW;0.5555555555555556;0.0;1015.67;0.0;Partly Cloudy
1529229600;23.0;21.0;0.88;SW;1.9444444444444444;0.0;1016.67;0.0;Light Rain
1529233200;25.0;22.0;0.83;SSW;2.5;0.0;1017.67;0.0;Showers in the Vicinity
1529236800;26.0;22.0;0.78;S;3.611111111111111;0.0;1017.67;0.0;Showers in the Vicinity
1529238060;0.0;0.0;0.0;SE;2.5;0.0;1017.67;0.0;Light Rain
1529239080;0.0;0.0;0.0;E;1.6666666666666665;0.0;1017.67;0.0;Light Rain
1529240400;24.0;22.0;0.89;E;3.611111111111111;0.0;1017.67;0.0;Light Rain
1529242200;24.0;23.0;0.94;ENE;1.6666666666666665;0.0;1017.67;0.0;Light Rain
1529244000;0.0;0.0;0.0;E;1.9444444444444444;0.0;1017.67;0.0;Light Rain
1529247600;25.0;23.0;0.89;E;3.0555555555555554;0.0;1017.67;0.0;Light Rain
1529251200;25.0;23.0;0.89;ENE;2.5;0.0;1016.67;0.0;Showers in the Vicinity
1529254800;27.0;23.0;0.79;ENE;1.9444444444444444;0.0;1015.67;0.0;Mostly Cloudy
1529258400;26.0;22.0;0.78;SE;4.166666666666667;0.0;1015.67;0.0;Mostly Cloudy
1529262000;26.0;23.0;0.83;SE;3.611111111111111;0.0;1015.67;0.0;Mostly Cloudy
1529265600;26.0;22.0;0.78;SE;4.166666666666667;0.0;1016.67;0.0;Partly Cloudy
1529269200;25.0;22.0;0.83;S;2.5;0.0;1016.67;0.0;Partly Cloudy
1529272800;25.0;21.0;0.78;S;3.0555555555555554;0.0;1016.67;0.0;Partly Cloudy
1529276400;25.0;22.0;0.83;SSE;1.9444444444444444;0.0;1017.67;0.0;Partly Cloudy
1529280000;24.0;22.0;0.89;SSW;1.9444444444444444;0.0;1017.67;0.0;Partly Cloudy
1529283600;24.0;22.0;0.89;S;1.1111111111111112;0.0;1017.67;0.0;Mostly Cloudy
1529287200;24.0;22.0;0.89;SW;1.9444444444444444;0.0;1017.67;0.0;Mostly Cloudy
1529290800;24.0;22.0;0.89;SSW;11.944444444444445;0.0;1017.67;0.0;Mostly Cloudy / Windy
1529294400;23.0;22.0;0.94;ESE;1.1111111111111112;0.0;1016.67;0.0;Showers in the Vicinity
1529298000;23.0;22.0;0.94;VAR;1.6666666666666665;0.0;1016.67;0.0;Showers in the Vicinity
1529301600;23.0;22.0;0.94;W;1.6666666666666665;0.0;0.0;0.0;Showers in the Vicinity
1529305200;22.0;21.0;0.94;WNW;1.1111111111111112;0.0;1016.67;0.0;Mostly Cloudy
1529308800;22.0;21.0;0.94;WSW;0.5555555555555556;0.0;1016.67;0.0;Partly Cloudy
1529316000;23.0;21.0;0.88;WSW;1.9444444444444444;0.0;1017.67;0.0;Partly Cloudy
1529319600;25.0;22.0;0.83;SW;1.9444444444444444;0.0;1017.67;0.0;Partly Cloudy
1529323200;27.0;23.0;0.79;SSE;2.5;0.0;1017.67;0.0;Partly Cloudy
1529326800;27.0;22.0;0.74;SE;4.166666666666667;0.0;1017.67;0.0;Partly Cloudy
1529330400;28.0;22.0;0.7;SE;4.722222222222222;0.0;1017.67;0.0;Partly Cloudy
1529334000;28.0;22.0;0.7;SSE;5.277777777777778;0.0;1016.67;0.0;Partly Cloudy
1529337600;28.0;22.0;0.7;SE;5.555555555555555;0.0;1015.67;0.0;Showers in the Vicinity
1529341200;28.0;22.0;0.7;SE;5.555555555555555;0.0;1015.67;0.0;Partly Cloudy
1529344800;28.0;22.0;0.7;SSE;5.277777777777778;0.0;1015.67;0.0;Mostly Cloudy
1529348400;27.0;22.0;0.74;SE;5.277777777777778;0.0;1015.67;0.0;Mostly Cloudy
1529352000;27.0;21.0;0.7;SE;4.722222222222222;0.0;1015.67;0.0;Partly Cloudy
1529355600;27.0;22.0;0.74;SE;4.166666666666667;0.0;1015.67;0.0;Partly Cloudy
1529359200;27.0;21.0;0.7;SE;4.166666666666667;0.0;1016.67;0.0;Partly Cloudy
1529362800;27.0;21.0;0.7;SE;3.611111111111111;0.0;1016.67;0.0;Partly Cloudy
1529366400;26.0;21.0;0.74;SE;5.277777777777778;0.0;1016.67;0.0;Partly Cloudy
1529370000;26.0;21.0;0.74;SE;3.0555555555555554;0.0;1017.67;0.0;Partly Cloudy
1529373600;26.0;21.0;0.74;SE;3.0555555555555554;0.0;1017.67;0.0;Partly Cloudy
1529377200;25.0;21.0;0.78;SE;3.0555555555555554;0.0;1016.67;0.0;Partly Cloudy
1529380800;25.0;21.0;0.78;SSE;3.0555555555555554;0.0;1016.67;0.0;Partly Cloudy
1529384400;24.0;21.0;0.83;SSW;2.5;0.0;1016.67;0.0;Light Rain
1529388000;24.0;21.0;0.83;WSW;1.1111111111111112;0.0;1015.67;0.0;Partly Cloudy
1529391600;23.0;21.0;0.88;SSW;1.6666666666666665;0.0;1015.67;0.0;Partly Cloudy
1529395200;23.0;21.0;0.88;SSE;1.1111111111111112;0.0;1015.67;0.0;Partly Cloudy
1529398800;23.0;20.0;0.83;SSW;1.6666666666666665;0.0;1016.67;0.0;Mostly Cloudy
1529402400;23.0;21.0;0.88;SSW;1.9444444444444444;0.0;0.0;0.0;Showers in the Vicinity
1529406000;25.0;22.0;0.83;SSW;3.0555555555555554;0.0;1016.67;0.0;Mostly Cloudy
1529409600;27.0;21.0;0.7;SSE;6.111111111111111;0.0;1017.67;0.0;Mostly Cloudy
1529413200;28.0;21.0;0.66;SE;6.111111111111111;0.0;1016.67;0.0;Showers in the Vicinity
1529416800;28.0;22.0;0.7;SSE;6.666666666666666;0.0;1016.67;0.0;Partly Cloudy
1529420400;26.0;23.0;0.83;SSE;5.277777777777778;0.0;1016.67;0.0;Showers in the Vicinity
1529424000;27.0;22.0;0.74;SSE;5.277777777777778;0.0;1015.67;0.0;Showers in the Vicinity
1529425980;25.0;22.0;0.83;SSE;8.333333333333334;0.0;0.0;0.0;Light Rain
1529427600;24.0;22.0;0.89;SSE;7.777777777777778;0.0;0.0;0.0;Light Rain
1529429340;24.0;0.0;0.0;SSE;4.722222222222222;0.0;1015.67;0.0;Showers in the Vicinity
1529431200;25.0;22.0;0.83;SSE;6.666666666666666;0.0;1015.67;0.0;Showers in the Vicinity
1529434800;0.0;0.0;0.0;SE;4.722222222222222;0.0;1015.67;0.0;Light Rain
1529438400;0.0;0.0;0.0;S;3.0555555555555554;0.0;1015.67;0.0;Light Rain
1529442000;23.0;21.0;0.88;S;4.166666666666667;0.0;1016.67;0.0;Showers in the Vicinity
1529443500;22.0;21.0;0.94;S;5.555555555555555;0.0;1016.67;0.0;Light Rain
1529445600;22.0;21.0;0.94;SSW;3.0555555555555554;0.0;1016.67;0.0;Rain
1529449200;22.0;21.0;0.94;SSW;3.611111111111111;0.0;1016.67;0.0;Partly Cloudy
1529450940;22.0;21.0;0.94;SSW;3.611111111111111;0.0;1016.67;0.0;Rain
1529452800;22.0;21.0;0.94;SSW;3.0555555555555554;0.0;0.0;0.0;Showers in the Vicinity
1529456400;23.0;21.0;0.88;SW;2.5;0.0;1016.67;0.0;Showers in the Vicinity
1529460000;23.0;21.0;0.88;CALM;0.0;0.0;1016.67;0.0;Light Rain
1529463600;22.0;21.0;0.94;SW;2.5;0.0;1016.67;0.0;Light Rain
1529467200;22.0;21.0;0.94;W;2.5;0.0;1016.67;0.0;Light Rain
1529470800;22.0;20.0;0.88;CALM;0.0;0.0;1015.67;0.0;Mostly Cloudy
1529474400;22.0;20.0;0.88;CALM;0.0;0.0;1015.67;0.0;Showers in the Vicinity
1529478000;22.0;20.0;0.88;SW;2.5;0.0;1015.67;0.0;Showers in the Vicinity
1529481600;22.0;20.0;0.88;SW;2.5;0.0;1015.67;0.0;Light Rain
1529485200;22.0;20.0;0.88;SSW;2.5;0.0;1015.67;0.0;Showers in the Vicinity
1529488800;23.0;20.0;0.83;SSW;3.0555555555555554;0.0;1016.67;0.0;Partly Cloudy
1529492400;26.0;20.0;0.69;S;7.777777777777778;0.0;1016.67;0.0;Partly Cloudy
1529496000;27.0;18.0;0.58;S;7.222222222222222;0.0;1017.67;0.0;Partly Cloudy
1529499600;28.0;20.0;0.62;SSE;8.333333333333334;0.0;1017.67;0.0;Mostly Cloudy
1529503200;28.0;20.0;0.62;S;7.222222222222222;0.0;1016.67;0.0;Mostly Cloudy
1529506800;28.0;21.0;0.66;SSE;7.777777777777778;0.0;1016.67;0.0;Mostly Cloudy
1529510400;28.0;20.0;0.62;SSE;7.777777777777778;0.0;1015.67;0.0;Mostly Cloudy
1529514000;28.0;19.0;0.58;SSE;7.777777777777778;0.0;1014.67;0.0;Mostly Cloudy
1529517600;27.0;20.0;0.65;SSE;7.222222222222222;0.0;1014.67;0.0;Partly Cloudy
1529521200;27.0;20.0;0.65;SSE;7.222222222222222;0.0;1014.67;0.0;Partly Cloudy
1529524800;26.0;19.0;0.65;SSE;7.222222222222222;0.0;1015.67;0.0;Partly Cloudy
1529528400;26.0;20.0;0.69;S;5.555555555555555;0.0;1015.67;0.0;Fair
1529532000;25.0;19.0;0.69;SSE;5.555555555555555;0.0;1015.67;0.0;Fair
1529535600;25.0;19.0;0.69;SSE;5.277777777777778;0.0;1015.67;0.0;Fair
1529539200;24.0;18.0;0.69;SSW;2.5;0.0;1016.67;0.0;Fair
1529542800;23.0;19.0;0.78;SW;2.5;0.0;1015.67;0.0;Fair
1529546400;23.0;19.0;0.78;SSW;1.9444444444444444;0.0;1015.67;0.0;Mostly Cloudy
1529550000;23.0;20.0;0.83;SW;1.6666666666666665;0.0;1015.67;0.0;Mostly Cloudy
1529553600;22.0;19.0;0.83;WSW;1.1111111111111112;0.0;1015.67;0.0;Partly Cloudy
1529557200;22.0;20.0;0.88;WSW;1.1111111111111112;0.0;1014.67;0.0;Mostly Cloudy
1529560800;22.0;20.0;0.88;WSW;1.1111111111111112;0.0;1014.67;0.0;Partly Cloudy
1529564400;22.0;20.0;0.88;WSW;1.1111111111111112;0.0;1014.67;0.0;Mostly Cloudy
1529568000;22.0;20.0;0.88;WSW;1.6666666666666665;0.0;1014.67;0.0;Partly Cloudy
1529571600;21.0;20.0;0.94;SSW;1.1111111111111112;0.0;1015.67;0.0;Partly Cloudy
1529575200;22.0;20.0;0.88;S;1.1111111111111112;0.0;1015.67;0.0;Partly Cloudy
1529578800;24.0;21.0;0.83;SSW;1.9444444444444444;0.0;1016.67;0.0;Mostly Cloudy
1529582400;27.0;22.0;0.74;SE;5.277777777777778;0.0;1016.67;0.0;Partly Cloudy
1529586000;28.0;22.0;0.7;SE;6.111111111111111;0.0;1016.67;0.0;Partly Cloudy
1529589600;28.0;21.0;0.66;SE;6.666666666666666;0.0;1016.67;0.0;Showers in the Vicinity
1529593200;28.0;21.0;0.66;SE;6.666666666666666;0.0;1015.67;0.0;Partly Cloudy
1529596800;28.0;19.0;0.58;ESE;6.111111111111111;0.0;1015.67;0.0;Fair
1529600400;28.0;20.0;0.62;ESE;5.555555555555555;0.0;1015.67;0.0;Fair
1529604000;28.0;20.0;0.62;SE;5.555555555555555;0.0;1014.67;0.0;Partly Cloudy
1529607600;27.0;20.0;0.65;SE;5.277777777777778;0.0;1014.67;0.0;Mostly Cloudy
1529611200;26.0;20.0;0.69;SE;5.555555555555555;0.0;1015.67;0.0;Mostly Cloudy
1529614800;27.0;20.0;0.65;SE;5.277777777777778;0.0;1015.67;0.0;Mostly Cloudy
1529618400;26.0;20.0;0.69;SE;4.722222222222222;0.0;1016.67;0.0;Partly Cloudy
1529622000;26.0;21.0;0.74;SE;4.166666666666667;0.0;1016.67;0.0;Partly Cloudy
1529625600;26.0;21.0;0.74;SE;3.611111111111111;0.0;1016.67;0.0;Mostly Cloudy
1529629200;25.0;20.0;0.74;SE;4.722222222222222;0.0;1016.67;0.0;Mostly Cloudy
1529630700;24.0;21.0;0.83;E;3.611111111111111;0.0;1016.67;0.0;Light Rain
1529632800;25.0;20.0;0.74;ESE;2.5;0.0;1016.67;0.0;Showers in the Vicinity
1529636400;25.0;20.0;0.74;SE;3.0555555555555554;0.0;1016.67;0.0;Mostly Cloudy
1529640000;26.0;20.0;0.69;SE;4.166666666666667;0.0;1015.67;0.0;Partly Cloudy
1529643600;26.0;19.0;0.65;ESE;4.722222222222222;0.0;1015.67;0.0;Mostly Cloudy
1529647200;26.0;18.0;0.61;SE;5.555555555555555;0.0;1014.67;0.0;Fair
1529650800;25.0;19.0;0.69;SE;5.277777777777778;0.0;1015.67;0.0;Partly Cloudy
1529654400;26.0;20.0;0.69;SE;5.277777777777778;0.0;1015.67;0.0;Mostly Cloudy
1529658000;25.0;18.0;0.65;SE;4.722222222222222;0.0;1015.67;0.0;Fair
1529661600;26.0;18.0;0.61;SE;5.277777777777778;0.0;1016.67;0.0;Fair
1529665200;27.0;18.0;0.58;ESE;5.277777777777778;0.0;1016.67;0.0;Mostly Cloudy
1529668800;28.0;19.0;0.58;ESE;7.222222222222222;0.0;1017.67;0.0;Fair
1529672400;28.0;19.0;0.58;ESE;5.277777777777778;0.0;1016.67;0.0;Fair
1529676000;29.0;19.0;0.55;SE;5.555555555555555;0.0;1016.67;0.0;Fair
1529679600;28.0;19.0;0.58;SE;6.111111111111111;0.0;1015.67;0.0;Fair
1529683200;28.0;19.0;0.58;SE;5.555555555555555;0.0;1015.67;0.0;Fair
1529686800;28.0;20.0;0.62;ESE;5.277777777777778;0.0;1014.67;0.0;Partly Cloudy
1529690400;28.0;18.0;0.54;SE;5.555555555555555;0.0;1014.67;0.0;Fair
1529694000;28.0;18.0;0.54;ESE;4.722222222222222;0.0;1014.67;0.0;Fair
1529697600;27.0;19.0;0.61;SE;4.722222222222222;0.0;1014.67;0.0;Fair
1529701200;27.0;19.0;0.61;SE;4.166666666666667;0.0;1015.67;0.0;Fair
1529704800;26.0;18.0;0.61;SE;4.722222222222222;0.0;1015.67;0.0;Fair
1529708400;26.0;19.0;0.65;SE;4.166666666666667;0.0;1015.67;0.0;Fair
1529712000;25.0;19.0;0.69;SSE;4.166666666666667;0.0;1015.67;0.0;Fair
1529715600;25.0;21.0;0.78;SE;3.611111111111111;0.0;1015.67;0.0;Fair
1529719200;26.0;20.0;0.69;SE;3.611111111111111;0.0;1015.67;0.0;Partly Cloudy
1529722800;26.0;20.0;0.69;SE;5.555555555555555;0.0;1014.67;0.0;Fair
1529726400;26.0;19.0;0.65;SE;4.722222222222222;0.0;1014.67;0.0;Partly Cloudy
1529730000;25.0;19.0;0.69;SE;5.277777777777778;0.0;1013.68;0.0;Fair
1529733600;25.0;19.0;0.69;SE;5.277777777777778;0.0;1013.68;0.0;Fair
1529737200;25.0;19.0;0.69;SE;4.722222222222222;0.0;1013.68;0.0;Fair
1529740800;26.0;19.0;0.65;SE;5.277777777777778;0.0;1013.68;0.0;Partly Cloudy
1529744400;26.0;19.0;0.65;SE;5.555555555555555;0.0;1014.67;0.0;Partly Cloudy
1529748000;26.0;20.0;0.69;SE;4.722222222222222;0.0;1014.67;0.0;Partly Cloudy
1529751600;27.0;20.0;0.65;ESE;6.111111111111111;0.0;1015.67;0.0;Partly Cloudy
1529755200;28.0;20.0;0.62;SE;6.111111111111111;0.0;1015.67;0.0;Partly Cloudy
1529758800;27.0;20.0;0.65;SE;7.222222222222222;0.0;1015.67;0.0;Fair
1529762400;28.0;20.0;0.62;SE;7.777777777777778;0.0;1015.67;0.0;Fair
1529766000;28.0;18.0;0.54;SE;7.222222222222222;0.0;1014.67;0.0;Fair
1529769600;28.0;19.0;0.58;SE;6.666666666666666;0.0;1013.68;0.0;Fair
1529773200;29.0;19.0;0.55;SSE;7.222222222222222;0.0;1013.68;0.0;Fair
1529776800;28.0;20.0;0.62;SSE;7.777777777777778;0.0;1013.68;0.0;Partly Cloudy
1529780400;27.0;20.0;0.65;SSE;7.222222222222222;0.0;1013.68;0.0;Partly Cloudy
1529784000;26.0;20.0;0.69;SSE;7.222222222222222;0.0;1013.68;0.0;Mostly Cloudy
1529787600;26.0;21.0;0.74;SSE;6.666666666666666;0.0;1013.68;0.0;Mostly Cloudy
1529791200;26.0;21.0;0.74;SE;5.277777777777778;0.0;1014.67;0.0;Showers in the Vicinity
1529794800;26.0;21.0;0.74;SE;5.277777777777778;0.0;1014.67;0.0;Partly Cloudy
1529798400;26.0;21.0;0.74;SSE;5.277777777777778;0.0;1014.67;0.0;Partly Cloudy
1529802000;26.0;21.0;0.74;SE;6.111111111111111;0.0;1015.67;0.0;Partly Cloudy
1529805600;26.0;21.0;0.74;SE;6.111111111111111;0.0;1014.67;0.0;Partly Cloudy
1529809200;26.0;21.0;0.74;SSE;6.111111111111111;0.0;1014.67;0.0;Partly Cloudy
1529812800;26.0;21.0;0.74;SSE;6.111111111111111;0.0;1013.68;0.0;Mostly Cloudy
1529816400;24.0;22.0;0.89;SSE;7.777777777777778;0.0;1013.68;0.0;Partly Cloudy
1529820000;25.0;22.0;0.83;SE;5.555555555555555;0.0;1012.68;0.0;Partly Cloudy
1529823600;24.0;22.0;0.89;SE;5.555555555555555;0.0;1012.68;0.0;Mostly Cloudy
1529827200;23.0;22.0;0.94;SE;4.722222222222222;0.0;1013.68;0.0;Light Rain
1529830800;23.0;22.0;0.94;SSE;5.277777777777778;0.0;1013.68;0.0;Showers in the Vicinity
1529832900;23.0;22.0;0.94;SE;6.666666666666666;0.0;1013.68;0.0;Rain
1529834400;23.0;22.0;0.94;SE;7.222222222222222;12.222222222222221;1013.68;0.0;Rain
1529838000;24.0;22.0;0.89;ESE;6.666666666666666;0.0;1014.67;0.0;Light Rain
1529841600;24.0;22.0;0.89;ESE;6.111111111111111;11.944444444444445;1014.67;0.0;Showers in the Vicinity
1529842740;24.0;21.0;0.83;SE;7.777777777777778;0.0;1014.67;0.0;Light Rain
1529845200;25.0;22.0;0.83;SSE;5.277777777777778;0.0;1014.67;0.0;Showers in the Vicinity
1529848800;27.0;21.0;0.7;SSE;7.222222222222222;0.0;1014.67;0.0;Mostly Cloudy
1529852400;28.0;21.0;0.66;SE;7.777777777777778;0.0;1013.68;0.0;Partly Cloudy
1529856000;27.0;21.0;0.7;SE;7.222222222222222;0.0;1012.68;0.0;Showers in the Vicinity
1529859600;27.0;21.0;0.7;SE;7.222222222222222;0.0;0.0;0.0;Showers in the Vicinity
1529863200;27.0;21.0;0.7;SE;7.222222222222222;0.0;1011.68;0.0;Mostly Cloudy
1529866800;26.0;21.0;0.74;SE;6.111111111111111;0.0;1012.68;0.0;Mostly Cloudy
1529870400;26.0;19.0;0.65;SE;7.222222222222222;0.0;1012.68;0.0;Mostly Cloudy
1529874000;26.0;19.0;0.65;SE;6.111111111111111;0.0;1012.68;0.0;Mostly Cloudy
1529877600;26.0;20.0;0.69;SE;6.666666666666666;0.0;1013.68;0.0;Mostly Cloudy
1529881200;26.0;20.0;0.69;SE;6.111111111111111;0.0;1013.68;0.0;Mostly Cloudy
1529884800;26.0;20.0;0.69;SE;5.277777777777778;0.0;1013.68;0.0;Mostly Cloudy
1529888400;26.0;20.0;0.69;SE;5.277777777777778;0.0;1013.68;0.0;Partly Cloudy
1529892000;25.0;21.0;0.78;SE;5.277777777777778;0.0;1013.68;0.0;Partly Cloudy
1529893800;25.0;21.0;0.78;SE;5.277777777777778;10.833333333333334;1013.68;0.0;Light Rain
1529895600;23.0;20.0;0.83;SSE;6.111111111111111;0.0;1013.68;0.0;Showers in the Vicinity
1529899200;23.0;20.0;0.83;E;4.722222222222222;0.0;1012.68;0.0;Showers in the Vicinity
1529902800;25.0;18.0;0.65;SE;3.611111111111111;0.0;1011.68;0.0;Mostly Cloudy
1529906400;25.0;21.0;0.78;SE;3.0555555555555554;0.0;1011.68;0.0;Mostly Cloudy
1529910000;24.0;19.0;0.73;SSE;7.777777777777778;0.0;1012.68;0.0;Showers in the Vicinity
1529913600;24.0;21.0;0.83;S;3.0555555555555554;0.0;1012.68;0.0;Mostly Cloudy
1529917200;25.0;20.0;0.74;SE;5.277777777777778;0.0;1012.68;0.0;Partly Cloudy
1529920800;26.0;20.0;0.69;SE;5.277777777777778;0.0;1013.68;0.0;Partly Cloudy
1529924400;27.0;21.0;0.7;SSE;6.111111111111111;0.0;1013.68;0.0;Fair
1529928000;27.0;21.0;0.7;SSE;6.666666666666666;0.0;1014.67;0.0;Fair
1529931600;28.0;18.0;0.54;SE;5.277777777777778;0.0;1014.67;0.0;Fair
1529935200;28.0;19.0;0.58;SE;6.111111111111111;0.0;1014.67;0.0;Fair
1529938800;28.0;19.0;0.58;SE;5.555555555555555;0.0;1013.68;0.0;Partly Cloudy
1529942400;28.0;20.0;0.62;SE;6.666666666666666;0.0;1012.68;0.0;Showers in the Vicinity
1529946000;27.0;21.0;0.7;ESE;7.222222222222222;0.0;1012.68;0.0;Fair
1529949600;27.0;20.0;0.65;ESE;6.111111111111111;0.0;1012.68;0.0;Mostly Cloudy
1529953200;27.0;20.0;0.65;SE;4.722222222222222;0.0;1012.68;0.0;Mostly Cloudy
1529956800;27.0;19.0;0.61;SE;4.722222222222222;0.0;1012.68;0.0;Mostly Cloudy
1529960400;26.0;19.0;0.65;SE;4.166666666666667;0.0;1012.68;0.0;Mostly Cloudy
1529964000;26.0;19.0;0.65;SE;5.277777777777778;0.0;1013.68;0.0;Mostly Cloudy
1529967600;26.0;20.0;0.69;SSE;5.555555555555555;0.0;1013.68;0.0;Partly Cloudy
1529971200;25.0;20.0;0.74;SE;4.166666666666667;0.0;1014.67;0.0;Partly Cloudy
1529974800;26.0;20.0;0.69;SSE;4.166666666666667;0.0;1014.67;0.0;Partly Cloudy
1529978400;25.0;19.0;0.69;SE;3.0555555555555554;0.0;1014.67;0.0;Partly Cloudy
1529982000;25.0;20.0;0.74;SE;3.0555555555555554;0.0;1013.68;0.0;Fair
1529985600;23.0;20.0;0.83;SW;1.9444444444444444;0.0;1012.68;0.0;Fair
1529989200;22.0;19.0;0.83;CALM;0.0;0.0;1012.68;0.0;Partly Cloudy
1529992800;21.0;20.0;0.94;SW;1.6666666666666665;0.0;1011.68;0.0;Partly Cloudy
1529996400;21.0;19.0;0.88;S;1.1111111111111112;0.0;1011.68;0.0;Fair
1530000000;21.0;20.0;0.94;SW;1.6666666666666665;0.0;1011.68;0.0;Mostly Cloudy
1530003600;21.0;20.0;0.94;WSW;1.6666666666666665;0.0;1012.68;0.0;Light Rain
1530007200;22.0;20.0;0.88;SSW;1.1111111111111112;0.0;1012.68;0.0;Partly Cloudy
1530009000;23.0;0.0;0.0;SSW;1.9444444444444444;0.0;1013.68;0.0;Rain Shower
1530010800;0.0;0.0;0.0;SW;1.9444444444444444;0.0;1013.68;0.0;Light Rain Shower
1530014400;25.0;22.0;0.83;S;2.5;0.0;0.0;0.0;Mostly Cloudy
1530018000;26.0;22.0;0.78;S;3.611111111111111;0.0;1014.67;0.0;Partly Cloudy
1530021600;27.0;22.0;0.74;SSE;4.722222222222222;0.0;1013.68;0.0;Mostly Cloudy
1530025200;28.0;22.0;0.7;SSE;6.666666666666666;0.0;1012.68;0.0;Mostly Cloudy
1530026340;27.0;22.0;0.74;SE;6.111111111111111;0.0;0.0;0.0;Light Rain Shower
1530028800;27.0;21.0;0.7;SE;6.666666666666666;0.0;1012.68;0.0;Mostly Cloudy
1530032400;27.0;22.0;0.74;SSE;6.666666666666666;0.0;1011.68;0.0;Partly Cloudy
1530036000;27.0;21.0;0.7;SSE;6.666666666666666;0.0;1011.68;0.0;Partly Cloudy
1530039600;27.0;21.0;0.7;SE;6.111111111111111;0.0;1011.68;0.0;Partly Cloudy
1530043200;26.0;21.0;0.74;SSE;5.277777777777778;0.0;1012.68;0.0;Partly Cloudy
1530046800;25.0;21.0;0.78;S;6.111111111111111;0.0;1012.68;0.0;Partly Cloudy
1530050400;25.0;21.0;0.78;S;4.166666666666667;0.0;1013.68;0.0;Partly Cloudy
1530054000;24.0;20.0;0.78;SSW;1.9444444444444444;0.0;1014.67;0.0;Fair
1530057600;24.0;20.0;0.78;SW;2.5;0.0;1014.67;0.0;Partly Cloudy
1530061200;24.0;20.0;0.78;SW;1.9444444444444444;0.0;1015.67;0.0;Light Rain
1530064800;23.0;21.0;0.88;SSW;1.6666666666666665;0.0;1014.67;0.0;Mostly Cloudy
1530068400;23.0;21.0;0.88;ENE;1.6666666666666665;0.0;1014.67;0.0;Showers in the Vicinity
1530068700;22.0;21.0;0.94;ESE;4.722222222222222;0.0;0.0;0.0;Light Rain
1530072000;22.0;21.0;0.94;SW;1.9444444444444444;0.0;1014.67;0.0;Light Rain
1530075600;22.0;21.0;0.94;SSW;1.1111111111111112;0.0;1013.68;0.0;Mostly Cloudy
1530079200;22.0;21.0;0.94;SSW;1.1111111111111112;0.0;1013.68;0.0;Mostly Cloudy
1530082800;22.0;21.0;0.94;SW;1.9444444444444444;0.0;1013.68;0.0;Mostly Cloudy
1530086400;22.0;21.0;0.94;SSW;2.5;0.0;1013.68;0.0;Mostly Cloudy
1530090000;22.0;21.0;0.94;S;0.5555555555555556;0.0;1013.68;0.0;Showers in the Vicinity
1530093600;23.0;21.0;0.88;SW;1.9444444444444444;0.0;1014.67;0.0;Mostly Cloudy
1530097200;24.0;21.0;0.83;S;1.9444444444444444;0.0;1014.67;0.0;Partly Cloudy
1530100800;23.0;22.0;0.94;ESE;2.5;0.0;1015.67;0.0;Showers in the Vicinity
1530104400;25.0;22.0;0.83;ESE;2.5;0.0;1015.67;0.0;Mostly Cloudy
1530108000;25.0;22.0;0.83;SE;5.555555555555555;0.0;1014.67;0.0;Partly Cloudy
1530111600;27.0;21.0;0.7;SE;3.611111111111111;0.0;1014.67;0.0;Partly Cloudy
1530115200;25.0;21.0;0.78;SSE;9.722222222222221;0.0;1013.68;0.0;Mostly Cloudy / Windy
1530118800;26.0;21.0;0.74;S;4.722222222222222;0.0;1012.68;0.0;Partly Cloudy
1530122400;24.0;21.0;0.83;SSE;7.222222222222222;0.0;1012.68;0.0;Light Rain Shower
1530126000;23.0;21.0;0.88;SE;5.555555555555555;0.0;1012.68;0.0;Light Rain
1530128400;23.0;22.0;0.94;SSE;6.666666666666666;0.0;1012.68;0.0;Rain
1530129600;23.0;21.0;0.88;SE;4.166666666666667;0.0;1012.68;0.0;Light Rain
1530133200;23.0;22.0;0.94;N;1.1111111111111112;0.0;1013.68;0.0;Light Rain
1530136800;23.0;22.0;0.94;W;1.9444444444444444;0.0;1013.68;0.0;Mostly Cloudy
1530140400;24.0;22.0;0.89;SSW;2.5;0.0;1013.68;0.0;Mostly Cloudy
1530144000;25.0;21.0;0.78;SE;5.277777777777778;0.0;1014.67;0.0;Partly Cloudy
1530147600;25.0;21.0;0.78;SE;6.111111111111111;0.0;1014.67;0.0;Mostly Cloudy
1530151200;25.0;21.0;0.78;S;4.722222222222222;0.0;1014.67;0.0;Partly Cloudy
1530154800;24.0;21.0;0.83;S;2.5;0.0;1014.67;0.0;Partly Cloudy
1530158400;23.0;21.0;0.88;SW;2.5;0.0;1013.68;0.0;Partly Cloudy
1530162000;23.0;21.0;0.88;SSW;1.1111111111111112;0.0;1013.68;0.0;Partly Cloudy
1530165600;22.0;21.0;0.94;S;1.1111111111111112;0.0;1012.68;0.0;Partly Cloudy
1530169200;23.0;21.0;0.88;S;4.722222222222222;0.0;1013.68;0.0;Mostly Cloudy
1530172800;22.0;21.0;0.94;SSW;3.611111111111111;0.0;1013.68;0.0;Mostly Cloudy
1530176400;23.0;21.0;0.88;SW;1.9444444444444444;0.0;1013.68;0.0;Mostly Cloudy
1530180000;23.0;21.0;0.88;WSW;1.6666666666666665;0.0;1014.67;0.0;Mostly Cloudy
1530183600;24.0;21.0;0.83;SW;2.5;0.0;1014.67;0.0;Showers in the Vicinity
1530187200;24.0;22.0;0.89;SSW;3.611111111111111;0.0;1015.67;0.0;Light Rain
1530190800;27.0;22.0;0.74;S;4.166666666666667;0.0;1015.67;0.0;Partly Cloudy
1530194400;25.0;23.0;0.89;S;4.166666666666667;0.0;1014.67;0.0;Partly Cloudy
1530198000;27.0;21.0;0.7;SE;7.777777777777778;0.0;1014.67;0.0;Partly Cloudy
1530201600;27.0;21.0;0.7;SE;6.111111111111111;0.0;1013.68;0.0;Partly Cloudy
1530205200;27.0;20.0;0.65;SE;6.111111111111111;0.0;1012.68;0.0;Partly Cloudy
1530208800;27.0;20.0;0.65;SSE;6.666666666666666;0.0;1012.68;0.0;Partly Cloudy
1530212400;27.0;20.0;0.65;SSE;6.111111111111111;0.0;1012.68;0.0;Mostly Cloudy
1530216000;26.0;21.0;0.74;SSE;5.277777777777778;0.0;1012.68;0.0;Partly Cloudy
1530219600;26.0;21.0;0.74;S;5.277777777777778;0.0;1012.68;0.0;Partly Cloudy
1530223200;24.0;21.0;0.83;SW;4.166666666666667;0.0;1012.68;0.0;Showers in the Vicinity
1530226800;23.0;21.0;0.88;SSW;2.5;0.0;1013.68;0.0;Light Rain Shower
1530230400;23.0;21.0;0.88;SSW;3.0555555555555554;0.0;1013.68;0.0;Mostly Cloudy
1530234000;23.0;21.0;0.88;S;1.9444444444444444;0.0;1013.68;0.0;Partly Cloudy
1530237600;25.0;20.0;0.74;SE;6.111111111111111;0.0;1013.68;0.0;Partly Cloudy
1530241200;25.0;20.0;0.74;SE;4.722222222222222;0.0;1013.68;0.0;Mostly Cloudy
1530244800;23.0;21.0;0.88;WSW;1.6666666666666665;0.0;1013.68;0.0;Mostly Cloudy
1530248400;22.0;20.0;0.88;WSW;2.5;0.0;1012.68;0.0;Mostly Cloudy
1530252000;22.0;20.0;0.88;SW;2.5;0.0;1012.68;0.0;Mostly Cloudy
1530255600;21.0;20.0;0.94;SW;1.6666666666666665;0.0;1012.68;0.0;Mostly Cloudy
1530259200;21.0;20.0;0.94;SW;1.1111111111111112;0.0;1012.68;0.0;Partly Cloudy
1530262800;21.0;20.0;0.94;WSW;1.6666666666666665;0.0;1012.68;0.0;Showers in the Vicinity
1530265020;21.0;20.0;0.94;SW;1.6666666666666665;0.0;1013.68;0.0;Light Rain
1530266400;21.0;20.0;0.94;S;1.9444444444444444;0.0;1013.68;0.0;Light Rain
1530270000;23.0;21.0;0.88;SW;1.9444444444444444;0.0;1013.68;0.0;Partly Cloudy
1530273600;25.0;22.0;0.83;SSE;3.611111111111111;0.0;1014.67;0.0;Light Rain
1530277200;23.0;20.0;0.83;SE;5.277777777777778;0.0;1014.67;0.0;Partly Cloudy
1530280800;24.0;22.0;0.89;S;1.9444444444444444;0.0;1014.67;0.0;Partly Cloudy
1530284400;27.0;20.0;0.65;SE;6.111111111111111;0.0;1013.68;0.0;Partly Cloudy
1530288000;27.0;19.0;0.61;SSE;6.666666666666666;0.0;1012.68;0.0;Fair
1530291600;27.0;19.0;0.61;SSE;7.222222222222222;0.0;1012.68;0.0;Partly Cloudy
1530295200;27.0;19.0;0.61;SE;6.111111111111111;0.0;1011.68;0.0;Partly Cloudy
1530298800;26.0;20.0;0.69;SE;6.111111111111111;0.0;1011.68;0.0;Mostly Cloudy
1530302400;26.0;19.0;0.65;SSE;5.555555555555555;0.0;1012.68;0.0;Mostly Cloudy
1530306000;25.0;19.0;0.69;SSE;4.722222222222222;0.0;1012.68;0.0;Partly Cloudy
1530309600;24.0;20.0;0.78;SSE;4.166666666666667;0.0;1012.68;0.0;Partly Cloudy
1530313200;24.0;19.0;0.73;SSW;1.9444444444444444;0.0;1013.68;0.0;Fair
1530316800;23.0;20.0;0.83;SW;1.9444444444444444;0.0;1013.68;0.0;Fair
1530320400;23.0;19.0;0.78;SSW;2.5;0.0;1013.68;0.0;Partly Cloudy
1530324000;22.0;20.0;0.88;SSW;2.5;0.0;1014.67;0.0;Partly Cloudy
1530327600;22.0;19.0;0.83;CALM;0.0;0.0;1012.68;0.0;Partly Cloudy
1530331200;22.0;19.0;0.83;WSW;2.5;0.0;1012.68;0.0;Partly Cloudy
1530334800;21.0;19.0;0.88;SW;3.0555555555555554;0.0;1011.68;0.0;Partly Cloudy
1530338400;21.0;19.0;0.88;SW;2.5;0.0;1011.68;0.0;Partly Cloudy
1530342000;21.0;19.0;0.88;CALM;0.0;0.0;1011.68;0.0;Fair
1530345600;21.0;19.0;0.88;WSW;2.5;0.0;1011.68;0.0;Fair
1530349200;21.0;19.0;0.88;SW;2.5;0.0;1011.68;0.0;Partly Cloudy
1530352800;23.0;19.0;0.78;SW;2.5;0.0;1012.68;0.0;Partly Cloudy
1530356400;24.0;20.0;0.78;SSW;3.0555555555555554;0.0;1012.68;0.0;Fair
1530360000;26.0;21.0;0.74;SSW;3.0555555555555554;0.0;1012.68;0.0;Fair
1530363600;27.0;21.0;0.7;SSE;5.555555555555555;0.0;1012.68;0.0;Partly Cloudy
1530367200;27.0;20.0;0.65;SSE;6.666666666666666;0.0;1012.68;0.0;Partly Cloudy
1530370800;27.0;21.0;0.7;SSE;6.666666666666666;0.0;1011.68;0.0;Partly Cloudy
1530374400;27.0;21.0;0.7;SSE;8.333333333333334;0.0;1010.68;0.0;Mostly Cloudy
1530378000;27.0;21.0;0.7;S;7.777777777777778;0.0;1010.68;0.0;Fair
1530381600;27.0;21.0;0.7;SSE;8.333333333333334;0.0;1010.68;0.0;Fair
1530385200;26.0;21.0;0.74;SSE;7.777777777777778;0.0;1010.68;0.0;Fair
1530388800;25.0;21.0;0.78;SSE;6.111111111111111;0.0;1010.68;0.0;Partly Cloudy
1530392400;25.0;20.0;0.74;S;5.277777777777778;0.0;1010.68;0.0;Fair
1530396000;24.0;21.0;0.83;S;4.166666666666667;0.0;1011.68;0.0;Mostly Cloudy
1530399600;24.0;21.0;0.83;SSW;3.0555555555555554;0.0;1012.68;0.0;Partly Cloudy
1530403200;23.0;21.0;0.88;SSW;2.5;0.0;1012.68;0.0;Fair
1530406800;23.0;20.0;0.83;SW;2.5;0.0;1012.68;0.0;Partly Cloudy
1530410400;22.0;20.0;0.88;SW;1.6666666666666665;0.0;1012.68;0.0;Partly Cloudy
1530414000;22.0;20.0;0.88;SW;2.5;0.0;1012.68;0.0;Partly Cloudy
1530417600;22.0;20.0;0.88;SW;3.0555555555555554;0.0;1012.68;0.0;Partly Cloudy
1530421200;21.0;20.0;0.94;WSW;2.5;0.0;1011.68;0.0;Partly Cloudy
1530424800;22.0;20.0;0.88;SW;2.5;0.0;1011.68;0.0;Partly Cloudy
1530428400;22.0;20.0;0.88;SW;1.6666666666666665;0.0;1011.68;0.0;Partly Cloudy
1530432000;21.0;20.0;0.94;SW;1.9444444444444444;0.0;1011.68;0.0;Fair
1530435600;21.0;20.0;0.94;SW;1.9444444444444444;0.0;1011.68;0.0;Fair
1530439200;22.0;20.0;0.88;SW;3.0555555555555554;0.0;1011.68;0.0;Fair
1530442800;24.0;21.0;0.83;SW;2.5;0.0;1012.68;0.0;Partly Cloudy
1530446400;26.0;21.0;0.74;SSW;3.0555555555555554;0.0;1012.68;0.0;Partly Cloudy
1530450000;26.0;21.0;0.74;SSW;4.166666666666667;0.0;1012.68;0.0;Partly Cloudy
1530453600;27.0;21.0;0.7;SSE;5.277777777777778;0.0;1012.68;0.0;Fair
1530457200;28.0;21.0;0.66;SE;4.722222222222222;0.0;1011.68;0.0;Fair
1530460800;27.0;21.0;0.7;SE;5.555555555555555;0.0;1010.68;0.0;Fair
1530464400;27.0;22.0;0.74;SSE;6.111111111111111;0.0;1010.68;0.0;Fair
1530468000;27.0;22.0;0.74;SSE;6.111111111111111;0.0;1009.68;0.0;Fair
1530471600;27.0;22.0;0.74;SE;4.166666666666667;0.0;1009.68;0.0;Fair
1530475200;25.0;22.0;0.83;SSE;5.277777777777778;0.0;1009.68;0.0;Fair
1530478800;25.0;22.0;0.83;SSE;5.555555555555555;0.0;1010.68;0.0;Partly Cloudy
1530482400;25.0;22.0;0.83;SSE;5.277777777777778;0.0;1011.68;0.0;Partly Cloudy
1530486000;25.0;22.0;0.83;S;3.0555555555555554;0.0;1011.68;0.0;Partly Cloudy
1530489600;25.0;22.0;0.83;SSE;5.277777777777778;0.0;1012.68;0.0;Partly Cloudy
1530493200;25.0;22.0;0.83;SSE;4.722222222222222;0.0;1012.68;0.0;Mostly Cloudy
1530496800;24.0;22.0;0.89;SW;1.9444444444444444;0.0;1012.68;0.0;Mostly Cloudy
1530500400;23.0;22.0;0.94;SW;1.9444444444444444;0.0;1011.68;0.0;Mostly Cloudy
1530504000;23.0;22.0;0.94;SW;0.5555555555555556;0.0;1011.68;0.0;Mostly Cloudy
1530507600;23.0;22.0;0.94;WSW;1.6666666666666665;0.0;1011.68;0.0;Light Rain
1530511200;23.0;20.0;0.83;ESE;1.6666666666666665;0.0;1011.68;0.0;Mostly Cloudy
1530514800;23.0;21.0;0.88;WSW;1.1111111111111112;0.0;1011.68;0.0;Mostly Cloudy
1530518400;22.0;21.0;0.94;W;1.6666666666666665;0.0;1011.68;0.0;Mostly Cloudy
1530522000;22.0;21.0;0.94;WSW;1.1111111111111112;0.0;1011.68;0.0;Partly Cloudy
1530525600;22.0;22.0;1.0;S;4.166666666666667;0.0;1012.68;0.0;Light Rain
1530529200;24.0;22.0;0.89;SSW;2.5;0.0;1012.68;0.0;Partly Cloudy
1530532800;25.0;22.0;0.83;S;2.5;0.0;1013.68;0.0;Partly Cloudy
1530536400;26.0;23.0;0.83;S;3.611111111111111;0.0;1013.68;0.0;Mostly Cloudy
1530540000;27.0;23.0;0.79;SSE;4.166666666666667;0.0;0.0;0.0;Showers in the Vicinity
1530540900;24.0;22.0;0.89;SSE;7.222222222222222;0.0;1012.68;0.0;Rain Shower
1530543600;27.0;23.0;0.79;SE;3.611111111111111;0.0;1012.68;0.0;Showers in the Vicinity
1530547200;27.0;22.0;0.74;ESE;4.722222222222222;0.0;1011.68;0.0;Mostly Cloudy
1530550800;28.0;22.0;0.7;SE;4.166666666666667;0.0;1010.68;0.0;Mostly Cloudy
1530554400;27.0;22.0;0.74;SE;4.722222222222222;0.0;1010.68;0.0;Mostly Cloudy
1530558000;26.0;22.0;0.78;SE;4.166666666666667;0.0;1010.68;0.0;Mostly Cloudy
1530561600;26.0;22.0;0.78;SE;4.166666666666667;0.0;1011.68;0.0;Mostly Cloudy
1530565200;26.0;21.0;0.74;SE;3.0555555555555554;0.0;1011.68;0.0;Mostly Cloudy
1530568800;24.0;22.0;0.89;SSW;1.9444444444444444;0.0;1011.68;0.0;Mostly Cloudy
1530572400;24.0;22.0;0.89;SSW;1.1111111111111112;0.0;1011.68;0.0;Mostly Cloudy
1530576000;24.0;22.0;0.89;SSW;1.6666666666666665;0.0;1012.68;0.0;Mostly Cloudy
1530579600;23.0;22.0;0.94;SW;2.5;0.0;1012.68;0.0;Mostly Cloudy
1530583200;23.0;22.0;0.94;WSW;2.5;0.0;1012.68;0.0;Mostly Cloudy
1530586800;23.0;22.0;0.94;SW;2.5;0.0;1012.68;0.0;Mostly Cloudy
1530590400;23.0;21.0;0.88;SSW;1.9444444444444444;0.0;1011.68;0.0;Mostly Cloudy
1530594000;23.0;21.0;0.88;SSW;2.5;0.0;1011.68;0.0;Mostly Cloudy
1530597600;22.0;21.0;0.94;SSW;1.9444444444444444;0.0;1011.68;0.0;Mostly Cloudy
1530601200;22.0;21.0;0.94;SSW;4.166666666666667;0.0;1011.68;0.0;Mostly Cloudy
1530604800;22.0;21.0;0.94;SSW;2.5;0.0;1011.68;0.0;Partly Cloudy
1530608400;22.0;21.0;0.94;SSW;1.6666666666666665;0.0;1012.68;0.0;Partly Cloudy
1530612000;23.0;21.0;0.88;SSW;3.0555555555555554;0.0;1012.68;0.0;Partly Cloudy
1530615600;25.0;22.0;0.83;SSW;2.5;0.0;1013.68;0.0;Fair
1530619200;26.0;22.0;0.78;S;5.277777777777778;0.0;1013.68;0.0;Partly Cloudy
1530622800;27.0;22.0;0.74;SSE;7.777777777777778;0.0;1013.68;0.0;Partly Cloudy
1530626400;27.0;22.0;0.74;S;8.333333333333334;0.0;1013.68;0.0;Partly Cloudy
1530630000;28.0;21.0;0.66;SSE;8.333333333333334;0.0;1012.68;0.0;Fair
1530633600;27.0;21.0;0.7;SSE;8.333333333333334;0.0;1012.68;0.0;Partly Cloudy
1530637200;27.0;21.0;0.7;SSE;8.333333333333334;0.0;1011.68;0.0;Partly Cloudy
1530640800;26.0;20.0;0.69;SSE;7.222222222222222;0.0;1011.68;0.0;Mostly Cloudy
1530644400;26.0;22.0;0.78;SSE;7.777777777777778;0.0;1011.68;0.0;Partly Cloudy
1530648000;25.0;20.0;0.74;SSE;6.111111111111111;0.0;1012.68;0.0;Partly Cloudy
1530651600;25.0;21.0;0.78;SE;4.722222222222222;10.277777777777777;1012.68;0.0;Partly Cloudy
1530655200;25.0;21.0;0.78;SSE;4.166666666666667;0.0;1012.68;0.0;Fair
1530658800;25.0;21.0;0.78;SSE;4.166666666666667;0.0;1013.68;0.0;Fair
1530662400;24.0;21.0;0.83;S;3.611111111111111;0.0;1013.68;0.0;Fair
1530666000;23.0;21.0;0.88;SSW;2.5;0.0;1013.68;0.0;Partly Cloudy
1530669600;23.0;21.0;0.88;SSW;1.9444444444444444;0.0;1013.68;0.0;Partly Cloudy
1530673200;22.0;21.0;0.94;SW;1.6666666666666665;0.0;1013.68;0.0;Mostly Cloudy
1530676800;22.0;21.0;0.94;SSW;1.6666666666666665;0.0;1012.68;0.0;Partly Cloudy
1530680400;22.0;20.0;0.88;SW;1.9444444444444444;0.0;1012.68;0.0;Fair
1530684000;21.0;20.0;0.94;SE;0.5555555555555556;0.0;1012.68;0.0;Fair
1530687600;21.0;20.0;0.94;CALM;0.0;0.0;1012.68;0.0;Fair
1530691200;21.0;20.0;0.94;CALM;0.0;0.0;1012.68;0.0;Fair
1530694800;21.0;20.0;0.94;SSW;1.1111111111111112;0.0;1012.68;0.0;Fair
1530698400;22.0;20.0;0.88;SW;1.6666666666666665;0.0;1013.68;0.0;Fair
1530702000;25.0;21.0;0.78;SSW;3.611111111111111;0.0;1013.68;0.0;Fair
1530705600;26.0;22.0;0.78;S;5.277777777777778;0.0;1013.68;0.0;Partly Cloudy
1530709200;27.0;21.0;0.7;SSE;6.111111111111111;0.0;1013.68;0.0;Partly Cloudy
1530712800;27.0;21.0;0.7;S;6.111111111111111;0.0;1013.68;0.0;Partly Cloudy
1530716400;28.0;22.0;0.7;S;7.777777777777778;0.0;1012.68;0.0;Mostly Cloudy
1530720000;27.0;22.0;0.74;SSE;7.777777777777778;0.0;1012.68;0.0;Mostly Cloudy
1530723600;28.0;21.0;0.66;S;8.333333333333334;0.0;1011.68;0.0;Partly Cloudy
1530727200;27.0;21.0;0.7;S;8.61111111111111;0.0;1011.68;0.0;Fair
1530730800;26.0;21.0;0.74;SSE;8.61111111111111;0.0;1012.68;0.0;Partly Cloudy
1530734400;26.0;20.0;0.69;SSE;8.333333333333334;0.0;1012.68;0.0;Fair
1530738000;25.0;21.0;0.78;SSE;8.333333333333334;0.0;1012.68;0.0;Fair
1530741600;26.0;20.0;0.69;SSE;7.777777777777778;0.0;1013.68;0.0;Fair
1530745200;25.0;20.0;0.74;SSE;6.666666666666666;0.0;1013.68;0.0;Fair
1530748800;25.0;20.0;0.74;SSE;5.555555555555555;0.0;1014.67;0.0;Fair
1530752400;25.0;20.0;0.74;S;5.555555555555555;0.0;1014.67;0.0;Partly Cloudy
1530756000;25.0;20.0;0.74;S;6.111111111111111;0.0;1014.67;0.0;Partly Cloudy
1530759600;24.0;20.0;0.78;S;3.611111111111111;0.0;1013.68;0.0;Partly Cloudy
1530763200;23.0;20.0;0.83;SSW;2.5;0.0;1013.68;0.0;Partly Cloudy
1530766800;22.0;20.0;0.88;SW;1.9444444444444444;0.0;1013.68;0.0;Partly Cloudy
1530770400;22.0;20.0;0.88;SW;1.1111111111111112;0.0;1013.68;0.0;Partly Cloudy
1530774000;21.0;20.0;0.94;CALM;0.0;0.0;1013.68;0.0;Fair
1530777600;22.0;20.0;0.88;SSW;1.9444444444444444;0.0;1013.68;0.0;Partly Cloudy
1530781200;22.0;20.0;0.88;S;2.5;0.0;1013.68;0.0;Partly Cloudy
1530784800;22.0;20.0;0.88;SSW;3.0555555555555554;0.0;1013.68;0.0;Showers in the Vicinity
1530788400;24.0;21.0;0.83;S;3.611111111111111;0.0;1014.67;0.0;Fair
1530792000;26.0;22.0;0.78;S;5.277777777777778;0.0;1014.67;0.0;Partly Cloudy
1530795600;27.0;22.0;0.74;SSE;6.666666666666666;0.0;1014.67;0.0;Partly Cloudy
1530799200;27.0;22.0;0.74;SSE;7.222222222222222;0.0;1013.68;0.0;Partly Cloudy
1530802800;26.0;22.0;0.78;SSE;6.666666666666666;0.0;1013.68;0.0;Mostly Cloudy
1530806400;27.0;22.0;0.74;SSE;6.666666666666666;0.0;1012.68;0.0;Fair
1530810000;28.0;22.0;0.7;SSE;6.666666666666666;0.0;1012.68;0.0;Fair
1530813600;27.0;22.0;0.74;SSE;6.111111111111111;0.0;1012.68;0.0;Partly Cloudy
1530817200;25.0;23.0;0.89;SE;4.722222222222222;0.0;1012.68;0.0;Partly Cloudy
1530820800;26.0;22.0;0.78;SE;4.722222222222222;0.0;1013.68;0.0;Partly Cloudy
1530824400;26.0;22.0;0.78;ESE;6.111111111111111;0.0;1013.68;0.0;Partly Cloudy
1530828000;26.0;22.0;0.78;ESE;5.277777777777778;0.0;1013.68;0.0;Partly Cloudy
1530831600;26.0;21.0;0.74;ESE;3.611111111111111;0.0;1014.67;0.0;Partly Cloudy
1530835200;25.0;22.0;0.83;ESE;4.166666666666667;0.0;1014.67;0.0;Mostly Cloudy
1530838800;26.0;22.0;0.78;SE;3.611111111111111;0.0;1014.67;0.0;Mostly Cloudy
1530842400;25.0;23.0;0.89;ESE;3.0555555555555554;0.0;1014.67;0.0;Mostly Cloudy
1530846000;26.0;22.0;0.78;ESE;4.722222222222222;0.0;1014.67;0.0;Mostly Cloudy
1530849600;26.0;22.0;0.78;SE;3.611111111111111;0.0;1013.68;0.0;Mostly Cloudy
1530853200;26.0;22.0;0.78;SE;4.166666666666667;0.0;1013.68;0.0;Partly Cloudy
1530854580;25.0;21.0;0.78;SE;4.722222222222222;0.0;1013.68;0.0;Rain
1530856800;24.0;22.0;0.89;SE;4.722222222222222;0.0;1012.68;0.0;Cloudy
1530860400;25.0;22.0;0.83;SE;5.277777777777778;0.0;1012.68;0.0;Mostly Cloudy
1530864000;25.0;22.0;0.83;SE;4.166666666666667;0.0;1013.68;0.0;Mostly Cloudy
1530867600;25.0;22.0;0.83;SSE;5.555555555555555;0.0;1013.68;0.0;Partly Cloudy
1530871200;26.0;22.0;0.78;SE;5.555555555555555;0.0;1013.68;0.0;Partly Cloudy
1530874800;26.0;23.0;0.83;SE;4.166666666666667;0.0;1014.67;0.0;Partly Cloudy
1530878400;26.0;22.0;0.78;SE;6.666666666666666;0.0;1014.67;0.0;Mostly Cloudy
1530882000;27.0;22.0;0.74;SE;6.666666666666666;0.0;1014.67;0.0;Mostly Cloudy
1530885600;28.0;23.0;0.74;SE;6.111111111111111;0.0;1014.67;0.0;Partly Cloudy
1530889200;27.0;23.0;0.79;SE;7.222222222222222;0.0;1013.68;0.0;Mostly Cloudy
1530892800;27.0;22.0;0.74;SE;6.666666666666666;0.0;1013.68;0.0;Mostly Cloudy
1530894240;24.0;21.0;0.83;ESE;6.666666666666666;0.0;1013.68;0.0;Rain
1530896400;24.0;22.0;0.89;E;3.0555555555555554;0.0;1013.68;0.0;Light Rain
1530897180;23.0;22.0;0.94;SE;3.611111111111111;0.0;1012.68;0.0;Light Rain
1530900000;25.0;22.0;0.83;S;4.722222222222222;0.0;1012.68;0.0;Light Rain
1530903600;26.0;23.0;0.83;SE;3.611111111111111;0.0;1012.68;0.0;Mostly Cloudy
1530907200;26.0;22.0;0.78;SE;4.722222222222222;0.0;1012.68;0.0;Mostly Cloudy
1530910800;26.0;22.0;0.78;SE;4.166666666666667;0.0;1013.68;0.0;Partly Cloudy
1530914400;26.0;22.0;0.78;SE;4.722222222222222;0.0;1013.68;0.0;Partly Cloudy
1530918000;26.0;22.0;0.78;SE;4.722222222222222;0.0;1014.67;0.0;Partly Cloudy
1530921600;26.0;22.0;0.78;SE;4.722222222222222;0.0;1014.67;0.0;Fair
1530925200;26.0;22.0;0.78;SE;5.277777777777778;0.0;1013.68;0.0;Fair
1530928800;26.0;22.0;0.78;SE;4.166666666666667;0.0;1013.68;0.0;Mostly Cloudy
1530932400;26.0;21.0;0.74;ESE;4.722222222222222;0.0;1013.68;0.0;Mostly Cloudy
1530936000;26.0;22.0;0.78;ESE;5.277777777777778;0.0;1013.68;0.0;Mostly Cloudy
1530939600;25.0;22.0;0.83;ESE;3.611111111111111;0.0;1012.68;0.0;Mostly Cloudy
1530943200;25.0;21.0;0.78;ESE;5.277777777777778;0.0;1012.68;0.0;Mostly Cloudy
1530946800;26.0;21.0;0.74;ESE;5.277777777777778;0.0;1012.68;0.0;Mostly Cloudy
1530950400;26.0;21.0;0.74;ESE;5.555555555555555;0.0;1013.68;0.0;Mostly Cloudy
1530954000;26.0;21.0;0.74;ESE;5.555555555555555;0.0;1013.68;0.0;Mostly Cloudy
1530957600;26.0;21.0;0.74;ESE;4.722222222222222;0.0;1014.67;0.0;Mostly Cloudy
1530961200;26.0;21.0;0.74;ESE;4.722222222222222;0.0;1015.67;0.0;Mostly Cloudy
1530964800;27.0;21.0;0.7;ESE;4.166666666666667;0.0;1015.67;0.0;Mostly Cloudy
1530968400;27.0;22.0;0.74;SE;6.111111111111111;0.0;1015.67;0.0;Mostly Cloudy
1530972000;27.0;22.0;0.74;SE;5.277777777777778;0.0;1014.67;0.0;Mostly Cloudy
1530975600;27.0;22.0;0.74;SE;6.666666666666666;0.0;1014.67;0.0;Mostly Cloudy
1530979200;28.0;22.0;0.7;SSE;7.222222222222222;0.0;1013.68;0.0;Partly Cloudy
1530982800;27.0;23.0;0.79;SSE;6.666666666666666;0.0;1012.68;0.0;Partly Cloudy
1530986400;27.0;21.0;0.7;SSE;6.666666666666666;0.0;1012.68;0.0;Mostly Cloudy
1530990000;26.0;21.0;0.74;SSE;6.666666666666666;0.0;1013.68;0.0;Mostly Cloudy
1530993600;26.0;20.0;0.69;SSE;6.111111111111111;0.0;1013.68;0.0;Partly Cloudy
1530997200;26.0;21.0;0.74;SSE;5.277777777777778;0.0;1013.68;0.0;Mostly Cloudy
1531000800;26.0;20.0;0.69;SSE;6.111111111111111;0.0;1014.67;0.0;Partly Cloudy
1531004400;25.0;21.0;0.78;SSE;5.277777777777778;0.0;1014.67;0.0;Mostly Cloudy
1531008000;24.0;21.0;0.83;SW;3.0555555555555554;0.0;1014.67;0.0;Partly Cloudy
1531011600;23.0;21.0;0.88;SSW;3.0555555555555554;0.0;1014.67;0.0;Partly Cloudy
1531015200;23.0;21.0;0.88;SW;1.6666666666666665;0.0;1014.67;0.0;Mostly Cloudy
1531018800;23.0;21.0;0.88;SSW;2.5;0.0;1014.67;0.0;Mostly Cloudy
1531022400;23.0;21.0;0.88;SSW;1.9444444444444444;0.0;1013.68;0.0;Mostly Cloudy
1531026000;22.0;20.0;0.88;SSW;1.9444444444444444;0.0;1013.68;0.0;Mostly Cloudy
1531029600;22.0;20.0;0.88;SSW;2.5;0.0;1012.68;0.0;Partly Cloudy
1531033200;22.0;20.0;0.88;SSW;3.0555555555555554;0.0;1013.68;0.0;Partly Cloudy
1531036800;22.0;20.0;0.88;S;1.6666666666666665;0.0;1013.68;0.0;Partly Cloudy
1531040400;22.0;20.0;0.88;SSW;1.6666666666666665;0.0;1013.68;0.0;Partly Cloudy
1531044000;23.0;21.0;0.88;SW;3.0555555555555554;0.0;1014.67;0.0;Partly Cloudy
1531047600;24.0;21.0;0.83;SSW;3.611111111111111;0.0;1015.67;0.0;Mostly Cloudy
1531051200;25.0;21.0;0.78;S;7.222222222222222;0.0;1015.67;0.0;Mostly Cloudy
1531054800;26.0;21.0;0.74;S;6.111111111111111;0.0;1015.67;0.0;Mostly Cloudy
1531058400;27.0;20.0;0.65;SSE;7.222222222222222;0.0;1014.67;0.0;Mostly Cloudy
1531062000;27.0;21.0;0.7;SSE;6.111111111111111;0.0;1014.67;0.0;Partly Cloudy
1531065600;27.0;21.0;0.7;S;6.666666666666666;0.0;1013.68;0.0;Mostly Cloudy
1531069200;27.0;22.0;0.74;SSE;6.111111111111111;0.0;1012.68;0.0;Partly Cloudy
1531072800;26.0;21.0;0.74;SSE;7.222222222222222;0.0;1012.68;0.0;Partly Cloudy
1531076400;25.0;21.0;0.78;SSE;9.722222222222221;0.0;1012.68;0.0;Mostly Cloudy / Windy
1531080000;24.0;22.0;0.89;S;4.166666666666667;0.0;1013.68;0.0;Showers in the Vicinity
1531083600;24.0;21.0;0.83;S;4.722222222222222;0.0;1013.68;0.0;Partly Cloudy
1531087200;24.0;20.0;0.78;SSE;6.111111111111111;0.0;1013.68;0.0;Partly Cloudy
1531090800;24.0;20.0;0.78;SSE;5.277777777777778;0.0;1014.67;0.0;Fair
1531094400;24.0;20.0;0.78;SSE;4.722222222222222;0.0;1014.67;0.0;Partly Cloudy
1531098000;25.0;20.0;0.74;SSE;5.277777777777778;0.0;1014.67;0.0;Mostly Cloudy
1531101600;25.0;20.0;0.74;SE;5.555555555555555;0.0;1014.67;0.0;Partly Cloudy
1531105200;25.0;20.0;0.74;SSE;4.722222222222222;0.0;1014.67;0.0;Partly Cloudy
1531108800;23.0;20.0;0.83;SSW;1.9444444444444444;0.0;1013.68;0.0;Mostly Cloudy
1531112400;22.0;20.0;0.88;SW;2.5;0.0;1013.68;0.0;Mostly Cloudy
1531116000;22.0;20.0;0.88;SSW;2.5;0.0;1013.68;0.0;Partly Cloudy
1531119600;21.0;20.0;0.94;SSW;1.1111111111111112;0.0;1013.68;0.0;Mostly Cloudy
1531123200;21.0;20.0;0.94;SW;1.1111111111111112;0.0;1014.67;0.0;Fair
1531126800;21.0;20.0;0.94;WSW;1.1111111111111112;0.0;1014.67;0.0;Fair
1531130400;22.0;20.0;0.88;SSW;3.0555555555555554;0.0;1014.67;0.0;Fair
1531134000;25.0;21.0;0.78;SSW;3.611111111111111;0.0;1015.67;0.0;Fair
1531137600;26.0;21.0;0.74;S;5.555555555555555;0.0;1015.67;0.0;Fair
1531141200;28.0;21.0;0.66;S;7.222222222222222;0.0;1015.67;0.0;Partly Cloudy
1531144800;27.0;21.0;0.7;S;7.222222222222222;0.0;1014.67;0.0;Partly Cloudy
1531148400;28.0;21.0;0.66;S;7.777777777777778;0.0;1014.67;0.0;Partly Cloudy
1531152000;28.0;21.0;0.66;S;7.222222222222222;0.0;1013.68;0.0;Partly Cloudy
1531155600;27.0;19.0;0.61;S;8.333333333333334;0.0;1012.68;0.0;Partly Cloudy
1531159200;27.0;20.0;0.65;SSE;8.61111111111111;0.0;1012.68;0.0;Mostly Cloudy
1531162800;27.0;20.0;0.65;S;7.777777777777778;0.0;1013.68;0.0;Mostly Cloudy
1531166400;26.0;20.0;0.69;SSE;6.666666666666666;0.0;1013.68;0.0;Mostly Cloudy
1531170000;26.0;20.0;0.69;SSE;7.222222222222222;0.0;1013.68;0.0;Mostly Cloudy
1531173600;25.0;20.0;0.74;S;4.722222222222222;0.0;1014.67;0.0;Fair
1531177200;25.0;20.0;0.74;S;5.555555555555555;0.0;1014.67;0.0;Partly Cloudy
1531180800;24.0;20.0;0.78;SSW;3.611111111111111;0.0;1015.67;0.0;Partly Cloudy
1531184400;24.0;20.0;0.78;SSW;3.0555555555555554;0.0;1015.67;0.0;Partly Cloudy
1531188000;24.0;20.0;0.78;SSW;3.0555555555555554;0.0;1014.67;0.0;Partly Cloudy
1531191600;23.0;20.0;0.83;SSW;2.5;0.0;1014.67;0.0;Mostly Cloudy
1531195200;23.0;20.0;0.83;SSW;3.0555555555555554;0.0;1013.68;0.0;Partly Cloudy
1531198800;23.0;20.0;0.83;SSW;2.5;0.0;1013.68;0.0;Mostly Cloudy
1531202400;23.0;20.0;0.83;SW;3.611111111111111;0.0;1013.68;0.0;Mostly Cloudy
1531206000;23.0;20.0;0.83;SW;3.0555555555555554;0.0;1013.68;0.0;Mostly Cloudy
1531209600;23.0;20.0;0.83;SSW;3.0555555555555554;0.0;1014.67;0.0;Mostly Cloudy
1531213200;23.0;19.0;0.78;SSW;3.0555555555555554;0.0;1014.67;0.0;Mostly Cloudy
1531216800;23.0;20.0;0.83;S;3.611111111111111;0.0;1015.67;0.0;Mostly Cloudy
1531220400;24.0;20.0;0.78;SSW;3.0555555555555554;0.0;1016.67;0.0;Mostly Cloudy
1531224000;26.0;21.0;0.74;SSW;4.722222222222222;0.0;1016.67;0.0;Mostly Cloudy
1531227600;26.0;21.0;0.74;SSW;5.555555555555555;0.0;1016.67;0.0;Mostly Cloudy
1531231200;25.0;22.0;0.83;S;5.555555555555555;0.0;1015.67;0.0;Showers in the Vicinity
1531234800;26.0;22.0;0.78;S;5.555555555555555;0.0;1015.67;0.0;Mostly Cloudy
1531238400;28.0;21.0;0.66;SSE;7.222222222222222;0.0;1014.67;0.0;Mostly Cloudy
1531242000;27.0;22.0;0.74;SE;5.555555555555555;0.0;1014.67;0.0;Mostly Cloudy
1531245600;27.0;21.0;0.7;SE;6.111111111111111;0.0;1013.68;0.0;Mostly Cloudy
1531249200;27.0;21.0;0.7;SSE;6.111111111111111;0.0;1014.67;0.0;Partly Cloudy
1531252800;26.0;21.0;0.74;SSE;5.555555555555555;0.0;1014.67;0.0;Partly Cloudy
1531256400;26.0;21.0;0.74;SE;5.277777777777778;0.0;1014.67;0.0;Fair
1531260000;26.0;22.0;0.78;SE;5.277777777777778;0.0;1015.67;0.0;Fair
1531263600;26.0;22.0;0.78;SE;4.722222222222222;0.0;1015.67;0.0;Partly Cloudy
1531267200;25.0;22.0;0.83;SE;4.722222222222222;0.0;1015.67;0.0;Mostly Cloudy
1531270800;25.0;22.0;0.83;SSE;5.555555555555555;0.0;1015.67;0.0;Showers in the Vicinity
1531274400;25.0;22.0;0.83;SSE;5.277777777777778;0.0;1015.67;0.0;Mostly Cloudy
1531278000;25.0;22.0;0.83;SE;4.166666666666667;0.0;1015.67;0.0;Mostly Cloudy
1531281600;25.0;22.0;0.83;ESE;2.5;0.0;1014.67;0.0;Mostly Cloudy
1531285200;25.0;22.0;0.83;SE;3.611111111111111;0.0;1014.67;0.0;Mostly Cloudy
1531288800;25.0;21.0;0.78;ESE;5.277777777777778;0.0;1014.67;0.0;Mostly Cloudy
1531292400;25.0;21.0;0.78;ESE;4.166666666666667;0.0;1014.67;0.0;Mostly Cloudy
1531296000;25.0;21.0;0.78;ESE;3.611111111111111;0.0;1014.67;0.0;Mostly Cloudy
1531299600;25.0;21.0;0.78;ESE;4.166666666666667;0.0;1014.67;0.0;Mostly Cloudy
1531303200;26.0;21.0;0.74;ESE;4.166666666666667;0.0;1015.67;0.0;Mostly Cloudy
1531306800;26.0;21.0;0.74;ESE;2.5;0.0;0.0;0.0;Showers in the Vicinity
1531310400;27.0;21.0;0.7;E;4.166666666666667;0.0;1016.67;0.0;Mostly Cloudy
1531314000;27.0;21.0;0.7;E;3.611111111111111;0.0;1016.67;0.0;Mostly Cloudy
1531317600;28.0;21.0;0.66;SE;5.277777777777778;0.0;1015.67;0.0;Mostly Cloudy
1531321200;28.0;21.0;0.66;SE;5.277777777777778;0.0;1015.67;0.0;Partly Cloudy
1531324800;27.0;21.0;0.7;ESE;5.555555555555555;0.0;1014.67;0.0;Mostly Cloudy
1531328400;28.0;21.0;0.66;SE;5.277777777777778;0.0;1014.67;0.0;Partly Cloudy
1531332000;27.0;21.0;0.7;ESE;5.277777777777778;0.0;1014.67;0.0;Partly Cloudy
1531335600;27.0;20.0;0.65;SE;5.277777777777778;0.0;1014.67;0.0;Partly Cloudy
1531339200;26.0;20.0;0.69;SE;4.722222222222222;0.0;1015.67;0.0;Partly Cloudy
1531342800;26.0;20.0;0.69;SE;4.722222222222222;0.0;1015.67;0.0;Fair
1531346400;26.0;20.0;0.69;ESE;4.166666666666667;0.0;1015.67;0.0;Fair
1531350000;26.0;20.0;0.69;SE;4.722222222222222;0.0;1015.67;0.0;Fair
1531353600;25.0;20.0;0.74;SE;4.166666666666667;0.0;1016.67;0.0;Fair
1531357200;25.0;20.0;0.74;SSE;3.611111111111111;0.0;1016.67;0.0;Fair
1531360800;25.0;21.0;0.78;SE;3.611111111111111;0.0;1016.67;0.0;Fair
1531364400;25.0;22.0;0.83;SE;3.0555555555555554;0.0;1016.67;0.0;Partly Cloudy
1531368000;23.0;21.0;0.88;SW;1.9444444444444444;0.0;1016.67;0.0;Mostly Cloudy
1531371600;23.0;21.0;0.88;SSW;1.6666666666666665;0.0;1015.67;0.0;Mostly Cloudy
1531375200;22.0;21.0;0.94;CALM;0.0;0.0;1015.67;0.0;Light Rain Shower
1531378800;22.0;20.0;0.88;SSW;1.6666666666666665;0.0;1015.67;0.0;Mostly Cloudy
1531382400;22.0;20.0;0.88;SSW;2.5;0.0;1015.67;0.0;Mostly Cloudy
1531386000;22.0;21.0;0.94;SSW;1.9444444444444444;0.0;1015.67;0.0;Mostly Cloudy
1531389600;23.0;21.0;0.88;SW;2.5;0.0;1016.67;0.0;Mostly Cloudy
1531393200;24.0;22.0;0.89;SSW;3.0555555555555554;0.0;1017.67;0.0;Mostly Cloudy
1531396800;25.0;22.0;0.83;SSW;3.0555555555555554;0.0;1017.67;0.0;Mostly Cloudy
1531400400;26.0;22.0;0.78;SSE;5.277777777777778;0.0;1017.67;0.0;Partly Cloudy
1531404000;27.0;22.0;0.74;SSE;7.777777777777778;0.0;1016.67;0.0;Showers in the Vicinity
1531407600;26.0;21.0;0.74;SE;5.555555555555555;0.0;1016.67;0.0;Showers in the Vicinity
1531411200;25.0;22.0;0.83;SSE;4.166666666666667;0.0;1015.67;0.0;Showers in the Vicinity
1531414800;25.0;20.0;0.74;SSE;7.222222222222222;0.0;1014.67;0.0;Mostly Cloudy
1531418400;25.0;19.0;0.69;SSE;7.222222222222222;0.0;1014.67;0.0;Mostly Cloudy
1531422000;25.0;19.0;0.69;ESE;2.5;0.0;1014.67;0.0;Mostly Cloudy
1531425600;25.0;20.0;0.74;SSE;4.722222222222222;0.0;1014.67;0.0;Mostly Cloudy
1531429200;25.0;22.0;0.83;SSE;6.111111111111111;0.0;1015.67;0.0;Mostly Cloudy
1531432800;25.0;22.0;0.83;SSE;5.555555555555555;0.0;1015.67;0.0;Partly Cloudy
1531436400;25.0;21.0;0.78;SSE;6.111111111111111;0.0;1015.67;0.0;Partly Cloudy
1531440000;25.0;21.0;0.78;SSE;5.277777777777778;0.0;1016.67;0.0;Partly Cloudy
1531443600;25.0;21.0;0.78;SSE;5.555555555555555;0.0;1016.67;0.0;Partly Cloudy
1531447200;25.0;21.0;0.78;SE;4.166666666666667;0.0;1016.67;0.0;Partly Cloudy
1531450800;23.0;21.0;0.88;SSW;1.9444444444444444;0.0;1016.67;0.0;Mostly Cloudy
1531454400;25.0;20.0;0.74;SE;5.277777777777778;0.0;1015.67;0.0;Mostly Cloudy
1531458000;25.0;19.0;0.69;SSE;6.666666666666666;0.0;1015.67;0.0;Partly Cloudy
1531461600;25.0;20.0;0.74;SSE;6.111111111111111;0.0;1014.67;0.0;Mostly Cloudy
1531465200;25.0;20.0;0.74;SSE;5.555555555555555;0.0;1014.67;0.0;Fair
1531468800;25.0;20.0;0.74;SSE;5.555555555555555;0.0;1015.67;0.0;Mostly Cloudy
1531472400;24.0;20.0;0.78;SSE;5.555555555555555;0.0;1015.67;0.0;Mostly Cloudy
1531476000;25.0;19.0;0.69;SSE;6.111111111111111;0.0;1015.67;0.0;Mostly Cloudy
1531479600;26.0;19.0;0.65;SSE;6.666666666666666;0.0;1016.67;0.0;Partly Cloudy
1531483200;27.0;20.0;0.65;SE;5.277777777777778;0.0;1017.67;0.0;Partly Cloudy
1531486800;28.0;19.0;0.58;SSE;6.666666666666666;0.0;1017.67;0.0;Partly Cloudy
1531490400;28.0;18.0;0.54;SSE;6.111111111111111;0.0;1017.67;0.0;Partly Cloudy
1531494000;28.0;20.0;0.62;SSE;6.111111111111111;0.0;1016.67;0.0;Partly Cloudy
1531497600;28.0;19.0;0.58;SSE;7.222222222222222;0.0;1015.67;0.0;Partly Cloudy
1531501200;27.0;20.0;0.65;SSE;7.222222222222222;0.0;1014.67;0.0;Partly Cloudy
1531504800;27.0;21.0;0.7;SSE;7.777777777777778;0.0;1014.67;0.0;Partly Cloudy
1531508400;26.0;20.0;0.69;SSE;7.222222222222222;0.0;1014.67;0.0;Mostly Cloudy
1531512000;26.0;18.0;0.61;SE;5.277777777777778;0.0;1014.67;0.0;Mostly Cloudy
1531515600;25.0;19.0;0.69;SSE;6.666666666666666;0.0;1014.67;0.0;Fair
1531519200;25.0;19.0;0.69;SSE;5.277777777777778;0.0;1014.67;0.0;Fair
1531522800;25.0;20.0;0.74;SSE;5.555555555555555;0.0;1015.67;0.0;Partly Cloudy
1531526400;25.0;19.0;0.69;SSE;4.722222222222222;0.0;1015.67;0.0;Partly Cloudy
1531530000;25.0;20.0;0.74;S;4.722222222222222;0.0;1015.67;0.0;Mostly Cloudy
1531533600;25.0;20.0;0.74;SSE;6.666666666666666;0.0;1015.67;0.0;Mostly Cloudy
1531537200;25.0;20.0;0.74;SSE;5.555555555555555;0.0;1015.67;0.0;Partly Cloudy
1531540800;25.0;20.0;0.74;SSE;5.555555555555555;0.0;1015.67;0.0;Mostly Cloudy
1531544400;25.0;20.0;0.74;SSE;5.555555555555555;0.0;1014.67;0.0;Mostly Cloudy
1531548000;24.0;19.0;0.73;SSE;4.722222222222222;0.0;1014.67;0.0;Mostly Cloudy
1531551600;23.0;19.0;0.78;SW;3.0555555555555554;0.0;1014.67;0.0;Partly Cloudy
1531555200;21.0;19.0;0.88;WSW;1.6666666666666665;0.0;1014.67;0.0;Fair
1531558800;21.0;19.0;0.88;SW;1.1111111111111112;0.0;1015.67;0.0;Partly Cloudy
1531562400;22.0;19.0;0.83;WSW;1.6666666666666665;0.0;1015.67;0.0;Fair
1531566000;24.0;20.0;0.78;SSW;2.5;0.0;1016.67;0.0;Fair
1531569600;26.0;20.0;0.69;S;4.722222222222222;0.0;1016.67;0.0;Fair
1531573200;27.0;20.0;0.65;S;4.722222222222222;0.0;1016.67;0.0;Partly Cloudy
1531576800;28.0;21.0;0.66;S;5.277777777777778;0.0;1015.67;0.0;Partly Cloudy
1531580400;27.0;20.0;0.65;SSE;5.555555555555555;0.0;1015.67;0.0;Partly Cloudy
1531584000;28.0;21.0;0.66;SSE;5.555555555555555;0.0;1014.67;0.0;Partly Cloudy
1531587600;28.0;21.0;0.66;S;6.666666666666666;0.0;1014.67;0.0;Partly Cloudy
1531591200;26.0;20.0;0.69;SSE;7.777777777777778;0.0;1013.68;0.0;Partly Cloudy
1531594800;26.0;21.0;0.74;S;6.666666666666666;0.0;1013.68;0.0;Partly Cloudy
1531598400;25.0;20.0;0.74;S;6.111111111111111;0.0;1014.67;0.0;Partly Cloudy
1531602000;25.0;20.0;0.74;S;6.111111111111111;0.0;1014.67;0.0;Partly Cloudy
1531605600;25.0;21.0;0.78;S;6.111111111111111;0.0;1014.67;0.0;Fair
1531609200;25.0;20.0;0.74;SSE;5.277777777777778;0.0;1015.67;0.0;Fair
1531612800;25.0;20.0;0.74;SSE;4.722222222222222;0.0;1015.67;0.0;Partly Cloudy
1531616400;24.0;20.0;0.78;SSW;3.0555555555555554;0.0;1015.67;0.0;Partly Cloudy
1531620000;23.0;20.0;0.83;SSW;3.0555555555555554;0.0;1015.67;0.0;Partly Cloudy
1531623600;23.0;20.0;0.83;SSW;3.0555555555555554;0.0;1015.67;0.0;Partly Cloudy
1531627200;22.0;19.0;0.83;SSW;2.5;0.0;1015.67;0.0;Fair
1531630800;21.0;19.0;0.88;SSW;1.1111111111111112;0.0;1015.67;0.0;Partly Cloudy
1531634400;21.0;19.0;0.88;SSW;1.1111111111111112;0.0;1014.67;0.0;Fair
1531638000;21.0;19.0;0.88;SSW;1.9444444444444444;0.0;1014.67;0.0;Partly Cloudy
1531641600;20.0;19.0;0.94;CALM;0.0;0.0;1014.67;0.0;Partly Cloudy
1531645200;21.0;19.0;0.88;SSW;1.6666666666666665;0.0;1015.67;0.0;Fair
1531648800;23.0;19.0;0.78;SW;2.5;0.0;1015.67;0.0;Fair
1531652400;25.0;20.0;0.74;SSW;3.611111111111111;0.0;1016.67;0.0;Fair
1531656000;27.0;21.0;0.7;S;4.166666666666667;0.0;1016.67;0.0;Fair
1531659600;27.0;20.0;0.65;SSE;6.111111111111111;0.0;1016.67;0.0;Mostly Cloudy
1531663200;27.0;21.0;0.7;SSE;6.111111111111111;0.0;1016.67;0.0;Mostly Cloudy
1531666800;28.0;21.0;0.66;SSE;6.111111111111111;0.0;1015.67;0.0;Mostly Cloudy
1531670400;28.0;21.0;0.66;SSE;7.222222222222222;0.0;1014.67;0.0;Mostly Cloudy
1531674000;28.0;21.0;0.66;SSE;6.666666666666666;0.0;1014.67;0.0;Mostly Cloudy
1531677600;26.0;20.0;0.69;SE;6.111111111111111;0.0;1014.67;0.0;Partly Cloudy
1531681200;26.0;20.0;0.69;SSE;6.111111111111111;0.0;1014.67;0.0;Partly Cloudy
1531684800;26.0;20.0;0.69;SSE;5.555555555555555;0.0;1014.67;0.0;Partly Cloudy
1531688400;25.0;20.0;0.74;SSE;5.555555555555555;0.0;1014.67;0.0;Partly Cloudy
1531692000;25.0;20.0;0.74;SSE;5.277777777777778;0.0;1014.67;0.0;Partly Cloudy
1531695600;25.0;20.0;0.74;SSE;5.555555555555555;0.0;1015.67;0.0;Fair
1531699200;25.0;20.0;0.74;SSE;5.277777777777778;0.0;1016.67;0.0;Mostly Cloudy
1531702800;25.0;20.0;0.74;SSE;5.277777777777778;0.0;1016.67;0.0;Mostly Cloudy
1531706400;25.0;20.0;0.74;SSE;5.277777777777778;0.0;1016.67;0.0;Partly Cloudy
1531710000;23.0;20.0;0.83;S;3.611111111111111;0.0;1016.67;0.0;Partly Cloudy
1531713600;22.0;20.0;0.88;SSW;3.611111111111111;0.0;1016.67;0.0;Mostly Cloudy
1531717200;22.0;19.0;0.83;SW;3.0555555555555554;0.0;1015.67;0.0;Partly Cloudy
1531720800;21.0;19.0;0.88;SW;1.1111111111111112;0.0;1015.67;0.0;Partly Cloudy
1531724400;21.0;19.0;0.88;SW;1.1111111111111112;0.0;1015.67;0.0;Partly Cloudy
1531728000;21.0;19.0;0.88;S;1.6666666666666665;0.0;1015.67;0.0;Partly Cloudy
1531731600;21.0;19.0;0.88;SW;1.1111111111111112;0.0;1016.67;0.0;Partly Cloudy
1531735200;22.0;19.0;0.83;SSW;1.6666666666666665;0.0;1016.67;0.0;Partly Cloudy
1531738800;24.0;20.0;0.78;SSW;2.5;0.0;1017.67;0.0;Mostly Cloudy
1531742400;26.0;20.0;0.69;S;3.611111111111111;0.0;1017.67;0.0;Mostly Cloudy
1531746000;28.0;18.0;0.54;SSE;6.666666666666666;0.0;1017.67;0.0;Fair
1531749600;28.0;17.0;0.51;SE;6.666666666666666;0.0;1016.67;0.0;Fair
1531753200;28.0;16.0;0.48;SSE;6.111111111111111;0.0;1016.67;0.0;Fair
1531756800;28.0;17.0;0.51;SE;6.111111111111111;0.0;1015.67;0.0;Fair
1531760400;28.0;17.0;0.51;SSE;6.666666666666666;0.0;1015.67;0.0;Fair
1531764000;27.0;17.0;0.54;SSE;6.666666666666666;0.0;1015.67;0.0;Fair
1531767600;27.0;18.0;0.58;SSE;6.111111111111111;0.0;1015.67;0.0;Fair
1531771200;26.0;18.0;0.61;SSE;5.555555555555555;0.0;1015.67;0.0;Fair
1531774800;25.0;19.0;0.69;S;5.555555555555555;0.0;1015.67;0.0;Fair
1531778400;25.0;18.0;0.65;S;4.166666666666667;0.0;1015.67;0.0;Fair
1531782000;24.0;19.0;0.73;SSW;2.5;0.0;1016.67;0.0;Fair
1531785600;23.0;19.0;0.78;SSW;2.5;0.0;1016.67;0.0;Fair
1531789200;23.0;18.0;0.73;S;1.9444444444444444;0.0;1016.67;0.0;Fair
1531792800;22.0;18.0;0.78;S;1.9444444444444444;0.0;1016.67;0.0;Fair
1531796400;22.0;19.0;0.83;SSW;1.6666666666666665;0.0;1016.67;0.0;Partly Cloudy
1531800000;22.0;19.0;0.83;WSW;1.6666666666666665;0.0;1016.67;0.0;Partly Cloudy
1531803600;21.0;19.0;0.88;SSW;1.1111111111111112;0.0;1015.67;0.0;Partly Cloudy
1531807200;21.0;18.0;0.83;S;1.1111111111111112;0.0;1015.67;0.0;Partly Cloudy
1531810800;21.0;18.0;0.83;SSW;1.1111111111111112;0.0;1015.67;0.0;Fair
1531814400;21.0;19.0;0.88;SW;1.6666666666666665;0.0;1015.67;0.0;Partly Cloudy
1531818000;21.0;20.0;0.94;SE;6.111111111111111;0.0;1016.67;0.0;Light Rain Shower
1531821600;23.0;21.0;0.88;S;2.5;0.0;1016.67;0.0;Showers in the Vicinity
1531825200;24.0;21.0;0.83;S;3.0555555555555554;0.0;1017.67;0.0;Mostly Cloudy
1531828800;26.0;19.0;0.65;SE;5.277777777777778;0.0;1017.67;0.0;Mostly Cloudy
1531832400;27.0;20.0;0.65;SE;6.111111111111111;0.0;1017.67;0.0;Mostly Cloudy
1531836000;28.0;19.0;0.58;SE;5.277777777777778;0.0;1016.67;0.0;Fair
1531839600;28.0;20.0;0.62;SSE;5.555555555555555;0.0;1016.67;0.0;Fair
1531843200;28.0;19.0;0.58;SSE;6.666666666666666;0.0;1015.67;0.0;Fair
1531846800;28.0;19.0;0.58;SSE;6.666666666666666;0.0;1014.67;0.0;Fair
1531850400;27.0;20.0;0.65;SSE;7.777777777777778;0.0;1014.67;0.0;Fair
1531854000;27.0;20.0;0.65;SSE;7.777777777777778;0.0;1014.67;0.0;Fair
1531857600;26.0;20.0;0.69;SSE;7.222222222222222;0.0;1014.67;0.0;Fair
1531861200;26.0;19.0;0.65;S;5.277777777777778;0.0;1014.67;0.0;Partly Cloudy
1531864800;26.0;21.0;0.74;SSE;6.111111111111111;0.0;1015.67;0.0;Partly Cloudy
1531868400;23.0;21.0;0.88;SSE;1.6666666666666665;0.0;0.0;0.0;Mostly Cloudy
1531872000;24.0;21.0;0.83;S;6.666666666666666;0.0;1015.67;0.0;Mostly Cloudy
1531875600;24.0;20.0;0.78;S;6.111111111111111;0.0;1016.67;0.0;Mostly Cloudy
1531879200;24.0;20.0;0.78;S;7.222222222222222;0.0;1016.67;0.0;Mostly Cloudy
1531882800;21.0;20.0;0.94;SSW;4.722222222222222;0.0;1015.67;0.0;Light Rain
1531884000;21.0;20.0;0.94;SSW;4.166666666666667;0.0;0.0;0.0;Light Rain
1531886400;21.0;20.0;0.94;S;4.722222222222222;0.0;1015.67;0.0;Light Rain
1531890000;23.0;21.0;0.88;SSE;6.666666666666666;0.0;1014.67;0.0;Cloudy
1531893600;24.0;21.0;0.83;S;5.277777777777778;0.0;1014.67;0.0;Light Rain
1531897200;23.0;21.0;0.88;S;4.722222222222222;0.0;1014.67;0.0;Mostly Cloudy
1531900800;23.0;21.0;0.88;S;4.166666666666667;0.0;1014.67;0.0;Mostly Cloudy
1531904400;23.0;21.0;0.88;SSW;3.0555555555555554;0.0;1015.67;0.0;Mostly Cloudy
1531908000;25.0;20.0;0.74;SSE;5.277777777777778;0.0;1015.67;0.0;Mostly Cloudy
1531911600;25.0;21.0;0.78;SSE;8.333333333333334;0.0;1015.67;0.0;Mostly Cloudy
1531915200;26.0;21.0;0.74;SSE;7.777777777777778;0.0;1016.67;0.0;Showers in the Vicinity
1531918800;27.0;21.0;0.7;SSE;7.777777777777778;0.0;1016.67;0.0;Mostly Cloudy
1531922400;27.0;20.0;0.65;SSE;8.333333333333334;0.0;1015.67;0.0;Mostly Cloudy
1531926000;27.0;20.0;0.65;SSE;8.61111111111111;0.0;1015.67;0.0;Mostly Cloudy
1531929600;28.0;21.0;0.66;SSE;8.333333333333334;0.0;1014.67;0.0;Mostly Cloudy
1531933200;27.0;20.0;0.65;SSE;8.333333333333334;0.0;1014.67;0.0;Partly Cloudy
1531936800;27.0;18.0;0.58;S;8.333333333333334;0.0;1013.68;0.0;Mostly Cloudy
1531940400;26.0;19.0;0.65;S;8.333333333333334;0.0;1014.67;0.0;Partly Cloudy
1531944000;25.0;18.0;0.65;S;7.222222222222222;0.0;1014.67;0.0;Fair
1531947600;25.0;18.0;0.65;S;6.111111111111111;0.0;1014.67;0.0;Fair
1531951200;25.0;18.0;0.65;S;6.111111111111111;0.0;1014.67;0.0;Mostly Cloudy
1531954800;25.0;18.0;0.65;SSE;6.666666666666666;0.0;1015.67;0.0;Partly Cloudy
1531958400;25.0;18.0;0.65;SSE;5.277777777777778;0.0;1015.67;0.0;Partly Cloudy
1531962000;25.0;19.0;0.69;SSE;6.111111111111111;0.0;1015.67;0.0;Partly Cloudy
1531965600;25.0;19.0;0.69;SE;5.555555555555555;0.0;1014.67;0.0;Partly Cloudy
1531969200;25.0;20.0;0.74;SSE;5.277777777777778;0.0;1014.67;0.0;Partly Cloudy
1531972800;25.0;20.0;0.74;SE;5.277777777777778;0.0;1014.67;0.0;Partly Cloudy
1531976400;25.0;20.0;0.74;SE;5.277777777777778;0.0;1013.68;0.0;Fair
1531980000;25.0;19.0;0.69;SE;4.722222222222222;0.0;1013.68;0.0;Fair
1531983600;24.0;19.0;0.73;SE;5.277777777777778;0.0;1013.68;0.0;Fair
1531987200;24.0;18.0;0.69;SE;7.222222222222222;0.0;1014.67;0.0;Mostly Cloudy
1531990800;24.0;18.0;0.69;ESE;5.277777777777778;0.0;1014.67;0.0;Partly Cloudy
1531994400;25.0;19.0;0.69;SE;6.111111111111111;0.0;1014.67;0.0;Partly Cloudy
1531998000;26.0;19.0;0.65;SSE;6.666666666666666;0.0;1014.67;0.0;Fair
1532001600;27.0;17.0;0.54;SE;6.111111111111111;0.0;1015.67;0.0;Fair
1532005200;27.0;18.0;0.58;SE;6.666666666666666;0.0;1015.67;0.0;Fair
1532008800;28.0;19.0;0.58;SE;6.666666666666666;0.0;1014.67;0.0;Fair
1532012400;28.0;20.0;0.62;SE;5.555555555555555;0.0;1014.67;0.0;Partly Cloudy
1532016000;27.0;19.0;0.61;SE;6.111111111111111;0.0;1013.68;0.0;Fair
1532019600;28.0;19.0;0.58;SSE;6.666666666666666;0.0;1012.68;0.0;Fair
1532023200;27.0;18.0;0.58;SSE;7.222222222222222;0.0;1012.68;0.0;Fair
1532026800;26.0;19.0;0.65;SSE;7.222222222222222;0.0;1012.68;0.0;Fair
1532030400;26.0;19.0;0.65;SSE;6.111111111111111;0.0;1012.68;0.0;Fair
1532034000;25.0;19.0;0.69;S;6.111111111111111;0.0;1013.68;0.0;Fair
1532037600;25.0;18.0;0.65;SSE;5.555555555555555;0.0;1013.68;0.0;Fair
1532041200;25.0;19.0;0.69;SSE;6.111111111111111;0.0;1014.67;0.0;Fair
1532044800;25.0;19.0;0.69;SSE;6.666666666666666;0.0;1014.67;0.0;Partly Cloudy
1532048400;25.0;19.0;0.69;SSE;5.555555555555555;0.0;1014.67;0.0;Partly Cloudy
1532052000;25.0;20.0;0.74;SSE;6.111111111111111;0.0;1014.67;0.0;Partly Cloudy
1532055600;25.0;19.0;0.69;SSE;4.722222222222222;0.0;1013.68;0.0;Partly Cloudy
1532059200;25.0;19.0;0.69;SSE;5.277777777777778;0.0;1013.68;0.0;Mostly Cloudy
1532062800;25.0;21.0;0.78;SE;4.722222222222222;11.944444444444445;1013.68;0.0;Light Rain Shower
1532066400;24.0;21.0;0.83;SE;6.666666666666666;0.0;1013.68;0.0;Mostly Cloudy
1532070000;23.0;20.0;0.83;SE;6.111111111111111;11.38888888888889;1013.68;0.0;Mostly Cloudy
1532073600;23.0;21.0;0.88;SE;5.277777777777778;0.0;1013.68;0.0;Light Rain
1532077200;24.0;21.0;0.83;SE;3.611111111111111;0.0;1013.68;0.0;Light Rain
1532080800;23.0;21.0;0.88;ESE;6.111111111111111;0.0;1014.67;0.0;Mostly Cloudy
1532084400;24.0;21.0;0.83;SE;5.277777777777778;10.833333333333334;1014.67;0.0;Mostly Cloudy
1532088000;23.0;21.0;0.88;ESE;5.555555555555555;0.0;1015.67;0.0;Mostly Cloudy
1532091600;25.0;21.0;0.78;SSE;5.555555555555555;0.0;1015.67;0.0;Mostly Cloudy
1532095200;26.0;21.0;0.74;SSE;5.277777777777778;0.0;1014.67;0.0;Partly Cloudy
1532098800;27.0;21.0;0.7;SE;5.555555555555555;0.0;1013.68;0.0;Partly Cloudy
1532102400;27.0;21.0;0.7;SE;6.666666666666666;0.0;1013.68;0.0;Partly Cloudy
1532106000;27.0;21.0;0.7;SE;5.555555555555555;0.0;1012.68;0.0;Partly Cloudy
1532109600;27.0;20.0;0.65;SSE;6.666666666666666;0.0;1012.68;0.0;Partly Cloudy
1532113200;27.0;20.0;0.65;SSE;6.666666666666666;0.0;1012.68;0.0;Partly Cloudy
1532116800;26.0;20.0;0.69;SSE;5.555555555555555;0.0;1013.68;0.0;Partly Cloudy
1532120400;26.0;20.0;0.69;SSE;6.111111111111111;0.0;1013.68;0.0;Partly Cloudy
1532124000;25.0;19.0;0.69;SE;5.277777777777778;0.0;1014.67;0.0;Partly Cloudy
1532127600;25.0;19.0;0.69;SE;4.722222222222222;0.0;1014.67;0.0;Partly Cloudy
1532131200;25.0;19.0;0.69;SE;4.166666666666667;0.0;1015.67;0.0;Partly Cloudy
1532134800;25.0;19.0;0.69;SSE;5.277777777777778;0.0;1014.67;0.0;Fair
1532138400;25.0;19.0;0.69;SSE;5.277777777777778;0.0;1014.67;0.0;Fair
1532142000;24.0;20.0;0.78;SSE;5.277777777777778;0.0;1014.67;0.0;Fair
1532145600;25.0;20.0;0.74;SSE;5.555555555555555;0.0;1014.67;0.0;Partly Cloudy
1532149200;23.0;20.0;0.83;SSW;3.0555555555555554;0.0;1013.68;0.0;Mostly Cloudy
1532152800;23.0;20.0;0.83;SSW;2.5;0.0;1013.68;0.0;Partly Cloudy
1532156400;22.0;20.0;0.88;SSW;3.611111111111111;0.0;1013.68;0.0;Partly Cloudy
1532160000;22.0;20.0;0.88;SSW;3.611111111111111;0.0;1013.68;0.0;Partly Cloudy
1532163600;22.0;20.0;0.88;SSW;3.611111111111111;0.0;1014.67;0.0;Mostly Cloudy
1532167200;23.0;20.0;0.83;SSW;4.166666666666667;0.0;1014.67;0.0;Showers in the Vicinity
1532170800;27.0;20.0;0.65;SSE;8.61111111111111;0.0;1014.67;0.0;Partly Cloudy
1532174400;27.0;20.0;0.65;SSE;9.166666666666666;0.0;1015.67;0.0;Partly Cloudy / Windy
1532178000;27.0;20.0;0.65;SSE;8.61111111111111;0.0;1015.67;0.0;Partly Cloudy
1532181600;28.0;21.0;0.66;SSE;8.61111111111111;0.0;1015.67;0.0;Partly Cloudy
1532185200;27.0;20.0;0.65;SE;8.61111111111111;0.0;1014.67;0.0;Mostly Cloudy
1532188800;27.0;21.0;0.7;SSE;8.61111111111111;0.0;1013.68;0.0;Mostly Cloudy
1532192400;27.0;20.0;0.65;S;9.166666666666666;0.0;1013.68;0.0;Mostly Cloudy / Windy
1532196000;27.0;19.0;0.61;SSE;8.61111111111111;0.0;1013.68;0.0;Mostly Cloudy
1532199600;26.0;19.0;0.65;SSE;8.61111111111111;0.0;1013.68;0.0;Mostly Cloudy
1532203200;26.0;19.0;0.65;S;8.61111111111111;0.0;1013.68;0.0;Mostly Cloudy
1532206800;25.0;19.0;0.69;S;6.111111111111111;0.0;1013.68;0.0;Mostly Cloudy
1532210400;25.0;19.0;0.69;S;5.555555555555555;0.0;1013.68;0.0;Mostly Cloudy
1532214000;25.0;20.0;0.74;S;5.277777777777778;0.0;1014.67;0.0;Partly Cloudy
1532217600;25.0;20.0;0.74;S;6.666666666666666;0.0;1014.67;0.0;Partly Cloudy
1532221200;25.0;19.0;0.69;S;6.666666666666666;0.0;1014.67;0.0;Fair
1532224800;23.0;19.0;0.78;SSW;3.611111111111111;0.0;1014.67;0.0;Partly Cloudy
1532314800;25.0;20.0;0.74;SE;7.777777777777778;0.0;1015.67;0.0;Fair
1532318400;25.0;19.0;0.69;SE;7.222222222222222;0.0;1015.67;0.0;Partly Cloudy
1532322000;24.0;20.0;0.78;SSE;7.777777777777778;0.0;1014.67;0.0;Partly Cloudy
1532325600;24.0;20.0;0.78;SE;5.555555555555555;0.0;1014.67;0.0;Partly Cloudy
1532329200;24.0;19.0;0.73;SSE;6.111111111111111;0.0;1014.67;0.0;Partly Cloudy
1532332800;25.0;19.0;0.69;SSE;7.222222222222222;0.0;1014.67;0.0;Partly Cloudy
1532336400;24.0;18.0;0.69;SE;5.555555555555555;0.0;1015.67;0.0;Partly Cloudy
1532340000;25.0;19.0;0.69;SE;5.555555555555555;0.0;1015.67;0.0;Fair
1532343600;26.0;19.0;0.65;SSE;6.666666666666666;0.0;1016.67;0.0;Partly Cloudy
1532347200;26.0;21.0;0.74;SE;4.722222222222222;0.0;1016.67;0.0;Partly Cloudy
1532350800;23.0;20.0;0.83;SSE;9.166666666666666;0.0;1016.67;0.0;Light Rain / Windy
1532354400;27.0;21.0;0.7;S;7.222222222222222;0.0;1016.67;0.0;Partly Cloudy
1532358000;28.0;21.0;0.66;SSE;8.61111111111111;0.0;1015.67;0.0;Partly Cloudy
1532361600;27.0;21.0;0.7;SSE;9.166666666666666;0.0;1014.67;0.0;Partly Cloudy / Windy
1532365200;27.0;21.0;0.7;SSE;9.722222222222221;0.0;1013.68;0.0;Partly Cloudy / Windy
1532368800;26.0;20.0;0.69;S;8.61111111111111;13.88888888888889;1013.68;0.0;Mostly Cloudy
1532372400;26.0;20.0;0.69;S;8.61111111111111;0.0;1013.68;0.0;Mostly Cloudy
1532376000;26.0;20.0;0.69;S;6.666666666666666;0.0;1013.68;0.0;Mostly Cloudy
1532379600;25.0;20.0;0.74;S;6.111111111111111;0.0;1014.67;0.0;Fair
1532383200;25.0;20.0;0.74;S;5.277777777777778;0.0;1014.67;0.0;Partly Cloudy
1532386800;24.0;20.0;0.78;SSW;2.5;0.0;1015.67;0.0;Fair
1532390400;24.0;20.0;0.78;SSW;4.722222222222222;9.722222222222221;1015.67;0.0;Light Rain
1532394000;24.0;21.0;0.83;SE;6.111111111111111;0.0;1016.67;0.0;Showers in the Vicinity
1532397600;24.0;20.0;0.78;SE;7.222222222222222;0.0;1015.67;0.0;Mostly Cloudy
1532401200;24.0;20.0;0.78;SSE;7.222222222222222;0.0;1015.67;0.0;Mostly Cloudy
1532404800;25.0;20.0;0.74;SE;6.666666666666666;0.0;1015.67;0.0;Mostly Cloudy
1532408400;25.0;20.0;0.74;SE;8.333333333333334;0.0;1014.67;0.0;Mostly Cloudy
1532412000;25.0;19.0;0.69;SE;7.222222222222222;0.0;1014.67;0.0;Mostly Cloudy
1532415600;25.0;19.0;0.69;SE;6.666666666666666;0.0;1014.67;0.0;Fair
1532419200;24.0;18.0;0.69;SE;7.777777777777778;0.0;1014.67;0.0;Fair
1532422800;24.0;19.0;0.73;SSE;7.222222222222222;0.0;1015.67;0.0;Fair
1532426400;25.0;18.0;0.65;SE;6.666666666666666;0.0;1015.67;0.0;Fair
1532430000;26.0;18.0;0.61;SSE;8.61111111111111;0.0;1016.67;0.0;Fair
1532433600;27.0;18.0;0.58;SSE;7.777777777777778;0.0;1017.67;0.0;Fair
1532437200;27.0;19.0;0.61;SSE;7.777777777777778;0.0;1017.67;0.0;Partly Cloudy
1532440800;27.0;18.0;0.58;S;8.333333333333334;0.0;1016.67;0.0;Partly Cloudy
1532444400;27.0;18.0;0.58;SSE;8.61111111111111;0.0;1016.67;0.0;Fair
1532448000;27.0;18.0;0.58;SSE;7.777777777777778;0.0;1015.67;0.0;Fair
1532451600;27.0;19.0;0.61;S;7.777777777777778;0.0;1014.67;0.0;Fair
1532455200;26.0;19.0;0.65;S;8.61111111111111;0.0;1014.67;0.0;Fair
1532458800;26.0;19.0;0.65;S;8.333333333333334;0.0;1014.67;0.0;Fair
1532462400;25.0;19.0;0.69;S;7.777777777777778;0.0;1014.67;0.0;Partly Cloudy
1532466000;25.0;19.0;0.69;S;7.777777777777778;0.0;1015.67;0.0;Partly Cloudy
1532469600;25.0;20.0;0.74;S;5.277777777777778;0.0;1016.67;0.0;Partly Cloudy
1532473200;25.0;20.0;0.74;S;5.277777777777778;0.0;1016.67;0.0;Partly Cloudy
1532476800;24.0;20.0;0.78;SSW;2.5;0.0;1017.67;0.0;Partly Cloudy
1532480400;23.0;20.0;0.83;SW;3.0555555555555554;0.0;1017.67;0.0;Mostly Cloudy
1532484000;23.0;20.0;0.83;S;1.6666666666666665;0.0;1016.67;0.0;Partly Cloudy
1532487600;22.0;20.0;0.88;SSW;3.0555555555555554;0.0;1016.67;0.0;Partly Cloudy
1532491200;22.0;20.0;0.88;SSW;1.9444444444444444;0.0;1016.67;0.0;Partly Cloudy
1532494800;22.0;20.0;0.88;SW;1.6666666666666665;0.0;1015.67;0.0;Partly Cloudy
1532498400;22.0;20.0;0.88;SSW;1.9444444444444444;0.0;1015.67;0.0;Partly Cloudy
1532502000;22.0;20.0;0.88;WNW;1.1111111111111112;0.0;1015.67;0.0;Partly Cloudy
1532505600;22.0;20.0;0.88;SSW;2.5;0.0;1015.67;0.0;Partly Cloudy
1532509200;22.0;20.0;0.88;SW;2.5;0.0;1016.67;0.0;Partly Cloudy
1532512800;24.0;21.0;0.83;S;4.166666666666667;0.0;1016.67;0.0;Mostly Cloudy
1532516400;25.0;21.0;0.78;SE;5.277777777777778;0.0;1017.67;0.0;Showers in the Vicinity
1532520000;27.0;22.0;0.74;SE;7.222222222222222;0.0;1018.67;0.0;Partly Cloudy
1532523600;26.0;22.0;0.78;SE;6.111111111111111;0.0;1018.67;0.0;Partly Cloudy
1532527200;27.0;21.0;0.7;SE;6.666666666666666;0.0;1017.67;0.0;Fair
1532530800;27.0;22.0;0.74;SSE;7.222222222222222;0.0;1016.67;0.0;Partly Cloudy
1532534400;26.0;21.0;0.74;SSE;7.222222222222222;0.0;1016.67;0.0;Fair
1532538000;27.0;21.0;0.7;SSE;8.61111111111111;0.0;1015.67;0.0;Light Rain
1532541600;26.0;21.0;0.74;SE;4.722222222222222;0.0;1015.67;0.0;Mostly Cloudy
1532545200;26.0;21.0;0.74;SSE;7.222222222222222;0.0;1015.67;0.0;Mostly Cloudy
1532548800;25.0;20.0;0.74;SSE;7.222222222222222;0.0;1015.67;0.0;Mostly Cloudy
1532552400;25.0;20.0;0.74;SSE;6.111111111111111;0.0;1016.67;0.0;Partly Cloudy
1532556000;25.0;20.0;0.74;SSE;6.111111111111111;0.0;1016.67;0.0;Mostly Cloudy
1532559600;25.0;21.0;0.78;SSE;7.222222222222222;0.0;1017.67;0.0;Mostly Cloudy
1532563200;25.0;21.0;0.78;SSE;7.222222222222222;0.0;1017.67;0.0;Partly Cloudy
1532566800;25.0;21.0;0.78;SSE;7.222222222222222;0.0;1017.67;0.0;Mostly Cloudy
1532570400;24.0;20.0;0.78;SSE;7.777777777777778;0.0;1017.67;0.0;Partly Cloudy
1532574000;25.0;20.0;0.74;S;6.666666666666666;0.0;1016.67;0.0;Mostly Cloudy
1532577600;24.0;21.0;0.83;SSE;4.166666666666667;0.0;1016.67;0.0;Showers in the Vicinity
1532578800;23.0;21.0;0.88;SE;6.666666666666666;0.0;1016.67;0.0;Light Rain
1532581200;24.0;21.0;0.83;SSE;5.555555555555555;0.0;1016.67;0.0;Cloudy
1532584800;23.0;20.0;0.83;SSW;3.0555555555555554;0.0;1015.67;0.0;Mostly Cloudy
1532588400;22.0;20.0;0.88;SSW;2.5;0.0;1015.67;0.0;Partly Cloudy
1532592000;22.0;20.0;0.88;SSW;2.5;0.0;1015.67;0.0;Mostly Cloudy
1532595600;22.0;20.0;0.88;SW;2.5;0.0;1016.67;0.0;Mostly Cloudy
1532599200;22.0;20.0;0.88;SSW;3.0555555555555554;0.0;1016.67;0.0;Mostly Cloudy
1532602800;24.0;21.0;0.83;SSW;3.0555555555555554;0.0;1017.67;0.0;Mostly Cloudy
1532606400;26.0;21.0;0.74;S;7.222222222222222;0.0;1017.67;0.0;Mostly Cloudy
1532610000;27.0;21.0;0.7;SSE;7.777777777777778;0.0;1017.67;0.0;Partly Cloudy
1532613600;27.0;21.0;0.7;SSE;8.333333333333334;0.0;1017.67;0.0;Fair
1532617200;28.0;21.0;0.66;S;8.333333333333334;0.0;1016.67;0.0;Fair
1532620800;27.0;21.0;0.7;S;9.166666666666666;0.0;1016.67;0.0;Fair / Windy
1532624400;27.0;21.0;0.7;SSE;9.722222222222221;0.0;1015.67;0.0;Fair / Windy
1532628000;27.0;21.0;0.7;S;8.333333333333334;0.0;1014.67;0.0;Fair
1532631600;26.0;21.0;0.74;S;7.777777777777778;0.0;1015.67;0.0;Partly Cloudy
1532635200;26.0;20.0;0.69;S;7.222222222222222;0.0;1015.67;0.0;Partly Cloudy
1532638800;25.0;20.0;0.74;S;6.111111111111111;0.0;1015.67;0.0;Partly Cloudy
1532642400;25.0;20.0;0.74;S;5.277777777777778;0.0;1016.67;0.0;Partly Cloudy
1532646000;25.0;21.0;0.78;S;4.166666666666667;0.0;1016.67;0.0;Partly Cloudy
1532649600;24.0;21.0;0.83;SSW;4.166666666666667;12.222222222222221;1016.67;0.0;Partly Cloudy
1532653200;24.0;21.0;0.83;SW;3.0555555555555554;0.0;1017.67;0.0;Mostly Cloudy
1532656800;23.0;21.0;0.88;SSW;3.611111111111111;0.0;1016.67;0.0;Mostly Cloudy
1532687520;22.0;21.0;0.94;S;2.5;0.0;1016.67;0.0;Light Rain
1532689200;22.0;21.0;0.94;S;1.9444444444444444;0.0;1017.67;0.0;Light Rain
1532692800;23.0;22.0;0.94;SSW;2.5;0.0;1017.67;0.0;Light Rain
1532694720;23.0;22.0;0.94;S;3.611111111111111;0.0;1017.67;0.0;Light Rain
1532696400;23.0;22.0;0.94;SSE;4.722222222222222;0.0;1017.67;0.0;Light Rain
1532697900;24.0;22.0;0.89;SE;3.0555555555555554;0.0;1017.67;0.0;Showers in the Vicinity
1532700000;23.0;22.0;0.94;ESE;5.277777777777778;0.0;1017.67;0.0;Light Rain
1532700600;23.0;22.0;0.94;SE;6.111111111111111;0.0;1017.67;0.0;Showers in the Vicinity
1532703600;24.0;23.0;0.94;S;4.166666666666667;0.0;1016.67;0.0;Light Rain
1532705280;23.0;22.0;0.94;SE;5.555555555555555;0.0;1016.67;0.0;Light Rain
1532707200;24.0;22.0;0.89;SE;4.722222222222222;0.0;1015.67;0.0;Mostly Cloudy
1532710800;23.0;22.0;0.94;S;5.555555555555555;0.0;1015.67;0.0;Light Rain
1532713080;23.0;22.0;0.94;SSW;4.166666666666667;0.0;1014.67;0.0;Light Rain
1532714400;22.0;21.0;0.94;SSW;5.277777777777778;0.0;1014.67;0.0;Light Rain
1532718000;23.0;21.0;0.88;S;2.5;0.0;1014.67;0.0;Light Rain
1532721600;25.0;22.0;0.83;SSE;5.555555555555555;0.0;1014.67;0.0;Partly Cloudy
1532725200;25.0;21.0;0.78;SSE;5.555555555555555;0.0;1014.67;0.0;Partly Cloudy
1532728800;25.0;21.0;0.78;SSE;5.555555555555555;0.0;1014.67;0.0;Mostly Cloudy
1532732400;25.0;20.0;0.74;SSE;6.111111111111111;0.0;1015.67;0.0;Partly Cloudy
1532736000;25.0;21.0;0.78;SE;5.555555555555555;0.0;1015.67;0.0;Partly Cloudy
1532739600;25.0;21.0;0.78;SSE;5.277777777777778;0.0;1016.67;0.0;Mostly Cloudy
1532743200;25.0;20.0;0.74;SE;5.277777777777778;0.0;1016.67;0.0;Mostly Cloudy
1532746800;24.0;21.0;0.83;SSE;6.111111111111111;0.0;1015.67;0.0;Mostly Cloudy
1532750400;24.0;20.0;0.78;SE;5.555555555555555;0.0;1015.67;0.0;Mostly Cloudy
1532754000;23.0;20.0;0.83;SE;6.666666666666666;0.0;1015.67;0.0;Light Rain
1532757600;24.0;21.0;0.83;SE;2.5;0.0;1014.67;0.0;Showers in the Vicinity
1532761200;24.0;20.0;0.78;SSE;6.666666666666666;0.0;1014.67;0.0;Mostly Cloudy
1532764800;24.0;20.0;0.78;SE;5.555555555555555;0.0;1014.67;0.0;Partly Cloudy
1532768400;24.0;20.0;0.78;SSE;5.555555555555555;0.0;1015.67;0.0;Mostly Cloudy
1532772000;25.0;20.0;0.74;SE;5.555555555555555;0.0;1015.67;0.0;Partly Cloudy
1532775600;26.0;20.0;0.69;SSE;7.777777777777778;0.0;1016.67;0.0;Partly Cloudy
1532779200;27.0;20.0;0.65;SE;7.222222222222222;0.0;1016.67;0.0;Partly Cloudy
1532782800;27.0;20.0;0.65;SE;7.222222222222222;0.0;1016.67;0.0;Partly Cloudy
1532786400;25.0;19.0;0.69;SSE;7.777777777777778;0.0;1016.67;0.0;Mostly Cloudy
1532790000;27.0;21.0;0.7;SE;6.111111111111111;0.0;1015.67;0.0;Partly Cloudy
1532793600;27.0;20.0;0.65;SE;7.222222222222222;0.0;1015.67;0.0;Mostly Cloudy
1532797200;27.0;20.0;0.65;SSE;7.222222222222222;0.0;1014.67;0.0;Partly Cloudy
1532800800;26.0;19.0;0.65;SSE;6.666666666666666;0.0;1014.67;0.0;Partly Cloudy
1532804400;26.0;19.0;0.65;SSE;6.666666666666666;0.0;1014.67;0.0;Partly Cloudy
1532808000;25.0;20.0;0.74;SSE;6.666666666666666;0.0;1014.67;0.0;Partly Cloudy
1532811600;26.0;19.0;0.65;SE;4.722222222222222;0.0;1014.67;0.0;Partly Cloudy
1532815200;25.0;19.0;0.69;SSE;5.555555555555555;0.0;1014.67;0.0;Partly Cloudy
1532818800;25.0;20.0;0.74;SE;5.277777777777778;0.0;1015.67;0.0;Partly Cloudy
1532822400;25.0;20.0;0.74;SE;5.277777777777778;0.0;1016.67;0.0;Mostly Cloudy
1532826000;25.0;20.0;0.74;SE;5.555555555555555;0.0;1016.67;0.0;Mostly Cloudy
1532829600;25.0;20.0;0.74;SE;5.555555555555555;0.0;1016.67;0.0;Mostly Cloudy
1532919600;23.0;20.0;0.83;SSW;1.9444444444444444;0.0;1015.67;0.0;Fair
1532923200;23.0;20.0;0.83;SW;1.6666666666666665;0.0;1014.67;0.0;Mostly Cloudy
1532926800;22.0;20.0;0.88;S;1.9444444444444444;0.0;1014.67;0.0;Partly Cloudy
1532930400;22.0;20.0;0.88;S;1.6666666666666665;0.0;1015.67;0.0;Partly Cloudy
1532934000;22.0;20.0;0.88;SW;1.6666666666666665;0.0;1013.68;0.0;Partly Cloudy
1532937600;21.0;20.0;0.94;SSW;1.6666666666666665;0.0;1014.67;0.0;Fair
1532941200;21.0;20.0;0.94;SSW;1.6666666666666665;0.0;1014.67;0.0;Partly Cloudy
1532944800;22.0;20.0;0.88;SW;1.1111111111111112;0.0;1013.68;0.0;Mostly Cloudy
1532948400;24.0;21.0;0.83;SW;1.1111111111111112;0.0;1014.67;0.0;Partly Cloudy
1532952000;24.0;22.0;0.89;SSE;3.0555555555555554;0.0;1015.67;0.0;Light Rain
1532955600;25.0;22.0;0.83;SE;4.166666666666667;0.0;1015.67;0.0;Mostly Cloudy
1532959200;26.0;22.0;0.78;SE;5.277777777777778;0.0;1015.67;0.0;Mostly Cloudy
1532962800;26.0;22.0;0.78;SE;5.277777777777778;0.0;1014.67;0.0;Partly Cloudy
1532966400;27.0;22.0;0.74;SSE;6.666666666666666;0.0;1013.68;0.0;Fair
1532970000;27.0;22.0;0.74;SE;5.277777777777778;0.0;1013.68;0.0;Partly Cloudy
1532973600;26.0;22.0;0.78;SE;4.722222222222222;0.0;1012.68;0.0;Mostly Cloudy
1532975400;23.0;22.0;0.94;E;5.277777777777778;0.0;1013.68;0.0;Rain
1532976300;23.0;22.0;0.94;E;3.611111111111111;0.0;1013.68;0.0;Heavy Rain
1532977200;23.0;22.0;0.94;SE;3.611111111111111;0.0;1013.68;0.0;Rain
1532978100;24.0;23.0;0.94;SE;3.611111111111111;0.0;1013.68;0.0;Showers in the Vicinity
1532980800;24.0;22.0;0.89;SE;4.166666666666667;0.0;1013.68;0.0;Showers in the Vicinity
1532983200;24.0;22.0;0.89;SE;3.0555555555555554;0.0;1013.68;0.0;Light Rain
1532984400;23.0;22.0;0.94;SE;3.0555555555555554;0.0;1013.68;0.0;Light Rain
1532986200;23.0;22.0;0.94;SSE;3.611111111111111;0.0;1014.67;0.0;Showers in the Vicinity
1532988000;23.0;22.0;0.94;SSE;4.166666666666667;0.0;1014.67;0.0;Showers in the Vicinity
1532991600;23.0;22.0;0.94;S;4.166666666666667;0.0;1014.67;0.0;Mostly Cloudy
1532995200;23.0;22.0;0.94;SSW;3.0555555555555554;0.0;1014.67;0.0;Light Rain
1532998800;24.0;22.0;0.89;E;3.611111111111111;0.0;1015.67;0.0;Light Rain
1533002400;24.0;21.0;0.83;ESE;5.277777777777778;0.0;1015.67;0.0;Mostly Cloudy
1533006000;23.0;21.0;0.88;SE;3.0555555555555554;0.0;1014.67;0.0;Mostly Cloudy
1533009600;24.0;21.0;0.83;ESE;3.611111111111111;0.0;1014.67;0.0;Mostly Cloudy
1533013200;25.0;21.0;0.78;ESE;3.611111111111111;0.0;1013.68;0.0;Mostly Cloudy
1533016800;25.0;21.0;0.78;ESE;3.611111111111111;0.0;1013.68;0.0;Mostly Cloudy
1533020400;25.0;21.0;0.78;ESE;4.166666666666667;0.0;1013.68;0.0;Mostly Cloudy
1533024000;25.0;21.0;0.78;ESE;3.611111111111111;0.0;1013.68;0.0;Mostly Cloudy
1533027600;25.0;21.0;0.78;ESE;4.166666666666667;0.0;1013.68;0.0;Mostly Cloudy
1533031200;25.0;22.0;0.83;E;3.0555555555555554;0.0;1014.67;0.0;Partly Cloudy
1533034800;26.0;22.0;0.78;ESE;4.166666666666667;0.0;1014.67;0.0;Partly Cloudy
1533038400;27.0;22.0;0.74;SE;5.277777777777778;0.0;1015.67;0.0;Partly Cloudy
1533042000;28.0;22.0;0.7;SE;4.722222222222222;0.0;1015.67;0.0;Partly Cloudy
1533045600;27.0;22.0;0.74;ESE;3.611111111111111;0.0;1014.67;0.0;Partly Cloudy
1533049200;28.0;22.0;0.7;ESE;4.722222222222222;0.0;1014.67;0.0;Mostly Cloudy
1533052800;27.0;22.0;0.74;E;3.611111111111111;0.0;1013.68;0.0;Mostly Cloudy
1533056400;27.0;22.0;0.74;ESE;4.722222222222222;0.0;1013.68;0.0;Mostly Cloudy
1533060000;24.0;21.0;0.83;S;5.277777777777778;0.0;1013.68;0.0;Mostly Cloudy
1533063600;24.0;22.0;0.89;SSW;3.611111111111111;0.0;1013.68;0.0;Mostly Cloudy
1533067200;24.0;22.0;0.89;S;1.9444444444444444;0.0;1013.68;0.0;Mostly Cloudy
1533070800;23.0;22.0;0.94;S;2.5;0.0;1013.68;0.0;Mostly Cloudy
1533074400;23.0;22.0;0.94;SSW;4.166666666666667;0.0;1014.67;0.0;Showers in the Vicinity
1533078000;23.0;22.0;0.94;S;2.5;0.0;1014.67;0.0;Showers in the Vicinity
1533078600;23.0;22.0;0.94;SSW;1.9444444444444444;0.0;1014.67;0.0;Light Rain
1533081600;22.0;21.0;0.94;SW;1.9444444444444444;0.0;1015.67;0.0;Light Rain
1533085200;22.0;21.0;0.94;SSW;3.0555555555555554;0.0;1014.67;0.0;Mostly Cloudy
1533088800;22.0;21.0;0.94;SSE;1.6666666666666665;0.0;1015.67;0.0;Light Rain
1533092400;22.0;21.0;0.94;S;2.5;0.0;1014.67;0.0;Light Rain
1533096000;22.0;21.0;0.94;WSW;1.6666666666666665;0.0;1013.68;0.0;Light Rain
1533099600;22.0;21.0;0.94;S;3.0555555555555554;0.0;1013.68;0.0;Light Rain
1533103200;21.0;21.0;1.0;SSW;3.0555555555555554;0.0;1013.68;0.0;Light Rain
1533106800;21.0;20.0;0.94;SW;1.9444444444444444;0.0;1013.68;0.0;Light Rain
1533110400;21.0;20.0;0.94;SSW;3.0555555555555554;0.0;1013.68;0.0;Light Rain
1533114000;21.0;20.0;0.94;S;1.6666666666666665;0.0;1013.68;0.0;Mostly Cloudy
1533117600;22.0;21.0;0.94;SSW;1.6666666666666665;0.0;1014.67;0.0;Mostly Cloudy
1533121200;23.0;21.0;0.88;SSW;3.0555555555555554;0.0;1014.67;0.0;Mostly Cloudy
1533124800;25.0;22.0;0.83;S;2.5;0.0;1014.67;0.0;Mostly Cloudy
1533128400;26.0;22.0;0.78;SSW;3.0555555555555554;0.0;1014.67;0.0;Mostly Cloudy
1533132000;26.0;22.0;0.78;SSE;5.277777777777778;0.0;1014.67;0.0;Showers in the Vicinity
1533135600;25.0;22.0;0.83;SE;5.277777777777778;0.0;1013.68;0.0;Showers in the Vicinity
1533139200;27.0;22.0;0.74;SE;4.166666666666667;0.0;1012.68;0.0;Partly Cloudy
1533142800;27.0;22.0;0.74;SE;4.722222222222222;0.0;1012.68;0.0;Partly Cloudy
1533146400;27.0;22.0;0.74;SE;5.277777777777778;0.0;1011.68;0.0;Fair
1533150000;26.0;21.0;0.74;SE;4.166666666666667;0.0;1011.68;0.0;Mostly Cloudy
1533153600;26.0;22.0;0.78;ESE;5.555555555555555;0.0;1012.68;0.0;Mostly Cloudy
1533157200;26.0;21.0;0.74;ESE;3.611111111111111;0.0;1012.68;0.0;Mostly Cloudy
1533160800;26.0;20.0;0.69;ESE;4.722222222222222;0.0;1013.68;0.0;Mostly Cloudy
1533164400;25.0;21.0;0.78;SE;5.277777777777778;0.0;1013.68;0.0;Mostly Cloudy
1533168000;25.0;21.0;0.78;SE;3.611111111111111;0.0;1014.67;0.0;Partly Cloudy
1533171600;25.0;20.0;0.74;ESE;4.722222222222222;0.0;1014.67;0.0;Fair
1533175200;25.0;20.0;0.74;ESE;4.166666666666667;0.0;1014.67;0.0;Mostly Cloudy
1533178800;25.0;20.0;0.74;ESE;4.722222222222222;0.0;1014.67;0.0;Mostly Cloudy
1533182400;25.0;20.0;0.74;SE;4.722222222222222;0.0;1013.68;0.0;Mostly Cloudy
1533186000;25.0;20.0;0.74;SE;4.722222222222222;0.0;1013.68;0.0;Mostly Cloudy
1533189600;25.0;20.0;0.74;SE;4.722222222222222;0.0;1013.68;0.0;Mostly Cloudy
1533193200;24.0;22.0;0.89;SSE;6.111111111111111;0.0;1013.68;0.0;Mostly Cloudy
1533196800;24.0;20.0;0.78;SE;4.166666666666667;0.0;1013.68;0.0;Mostly Cloudy
1533200400;25.0;19.0;0.69;SE;5.555555555555555;0.0;1013.68;0.0;Mostly Cloudy
1533204000;25.0;20.0;0.74;SE;4.722222222222222;0.0;1014.67;0.0;Mostly Cloudy
1533207600;25.0;20.0;0.74;SE;6.111111111111111;0.0;1014.67;0.0;Mostly Cloudy
1533211200;26.0;19.0;0.65;SE;6.111111111111111;0.0;1015.67;0.0;Mostly Cloudy
1533214800;26.0;19.0;0.65;SE;6.111111111111111;0.0;1015.67;0.0;Mostly Cloudy
1533218400;27.0;20.0;0.65;SE;6.111111111111111;0.0;1015.67;0.0;Partly Cloudy
1533222000;27.0;19.0;0.61;SSE;7.222222222222222;0.0;1014.67;0.0;Mostly Cloudy
1533225600;27.0;20.0;0.65;SSE;6.666666666666666;0.0;1013.68;0.0;Partly Cloudy
1533229200;27.0;19.0;0.61;SSE;7.222222222222222;0.0;1013.68;0.0;Fair
1533232800;26.0;19.0;0.65;SSE;6.111111111111111;0.0;1012.68;0.0;Partly Cloudy
1533236400;26.0;19.0;0.65;SE;5.277777777777778;0.0;1012.68;0.0;Partly Cloudy
1533240000;26.0;19.0;0.65;SSE;4.722222222222222;0.0;1012.68;0.0;Partly Cloudy
1533243600;25.0;19.0;0.69;SSE;5.277777777777778;0.0;1013.68;0.0;Partly Cloudy
1533247200;25.0;19.0;0.69;SSE;6.111111111111111;0.0;1013.68;0.0;Partly Cloudy
1533250800;25.0;18.0;0.65;SSE;5.277777777777778;0.0;1014.67;0.0;Partly Cloudy
1533254400;24.0;19.0;0.73;SSE;4.722222222222222;0.0;1015.67;0.0;Partly Cloudy
1533258000;23.0;19.0;0.78;SW;2.5;0.0;1015.67;0.0;Fair
1533261600;22.0;19.0;0.83;SSW;1.6666666666666665;0.0;1015.67;0.0;Partly Cloudy
1533265200;22.0;19.0;0.83;SW;3.0555555555555554;0.0;1015.67;0.0;Partly Cloudy
1533268800;23.0;19.0;0.78;SSW;2.5;0.0;1014.67;0.0;Mostly Cloudy
1533272400;23.0;19.0;0.78;SSW;1.9444444444444444;0.0;1013.68;0.0;Partly Cloudy
1533276000;22.0;19.0;0.83;SSW;1.9444444444444444;0.0;1013.68;0.0;Mostly Cloudy
1533279600;24.0;19.0;0.73;SE;3.0555555555555554;0.0;1013.68;0.0;Fair
1533283200;22.0;19.0;0.83;SSW;3.0555555555555554;0.0;1013.68;0.0;Fair
1533286800;22.0;19.0;0.83;SSW;2.5;0.0;1014.67;0.0;Mostly Cloudy
1533290400;23.0;19.0;0.78;SSW;3.0555555555555554;0.0;1014.67;0.0;Partly Cloudy
1533294000;26.0;19.0;0.65;SE;5.277777777777778;0.0;1015.67;0.0;Partly Cloudy
1533297600;26.0;20.0;0.69;SSE;6.111111111111111;0.0;1015.67;0.0;Partly Cloudy
1533301200;26.0;20.0;0.69;SE;5.277777777777778;0.0;1015.67;0.0;Partly Cloudy
1533304800;27.0;19.0;0.61;ESE;5.277777777777778;0.0;1014.67;0.0;Partly Cloudy
1533308400;27.0;20.0;0.65;SE;6.666666666666666;0.0;1014.67;0.0;Partly Cloudy
1533312000;27.0;20.0;0.65;SE;5.555555555555555;0.0;1013.68;0.0;Partly Cloudy
1533315600;27.0;19.0;0.61;SE;5.277777777777778;0.0;1012.68;0.0;Partly Cloudy
1533319200;26.0;19.0;0.65;SE;5.555555555555555;0.0;1012.68;0.0;Partly Cloudy
1533322800;26.0;19.0;0.65;SE;5.555555555555555;0.0;1012.68;0.0;Partly Cloudy
1533326400;25.0;19.0;0.69;ESE;4.722222222222222;0.0;1013.68;0.0;Partly Cloudy
1533330000;25.0;19.0;0.69;ESE;4.166666666666667;0.0;1013.68;0.0;Partly Cloudy
1533333600;25.0;19.0;0.69;SSE;5.277777777777778;0.0;1013.68;0.0;Fair
1533337200;25.0;19.0;0.69;SE;4.722222222222222;0.0;1014.67;0.0;Fair
1533340800;25.0;19.0;0.69;SE;4.166666666666667;0.0;1014.67;0.0;Partly Cloudy
1533344400;25.0;19.0;0.69;SE;4.166666666666667;0.0;1014.67;0.0;Fair
1533348000;25.0;19.0;0.69;SSE;3.611111111111111;0.0;1014.67;0.0;Partly Cloudy
1533351600;24.0;19.0;0.73;SSE;4.722222222222222;0.0;1014.67;0.0;Partly Cloudy
1533355200;24.0;19.0;0.73;S;3.611111111111111;0.0;1014.67;0.0;Partly Cloudy
1533358800;23.0;19.0;0.78;SSW;2.5;0.0;1013.68;0.0;Mostly Cloudy
1533362400;24.0;19.0;0.73;SSW;2.5;0.0;1013.68;0.0;Partly Cloudy
1533366000;22.0;19.0;0.83;CALM;0.0;0.0;1013.68;0.0;Partly Cloudy
1533369600;22.0;19.0;0.83;SW;2.5;0.0;1013.68;0.0;Partly Cloudy
1533373200;22.0;19.0;0.83;SSW;2.5;0.0;1014.67;0.0;Mostly Cloudy
1533376800;23.0;19.0;0.78;SSW;2.5;0.0;1014.67;0.0;Partly Cloudy
1533380400;25.0;20.0;0.74;SW;1.9444444444444444;0.0;1015.67;0.0;Fair
1533384000;27.0;21.0;0.7;SSE;4.722222222222222;0.0;1015.67;0.0;Mostly Cloudy
1533387600;27.0;22.0;0.74;SSE;5.277777777777778;0.0;1015.67;0.0;Partly Cloudy
1533391200;27.0;22.0;0.74;SSE;5.277777777777778;0.0;1015.67;0.0;Partly Cloudy
1533394800;27.0;21.0;0.7;SSE;5.555555555555555;0.0;1014.67;0.0;Partly Cloudy
1533398400;26.0;21.0;0.74;SSE;5.277777777777778;0.0;1013.68;0.0;Partly Cloudy
1533402000;27.0;21.0;0.7;SE;5.277777777777778;0.0;1012.68;0.0;Partly Cloudy
1533405600;27.0;21.0;0.7;SE;5.277777777777778;0.0;1012.68;0.0;Partly Cloudy
1533409200;26.0;21.0;0.74;SSE;5.555555555555555;0.0;1012.68;0.0;Partly Cloudy
1533412800;26.0;21.0;0.74;SSE;6.111111111111111;0.0;1013.68;0.0;Partly Cloudy
1533416400;26.0;21.0;0.74;SE;4.722222222222222;0.0;1013.68;0.0;Partly Cloudy
1533420000;25.0;20.0;0.74;SSE;4.722222222222222;0.0;1013.68;0.0;Partly Cloudy
1533423600;25.0;21.0;0.78;SE;4.166666666666667;0.0;1014.67;0.0;Partly Cloudy
1533427200;25.0;21.0;0.78;SE;4.722222222222222;0.0;1014.67;0.0;Fair
1533430800;25.0;21.0;0.78;SE;4.166666666666667;0.0;1014.67;0.0;Partly Cloudy
1533434400;25.0;21.0;0.78;ESE;3.611111111111111;0.0;1013.68;0.0;Partly Cloudy
1533438000;25.0;21.0;0.78;SE;3.0555555555555554;0.0;1013.68;0.0;Partly Cloudy
1533441600;25.0;21.0;0.78;SE;3.0555555555555554;0.0;1012.68;0.0;Partly Cloudy
1533445200;25.0;21.0;0.78;ESE;3.0555555555555554;0.0;1011.68;0.0;Partly Cloudy
1533448800;25.0;21.0;0.78;ESE;3.0555555555555554;0.0;1011.68;0.0;Mostly Cloudy
1533452400;25.0;21.0;0.78;ESE;1.6666666666666665;0.0;1011.68;0.0;Mostly Cloudy
1533456000;23.0;21.0;0.88;SW;1.6666666666666665;0.0;1012.68;0.0;Mostly Cloudy
1533459600;22.0;20.0;0.88;WSW;1.6666666666666665;0.0;1012.68;0.0;Partly Cloudy
1533463200;24.0;21.0;0.83;SSW;2.5;0.0;1013.68;0.0;Mostly Cloudy
1533466800;26.0;21.0;0.74;SW;2.5;0.0;1014.67;0.0;Partly Cloudy
1533470400;27.0;21.0;0.7;ESE;5.277777777777778;0.0;1014.67;0.0;Partly Cloudy
1533474000;27.0;21.0;0.7;SE;5.277777777777778;0.0;1014.67;0.0;Partly Cloudy
1533477600;27.0;21.0;0.7;ESE;6.111111111111111;0.0;1014.67;0.0;Partly Cloudy
1533481200;28.0;22.0;0.7;SE;5.277777777777778;0.0;1013.68;0.0;Partly Cloudy
1533484800;27.0;22.0;0.74;SE;5.277777777777778;0.0;1013.68;0.0;Partly Cloudy
1533488400;27.0;22.0;0.74;SE;6.666666666666666;0.0;1012.68;0.0;Partly Cloudy
1533492000;27.0;21.0;0.7;SE;6.111111111111111;0.0;1012.68;0.0;Partly Cloudy
1533495600;27.0;22.0;0.74;SE;5.277777777777778;0.0;1012.68;0.0;Partly Cloudy
1533499200;26.0;21.0;0.74;SE;5.555555555555555;0.0;1013.68;0.0;Partly Cloudy
1533502800;25.0;21.0;0.78;SE;4.722222222222222;0.0;1013.68;0.0;Fair
1533506400;25.0;21.0;0.78;SE;4.722222222222222;0.0;1013.68;0.0;Partly Cloudy
1533510000;25.0;21.0;0.78;SE;4.722222222222222;0.0;1014.67;0.0;Partly Cloudy
1533513600;25.0;21.0;0.78;ESE;3.611111111111111;0.0;1014.67;0.0;Partly Cloudy
1533517200;25.0;21.0;0.78;ESE;2.5;0.0;1014.67;0.0;Mostly Cloudy
1533520800;25.0;21.0;0.78;ESE;2.5;0.0;1014.67;0.0;Partly Cloudy
1533610800;25.0;21.0;0.78;SE;4.166666666666667;0.0;1015.67;0.0;Mostly Cloudy
1533614400;25.0;21.0;0.78;SSE;4.166666666666667;0.0;1014.67;0.0;Mostly Cloudy
1533618000;25.0;21.0;0.78;SSE;5.555555555555555;0.0;1014.67;0.0;Mostly Cloudy
1533621600;25.0;21.0;0.78;SE;4.166666666666667;0.0;1013.68;0.0;Mostly Cloudy
1533625200;24.0;21.0;0.83;SSE;4.722222222222222;0.0;1014.67;0.0;Partly Cloudy
1533628800;23.0;21.0;0.88;S;1.9444444444444444;0.0;1014.67;0.0;Mostly Cloudy
1533632400;23.0;21.0;0.88;SSW;2.5;0.0;1015.67;0.0;Mostly Cloudy
1533636000;25.0;22.0;0.83;S;2.5;0.0;1015.67;0.0;Mostly Cloudy
1533639600;26.0;21.0;0.74;SE;5.277777777777778;0.0;1016.67;0.0;Partly Cloudy
1533643200;27.0;22.0;0.74;SE;4.722222222222222;0.0;1016.67;0.0;Partly Cloudy
1533646800;27.0;21.0;0.7;SE;5.555555555555555;0.0;1016.67;0.0;Partly Cloudy
1533650400;27.0;20.0;0.65;SE;6.111111111111111;0.0;1015.67;0.0;Partly Cloudy
1533654000;28.0;21.0;0.66;SE;5.277777777777778;0.0;1015.67;0.0;Fair
1533657600;27.0;21.0;0.7;SE;6.111111111111111;0.0;1014.67;0.0;Partly Cloudy
1533661200;27.0;21.0;0.7;SE;6.111111111111111;0.0;1014.67;0.0;Partly Cloudy
1533664800;27.0;20.0;0.65;SE;6.666666666666666;0.0;1014.67;0.0;Partly Cloudy
1533668400;26.0;21.0;0.74;SSE;5.277777777777778;0.0;1014.67;0.0;Partly Cloudy
1533672000;25.0;20.0;0.74;SSE;5.555555555555555;0.0;1014.67;0.0;Fair
1533675600;25.0;21.0;0.78;SSE;6.111111111111111;0.0;1015.67;0.0;Mostly Cloudy
1533679200;25.0;20.0;0.74;SE;5.555555555555555;0.0;1015.67;0.0;Fair
1533682800;24.0;20.0;0.78;SSE;6.111111111111111;0.0;1016.67;0.0;Fair
1533686400;23.0;21.0;0.88;ESE;5.555555555555555;0.0;1017.67;0.0;Light Rain
1533690000;23.0;21.0;0.88;CALM;0.0;0.0;1017.67;0.0;Light Rain
1533693600;23.0;21.0;0.88;SW;2.5;0.0;1017.67;0.0;Mostly Cloudy
1533697200;23.0;21.0;0.88;S;2.5;0.0;1016.67;0.0;Partly Cloudy
1533700800;23.0;20.0;0.83;SSE;3.0555555555555554;0.0;1015.67;0.0;Partly Cloudy
1533704400;24.0;21.0;0.83;SE;2.5;0.0;1014.67;0.0;Mostly Cloudy
1533708000;24.0;20.0;0.78;SE;3.0555555555555554;0.0;1014.67;0.0;Partly Cloudy
1533711600;23.0;21.0;0.88;SW;2.5;0.0;1014.67;0.0;Partly Cloudy
1533715200;22.0;20.0;0.88;CALM;0.0;0.0;1015.67;0.0;Showers in the Vicinity
1533718800;23.0;20.0;0.83;CALM;0.0;0.0;1015.67;0.0;Mostly Cloudy
1533722400;23.0;20.0;0.83;CALM;0.0;0.0;1016.67;0.0;Partly Cloudy
1533726000;24.0;21.0;0.83;SSW;1.6666666666666665;0.0;1017.67;0.0;Fair
1533729600;26.0;21.0;0.74;SSE;3.611111111111111;0.0;1017.67;0.0;Partly Cloudy
1533733200;27.0;21.0;0.7;SE;4.722222222222222;0.0;1017.67;0.0;Partly Cloudy
1533736800;27.0;20.0;0.65;SSE;4.722222222222222;0.0;1016.67;0.0;Mostly Cloudy
1533740400;26.0;22.0;0.78;SSE;5.277777777777778;0.0;1016.67;0.0;Light Rain
1533744000;26.0;22.0;0.78;SSE;6.111111111111111;0.0;1015.67;0.0;Partly Cloudy
1533747600;27.0;22.0;0.74;SSE;7.222222222222222;0.0;1014.67;0.0;Partly Cloudy
1533751200;27.0;22.0;0.74;SSE;6.111111111111111;0.0;1014.67;0.0;Partly Cloudy
1533754800;26.0;21.0;0.74;S;7.222222222222222;0.0;1014.67;0.0;Showers in the Vicinity
1533758400;25.0;22.0;0.83;S;5.277777777777778;0.0;1014.67;0.0;Showers in the Vicinity
1533762000;25.0;22.0;0.83;S;4.722222222222222;0.0;1015.67;0.0;Mostly Cloudy
1533765600;25.0;21.0;0.78;S;5.277777777777778;0.0;1015.67;0.0;Fair
1533769200;25.0;21.0;0.78;SSE;5.555555555555555;0.0;1016.67;0.0;Partly Cloudy
1533772800;25.0;21.0;0.78;SSE;6.111111111111111;0.0;1016.67;0.0;Mostly Cloudy
1533776400;25.0;21.0;0.78;SSE;6.111111111111111;0.0;1016.67;0.0;Mostly Cloudy
1533780000;25.0;22.0;0.83;SSE;4.722222222222222;0.0;1016.67;0.0;Mostly Cloudy
1533783600;25.0;21.0;0.78;SSE;6.111111111111111;0.0;1015.67;0.0;Mostly Cloudy
1533787200;25.0;21.0;0.78;SSE;6.111111111111111;0.0;1014.67;0.0;Mostly Cloudy
1533790800;25.0;21.0;0.78;SSE;5.555555555555555;0.0;1014.67;0.0;Mostly Cloudy
1533794400;25.0;20.0;0.74;SSE;5.555555555555555;0.0;1014.67;0.0;Mostly Cloudy
1533798000;24.0;21.0;0.83;SSE;6.111111111111111;0.0;1014.67;0.0;Mostly Cloudy
1533801600;24.0;21.0;0.83;SE;5.555555555555555;0.0;1014.67;0.0;Mostly Cloudy
1533805200;24.0;20.0;0.78;S;5.555555555555555;0.0;1015.67;0.0;Partly Cloudy
1533808800;25.0;20.0;0.74;S;3.611111111111111;0.0;1015.67;0.0;Partly Cloudy
1533812400;25.0;21.0;0.78;SSW;3.0555555555555554;0.0;1016.67;0.0;Mostly Cloudy
1533816000;26.0;21.0;0.74;SE;6.666666666666666;0.0;1017.67;0.0;Mostly Cloudy
1533819600;27.0;21.0;0.7;SSE;7.222222222222222;0.0;1017.67;0.0;Mostly Cloudy
1533823200;28.0;21.0;0.66;SSE;6.666666666666666;0.0;1016.67;0.0;Mostly Cloudy
1533826800;26.0;20.0;0.69;S;7.222222222222222;0.0;1015.67;0.0;Mostly Cloudy
1533830400;26.0;21.0;0.74;SSE;6.666666666666666;0.0;1015.67;0.0;Mostly Cloudy
1533834000;25.0;20.0;0.74;SSE;7.777777777777778;0.0;1014.67;0.0;Mostly Cloudy
1533837600;25.0;20.0;0.74;ESE;3.611111111111111;0.0;1014.67;0.0;Mostly Cloudy
1533841200;25.0;22.0;0.83;SE;4.722222222222222;0.0;1014.67;0.0;Mostly Cloudy
1533844800;23.0;22.0;0.94;S;3.0555555555555554;0.0;1014.67;0.0;Light Rain
1533848400;23.0;22.0;0.94;SW;1.9444444444444444;0.0;1014.67;0.0;Light Rain
1533852000;23.0;22.0;0.94;SW;1.9444444444444444;0.0;1015.67;0.0;Mostly Cloudy
1533855600;23.0;22.0;0.94;SSW;1.6666666666666665;0.0;1015.67;0.0;Partly Cloudy
1533859200;24.0;22.0;0.89;SSW;1.6666666666666665;0.0;1015.67;0.0;Mostly Cloudy
1533862800;25.0;21.0;0.78;SSE;3.611111111111111;0.0;1015.67;0.0;Partly Cloudy
1533866400;25.0;22.0;0.83;SE;3.0555555555555554;0.0;1015.67;0.0;Mostly Cloudy
1533870000;25.0;21.0;0.78;SE;5.277777777777778;0.0;1015.67;0.0;Mostly Cloudy
1533873600;25.0;21.0;0.78;SE;3.611111111111111;0.0;1014.67;0.0;Mostly Cloudy
1533877200;25.0;21.0;0.78;SE;3.611111111111111;0.0;1014.67;0.0;Mostly Cloudy
1533880800;25.0;20.0;0.74;SE;3.611111111111111;0.0;1014.67;0.0;Mostly Cloudy
1533884400;25.0;20.0;0.74;SE;1.9444444444444444;0.0;1014.67;0.0;Fair
1533888000;25.0;21.0;0.78;SE;2.5;0.0;1014.67;0.0;Partly Cloudy
1533891600;25.0;21.0;0.78;SE;3.611111111111111;0.0;1015.67;0.0;Mostly Cloudy
1533895200;24.0;22.0;0.89;SSW;2.5;0.0;0.0;0.0;Showers in the Vicinity
1533898800;27.0;21.0;0.7;SE;4.166666666666667;0.0;1016.67;0.0;Partly Cloudy
1533902400;27.0;21.0;0.7;SE;4.722222222222222;0.0;1017.67;0.0;Fair
1533906000;27.0;21.0;0.7;SE;5.277777777777778;0.0;1016.67;0.0;Fair
1533909600;27.0;21.0;0.7;ESE;4.722222222222222;0.0;1016.67;0.0;Fair
1533913200;28.0;21.0;0.66;SE;4.166666666666667;0.0;1015.67;0.0;Partly Cloudy
1533916800;27.0;21.0;0.7;SE;4.722222222222222;0.0;1014.67;0.0;Fair
1533920400;28.0;21.0;0.66;SE;4.722222222222222;0.0;1013.68;0.0;Mostly Cloudy
1533924000;27.0;21.0;0.7;ESE;4.722222222222222;0.0;1013.68;0.0;Mostly Cloudy
1533927600;26.0;20.0;0.69;SE;5.277777777777778;0.0;1013.68;0.0;Partly Cloudy
1533931200;26.0;21.0;0.74;E;3.0555555555555554;0.0;1013.68;0.0;Mostly Cloudy
1533934800;26.0;21.0;0.74;E;3.611111111111111;0.0;1014.67;0.0;Partly Cloudy
1533938400;26.0;21.0;0.74;ESE;3.0555555555555554;0.0;1014.67;0.0;Partly Cloudy
1533942000;26.0;20.0;0.69;E;2.5;0.0;1015.67;0.0;Partly Cloudy
1533945600;25.0;20.0;0.74;E;2.5;0.0;1015.67;0.0;Partly Cloudy
1533949200;25.0;20.0;0.74;E;3.0555555555555554;0.0;1016.67;0.0;Fair
1533952800;25.0;21.0;0.78;E;2.5;0.0;1016.67;0.0;Fair
1533956400;25.0;20.0;0.74;E;1.9444444444444444;0.0;1015.67;0.0;Fair
1533960000;25.0;20.0;0.74;E;1.9444444444444444;0.0;1014.67;0.0;Fair
1533963600;25.0;21.0;0.78;E;1.6666666666666665;0.0;1014.67;0.0;Mostly Cloudy
1533967200;23.0;20.0;0.83;WNW;1.1111111111111112;0.0;1014.67;0.0;Partly Cloudy
1533970800;22.0;20.0;0.88;WNW;1.1111111111111112;0.0;1014.67;0.0;Mostly Cloudy
1533992400;28.0;21.0;0.66;ESE;3.611111111111111;0.0;1017.67;0.0;Fair
1533996000;27.0;21.0;0.7;ESE;4.166666666666667;0.0;1017.67;0.0;Fair
1533999600;27.0;21.0;0.7;SE;5.277777777777778;0.0;1016.67;0.0;Fair
1534003200;27.0;21.0;0.7;SE;4.722222222222222;0.0;1015.67;0.0;Fair
1534006800;27.0;20.0;0.65;SE;4.722222222222222;0.0;1014.67;0.0;Fair
1534010400;27.0;21.0;0.7;SE;4.166666666666667;0.0;1014.67;0.0;Partly Cloudy
1534014000;27.0;21.0;0.7;ESE;4.166666666666667;0.0;1014.67;0.0;Partly Cloudy
1534017600;26.0;21.0;0.74;ESE;3.611111111111111;0.0;1014.67;0.0;Partly Cloudy
1534021200;26.0;21.0;0.74;SE;3.611111111111111;0.0;1014.67;0.0;Mostly Cloudy
1534024800;26.0;21.0;0.74;ESE;2.5;0.0;1015.67;0.0;Partly Cloudy
1534028400;26.0;21.0;0.74;ESE;2.5;0.0;1015.67;0.0;Mostly Cloudy
1534032000;26.0;21.0;0.74;ESE;2.5;0.0;1016.67;0.0;Partly Cloudy
1534035600;25.0;21.0;0.78;E;2.5;0.0;1016.67;0.0;Partly Cloudy
1534039200;26.0;21.0;0.74;CALM;0.0;0.0;1016.67;0.0;Partly Cloudy
1534042800;25.0;22.0;0.83;CALM;0.0;0.0;1015.67;0.0;Partly Cloudy
1534046400;24.0;21.0;0.83;CALM;0.0;0.0;1015.67;0.0;Mostly Cloudy
1534050000;24.0;22.0;0.89;WSW;2.5;0.0;1014.67;0.0;Partly Cloudy
1534053600;23.0;22.0;0.94;CALM;0.0;0.0;1014.67;0.0;Mostly Cloudy
1534057200;23.0;21.0;0.88;CALM;0.0;0.0;1013.68;0.0;Mostly Cloudy
1534060800;23.0;22.0;0.94;CALM;0.0;0.0;1013.68;0.0;Light Rain
1534064400;22.0;21.0;0.94;CALM;0.0;0.0;1014.67;0.0;Showers in the Vicinity
1534068000;23.0;22.0;0.94;CALM;0.0;0.0;1014.67;0.0;Showers in the Vicinity
1534071600;24.0;22.0;0.89;CALM;0.0;0.0;1015.67;0.0;Showers in the Vicinity
1534075200;25.0;23.0;0.89;NW;1.1111111111111112;0.0;1016.67;0.0;Mostly Cloudy
1534078800;27.0;23.0;0.79;ESE;3.611111111111111;0.0;1015.67;0.0;Partly Cloudy
1534082400;28.0;23.0;0.74;E;4.166666666666667;0.0;1015.67;0.0;Mostly Cloudy
1534086000;28.0;23.0;0.74;ESE;4.722222222222222;0.0;1014.67;0.0;Partly Cloudy
1534089600;28.0;23.0;0.74;E;3.611111111111111;0.0;1014.67;0.0;Mostly Cloudy
1534093200;28.0;23.0;0.74;E;3.611111111111111;0.0;1013.68;0.0;Partly Cloudy
1534096800;27.0;23.0;0.79;E;4.166666666666667;0.0;1013.68;0.0;Partly Cloudy
1534100400;27.0;23.0;0.79;ENE;3.0555555555555554;0.0;1013.68;0.0;Partly Cloudy
1534104000;27.0;23.0;0.79;E;3.611111111111111;0.0;1013.68;0.0;Partly Cloudy
1534107600;26.0;23.0;0.83;ENE;1.9444444444444444;0.0;1013.68;0.0;Partly Cloudy
1534111200;26.0;23.0;0.83;ENE;2.5;0.0;1014.67;0.0;Partly Cloudy
1534114800;26.0;23.0;0.83;ENE;2.5;0.0;1014.67;0.0;Partly Cloudy
1534118400;26.0;23.0;0.83;ENE;2.5;0.0;1014.67;0.0;Partly Cloudy
1534122000;26.0;22.0;0.78;ENE;3.0555555555555554;0.0;1014.67;0.0;Partly Cloudy
1534125600;26.0;22.0;0.78;ENE;2.5;0.0;1014.67;0.0;Partly Cloudy
1534129200;26.0;22.0;0.78;ENE;2.5;0.0;1014.67;0.0;Mostly Cloudy
1534132800;25.0;22.0;0.83;ENE;3.0555555555555554;0.0;1013.68;0.0;Partly Cloudy
1534136400;25.0;22.0;0.83;E;3.0555555555555554;0.0;1013.68;0.0;Partly Cloudy
1534140000;25.0;22.0;0.83;E;2.5;0.0;1012.68;0.0;Partly Cloudy
1534143600;25.0;22.0;0.83;ENE;2.5;0.0;1012.68;0.0;Partly Cloudy
1534147200;25.0;22.0;0.83;ENE;1.9444444444444444;0.0;1012.68;0.0;Partly Cloudy
1534150800;25.0;22.0;0.83;ENE;2.5;0.0;1013.68;0.0;Partly Cloudy
1534154400;26.0;22.0;0.78;E;1.9444444444444444;0.0;1013.68;0.0;Partly Cloudy
1534158000;27.0;22.0;0.74;ENE;3.611111111111111;0.0;1014.67;0.0;Partly Cloudy
1534161600;28.0;22.0;0.7;ENE;3.611111111111111;0.0;1016.67;0.0;Partly Cloudy
1534165200;28.0;23.0;0.74;E;3.0555555555555554;0.0;1016.67;0.0;Partly Cloudy
1534168800;28.0;22.0;0.7;E;4.166666666666667;0.0;1015.67;0.0;Partly Cloudy
1534172400;27.0;22.0;0.74;E;5.277777777777778;0.0;1013.68;0.0;Partly Cloudy
1534176000;28.0;22.0;0.7;E;4.722222222222222;0.0;1013.68;0.0;Partly Cloudy
1534179600;28.0;22.0;0.7;E;4.722222222222222;0.0;1011.68;0.0;Fair
1534183200;27.0;22.0;0.74;E;4.722222222222222;0.0;1011.68;0.0;Fair
1534186800;27.0;22.0;0.74;ESE;4.166666666666667;0.0;1011.68;0.0;Fair
1534190400;26.0;22.0;0.78;ESE;3.611111111111111;0.0;1012.68;0.0;Fair
1534194000;26.0;22.0;0.78;E;3.611111111111111;0.0;1012.68;0.0;Fair
1534197600;26.0;22.0;0.78;E;3.611111111111111;0.0;1012.68;0.0;Partly Cloudy
1534201200;26.0;22.0;0.78;E;3.0555555555555554;0.0;1013.68;0.0;Partly Cloudy
1534204800;26.0;22.0;0.78;ESE;3.0555555555555554;0.0;1013.68;0.0;Mostly Cloudy
1534208400;26.0;22.0;0.78;E;3.611111111111111;0.0;1014.67;0.0;Mostly Cloudy
1534212000;26.0;22.0;0.78;SE;4.722222222222222;0.0;1014.67;0.0;Mostly Cloudy
1534302000;25.0;21.0;0.78;SE;4.722222222222222;0.0;1014.67;0.0;Partly Cloudy
1534305600;25.0;21.0;0.78;ESE;3.611111111111111;0.0;1014.67;0.0;Mostly Cloudy
1534309200;25.0;21.0;0.78;ESE;5.277777777777778;0.0;1014.67;0.0;Mostly Cloudy
1534312800;25.0;21.0;0.78;SE;4.722222222222222;0.0;1013.68;0.0;Mostly Cloudy
1534316400;25.0;20.0;0.74;SE;4.166666666666667;0.0;1013.68;0.0;Partly Cloudy
1534320000;25.0;20.0;0.74;SE;5.277777777777778;0.0;1014.67;0.0;Mostly Cloudy
1534323600;25.0;21.0;0.78;SE;4.166666666666667;0.0;1014.67;0.0;Partly Cloudy
1534327200;26.0;21.0;0.74;SE;4.722222222222222;0.0;1015.67;0.0;Mostly Cloudy
1534330800;26.0;21.0;0.74;SE;5.277777777777778;0.0;1016.67;0.0;Partly Cloudy
1534334400;27.0;21.0;0.7;SE;5.555555555555555;0.0;1016.67;0.0;Mostly Cloudy
1534338000;27.0;22.0;0.74;ESE;5.277777777777778;0.0;1016.67;0.0;Mostly Cloudy
1534341600;28.0;20.0;0.62;SE;5.555555555555555;0.0;1016.67;0.0;Mostly Cloudy
1534345200;28.0;21.0;0.66;SE;5.277777777777778;0.0;1016.67;0.0;Partly Cloudy
1534348800;28.0;21.0;0.66;SE;6.666666666666666;0.0;1015.67;0.0;Partly Cloudy
1534352400;28.0;21.0;0.66;SE;6.111111111111111;0.0;1014.67;0.0;Partly Cloudy
1534356000;27.0;21.0;0.7;SE;5.555555555555555;0.0;1014.67;0.0;Partly Cloudy
1534359600;27.0;21.0;0.7;SE;5.277777777777778;0.0;1014.67;0.0;Partly Cloudy
1534363200;26.0;20.0;0.69;ESE;5.277777777777778;0.0;1015.67;0.0;Fair
1534366800;26.0;20.0;0.69;SE;3.611111111111111;0.0;1015.67;0.0;Fair
1534370400;25.0;20.0;0.74;SE;4.722222222222222;0.0;1015.67;0.0;Fair
1534374000;25.0;20.0;0.74;SE;4.722222222222222;0.0;1016.67;0.0;Partly Cloudy
1534377600;25.0;21.0;0.78;SE;4.722222222222222;0.0;1016.67;0.0;Partly Cloudy
1534381200;25.0;21.0;0.78;SE;4.722222222222222;0.0;1016.67;0.0;Partly Cloudy
1534384800;25.0;21.0;0.78;SE;4.722222222222222;0.0;1016.67;0.0;Partly Cloudy
1534388400;25.0;21.0;0.78;SE;4.166666666666667;0.0;1016.67;0.0;Partly Cloudy
1534392000;25.0;20.0;0.74;SE;3.611111111111111;0.0;1015.67;0.0;Partly Cloudy
1534395600;25.0;21.0;0.78;SE;5.277777777777778;0.0;1015.67;0.0;Partly Cloudy
1534399200;25.0;22.0;0.83;SE;4.722222222222222;0.0;1015.67;0.0;Showers in the Vicinity
1534402800;24.0;21.0;0.83;SE;5.277777777777778;0.0;1015.67;0.0;Partly Cloudy
1534406400;25.0;21.0;0.78;SE;5.277777777777778;0.0;1016.67;0.0;Partly Cloudy
1534410000;25.0;21.0;0.78;SE;4.166666666666667;0.0;1016.67;0.0;Partly Cloudy
1534413600;25.0;23.0;0.89;E;3.611111111111111;0.0;0.0;0.0;Light Rain Shower
1534417200;26.0;21.0;0.74;SE;5.555555555555555;0.0;1017.67;0.0;Mostly Cloudy
1534420800;27.0;22.0;0.74;ESE;5.555555555555555;0.0;1018.67;0.0;Mostly Cloudy
1534424400;28.0;21.0;0.66;ESE;5.277777777777778;0.0;1018.67;0.0;Partly Cloudy
1534428000;28.0;22.0;0.7;SE;6.111111111111111;0.0;1018.67;0.0;Partly Cloudy
1534431600;28.0;22.0;0.7;SE;6.111111111111111;0.0;1017.67;0.0;Partly Cloudy
1534435200;28.0;21.0;0.66;SE;5.277777777777778;0.0;1017.67;0.0;Partly Cloudy
1534438800;28.0;21.0;0.66;SE;5.555555555555555;0.0;1016.67;0.0;Mostly Cloudy
1534442400;27.0;21.0;0.7;SE;6.111111111111111;0.0;1016.67;0.0;Mostly Cloudy
1534446000;27.0;21.0;0.7;SE;5.277777777777778;0.0;1016.67;0.0;Partly Cloudy
1534449600;26.0;21.0;0.74;SE;4.722222222222222;0.0;1017.67;0.0;Mostly Cloudy
1534453200;26.0;21.0;0.74;SE;5.555555555555555;0.0;1017.67;0.0;Partly Cloudy
1534456800;26.0;21.0;0.74;SE;4.722222222222222;0.0;1017.67;0.0;Partly Cloudy
1534460400;26.0;21.0;0.74;SE;4.166666666666667;0.0;1018.67;0.0;Partly Cloudy
1534464000;26.0;21.0;0.74;SE;5.555555555555555;0.0;1018.67;0.0;Partly Cloudy
1534467600;26.0;21.0;0.74;SE;4.722222222222222;0.0;1018.67;0.0;Partly Cloudy
1534471200;25.0;21.0;0.78;SE;5.277777777777778;0.0;1018.67;0.0;Partly Cloudy
1534474800;25.0;21.0;0.78;SE;5.555555555555555;0.0;1017.67;0.0;Partly Cloudy
1534478400;25.0;21.0;0.78;SE;5.277777777777778;0.0;1017.67;0.0;Partly Cloudy
1534482000;25.0;20.0;0.74;SE;5.277777777777778;0.0;1016.67;0.0;Mostly Cloudy
1534485600;25.0;20.0;0.74;SE;5.555555555555555;0.0;1016.67;0.0;Partly Cloudy
1534489200;25.0;20.0;0.74;SE;5.555555555555555;0.0;1017.67;0.0;Partly Cloudy
1534492800;25.0;21.0;0.78;SE;5.277777777777778;0.0;1017.67;0.0;Partly Cloudy
1534496400;25.0;20.0;0.74;SE;4.166666666666667;0.0;1017.67;0.0;Partly Cloudy
1534500000;26.0;21.0;0.74;SE;5.277777777777778;0.0;1017.67;0.0;Partly Cloudy
1534503600;27.0;20.0;0.65;SE;6.111111111111111;0.0;1018.67;0.0;Fair
1534507200;26.0;20.0;0.69;SE;6.666666666666666;0.0;1019.67;0.0;Partly Cloudy
1534510800;28.0;21.0;0.66;SSE;6.666666666666666;0.0;1018.67;0.0;Partly Cloudy
1534514400;27.0;21.0;0.7;SSE;7.222222222222222;0.0;1018.67;0.0;Partly Cloudy
1534518000;28.0;21.0;0.66;SSE;7.777777777777778;0.0;1017.67;0.0;Partly Cloudy
1534521600;28.0;21.0;0.66;SSE;7.222222222222222;0.0;1016.67;0.0;Partly Cloudy
1534525200;27.0;21.0;0.7;SE;7.222222222222222;0.0;1016.67;0.0;Partly Cloudy
1534528800;27.0;21.0;0.7;SE;7.222222222222222;0.0;1016.67;0.0;Partly Cloudy
1534532400;27.0;21.0;0.7;SSE;7.222222222222222;0.0;1016.67;0.0;Partly Cloudy
1534536000;26.0;20.0;0.69;SSE;6.666666666666666;0.0;1016.67;0.0;Partly Cloudy
1534539600;26.0;20.0;0.69;SSE;6.111111111111111;0.0;1016.67;0.0;Mostly Cloudy
1534543200;25.0;20.0;0.74;SE;5.277777777777778;0.0;1016.67;0.0;Partly Cloudy
1534546800;25.0;21.0;0.78;SSE;5.277777777777778;0.0;1017.67;0.0;Partly Cloudy
1534550400;25.0;20.0;0.74;SSE;5.277777777777778;0.0;1017.67;0.0;Mostly Cloudy
1534554000;25.0;20.0;0.74;SE;5.555555555555555;0.0;1017.67;0.0;Partly Cloudy
1534557600;25.0;20.0;0.74;SE;5.277777777777778;0.0;1017.67;0.0;Partly Cloudy
1534561200;25.0;19.0;0.69;SSE;6.111111111111111;0.0;1017.67;0.0;Partly Cloudy
1534564800;25.0;19.0;0.69;SSE;5.555555555555555;0.0;1016.67;0.0;Partly Cloudy
1534568400;24.0;20.0;0.78;SSE;5.277777777777778;0.0;1016.67;0.0;Partly Cloudy
1534572000;24.0;20.0;0.78;SSE;5.555555555555555;0.0;1016.67;0.0;Partly Cloudy
1534575600;23.0;19.0;0.78;SSW;2.5;0.0;1016.67;0.0;Partly Cloudy
1534579200;23.0;20.0;0.83;SSW;2.5;0.0;1016.67;0.0;Partly Cloudy
1534582800;23.0;20.0;0.83;SSW;2.5;0.0;1016.67;0.0;Fair
1534586400;25.0;20.0;0.74;SSE;6.111111111111111;0.0;1017.67;0.0;Partly Cloudy
1534590000;26.0;21.0;0.74;SSE;6.666666666666666;0.0;1017.67;0.0;Mostly Cloudy
1534593600;27.0;20.0;0.65;SSE;7.777777777777778;0.0;1017.67;0.0;Partly Cloudy
1534597200;27.0;21.0;0.7;SSE;7.777777777777778;0.0;1017.67;0.0;Partly Cloudy
1534600800;27.0;21.0;0.7;SSE;8.333333333333334;0.0;1017.67;0.0;Mostly Cloudy
1534604400;28.0;22.0;0.7;SSE;8.61111111111111;0.0;1016.67;0.0;Partly Cloudy
1534608000;28.0;21.0;0.66;SSE;8.333333333333334;0.0;1016.67;0.0;Partly Cloudy
1534611600;28.0;21.0;0.66;SSE;7.777777777777778;0.0;1015.67;0.0;Partly Cloudy
1534615200;27.0;20.0;0.65;SSE;7.777777777777778;0.0;1014.67;0.0;Mostly Cloudy
1534618800;27.0;20.0;0.65;SE;6.666666666666666;0.0;1014.67;0.0;Mostly Cloudy
1534622400;26.0;21.0;0.74;SSE;6.111111111111111;0.0;1015.67;0.0;Mostly Cloudy
1534626000;26.0;20.0;0.69;S;6.111111111111111;0.0;1015.67;0.0;Mostly Cloudy
1534629600;25.0;21.0;0.78;S;5.277777777777778;0.0;1016.67;0.0;Showers in the Vicinity
1534633200;25.0;20.0;0.74;SSE;5.277777777777778;0.0;1016.67;0.0;Partly Cloudy
1534636800;25.0;20.0;0.74;SSE;6.111111111111111;0.0;1016.67;0.0;Partly Cloudy
1534640400;25.0;20.0;0.74;SSE;6.111111111111111;0.0;1017.67;0.0;Fair
1534644000;25.0;20.0;0.74;SSE;6.666666666666666;0.0;1016.67;0.0;Partly Cloudy
1534647600;25.0;20.0;0.74;SE;5.555555555555555;0.0;1016.67;0.0;Mostly Cloudy
1534651200;25.0;20.0;0.74;SE;6.111111111111111;0.0;1015.67;0.0;Mostly Cloudy
1534654800;25.0;20.0;0.74;SE;6.111111111111111;0.0;1014.67;0.0;Partly Cloudy
1534658400;25.0;20.0;0.74;SE;5.555555555555555;0.0;1014.67;0.0;Mostly Cloudy
1534662000;25.0;19.0;0.69;SE;6.666666666666666;0.0;1015.67;0.0;Mostly Cloudy
1534665600;25.0;19.0;0.69;SE;5.277777777777778;0.0;1015.67;0.0;Fair
1534669200;25.0;19.0;0.69;SE;5.555555555555555;0.0;1015.67;0.0;Fair
1534672800;26.0;19.0;0.65;SE;6.111111111111111;0.0;1016.67;0.0;Fair
1534676400;27.0;20.0;0.65;SE;5.277777777777778;0.0;1017.67;0.0;Partly Cloudy
1534680000;27.0;18.0;0.58;SE;7.222222222222222;0.0;1017.67;0.0;Partly Cloudy
1534683600;28.0;19.0;0.58;SE;6.111111111111111;0.0;1017.67;0.0;Partly Cloudy
1534687200;28.0;20.0;0.62;SE;6.111111111111111;0.0;1017.67;0.0;Partly Cloudy
1534690800;28.0;20.0;0.62;SE;7.222222222222222;0.0;1016.67;0.0;Partly Cloudy
1534694400;28.0;19.0;0.58;SSE;6.111111111111111;0.0;1015.67;0.0;Partly Cloudy
1534698000;28.0;19.0;0.58;SE;7.222222222222222;0.0;1015.67;0.0;Partly Cloudy
1534701600;26.0;21.0;0.74;SE;5.277777777777778;0.0;1014.67;0.0;Partly Cloudy
1534705200;26.0;21.0;0.74;SSE;6.111111111111111;0.0;1015.67;0.0;Partly Cloudy
1534708800;26.0;20.0;0.69;SSE;6.111111111111111;0.0;1015.67;0.0;Partly Cloudy
1534712400;25.0;21.0;0.78;SE;5.555555555555555;0.0;1016.67;0.0;Mostly Cloudy
1534716000;25.0;19.0;0.69;SSE;6.666666666666666;0.0;1016.67;0.0;Partly Cloudy
1534719600;25.0;17.0;0.61;SE;6.666666666666666;0.0;1016.67;0.0;Partly Cloudy
1534723200;25.0;19.0;0.69;SSE;6.111111111111111;0.0;1017.67;0.0;Partly Cloudy
1534726800;25.0;19.0;0.69;SSE;6.111111111111111;0.0;1017.67;0.0;Partly Cloudy
1534730400;25.0;20.0;0.74;SE;5.277777777777778;0.0;1018.67;0.0;Partly Cloudy
1534734000;25.0;20.0;0.74;SSE;6.666666666666666;0.0;1017.67;0.0;Mostly Cloudy
1534737600;25.0;20.0;0.74;SE;6.111111111111111;0.0;1016.67;0.0;Partly Cloudy
1534741200;25.0;19.0;0.69;SE;5.277777777777778;0.0;1016.67;0.0;Partly Cloudy
1534744800;25.0;19.0;0.69;SE;4.166666666666667;0.0;1015.67;0.0;Partly Cloudy
1534748400;25.0;19.0;0.69;SE;5.277777777777778;0.0;1016.67;0.0;Partly Cloudy
1534752000;25.0;20.0;0.74;SE;4.722222222222222;0.0;1016.67;0.0;Partly Cloudy
1534755600;25.0;19.0;0.69;SE;5.277777777777778;0.0;1016.67;0.0;Showers in the Vicinity
1534759200;23.0;21.0;0.88;SSE;5.277777777777778;0.0;1017.67;0.0;Light Rain
1534762800;24.0;21.0;0.83;ESE;5.277777777777778;0.0;1018.67;0.0;Showers in the Vicinity
1534766400;25.0;20.0;0.74;SSE;5.277777777777778;0.0;1018.67;0.0;Mostly Cloudy
1534770000;26.0;21.0;0.74;SSE;5.277777777777778;0.0;1018.67;0.0;Mostly Cloudy
1534773600;26.0;21.0;0.74;SE;6.666666666666666;0.0;1017.67;0.0;Mostly Cloudy
1534777200;27.0;21.0;0.7;SSE;7.777777777777778;0.0;1016.67;0.0;Mostly Cloudy
1534780800;28.0;20.0;0.62;S;7.777777777777778;0.0;1015.67;0.0;Mostly Cloudy
1534784400;27.0;21.0;0.7;SSE;6.111111111111111;0.0;1015.67;0.0;Partly Cloudy
1534788000;25.0;21.0;0.78;SE;5.555555555555555;0.0;1015.67;0.0;Mostly Cloudy
1534791600;26.0;21.0;0.74;SE;6.111111111111111;0.0;1015.67;0.0;Mostly Cloudy
1534795200;25.0;21.0;0.78;SSE;6.666666666666666;0.0;1015.67;0.0;Mostly Cloudy
1534798800;25.0;20.0;0.74;SSE;7.777777777777778;0.0;1016.67;0.0;Mostly Cloudy
1534802400;24.0;22.0;0.89;SE;6.666666666666666;0.0;1016.67;0.0;Cloudy
1534806000;25.0;21.0;0.78;SE;4.722222222222222;0.0;1017.67;0.0;Mostly Cloudy
1534809600;25.0;20.0;0.74;SE;6.111111111111111;0.0;1017.67;0.0;Mostly Cloudy
1534813200;24.0;20.0;0.78;SE;7.777777777777778;0.0;1017.67;0.0;Mostly Cloudy
1534816800;23.0;20.0;0.83;SSE;7.222222222222222;0.0;1017.67;0.0;Partly Cloudy
1534820400;22.0;20.0;0.88;S;8.333333333333334;0.0;1017.67;0.0;Mostly Cloudy
1534824000;22.0;21.0;0.94;S;6.111111111111111;0.0;1016.67;0.0;Light Rain
1534827600;22.0;21.0;0.94;SSW;1.9444444444444444;0.0;1015.67;0.0;Mostly Cloudy
1534831200;22.0;21.0;0.94;SW;1.9444444444444444;0.0;1015.67;0.0;Mostly Cloudy
1534834800;23.0;22.0;0.94;SSE;5.277777777777778;0.0;1015.67;0.0;Mostly Cloudy
1534838400;23.0;20.0;0.83;SSE;3.611111111111111;0.0;1015.67;0.0;Mostly Cloudy
1534842000;24.0;21.0;0.83;SSE;5.277777777777778;0.0;0.0;0.0;Light Rain Shower
1534843140;22.0;21.0;0.94;ESE;5.555555555555555;0.0;0.0;0.0;Light Rain Shower
1534845600;23.0;21.0;0.88;SSE;3.611111111111111;0.0;1016.67;0.0;Mostly Cloudy
1534849200;23.0;21.0;0.88;SSW;2.5;0.0;1017.67;0.0;Showers in the Vicinity
1534852800;26.0;21.0;0.74;S;6.111111111111111;0.0;1017.67;0.0;Showers in the Vicinity
1534856400;27.0;21.0;0.7;SE;5.555555555555555;0.0;1017.67;0.0;Mostly Cloudy
1534860000;27.0;21.0;0.7;SE;6.666666666666666;0.0;1017.67;0.0;Showers in the Vicinity
1534860540;23.0;21.0;0.88;SE;7.777777777777778;0.0;1017.67;0.0;Light Rain
1534863600;24.0;21.0;0.83;ESE;4.166666666666667;0.0;1016.67;0.0;Showers in the Vicinity
1534867200;26.0;21.0;0.74;SSE;5.277777777777778;0.0;1015.67;0.0;Mostly Cloudy
1534870800;27.0;21.0;0.7;SE;7.222222222222222;0.0;1015.67;0.0;Partly Cloudy
1534874400;26.0;20.0;0.69;SSE;6.666666666666666;0.0;1014.67;0.0;Mostly Cloudy
1534878000;25.0;20.0;0.74;SSE;7.222222222222222;0.0;1014.67;0.0;Mostly Cloudy
1534881600;24.0;21.0;0.83;SSE;3.611111111111111;0.0;1015.67;0.0;Showers in the Vicinity
1534885200;25.0;20.0;0.74;SSE;5.555555555555555;0.0;1015.67;0.0;Mostly Cloudy
1534888800;25.0;21.0;0.78;S;5.555555555555555;0.0;1015.67;0.0;Mostly Cloudy
1534892400;25.0;21.0;0.78;S;6.111111111111111;0.0;1016.67;0.0;Mostly Cloudy
1534896000;25.0;20.0;0.74;SSE;6.666666666666666;0.0;1016.67;0.0;Mostly Cloudy
1534899600;25.0;21.0;0.78;SSE;6.666666666666666;0.0;1016.67;0.0;Mostly Cloudy
1534903200;25.0;20.0;0.74;SE;5.277777777777778;0.0;1016.67;0.0;Mostly Cloudy
1534906800;25.0;20.0;0.74;SSE;5.555555555555555;0.0;1016.67;0.0;Partly Cloudy
1534910400;25.0;20.0;0.74;SSE;5.555555555555555;0.0;1015.67;0.0;Partly Cloudy
1534914000;25.0;21.0;0.78;SE;5.555555555555555;0.0;1015.67;0.0;Mostly Cloudy
1534917600;25.0;19.0;0.69;SE;6.111111111111111;0.0;1015.67;0.0;Partly Cloudy
1534921200;25.0;20.0;0.74;ESE;4.722222222222222;0.0;1015.67;0.0;Partly Cloudy
1534924800;22.0;20.0;0.88;SW;2.5;0.0;1015.67;0.0;Partly Cloudy
1534928400;23.0;20.0;0.83;SSW;2.5;0.0;1016.67;0.0;Partly Cloudy
1534932000;25.0;20.0;0.74;SSE;5.277777777777778;0.0;1016.67;0.0;Mostly Cloudy
1534935600;26.0;19.0;0.65;S;4.166666666666667;0.0;1017.67;0.0;Partly Cloudy
1534939200;27.0;20.0;0.65;SSE;7.222222222222222;0.0;1017.67;0.0;Partly Cloudy
1534942800;26.0;21.0;0.74;SSE;8.333333333333334;0.0;1017.67;0.0;Showers in the Vicinity
1534946400;25.0;21.0;0.78;SSE;6.666666666666666;0.0;1017.67;0.0;Mostly Cloudy
1534950000;26.0;21.0;0.74;S;5.555555555555555;0.0;1016.67;0.0;Showers in the Vicinity
1534953600;27.0;21.0;0.7;SSE;7.777777777777778;0.0;1015.67;0.0;Partly Cloudy
1534957200;25.0;22.0;0.83;S;7.777777777777778;0.0;1014.67;0.0;Showers in the Vicinity
1534960800;26.0;22.0;0.78;S;6.111111111111111;0.0;1013.68;0.0;Showers in the Vicinity
1534964400;26.0;21.0;0.74;SSE;6.111111111111111;0.0;1013.68;0.0;Mostly Cloudy
1534968000;26.0;20.0;0.69;SSE;7.222222222222222;0.0;1014.67;0.0;Mostly Cloudy
1534971600;25.0;20.0;0.74;SSE;5.277777777777778;0.0;1014.67;0.0;Mostly Cloudy
1534975200;25.0;19.0;0.69;SE;5.555555555555555;0.0;1015.67;0.0;Mostly Cloudy
1534978800;25.0;20.0;0.74;SE;5.277777777777778;0.0;1015.67;0.0;Mostly Cloudy
1534982400;25.0;20.0;0.74;SE;6.111111111111111;0.0;1016.67;0.0;Partly Cloudy
1534986000;25.0;19.0;0.69;SSE;6.666666666666666;0.0;1016.67;0.0;Fair
1534989600;25.0;19.0;0.69;SE;6.111111111111111;0.0;1015.67;0.0;Fair
1534993200;24.0;19.0;0.73;SSE;5.277777777777778;0.0;1015.67;0.0;Fair
1534996800;23.0;20.0;0.83;S;5.555555555555555;0.0;1014.67;0.0;Mostly Cloudy
1535000400;24.0;20.0;0.78;SSE;6.111111111111111;0.0;1014.67;0.0;Partly Cloudy
1535004000;24.0;20.0;0.78;SE;5.277777777777778;0.0;1013.68;0.0;Fair
1535007600;24.0;19.0;0.73;S;5.555555555555555;0.0;1013.68;0.0;Mostly Cloudy
1535011200;23.0;19.0;0.78;SW;1.1111111111111112;0.0;1014.67;0.0;Mostly Cloudy
1535014800;22.0;19.0;0.83;W;1.1111111111111112;0.0;1014.67;0.0;Partly Cloudy
1535018400;24.0;20.0;0.78;SSW;1.9444444444444444;0.0;1014.67;0.0;Mostly Cloudy
1535020260;23.0;21.0;0.88;SE;5.277777777777778;0.0;1015.67;0.0;Light Rain
1535022000;24.0;21.0;0.83;SSE;5.277777777777778;0.0;1015.67;0.0;Showers in the Vicinity
1535025600;26.0;22.0;0.78;SSE;7.777777777777778;0.0;1016.67;0.0;Partly Cloudy
1535029200;27.0;20.0;0.65;SE;6.111111111111111;0.0;1016.67;0.0;Partly Cloudy
1535032800;27.0;21.0;0.7;SE;6.111111111111111;0.0;1016.67;0.0;Partly Cloudy
1535036400;27.0;20.0;0.65;SSE;7.222222222222222;0.0;1015.67;0.0;Partly Cloudy
1535040000;27.0;21.0;0.7;SSE;7.777777777777778;0.0;1014.67;0.0;Partly Cloudy
1535043600;27.0;21.0;0.7;SE;6.111111111111111;0.0;1013.68;0.0;Partly Cloudy
1535047200;27.0;19.0;0.61;SE;7.777777777777778;0.0;1013.68;0.0;Partly Cloudy
1535050800;27.0;19.0;0.61;SSE;7.222222222222222;0.0;1013.68;0.0;Fair
1535054400;26.0;19.0;0.65;SE;5.555555555555555;0.0;1013.68;0.0;Fair
1535058000;25.0;19.0;0.69;SSE;5.555555555555555;0.0;1014.67;0.0;Partly Cloudy
1535061600;25.0;19.0;0.69;SE;5.277777777777778;0.0;1014.67;0.0;Partly Cloudy
1535065200;25.0;19.0;0.69;SSE;5.277777777777778;0.0;1015.67;0.0;Partly Cloudy
1535068800;25.0;20.0;0.74;SSE;5.277777777777778;0.0;1015.67;0.0;Partly Cloudy
1535072400;25.0;20.0;0.74;SE;5.277777777777778;0.0;1015.67;0.0;Partly Cloudy
1535076000;25.0;20.0;0.74;SE;4.166666666666667;0.0;1015.67;0.0;Partly Cloudy
1535079600;25.0;19.0;0.69;SE;5.277777777777778;0.0;1015.67;0.0;Mostly Cloudy
1535083200;25.0;19.0;0.69;SE;5.277777777777778;0.0;1014.67;0.0;Mostly Cloudy
1535086800;24.0;20.0;0.78;SE;4.166666666666667;0.0;1013.68;0.0;Partly Cloudy
1535090400;24.0;19.0;0.73;SE;4.166666666666667;0.0;1013.68;0.0;Partly Cloudy
1535094000;24.0;19.0;0.73;SE;4.722222222222222;0.0;1013.68;0.0;Partly Cloudy
1535097600;25.0;19.0;0.69;SE;6.111111111111111;0.0;1013.68;0.0;Partly Cloudy
1535101200;25.0;19.0;0.69;SE;5.277777777777778;0.0;1014.67;0.0;Fair
1535104800;26.0;20.0;0.69;SE;5.277777777777778;0.0;1014.67;0.0;Partly Cloudy
1535108400;26.0;20.0;0.69;SSE;6.666666666666666;0.0;1015.67;0.0;Mostly Cloudy
1535112000;27.0;20.0;0.65;SE;5.555555555555555;0.0;1016.67;0.0;Fair
1535115600;27.0;21.0;0.7;SSE;6.111111111111111;0.0;1015.67;0.0;Partly Cloudy
1535119200;27.0;21.0;0.7;SSE;6.666666666666666;0.0;1015.67;0.0;Mostly Cloudy
1535122800;27.0;22.0;0.74;SE;5.277777777777778;0.0;1014.67;0.0;Mostly Cloudy
1535126400;28.0;21.0;0.66;SSE;8.333333333333334;0.0;1013.68;0.0;Mostly Cloudy
1535130000;26.0;21.0;0.74;SSE;8.333333333333334;0.0;1013.68;0.0;Mostly Cloudy
1535133600;24.0;22.0;0.89;SE;6.111111111111111;0.0;1013.68;0.0;Mostly Cloudy
1535137200;25.0;21.0;0.78;S;5.555555555555555;0.0;1013.68;0.0;Showers in the Vicinity
1535137800;23.0;22.0;0.94;SE;7.777777777777778;0.0;1014.67;0.0;Light Rain
1535140800;22.0;21.0;0.94;SSE;7.222222222222222;0.0;1014.67;0.0;Light Rain
1535144400;23.0;22.0;0.94;S;4.166666666666667;0.0;1014.67;0.0;Light Rain
1535148000;24.0;21.0;0.83;SE;3.611111111111111;0.0;1015.67;0.0;Showers in the Vicinity
1535151600;24.0;21.0;0.83;SE;4.722222222222222;0.0;1015.67;0.0;Mostly Cloudy
1535155200;24.0;22.0;0.89;S;3.0555555555555554;0.0;1016.67;0.0;Cloudy
1535158800;24.0;22.0;0.89;S;6.111111111111111;0.0;1016.67;0.0;Cloudy
1535162400;24.0;21.0;0.83;SE;5.277777777777778;0.0;1016.67;0.0;Showers in the Vicinity
1535166000;24.0;22.0;0.89;ESE;2.5;0.0;1015.67;0.0;Showers in the Vicinity
1535169600;24.0;21.0;0.83;ESE;5.277777777777778;0.0;1015.67;0.0;Showers in the Vicinity
1535173200;25.0;21.0;0.78;SE;4.722222222222222;0.0;1014.67;0.0;Cloudy
1535176800;24.0;20.0;0.78;SE;5.277777777777778;0.0;1014.67;0.0;Showers in the Vicinity
1535180400;25.0;21.0;0.78;SE;5.277777777777778;0.0;1014.67;0.0;Mostly Cloudy
1535202000;27.0;20.0;0.65;SSE;7.777777777777778;0.0;1016.67;0.0;Partly Cloudy
1535205600;27.0;22.0;0.74;SSE;8.333333333333334;0.0;1016.67;0.0;Partly Cloudy
1535209200;27.0;22.0;0.74;SE;7.777777777777778;0.0;1015.67;0.0;Partly Cloudy
1535212800;27.0;20.0;0.65;SE;7.777777777777778;0.0;1014.67;0.0;Mostly Cloudy
1535216400;27.0;21.0;0.7;SSE;7.222222222222222;0.0;1013.68;0.0;Mostly Cloudy
1535220000;26.0;21.0;0.74;SSE;9.166666666666666;0.0;1013.68;0.0;Mostly Cloudy / Windy
1535223600;26.0;20.0;0.69;SSE;7.222222222222222;0.0;1013.68;0.0;Mostly Cloudy
1535227200;26.0;21.0;0.74;SE;6.666666666666666;0.0;1014.67;0.0;Mostly Cloudy
1535230800;26.0;21.0;0.74;SSE;6.666666666666666;0.0;1014.67;0.0;Mostly Cloudy
1535234400;26.0;20.0;0.69;SSE;7.777777777777778;0.0;1014.67;0.0;Mostly Cloudy
1535238000;25.0;21.0;0.78;SSE;8.61111111111111;0.0;1015.67;0.0;Mostly Cloudy
1535241600;25.0;21.0;0.78;SSE;7.777777777777778;0.0;1015.67;0.0;Mostly Cloudy
1535245200;25.0;21.0;0.78;SSE;6.666666666666666;0.0;1016.67;0.0;Mostly Cloudy
1535248800;25.0;20.0;0.74;SSE;8.61111111111111;0.0;1016.67;0.0;Mostly Cloudy
1535252400;25.0;19.0;0.69;SSE;8.333333333333334;0.0;1015.67;0.0;Mostly Cloudy
1535256000;24.0;22.0;0.89;SE;4.722222222222222;0.0;1015.67;0.0;Light Rain
1535259600;24.0;20.0;0.78;SE;6.666666666666666;0.0;1014.67;0.0;Mostly Cloudy
1535263200;22.0;21.0;0.94;S;2.5;0.0;1014.67;0.0;Mostly Cloudy
1535266800;23.0;21.0;0.88;S;3.0555555555555554;0.0;1014.67;0.0;Mostly Cloudy
1535270400;24.0;20.0;0.78;SE;6.666666666666666;0.0;1015.67;0.0;Partly Cloudy
1535274000;24.0;20.0;0.78;SE;5.555555555555555;0.0;1015.67;0.0;Mostly Cloudy
1535277600;26.0;20.0;0.69;SE;5.555555555555555;0.0;1015.67;0.0;Partly Cloudy
1535281200;26.0;20.0;0.69;SE;6.666666666666666;0.0;1016.67;0.0;Partly Cloudy
1535284800;27.0;20.0;0.65;SE;6.111111111111111;0.0;1016.67;0.0;Partly Cloudy
1535288400;27.0;20.0;0.65;SSE;7.222222222222222;0.0;1016.67;0.0;Partly Cloudy
1535292000;26.0;21.0;0.74;SSE;5.555555555555555;0.0;1016.67;0.0;Partly Cloudy
1535295600;27.0;20.0;0.65;SE;7.222222222222222;0.0;1015.67;0.0;Fair
1535299200;27.0;20.0;0.65;SSE;7.222222222222222;0.0;1014.67;0.0;Fair
1535302800;27.0;20.0;0.65;SE;6.666666666666666;0.0;1013.68;0.0;Partly Cloudy
1535306400;26.0;21.0;0.74;SE;5.555555555555555;0.0;1013.68;0.0;Mostly Cloudy
1535310000;26.0;20.0;0.69;SSE;8.333333333333334;0.0;1013.68;0.0;Partly Cloudy
1535313600;25.0;20.0;0.74;S;6.666666666666666;0.0;1013.68;0.0;Partly Cloudy
1535317200;25.0;20.0;0.74;SSE;6.666666666666666;0.0;1014.67;0.0;Partly Cloudy
1535320800;25.0;20.0;0.74;SSE;6.111111111111111;0.0;1014.67;0.0;Mostly Cloudy
1535324400;26.0;20.0;0.69;SSE;6.666666666666666;0.0;1015.67;0.0;Mostly Cloudy
1535328000;25.0;19.0;0.69;SSE;6.666666666666666;0.0;1015.67;0.0;Mostly Cloudy
1535331600;25.0;19.0;0.69;SE;6.111111111111111;0.0;1015.67;0.0;Partly Cloudy
1535335200;25.0;20.0;0.74;SE;4.722222222222222;0.0;1015.67;0.0;Partly Cloudy
1535338800;25.0;20.0;0.74;SE;4.722222222222222;0.0;1015.67;0.0;Partly Cloudy
1535342400;25.0;19.0;0.69;SE;4.722222222222222;0.0;1014.67;0.0;Partly Cloudy
1535346000;25.0;19.0;0.69;SE;4.166666666666667;0.0;1014.67;0.0;Partly Cloudy
1535349600;25.0;19.0;0.69;SE;4.166666666666667;0.0;1014.67;0.0;Partly Cloudy
1535353200;23.0;19.0;0.78;S;2.5;0.0;1014.67;0.0;Partly Cloudy
1535356800;22.0;19.0;0.83;SW;1.9444444444444444;0.0;1014.67;0.0;Partly Cloudy
1535360400;22.0;19.0;0.83;SW;1.9444444444444444;0.0;1014.67;0.0;Partly Cloudy
1535364000;23.0;19.0;0.78;SW;2.5;0.0;1015.67;0.0;Partly Cloudy
1535367600;26.0;20.0;0.69;SSW;2.5;0.0;1015.67;0.0;Partly Cloudy
1535371200;27.0;19.0;0.61;S;5.277777777777778;0.0;1015.67;0.0;Partly Cloudy
1535374800;28.0;20.0;0.62;SSE;5.277777777777778;0.0;1015.67;0.0;Mostly Cloudy
1535378400;28.0;21.0;0.66;SSE;6.666666666666666;0.0;1015.67;0.0;Partly Cloudy
1535382000;28.0;21.0;0.66;SSE;6.666666666666666;0.0;1014.67;0.0;Mostly Cloudy
1535385600;28.0;20.0;0.62;SE;6.111111111111111;0.0;1013.68;0.0;Partly Cloudy
1535389200;28.0;20.0;0.62;SE;5.277777777777778;0.0;1013.68;0.0;Partly Cloudy
1535392800;27.0;20.0;0.65;SE;6.666666666666666;0.0;1013.68;0.0;Partly Cloudy
1535396400;27.0;20.0;0.65;SSE;7.222222222222222;0.0;1013.68;0.0;Partly Cloudy
1535400000;26.0;20.0;0.69;SSE;6.111111111111111;0.0;1013.68;0.0;Partly Cloudy
1535403600;25.0;20.0;0.74;SE;4.722222222222222;0.0;1014.67;0.0;Partly Cloudy
1535407200;25.0;20.0;0.74;SE;5.277777777777778;0.0;1014.67;0.0;Partly Cloudy
1535410800;25.0;21.0;0.78;SSE;6.111111111111111;0.0;1015.67;0.0;Partly Cloudy
1535414400;25.0;21.0;0.78;SE;5.277777777777778;0.0;1015.67;0.0;Mostly Cloudy
1535418000;24.0;21.0;0.83;SE;4.722222222222222;0.0;1016.67;0.0;Light Rain Shower
1535421600;24.0;21.0;0.83;SSE;5.277777777777778;0.0;1016.67;0.0;Partly Cloudy
1535511600;22.0;21.0;0.94;SW;4.722222222222222;0.0;1016.67;0.0;Mostly Cloudy
1535512260;21.0;20.0;0.94;SSW;5.555555555555555;0.0;0.0;0.0;Light Rain Shower
1535515200;21.0;20.0;0.94;SSW;4.722222222222222;0.0;0.0;0.0;Light Rain Shower
1535518800;21.0;20.0;0.94;SSW;4.722222222222222;0.0;1015.67;0.0;Light Rain
1535522400;21.0;20.0;0.94;SW;1.6666666666666665;0.0;1014.67;0.0;Mostly Cloudy
1535526000;21.0;20.0;0.94;SSW;2.5;0.0;1014.67;0.0;Light Rain
1535529600;22.0;20.0;0.88;SSW;4.166666666666667;0.0;1014.67;0.0;Mostly Cloudy
1535533200;22.0;20.0;0.88;SSW;3.611111111111111;0.0;1015.67;0.0;Mostly Cloudy
1535536800;25.0;19.0;0.69;SE;6.666666666666666;0.0;1015.67;0.0;Partly Cloudy
1535540400;26.0;19.0;0.65;SE;6.111111111111111;0.0;1016.67;0.0;Mostly Cloudy
1535544000;26.0;20.0;0.69;SE;7.222222222222222;0.0;1016.67;0.0;Mostly Cloudy
1535547600;25.0;0.0;0.0;SSE;7.777777777777778;14.444444444444445;1016.67;0.0;Mostly Cloudy
1535551200;27.0;19.0;0.61;SSE;7.777777777777778;0.0;1016.67;0.0;Fair
1535554800;27.0;20.0;0.65;SSE;9.166666666666666;0.0;1015.67;0.0;Partly Cloudy / Windy
1535558400;27.0;20.0;0.65;SSE;8.333333333333334;0.0;1014.67;0.0;Fair
1535562000;26.0;20.0;0.69;SSE;8.333333333333334;0.0;1014.67;0.0;Mostly Cloudy
1535565600;26.0;20.0;0.69;SSE;10.277777777777777;0.0;1013.68;0.0;Mostly Cloudy / Windy
1535569200;26.0;19.0;0.65;SSE;9.166666666666666;0.0;1013.68;0.0;Mostly Cloudy / Windy
1535572800;25.0;19.0;0.69;SE;6.666666666666666;0.0;1014.67;0.0;Mostly Cloudy
1535576400;25.0;20.0;0.74;SSE;6.111111111111111;0.0;1014.67;0.0;Partly Cloudy
1535580000;25.0;19.0;0.69;S;4.722222222222222;0.0;1014.67;0.0;Mostly Cloudy
1535583600;23.0;20.0;0.83;SSW;3.611111111111111;0.0;1015.67;0.0;Mostly Cloudy
1535587200;24.0;19.0;0.73;SSE;6.666666666666666;0.0;1015.67;0.0;Partly Cloudy
1535590800;24.0;19.0;0.73;S;5.555555555555555;0.0;1015.67;0.0;Mostly Cloudy
1535594400;24.0;20.0;0.78;SSE;6.111111111111111;0.0;1015.67;0.0;Showers in the Vicinity
1535598000;24.0;20.0;0.78;SSE;7.222222222222222;0.0;1014.67;0.0;Light Rain Shower
1535601600;22.0;20.0;0.88;SE;8.333333333333334;0.0;1014.67;0.0;Showers in the Vicinity
1535605200;23.0;19.0;0.78;SE;5.277777777777778;0.0;1013.68;0.0;Mostly Cloudy
1535608800;23.0;20.0;0.83;ESE;5.277777777777778;0.0;1013.68;0.0;Mostly Cloudy
1535612400;22.0;19.0;0.83;ESE;3.0555555555555554;0.0;1013.68;0.0;Mostly Cloudy
1535616000;24.0;19.0;0.73;SSE;5.555555555555555;0.0;1013.68;0.0;Partly Cloudy
1535619600;21.0;20.0;0.94;SE;7.222222222222222;0.0;1014.67;0.0;Light Rain
1535623200;22.0;19.0;0.83;S;5.555555555555555;0.0;1014.67;0.0;Mostly Cloudy
1535626800;24.0;21.0;0.83;SSW;1.6666666666666665;0.0;0.0;0.0;Showers in the Vicinity
1535630400;25.0;21.0;0.78;SSE;5.555555555555555;0.0;1015.67;0.0;Mostly Cloudy
1535634000;25.0;20.0;0.74;SE;7.222222222222222;0.0;1015.67;0.0;Mostly Cloudy
1535637600;26.0;18.0;0.61;SE;3.611111111111111;0.0;1015.67;0.0;Partly Cloudy
1535641200;26.0;20.0;0.69;ESE;4.722222222222222;0.0;1014.67;0.0;Partly Cloudy
1535644800;26.0;19.0;0.65;SSE;8.333333333333334;0.0;1013.68;0.0;Partly Cloudy
1535648400;26.0;19.0;0.65;SE;6.111111111111111;0.0;1012.68;0.0;Partly Cloudy
1535652000;24.0;20.0;0.78;S;4.722222222222222;12.222222222222221;1012.68;0.0;Mostly Cloudy
1535655600;24.0;19.0;0.73;ESE;5.555555555555555;0.0;0.0;0.0;Showers in the Vicinity
1535659200;24.0;21.0;0.83;SSE;4.166666666666667;0.0;0.0;0.0;Showers in the Vicinity
1535662800;23.0;20.0;0.83;SE;7.222222222222222;0.0;1012.68;0.0;Mostly Cloudy
1535666400;24.0;20.0;0.78;SE;4.722222222222222;0.0;1012.68;0.0;Partly Cloudy
1535670000;25.0;18.0;0.65;SSE;6.666666666666666;0.0;1013.68;0.0;Partly Cloudy
1535673600;25.0;19.0;0.69;SSE;6.111111111111111;0.0;1013.68;0.0;Partly Cloudy
1535677200;24.0;19.0;0.73;SE;5.555555555555555;0.0;1014.67;0.0;Mostly Cloudy
1535680800;24.0;19.0;0.73;SE;6.666666666666666;0.0;1013.68;0.0;Partly Cloudy
1535684400;24.0;19.0;0.73;SSE;6.111111111111111;0.0;1013.68;0.0;Mostly Cloudy
1535688000;24.0;19.0;0.73;SE;5.277777777777778;0.0;1012.68;0.0;Mostly Cloudy
1535691600;24.0;18.0;0.69;SE;5.555555555555555;0.0;1012.68;0.0;Mostly Cloudy
1535695200;24.0;18.0;0.69;SSE;5.555555555555555;0.0;1012.68;0.0;Mostly Cloudy
1535698800;24.0;18.0;0.69;SSE;5.277777777777778;0.0;1012.68;0.0;Mostly Cloudy
1535702400;22.0;19.0;0.83;SE;3.0555555555555554;0.0;1012.68;0.0;Mostly Cloudy
1535706000;24.0;19.0;0.73;SE;3.611111111111111;0.0;1013.68;0.0;Mostly Cloudy
1535709600;25.0;19.0;0.69;SE;4.166666666666667;0.0;1013.68;0.0;Partly Cloudy
1535713200;26.0;19.0;0.65;SE;3.611111111111111;0.0;1014.67;0.0;Partly Cloudy
1535716800;26.0;17.0;0.57;SSE;5.277777777777778;0.0;1014.67;0.0;Partly Cloudy
1535720400;27.0;19.0;0.61;S;4.722222222222222;0.0;1014.67;0.0;Partly Cloudy
1535724000;26.0;21.0;0.74;SSE;5.555555555555555;0.0;1014.67;0.0;Partly Cloudy
1535727600;26.0;20.0;0.69;SSE;5.555555555555555;0.0;1013.68;0.0;Partly Cloudy
1535731200;27.0;19.0;0.61;SE;5.555555555555555;0.0;1012.68;0.0;Partly Cloudy
1535734800;25.0;20.0;0.74;SSE;5.277777777777778;0.0;1013.68;0.0;Partly Cloudy
1535738400;26.0;19.0;0.65;SSE;7.222222222222222;0.0;1011.68;0.0;Fair
1535742000;26.0;19.0;0.65;S;7.222222222222222;0.0;1011.68;0.0;Fair
1535745600;25.0;20.0;0.74;S;6.111111111111111;0.0;1012.68;0.0;Partly Cloudy
1535749200;25.0;19.0;0.69;SSE;6.111111111111111;0.0;1012.68;0.0;Partly Cloudy
1535752800;25.0;19.0;0.69;SSE;4.722222222222222;0.0;1013.68;0.0;Partly Cloudy
1535756400;25.0;19.0;0.69;SE;4.166666666666667;0.0;1013.68;0.0;Fair
1535760000;25.0;19.0;0.69;SE;3.0555555555555554;0.0;1014.67;0.0;Fair
1535763600;25.0;19.0;0.69;SE;4.722222222222222;0.0;1014.67;0.0;Partly Cloudy
1535767200;25.0;19.0;0.69;SE;3.611111111111111;0.0;1014.67;0.0;Partly Cloudy
1535770800;25.0;19.0;0.69;SE;3.611111111111111;0.0;1013.68;0.0;Mostly Cloudy
1535774400;25.0;19.0;0.69;SE;4.166666666666667;0.0;1013.68;0.0;Partly Cloudy
1535778000;24.0;20.0;0.78;SE;4.166666666666667;0.0;1012.68;0.0;Partly Cloudy
1535781600;24.0;20.0;0.78;SE;3.611111111111111;0.0;1012.68;0.0;Mostly Cloudy
1535785200;24.0;20.0;0.78;SE;3.611111111111111;0.0;1012.68;0.0;Partly Cloudy
1535788800;24.0;20.0;0.78;SE;4.166666666666667;0.0;1013.68;0.0;Partly Cloudy
1535792400;25.0;20.0;0.74;SSE;3.611111111111111;0.0;1013.68;0.0;Partly Cloudy
1535796000;24.0;20.0;0.78;SSW;2.5;0.0;1013.68;0.0;Mostly Cloudy
1535799600;25.0;21.0;0.78;SSE;6.111111111111111;0.0;1014.67;0.0;Mostly Cloudy
1535803200;26.0;21.0;0.74;SE;6.111111111111111;0.0;1015.67;0.0;Mostly Cloudy
1535806800;27.0;21.0;0.7;SE;5.555555555555555;0.0;1015.67;0.0;Mostly Cloudy
1535810400;27.0;21.0;0.7;SSE;6.666666666666666;0.0;1014.67;0.0;Mostly Cloudy
1535814000;25.0;22.0;0.83;SE;4.722222222222222;0.0;1014.67;0.0;Mostly Cloudy
1535817600;26.0;22.0;0.78;SSE;7.222222222222222;0.0;1013.68;0.0;Mostly Cloudy
1535821200;26.0;22.0;0.78;SSE;8.61111111111111;0.0;1013.68;0.0;Mostly Cloudy
1535824800;26.0;21.0;0.74;SSE;6.666666666666666;0.0;1012.68;0.0;Mostly Cloudy
1535826300;23.0;22.0;0.94;SE;6.111111111111111;0.0;1013.68;0.0;Light Rain Shower
1535828400;23.0;22.0;0.94;SE;5.277777777777778;0.0;1013.68;0.0;Mostly Cloudy
1535832000;22.0;21.0;0.94;S;4.722222222222222;0.0;1013.68;0.0;Mostly Cloudy
1535835600;23.0;21.0;0.88;S;4.166666666666667;0.0;1013.68;0.0;Mostly Cloudy
1535839200;22.0;21.0;0.94;SSW;3.611111111111111;0.0;1014.67;0.0;Mostly Cloudy
1535842800;22.0;21.0;0.94;SSW;4.166666666666667;0.0;1014.67;0.0;Mostly Cloudy
1535846400;22.0;21.0;0.94;SSW;2.5;0.0;1015.67;0.0;Light Rain
1535847300;21.0;20.0;0.94;SSW;3.611111111111111;0.0;1015.67;0.0;Light Rain
1535850000;21.0;21.0;1.0;SSW;3.0555555555555554;0.0;0.0;0.0;Light Rain
1535851380;21.0;21.0;1.0;SSW;3.0555555555555554;0.0;1015.67;0.0;Cloudy
1535853600;21.0;20.0;0.94;SW;2.5;0.0;1014.67;0.0;Mostly Cloudy
1535855040;21.0;20.0;0.94;S;2.5;0.0;0.0;0.0;Light Rain
1535857200;21.0;20.0;0.94;S;1.9444444444444444;0.0;0.0;0.0;Light Rain
1535860800;21.0;20.0;0.94;SW;3.0555555555555554;0.0;1013.68;0.0;Mostly Cloudy
1535864400;21.0;20.0;0.94;SSW;1.1111111111111112;0.0;1012.68;0.0;Mostly Cloudy
1535868000;21.0;21.0;1.0;ESE;1.6666666666666665;0.0;1013.68;0.0;Light Rain
1535871600;21.0;21.0;1.0;S;1.6666666666666665;0.0;1013.68;0.0;Light Rain
1535875200;22.0;21.0;0.94;S;1.9444444444444444;0.0;1013.68;0.0;Light Rain
1535876400;21.0;21.0;1.0;SW;2.5;0.0;1013.68;0.0;Light Rain
1535878800;22.0;21.0;0.94;WSW;2.5;0.0;1013.68;0.0;Light Rain
1535882400;23.0;22.0;0.94;S;1.9444444444444444;0.0;1013.68;0.0;Mostly Cloudy
1535886000;25.0;22.0;0.83;ESE;4.166666666666667;0.0;1014.67;0.0;Mostly Cloudy
1535889600;24.0;21.0;0.83;E;5.277777777777778;0.0;1014.67;0.0;Mostly Cloudy
1535893200;26.0;22.0;0.78;SE;5.555555555555555;0.0;1014.67;0.0;Mostly Cloudy
1535896800;26.0;19.0;0.65;ESE;5.277777777777778;0.0;1014.67;0.0;Mostly Cloudy
1535900400;27.0;21.0;0.7;ESE;5.555555555555555;0.0;1013.68;0.0;Mostly Cloudy
1535904000;27.0;22.0;0.74;ESE;5.277777777777778;0.0;1013.68;0.0;Partly Cloudy
1535907600;27.0;21.0;0.7;ESE;5.555555555555555;0.0;1012.68;0.0;Mostly Cloudy
1535911200;27.0;21.0;0.7;ESE;6.666666666666666;0.0;1012.68;0.0;Mostly Cloudy
1535914800;27.0;20.0;0.65;SE;5.555555555555555;0.0;1012.68;0.0;Partly Cloudy
1535918400;26.0;21.0;0.74;SE;5.277777777777778;0.0;1013.68;0.0;Partly Cloudy
1535922000;26.0;20.0;0.69;SE;4.722222222222222;0.0;1013.68;0.0;Partly Cloudy
1535925600;25.0;21.0;0.78;SE;5.555555555555555;0.0;1013.68;0.0;Mostly Cloudy
1535929200;25.0;21.0;0.78;SE;5.277777777777778;0.0;1014.67;0.0;Mostly Cloudy
1535932800;25.0;21.0;0.78;SE;5.277777777777778;0.0;1014.67;0.0;Partly Cloudy
1535936400;25.0;20.0;0.74;SE;5.277777777777778;0.0;1014.67;0.0;Partly Cloudy
1535940000;25.0;21.0;0.78;SSE;5.555555555555555;0.0;1014.67;0.0;Partly Cloudy
1536030000;25.0;19.0;0.69;ESE;3.611111111111111;0.0;1013.68;0.0;Mostly Cloudy
1536033600;25.0;19.0;0.69;ESE;4.166666666666667;0.0;1012.68;0.0;Partly Cloudy
1536037200;25.0;19.0;0.69;ESE;4.166666666666667;0.0;1011.68;0.0;Partly Cloudy
1536040800;24.0;19.0;0.73;ESE;3.611111111111111;0.0;1011.68;0.0;Mostly Cloudy
1536044400;24.0;19.0;0.73;E;3.0555555555555554;0.0;1011.68;0.0;Mostly Cloudy
1536048000;24.0;20.0;0.78;ESE;4.722222222222222;0.0;1011.68;0.0;Partly Cloudy
1536051600;25.0;20.0;0.74;ESE;1.9444444444444444;0.0;1011.68;0.0;Partly Cloudy
1536055200;26.0;17.0;0.57;ESE;3.611111111111111;0.0;1012.68;0.0;Mostly Cloudy
1536058800;26.0;20.0;0.69;VAR;3.611111111111111;0.0;1013.68;0.0;Mostly Cloudy
1536062400;27.0;21.0;0.7;ESE;4.722222222222222;0.0;1013.68;0.0;Mostly Cloudy
1536066000;27.0;20.0;0.65;ESE;3.611111111111111;0.0;1012.68;0.0;Mostly Cloudy
1536069600;26.0;20.0;0.69;SE;4.722222222222222;0.0;1012.68;0.0;Mostly Cloudy
1536073200;27.0;20.0;0.65;SE;4.722222222222222;0.0;1011.68;0.0;Mostly Cloudy
1536076800;27.0;21.0;0.7;E;4.166666666666667;0.0;1010.68;0.0;Partly Cloudy
1536080400;27.0;20.0;0.65;ESE;5.277777777777778;0.0;1010.68;0.0;Mostly Cloudy
1536084000;27.0;20.0;0.65;E;3.611111111111111;0.0;1009.68;0.0;Mostly Cloudy
1536087600;26.0;20.0;0.69;E;3.611111111111111;0.0;1009.68;0.0;Mostly Cloudy
1536091200;26.0;20.0;0.69;E;3.0555555555555554;0.0;1010.68;0.0;Mostly Cloudy
1536094800;26.0;20.0;0.69;E;2.5;0.0;1010.68;0.0;Mostly Cloudy
1536098400;25.0;21.0;0.78;E;2.5;0.0;1011.68;0.0;Partly Cloudy
1536102000;25.0;20.0;0.74;E;2.5;0.0;1011.68;0.0;Partly Cloudy
1536105600;26.0;20.0;0.69;E;3.0555555555555554;0.0;1012.68;0.0;Mostly Cloudy
1536109200;25.0;20.0;0.74;E;3.0555555555555554;0.0;1013.68;0.0;Fair
1536112800;25.0;20.0;0.74;E;3.0555555555555554;0.0;1013.68;0.0;Fair
1536116400;25.0;20.0;0.74;E;3.0555555555555554;0.0;1012.68;0.0;Partly Cloudy
1536120000;25.0;19.0;0.69;E;1.9444444444444444;0.0;1012.68;0.0;Fair
1536123600;25.0;20.0;0.74;E;1.9444444444444444;0.0;1011.68;0.0;Fair
1536127200;25.0;20.0;0.74;E;1.9444444444444444;0.0;1011.68;0.0;Partly Cloudy
1536130800;23.0;20.0;0.83;NW;1.1111111111111112;0.0;1012.68;0.0;Mostly Cloudy
1536134400;23.0;20.0;0.83;ENE;1.9444444444444444;0.0;1012.68;0.0;Fair
1536138000;23.0;20.0;0.83;N;1.6666666666666665;0.0;1012.68;0.0;Fair
1536141600;26.0;21.0;0.74;E;3.0555555555555554;0.0;1013.68;0.0;Partly Cloudy
1536145200;27.0;20.0;0.65;E;3.611111111111111;0.0;1013.68;0.0;Partly Cloudy
1536148800;27.0;21.0;0.7;E;3.611111111111111;0.0;1014.67;0.0;Partly Cloudy
1536152400;27.0;20.0;0.65;ESE;4.166666666666667;0.0;1014.67;0.0;Partly Cloudy
1536156000;27.0;20.0;0.65;E;3.611111111111111;0.0;1013.68;0.0;Partly Cloudy
1536159600;28.0;21.0;0.66;ENE;3.611111111111111;0.0;1013.68;0.0;Partly Cloudy
1536163200;28.0;21.0;0.66;E;3.611111111111111;0.0;1012.68;0.0;Partly Cloudy
1536166800;27.0;20.0;0.65;E;4.166666666666667;0.0;1011.68;0.0;Partly Cloudy
1536170400;26.0;20.0;0.69;ESE;4.166666666666667;0.0;1011.68;0.0;Partly Cloudy
1536174000;26.0;21.0;0.74;E;3.0555555555555554;0.0;1011.68;0.0;Partly Cloudy
1536177600;26.0;21.0;0.74;E;3.0555555555555554;0.0;1011.68;0.0;Partly Cloudy
1536181200;26.0;21.0;0.74;E;3.611111111111111;0.0;1012.68;0.0;Partly Cloudy
1536184800;26.0;21.0;0.74;E;3.611111111111111;0.0;1012.68;0.0;Partly Cloudy
1536188400;26.0;21.0;0.74;E;3.611111111111111;0.0;1013.68;0.0;Partly Cloudy
1536192000;26.0;21.0;0.74;E;3.0555555555555554;0.0;1014.67;0.0;Fair
1536195600;26.0;21.0;0.74;E;3.0555555555555554;0.0;1014.67;0.0;Mostly Cloudy
1536199200;25.0;21.0;0.78;E;3.0555555555555554;0.0;1014.67;0.0;Partly Cloudy
1536202800;25.0;21.0;0.78;ESE;2.5;0.0;1013.68;0.0;Partly Cloudy
1536206400;25.0;20.0;0.74;E;2.5;0.0;1013.68;0.0;Partly Cloudy
1536210000;25.0;21.0;0.78;ESE;2.5;0.0;1013.68;0.0;Partly Cloudy
1536213600;25.0;21.0;0.78;E;2.5;0.0;1013.68;0.0;Partly Cloudy
1536217200;24.0;21.0;0.83;ESE;4.166666666666667;0.0;1013.68;0.0;Showers in the Vicinity
1536220800;25.0;22.0;0.83;ESE;2.5;0.0;1013.68;0.0;Showers in the Vicinity
1536224400;25.0;22.0;0.83;ESE;3.0555555555555554;0.0;1014.67;0.0;Partly Cloudy
1536228000;26.0;22.0;0.78;E;2.5;0.0;1014.67;0.0;Mostly Cloudy
1536231600;26.0;21.0;0.74;E;3.0555555555555554;0.0;1015.67;0.0;Mostly Cloudy
1536235200;26.0;22.0;0.78;ESE;4.166666666666667;0.0;1015.67;0.0;Mostly Cloudy
1536238800;28.0;22.0;0.7;ESE;3.611111111111111;0.0;1015.67;0.0;Mostly Cloudy
1536242400;27.0;22.0;0.74;E;5.555555555555555;0.0;1015.67;0.0;Partly Cloudy
1536246000;28.0;22.0;0.7;ESE;4.166666666666667;0.0;1014.67;0.0;Fair
1536249600;28.0;22.0;0.7;ESE;5.277777777777778;0.0;1013.68;0.0;Partly Cloudy
1536253200;27.0;22.0;0.74;ESE;5.555555555555555;0.0;1012.68;0.0;Mostly Cloudy
1536256800;27.0;22.0;0.74;SE;5.555555555555555;0.0;1012.68;0.0;Mostly Cloudy
1536260400;27.0;22.0;0.74;SE;4.722222222222222;0.0;1012.68;0.0;Mostly Cloudy
1536264000;26.0;22.0;0.78;ESE;4.166666666666667;0.0;1013.68;0.0;Partly Cloudy
1536267600;26.0;22.0;0.78;SE;3.611111111111111;0.0;1013.68;0.0;Fair
1536271200;26.0;22.0;0.78;SSE;5.277777777777778;0.0;1014.67;0.0;Partly Cloudy
1536274800;26.0;22.0;0.78;SE;5.277777777777778;0.0;1014.67;0.0;Partly Cloudy
1536278400;26.0;22.0;0.78;SE;4.722222222222222;0.0;1015.67;0.0;Partly Cloudy
1536282000;26.0;21.0;0.74;SE;4.722222222222222;0.0;1015.67;0.0;Partly Cloudy
1536285600;26.0;21.0;0.74;ESE;4.166666666666667;0.0;1014.67;0.0;Partly Cloudy
1536289200;25.0;21.0;0.78;SE;4.722222222222222;0.0;1014.67;0.0;Partly Cloudy
1536292800;25.0;21.0;0.78;SE;5.277777777777778;0.0;1013.68;0.0;Partly Cloudy
1536296400;25.0;21.0;0.78;SE;5.277777777777778;0.0;1012.68;0.0;Partly Cloudy
1536300000;25.0;21.0;0.78;SE;5.277777777777778;0.0;1012.68;0.0;Partly Cloudy
1536303600;25.0;21.0;0.78;SE;6.111111111111111;0.0;1013.68;0.0;Partly Cloudy
1536307200;25.0;20.0;0.74;SE;5.555555555555555;0.0;1013.68;0.0;Partly Cloudy
1536310800;25.0;20.0;0.74;SE;6.111111111111111;0.0;1013.68;0.0;Partly Cloudy
1536314400;26.0;20.0;0.69;SE;6.111111111111111;0.0;1014.67;0.0;Partly Cloudy
1536318000;26.0;20.0;0.69;SE;6.111111111111111;0.0;1015.67;0.0;Partly Cloudy
1536321600;27.0;21.0;0.7;SE;6.111111111111111;0.0;1015.67;0.0;Partly Cloudy
1536325200;28.0;20.0;0.62;SE;6.666666666666666;0.0;1015.67;0.0;Partly Cloudy
1536328800;28.0;20.0;0.62;SE;7.222222222222222;0.0;1015.67;0.0;Fair
1536332400;27.0;21.0;0.7;SSE;6.111111111111111;0.0;1014.67;0.0;Fair
1536336000;27.0;21.0;0.7;SSE;6.666666666666666;0.0;1013.68;0.0;Fair
1536339600;27.0;20.0;0.65;SSE;7.222222222222222;0.0;1012.68;0.0;Partly Cloudy
1536343200;26.0;21.0;0.74;SSE;7.777777777777778;0.0;1012.68;0.0;Partly Cloudy
1536346800;27.0;20.0;0.65;SSE;7.777777777777778;0.0;1012.68;0.0;Partly Cloudy
1536350400;26.0;19.0;0.65;S;7.222222222222222;0.0;1012.68;0.0;Partly Cloudy
1536354000;25.0;19.0;0.69;S;6.111111111111111;0.0;1012.68;0.0;Fair
1536357600;25.0;20.0;0.74;S;5.277777777777778;0.0;1013.68;0.0;Partly Cloudy
1536361200;25.0;20.0;0.74;SSW;4.166666666666667;0.0;1013.68;0.0;Fair
1536364800;24.0;20.0;0.78;SSW;3.0555555555555554;0.0;1013.68;0.0;Partly Cloudy
1536368400;25.0;20.0;0.74;S;7.777777777777778;0.0;1014.67;0.0;Mostly Cloudy
1536372000;25.0;18.0;0.65;SSE;9.166666666666666;0.0;1013.68;0.0;Partly Cloudy / Windy
1536375600;25.0;18.0;0.65;SSE;8.61111111111111;0.0;1013.68;0.0;Partly Cloudy
1536379200;24.0;17.0;0.65;SSE;6.666666666666666;0.0;1012.68;0.0;Fair
1536382800;24.0;17.0;0.65;SSE;7.222222222222222;0.0;1011.68;0.0;Fair
1536386400;23.0;18.0;0.73;S;5.555555555555555;0.0;1011.68;0.0;Mostly Cloudy
1536390000;24.0;19.0;0.73;SSE;7.222222222222222;0.0;1011.68;0.0;Partly Cloudy
1536393600;24.0;19.0;0.73;SSE;6.666666666666666;0.0;1012.68;0.0;Partly Cloudy
1536397200;23.0;19.0;0.78;ESE;5.277777777777778;0.0;1013.68;0.0;Mostly Cloudy
1536400800;24.0;19.0;0.73;SE;6.666666666666666;0.0;1013.68;0.0;Mostly Cloudy
1536404400;25.0;20.0;0.74;SE;5.555555555555555;0.0;1014.67;0.0;Mostly Cloudy
1536408000;26.0;18.0;0.61;SE;6.111111111111111;0.0;1014.67;0.0;Mostly Cloudy
1536411600;27.0;19.0;0.61;SSE;6.666666666666666;0.0;1014.67;0.0;Partly Cloudy
1536415200;27.0;17.0;0.54;SSE;6.666666666666666;0.0;1014.67;0.0;Mostly Cloudy
1536418800;27.0;18.0;0.58;SSE;6.666666666666666;0.0;1013.68;0.0;Partly Cloudy
1536422400;28.0;19.0;0.58;S;7.222222222222222;0.0;1012.68;0.0;Fair
1536426000;27.0;19.0;0.61;SSE;7.222222222222222;0.0;1011.68;0.0;Fair
1536429600;27.0;20.0;0.65;SSE;7.222222222222222;0.0;1011.68;0.0;Fair
1536433200;26.0;20.0;0.69;SSE;7.777777777777778;0.0;1011.68;0.0;Partly Cloudy
1536436800;26.0;19.0;0.65;S;6.111111111111111;0.0;1013.68;0.0;Partly Cloudy
1536440400;25.0;19.0;0.69;S;8.333333333333334;0.0;1012.68;0.0;Fair
1536444000;25.0;19.0;0.69;S;5.555555555555555;0.0;1012.68;0.0;Fair
1536447600;25.0;20.0;0.74;S;5.277777777777778;0.0;1013.68;0.0;Partly Cloudy
1536451200;25.0;20.0;0.74;S;4.722222222222222;0.0;1014.67;0.0;Partly Cloudy
1536454800;25.0;21.0;0.78;S;6.111111111111111;0.0;1014.67;0.0;Partly Cloudy
1536458400;23.0;20.0;0.83;SSW;3.0555555555555554;0.0;1014.67;0.0;Partly Cloudy
1536462000;23.0;20.0;0.83;SSW;3.0555555555555554;0.0;1013.68;0.0;Partly Cloudy
1536465600;23.0;20.0;0.83;SW;2.5;0.0;1013.68;0.0;Mostly Cloudy
1536469200;23.0;20.0;0.83;SSW;2.5;0.0;1012.68;0.0;Mostly Cloudy
1536472800;22.0;20.0;0.88;SSW;3.0555555555555554;0.0;1012.68;0.0;Mostly Cloudy
1536476400;22.0;20.0;0.88;SSW;4.166666666666667;0.0;1012.68;0.0;Light Rain
1536480000;21.0;20.0;0.94;SSW;3.0555555555555554;0.0;1013.68;0.0;Mostly Cloudy
1536483600;21.0;21.0;1.0;ENE;1.9444444444444444;0.0;1013.68;0.0;Light Rain
1536484200;22.0;21.0;0.94;SSE;1.9444444444444444;0.0;1013.68;0.0;Rain
1536484500;22.0;21.0;0.94;SSE;1.6666666666666665;0.0;1014.67;0.0;Rain
1536486600;23.0;21.0;0.88;S;2.5;0.0;1014.67;0.0;Light Rain
1536487200;23.0;21.0;0.88;S;2.5;0.0;1014.67;0.0;Showers in the Vicinity
1536490800;24.0;22.0;0.89;S;2.5;0.0;1014.67;0.0;Partly Cloudy
1536494400;26.0;22.0;0.78;SE;5.277777777777778;0.0;1015.67;0.0;Partly Cloudy
1536498000;27.0;22.0;0.74;SE;5.555555555555555;0.0;1014.67;0.0;Partly Cloudy
1536501600;27.0;21.0;0.7;SE;6.666666666666666;0.0;1014.67;0.0;Mostly Cloudy
1536505200;27.0;22.0;0.74;ESE;4.722222222222222;0.0;1013.68;0.0;Mostly Cloudy
1536508800;27.0;21.0;0.7;SE;5.555555555555555;0.0;1012.68;0.0;Mostly Cloudy
1536512400;27.0;21.0;0.7;SE;5.555555555555555;0.0;1011.68;0.0;Partly Cloudy
1536516000;27.0;21.0;0.7;SSE;6.111111111111111;0.0;1011.68;0.0;Mostly Cloudy
1536519600;26.0;21.0;0.74;SSE;6.666666666666666;0.0;1011.68;0.0;Partly Cloudy
1536523200;26.0;21.0;0.74;SSE;6.666666666666666;0.0;1011.68;0.0;Mostly Cloudy
1536526800;26.0;21.0;0.74;SSE;6.666666666666666;0.0;1012.68;0.0;Partly Cloudy
1536530400;25.0;21.0;0.78;SSE;6.111111111111111;0.0;1012.68;0.0;Partly Cloudy
1536534000;25.0;21.0;0.78;SSE;6.111111111111111;0.0;1013.68;0.0;Partly Cloudy
1536537600;25.0;21.0;0.78;SSE;6.111111111111111;0.0;1013.68;0.0;Partly Cloudy
1536541200;25.0;21.0;0.78;SSE;6.111111111111111;0.0;1014.67;0.0;Partly Cloudy
1536544800;25.0;22.0;0.83;SSE;7.222222222222222;0.0;1014.67;0.0;Partly Cloudy
1536548400;25.0;22.0;0.83;S;5.555555555555555;0.0;1013.68;0.0;Partly Cloudy
1536552000;25.0;21.0;0.78;SSE;6.666666666666666;0.0;1012.68;0.0;Mostly Cloudy
1536555600;23.0;22.0;0.94;SSE;7.777777777777778;0.0;1012.68;0.0;Showers in the Vicinity
1536559200;25.0;22.0;0.83;SSE;6.666666666666666;0.0;1011.68;0.0;Mostly Cloudy
1536562800;25.0;21.0;0.78;S;5.555555555555555;0.0;1012.68;0.0;Mostly Cloudy
1536566400;24.0;21.0;0.83;SSE;6.111111111111111;0.0;1012.68;0.0;Mostly Cloudy
1536570000;25.0;21.0;0.78;S;5.555555555555555;0.0;1013.68;0.0;Mostly Cloudy
1536573600;25.0;21.0;0.78;SSE;6.666666666666666;0.0;1014.67;0.0;Mostly Cloudy
1536577200;26.0;23.0;0.83;SE;5.555555555555555;0.0;1014.67;0.0;Showers in the Vicinity
1536580800;26.0;22.0;0.78;SSE;6.111111111111111;0.0;1015.67;0.0;Mostly Cloudy
1536584400;27.0;22.0;0.74;SSE;7.777777777777778;0.0;1015.67;0.0;Mostly Cloudy
1536588000;27.0;23.0;0.79;S;8.61111111111111;0.0;0.0;0.0;Showers in the Vicinity
1536591600;26.0;23.0;0.83;SSE;8.61111111111111;0.0;1013.68;0.0;Partly Cloudy
1536595200;26.0;23.0;0.83;SE;7.777777777777778;0.0;1013.68;0.0;Light Rain
1536598800;26.0;20.0;0.69;SSE;8.61111111111111;0.0;1012.68;0.0;Mostly Cloudy
1536602400;26.0;21.0;0.74;SSE;8.333333333333334;0.0;1012.68;0.0;Mostly Cloudy
1536606000;25.0;22.0;0.83;SSE;8.333333333333334;0.0;1012.68;0.0;Mostly Cloudy
1536609600;25.0;21.0;0.78;SE;5.555555555555555;0.0;1012.68;0.0;Mostly Cloudy
1536613200;25.0;21.0;0.78;SSE;6.666666666666666;0.0;1013.68;0.0;Mostly Cloudy
1536616800;25.0;22.0;0.83;SSE;6.111111111111111;0.0;1013.68;0.0;Cloudy
1536620400;24.0;20.0;0.78;SSE;7.777777777777778;0.0;1014.67;0.0;Showers in the Vicinity
1536624000;25.0;21.0;0.78;SSE;6.111111111111111;0.0;1014.67;0.0;Mostly Cloudy
1536626100;24.0;22.0;0.89;SSE;7.222222222222222;0.0;1014.67;0.0;Rain
1536627600;24.0;22.0;0.89;SE;5.277777777777778;0.0;1014.67;0.0;Showers in the Vicinity
1536629700;24.0;22.0;0.89;S;6.111111111111111;0.0;1014.67;0.0;Rain Shower
1536631200;23.0;22.0;0.94;S;5.555555555555555;0.0;1014.67;0.0;Light Rain
1536634800;25.0;21.0;0.78;SSE;7.777777777777778;0.0;1013.68;0.0;Showers in the Vicinity
1536638400;24.0;20.0;0.78;SE;6.666666666666666;0.0;1013.68;0.0;Showers in the Vicinity
1536642000;25.0;21.0;0.78;SSE;5.555555555555555;0.0;1012.68;0.0;Partly Cloudy
1536645600;25.0;20.0;0.74;SSE;6.111111111111111;0.0;1012.68;0.0;Partly Cloudy
1536649200;24.0;21.0;0.83;SE;6.111111111111111;0.0;1012.68;0.0;Partly Cloudy
1536652800;25.0;20.0;0.74;SSE;6.666666666666666;0.0;1012.68;0.0;Mostly Cloudy
1536656400;25.0;21.0;0.78;SE;5.555555555555555;0.0;1013.68;0.0;Mostly Cloudy
1536660000;25.0;20.0;0.74;SSE;6.111111111111111;0.0;1013.68;0.0;Mostly Cloudy
1536663600;26.0;21.0;0.74;SE;4.722222222222222;0.0;1014.67;0.0;Mostly Cloudy
1536667200;26.0;21.0;0.74;SE;6.111111111111111;0.0;1015.67;0.0;Mostly Cloudy
1536670800;27.0;20.0;0.65;SE;6.666666666666666;0.0;1015.67;0.0;Mostly Cloudy
1536674400;27.0;21.0;0.7;SE;6.666666666666666;0.0;1015.67;0.0;Mostly Cloudy
1536678000;27.0;21.0;0.7;SE;7.222222222222222;0.0;1014.67;0.0;Fair
1536681600;27.0;21.0;0.7;ESE;7.222222222222222;0.0;1013.68;0.0;Fair
1536685200;27.0;20.0;0.65;SE;6.666666666666666;0.0;1013.68;0.0;Fair
1536688800;27.0;21.0;0.7;SE;6.666666666666666;0.0;1013.68;0.0;Partly Cloudy
1536692400;26.0;20.0;0.69;SE;5.555555555555555;0.0;1013.68;0.0;Mostly Cloudy
1536696000;26.0;20.0;0.69;SE;5.277777777777778;0.0;1014.67;0.0;Partly Cloudy
1536699600;25.0;20.0;0.74;SE;5.555555555555555;0.0;1014.67;0.0;Partly Cloudy
1536703200;25.0;20.0;0.74;SE;5.555555555555555;0.0;1014.67;0.0;Fair
1536706800;25.0;20.0;0.74;SE;6.111111111111111;0.0;1015.67;0.0;Partly Cloudy
1536710400;25.0;21.0;0.78;SE;5.555555555555555;0.0;1015.67;0.0;Mostly Cloudy
1536714000;25.0;20.0;0.74;SE;5.555555555555555;0.0;1015.67;0.0;Partly Cloudy
1536717600;25.0;20.0;0.74;SE;7.222222222222222;0.0;1015.67;0.0;Mostly Cloudy
1536721200;25.0;20.0;0.74;SE;5.555555555555555;0.0;1015.67;0.0;Partly Cloudy
1536724800;25.0;20.0;0.74;SE;5.277777777777778;0.0;1014.67;0.0;Mostly Cloudy
1536728400;25.0;20.0;0.74;SE;5.277777777777778;0.0;1014.67;0.0;Mostly Cloudy
1536732000;25.0;20.0;0.74;SE;4.722222222222222;0.0;1013.68;0.0;Partly Cloudy
1536735600;25.0;20.0;0.74;ESE;3.611111111111111;0.0;1013.68;0.0;Partly Cloudy
1536739200;24.0;20.0;0.78;SE;4.166666666666667;0.0;1014.67;0.0;Partly Cloudy
1536742800;25.0;20.0;0.74;ESE;4.166666666666667;0.0;1014.67;0.0;Partly Cloudy
1536746400;25.0;20.0;0.74;ESE;4.166666666666667;0.0;1015.67;0.0;Partly Cloudy
1536750000;26.0;20.0;0.69;ESE;5.277777777777778;0.0;1015.67;0.0;Mostly Cloudy
1536753600;27.0;20.0;0.65;ESE;5.277777777777778;0.0;1016.67;0.0;Mostly Cloudy
1536757200;27.0;20.0;0.65;SE;5.555555555555555;0.0;1016.67;0.0;Mostly Cloudy
1536760800;27.0;21.0;0.7;SE;5.277777777777778;0.0;1015.67;0.0;Partly Cloudy
1536764400;27.0;20.0;0.65;SE;5.277777777777778;0.0;1014.67;0.0;Partly Cloudy
1536768000;27.0;20.0;0.65;SE;5.555555555555555;0.0;1014.67;0.0;Partly Cloudy
1536771600;27.0;20.0;0.65;SE;5.555555555555555;0.0;1013.68;0.0;Partly Cloudy
1536775200;26.0;20.0;0.69;SE;5.555555555555555;0.0;1013.68;0.0;Partly Cloudy
1536778800;26.0;20.0;0.69;SE;6.666666666666666;0.0;1013.68;0.0;Partly Cloudy
1536782400;26.0;20.0;0.69;SE;4.722222222222222;0.0;1013.68;0.0;Partly Cloudy
1536786000;25.0;20.0;0.74;SSE;5.277777777777778;0.0;1013.68;0.0;Partly Cloudy
1536789600;25.0;20.0;0.74;SE;4.722222222222222;0.0;1013.68;0.0;Partly Cloudy
1536793200;25.0;20.0;0.74;SE;4.722222222222222;0.0;1014.67;0.0;Partly Cloudy
1536796800;25.0;20.0;0.74;SSE;5.555555555555555;0.0;1015.67;0.0;Partly Cloudy
1536800400;25.0;20.0;0.74;SSE;5.555555555555555;0.0;1015.67;0.0;Partly Cloudy
1536804000;25.0;19.0;0.69;SE;5.277777777777778;0.0;1015.67;0.0;Fair
1536807600;24.0;20.0;0.78;SSE;6.111111111111111;0.0;1015.67;0.0;Partly Cloudy
1536811200;25.0;19.0;0.69;SSE;5.555555555555555;0.0;1014.67;0.0;Partly Cloudy
1536814800;24.0;19.0;0.73;SE;5.277777777777778;0.0;1013.68;0.0;Partly Cloudy
1536818400;23.0;20.0;0.83;SSW;3.611111111111111;0.0;1013.68;0.0;Mostly Cloudy
1536822000;23.0;19.0;0.78;SSW;3.0555555555555554;0.0;1013.68;0.0;Partly Cloudy
1536825600;22.0;19.0;0.83;SSW;3.611111111111111;0.0;1013.68;0.0;Partly Cloudy
1536829200;22.0;19.0;0.83;SSW;4.166666666666667;0.0;1015.67;0.0;Partly Cloudy
1536832800;23.0;19.0;0.78;SSW;4.166666666666667;0.0;1015.67;0.0;Partly Cloudy
1536836400;25.0;19.0;0.69;S;5.555555555555555;0.0;1015.67;0.0;Mostly Cloudy
1536840000;26.0;19.0;0.65;S;7.777777777777778;0.0;1016.67;0.0;Mostly Cloudy
1536843600;26.0;19.0;0.65;S;9.166666666666666;0.0;1015.67;0.0;Mostly Cloudy / Windy
1536847200;27.0;19.0;0.61;SSE;4.166666666666667;0.0;1015.67;0.0;Mostly Cloudy
1536850800;27.0;19.0;0.61;S;9.166666666666666;0.0;1014.67;0.0;Partly Cloudy / Windy
1536854400;27.0;19.0;0.61;SSE;9.722222222222221;0.0;1013.68;0.0;Fair / Windy
1536858000;27.0;19.0;0.61;SSE;9.166666666666666;0.0;1013.68;0.0;Fair / Windy
1536861600;26.0;20.0;0.69;SSE;9.166666666666666;0.0;1012.68;0.0;Partly Cloudy / Windy
1536865200;25.0;19.0;0.69;SSE;9.166666666666666;0.0;1012.68;0.0;Partly Cloudy / Windy
1536868800;25.0;19.0;0.69;SSE;8.61111111111111;0.0;1013.68;0.0;Mostly Cloudy
1536872400;25.0;19.0;0.69;SSE;7.222222222222222;0.0;1013.68;0.0;Fair
1536876000;24.0;19.0;0.73;S;6.111111111111111;0.0;1013.68;0.0;Fair
1536879600;24.0;19.0;0.73;S;5.555555555555555;0.0;1014.67;0.0;Fair
1536883200;25.0;19.0;0.69;S;6.111111111111111;0.0;1014.67;0.0;Partly Cloudy
1536886800;24.0;19.0;0.73;S;4.722222222222222;0.0;1014.67;0.0;Fair
1536890400;23.0;19.0;0.78;SW;2.5;0.0;1014.67;0.0;Partly Cloudy
1536894000;22.0;19.0;0.83;SSW;2.5;0.0;1014.67;0.0;Mostly Cloudy
1536897600;22.0;18.0;0.78;SSW;3.0555555555555554;0.0;1013.68;0.0;Partly Cloudy
1536901200;22.0;18.0;0.78;SSW;3.0555555555555554;0.0;1012.68;0.0;Partly Cloudy
1536904800;22.0;18.0;0.78;SSW;3.0555555555555554;0.0;1012.68;0.0;Partly Cloudy
1536908400;21.0;18.0;0.83;SSW;1.9444444444444444;0.0;1012.68;0.0;Partly Cloudy
1536912000;21.0;18.0;0.83;SSW;1.9444444444444444;0.0;1012.68;0.0;Mostly Cloudy
1536915600;21.0;18.0;0.83;VAR;1.1111111111111112;0.0;1013.68;0.0;Mostly Cloudy
1536919200;23.0;18.0;0.73;SSW;1.9444444444444444;0.0;1013.68;0.0;Partly Cloudy
1536922800;25.0;19.0;0.69;S;3.611111111111111;0.0;1014.67;0.0;Mostly Cloudy
1536926400;26.0;19.0;0.65;SSE;5.555555555555555;0.0;1014.67;0.0;Partly Cloudy
1536930000;27.0;19.0;0.61;SSE;6.666666666666666;0.0;1014.67;0.0;Mostly Cloudy
1536933600;27.0;20.0;0.65;SSE;6.666666666666666;0.0;1014.67;0.0;Mostly Cloudy
1536937200;27.0;20.0;0.65;SSE;7.222222222222222;0.0;1013.68;0.0;Partly Cloudy
1536940800;27.0;20.0;0.65;SSE;7.222222222222222;0.0;1012.68;0.0;Partly Cloudy
1536944400;27.0;20.0;0.65;SSE;7.222222222222222;0.0;1011.68;0.0;Partly Cloudy
1536948000;26.0;20.0;0.69;SE;7.222222222222222;0.0;1010.68;0.0;Partly Cloudy
1536951600;26.0;20.0;0.69;SSE;6.666666666666666;0.0;1010.68;0.0;Partly Cloudy
1536955200;25.0;20.0;0.74;SSE;6.111111111111111;0.0;1010.68;0.0;Partly Cloudy
1536958800;25.0;20.0;0.74;SSE;5.277777777777778;0.0;1011.68;0.0;Partly Cloudy
1536962400;25.0;21.0;0.78;SSE;4.722222222222222;0.0;1011.68;0.0;Partly Cloudy
1536966000;25.0;21.0;0.78;SE;4.166666666666667;0.0;1011.68;0.0;Mostly Cloudy
1536969600;25.0;20.0;0.74;ESE;4.722222222222222;0.0;1012.68;0.0;Mostly Cloudy
1536973200;25.0;20.0;0.74;ESE;3.611111111111111;0.0;1012.68;0.0;Mostly Cloudy
1536976800;25.0;20.0;0.74;ESE;4.166666666666667;0.0;1012.68;0.0;Mostly Cloudy
1536980400;25.0;20.0;0.74;ESE;3.0555555555555554;0.0;1011.68;0.0;Fair
1536984000;25.0;21.0;0.78;ESE;4.166666666666667;0.0;1011.68;0.0;Mostly Cloudy
1536987600;25.0;20.0;0.74;E;3.611111111111111;0.0;1011.68;0.0;Mostly Cloudy
1536991200;25.0;20.0;0.74;E;4.166666666666667;0.0;1011.68;0.0;Mostly Cloudy
1536994800;25.0;20.0;0.74;E;4.166666666666667;0.0;1011.68;0.0;Mostly Cloudy
1536998400;25.0;20.0;0.74;ESE;3.0555555555555554;0.0;1011.68;0.0;Fair
1537002000;25.0;19.0;0.69;SE;4.166666666666667;0.0;1012.68;0.0;Partly Cloudy
1537005600;26.0;20.0;0.69;SE;6.666666666666666;0.0;1013.68;0.0;Partly Cloudy
1537009200;26.0;20.0;0.69;SE;5.277777777777778;0.0;1014.67;0.0;Mostly Cloudy
1537012800;27.0;20.0;0.65;SE;6.111111111111111;0.0;1014.67;0.0;Partly Cloudy
1537016400;27.0;20.0;0.65;SE;4.722222222222222;0.0;1014.67;0.0;Partly Cloudy
1537020000;27.0;21.0;0.7;SE;6.111111111111111;0.0;1013.68;0.0;Partly Cloudy
1537023600;28.0;21.0;0.66;SE;5.555555555555555;0.0;1013.68;0.0;Partly Cloudy
1537027200;27.0;21.0;0.7;ESE;6.666666666666666;0.0;1012.68;0.0;Partly Cloudy
1537030800;26.0;20.0;0.69;SE;6.666666666666666;0.0;1011.68;0.0;Mostly Cloudy
1537034400;26.0;21.0;0.74;SE;6.111111111111111;0.0;1011.68;0.0;Partly Cloudy
1537038000;26.0;20.0;0.69;SSE;6.666666666666666;0.0;1012.68;0.0;Partly Cloudy
1537041600;26.0;20.0;0.69;SE;5.277777777777778;0.0;1012.68;0.0;Mostly Cloudy
1537045200;26.0;20.0;0.69;SE;5.277777777777778;0.0;1012.68;0.0;Partly Cloudy
1537048800;25.0;21.0;0.78;SSE;4.722222222222222;0.0;1012.68;0.0;Partly Cloudy
1537052400;25.0;21.0;0.78;SSE;6.111111111111111;0.0;1013.68;0.0;Partly Cloudy
1537056000;25.0;22.0;0.83;SE;4.722222222222222;0.0;1013.68;0.0;Partly Cloudy
1537059600;25.0;22.0;0.83;SE;4.166666666666667;0.0;1014.67;0.0;Mostly Cloudy
1537063200;25.0;21.0;0.78;ESE;4.166666666666667;0.0;1013.68;0.0;Mostly Cloudy
1537066800;25.0;21.0;0.78;ESE;3.0555555555555554;0.0;1013.68;0.0;Mostly Cloudy
1537070400;25.0;21.0;0.78;SE;3.611111111111111;0.0;1012.68;0.0;Mostly Cloudy
1537074000;25.0;21.0;0.78;SE;4.722222222222222;0.0;1012.68;0.0;Mostly Cloudy
1537077600;25.0;21.0;0.78;SE;4.722222222222222;0.0;1012.68;0.0;Mostly Cloudy
1537081200;24.0;22.0;0.89;SSE;5.555555555555555;0.0;1011.68;0.0;Light Rain
1537084800;25.0;22.0;0.83;SE;4.166666666666667;0.0;1012.68;0.0;Showers in the Vicinity
1537088400;25.0;21.0;0.78;SE;4.722222222222222;0.0;1012.68;0.0;Mostly Cloudy
1537092000;26.0;22.0;0.78;SE;4.722222222222222;0.0;1012.68;0.0;Partly Cloudy
1537095600;27.0;22.0;0.74;ESE;5.277777777777778;0.0;1013.68;0.0;Partly Cloudy
1537099200;27.0;23.0;0.79;ESE;5.555555555555555;0.0;1013.68;0.0;Mostly Cloudy
1537102800;27.0;22.0;0.74;ESE;5.277777777777778;0.0;1013.68;0.0;Mostly Cloudy
1537106400;27.0;22.0;0.74;ESE;5.277777777777778;0.0;1013.68;0.0;Mostly Cloudy
1537110000;27.0;23.0;0.79;ESE;5.277777777777778;0.0;1012.68;0.0;Mostly Cloudy
1537113600;28.0;23.0;0.74;SE;4.722222222222222;0.0;1012.68;0.0;Mostly Cloudy
1537117200;27.0;23.0;0.79;ESE;4.722222222222222;0.0;0.0;0.0;Showers in the Vicinity
1537120800;27.0;22.0;0.74;SE;4.166666666666667;0.0;1011.68;0.0;Partly Cloudy
1537124400;27.0;22.0;0.74;SE;3.611111111111111;0.0;1011.68;0.0;Mostly Cloudy
1537128000;26.0;22.0;0.78;ESE;5.277777777777778;0.0;1011.68;0.0;Showers in the Vicinity
1537131600;26.0;22.0;0.78;ESE;3.0555555555555554;0.0;1011.68;0.0;Fair
1537135200;26.0;23.0;0.83;ESE;3.0555555555555554;0.0;0.0;0.0;Showers in the Vicinity
1537138800;26.0;23.0;0.83;E;4.166666666666667;0.0;1012.68;0.0;Partly Cloudy
1537142400;26.0;23.0;0.83;E;3.611111111111111;0.0;1013.68;0.0;Partly Cloudy
1537146000;26.0;23.0;0.83;ESE;3.611111111111111;0.0;1013.68;0.0;Showers in the Vicinity
1537149600;26.0;22.0;0.78;E;3.611111111111111;0.0;1013.68;0.0;Partly Cloudy
1537153200;26.0;23.0;0.83;ESE;3.611111111111111;0.0;1012.68;0.0;Mostly Cloudy
1537156800;25.0;22.0;0.83;ESE;4.166666666666667;0.0;1011.68;0.0;Mostly Cloudy
1537160400;25.0;22.0;0.83;E;4.166666666666667;0.0;1011.68;0.0;Mostly Cloudy
1537164000;25.0;22.0;0.83;ESE;4.166666666666667;0.0;1011.68;0.0;Mostly Cloudy
1537167600;25.0;22.0;0.83;ESE;4.722222222222222;0.0;1011.68;0.0;Mostly Cloudy
1537171200;25.0;22.0;0.83;E;4.166666666666667;0.0;1012.68;0.0;Mostly Cloudy
1537174800;26.0;22.0;0.78;ESE;4.722222222222222;0.0;1013.68;0.0;Partly Cloudy
1537178400;26.0;22.0;0.78;ESE;4.722222222222222;0.0;1013.68;0.0;Partly Cloudy
1537182000;27.0;22.0;0.74;ESE;5.555555555555555;0.0;1014.67;0.0;Partly Cloudy
1537185600;27.0;22.0;0.74;E;4.722222222222222;0.0;1014.67;0.0;Mostly Cloudy
1537189200;28.0;22.0;0.7;E;5.277777777777778;0.0;1014.67;0.0;Mostly Cloudy
1537192800;28.0;22.0;0.7;ESE;4.722222222222222;0.0;1013.68;0.0;Mostly Cloudy
1537196400;28.0;22.0;0.7;E;4.722222222222222;0.0;1012.68;0.0;Partly Cloudy
1537200000;28.0;22.0;0.7;E;5.277777777777778;0.0;1012.68;0.0;Partly Cloudy
1537203600;28.0;22.0;0.7;E;3.611111111111111;0.0;1011.68;0.0;Partly Cloudy
1537207200;27.0;22.0;0.74;ESE;4.722222222222222;0.0;1011.68;0.0;Fair
1537210800;27.0;22.0;0.74;E;4.722222222222222;0.0;1010.68;0.0;Fair
1537214400;26.0;21.0;0.74;ESE;4.166666666666667;0.0;1011.68;0.0;Fair
1537218000;26.0;21.0;0.74;ESE;4.722222222222222;0.0;1011.68;0.0;Partly Cloudy
1537221600;26.0;21.0;0.74;ESE;4.722222222222222;0.0;1012.68;0.0;Fair
1537225200;26.0;21.0;0.74;SE;3.611111111111111;0.0;1012.68;0.0;Fair
1537228800;26.0;21.0;0.74;SE;5.277777777777778;0.0;1013.68;0.0;Partly Cloudy
1537232400;26.0;21.0;0.74;SE;4.722222222222222;0.0;1013.68;0.0;Mostly Cloudy
1537236000;26.0;21.0;0.74;SE;5.277777777777778;0.0;1013.68;0.0;Mostly Cloudy
1537239600;25.0;22.0;0.83;SE;4.166666666666667;0.0;1012.68;0.0;Partly Cloudy
1537243200;25.0;22.0;0.83;SE;4.722222222222222;0.0;1012.68;0.0;Mostly Cloudy
1537246800;25.0;22.0;0.83;SE;5.277777777777778;0.0;1011.68;0.0;Mostly Cloudy
1537250400;25.0;22.0;0.83;SE;4.722222222222222;0.0;1011.68;0.0;Mostly Cloudy
1537254000;26.0;22.0;0.78;ESE;4.722222222222222;0.0;1011.68;0.0;Mostly Cloudy
1537257600;25.0;22.0;0.83;SE;4.722222222222222;0.0;1012.68;0.0;Mostly Cloudy
1537261200;26.0;21.0;0.74;ESE;4.722222222222222;0.0;1013.68;0.0;Mostly Cloudy
1537264800;26.0;21.0;0.74;E;4.166666666666667;0.0;1013.68;0.0;Fair
1537268400;27.0;21.0;0.7;ESE;5.277777777777778;0.0;1014.67;0.0;Partly Cloudy
1537272000;28.0;21.0;0.66;ESE;4.722222222222222;0.0;1014.67;0.0;Partly Cloudy
1537275600;28.0;21.0;0.66;E;5.555555555555555;0.0;1014.67;0.0;Mostly Cloudy
1537279200;27.0;22.0;0.74;SE;5.555555555555555;0.0;1014.67;0.0;Partly Cloudy
1537282800;26.0;22.0;0.78;ESE;5.555555555555555;0.0;1013.68;0.0;Mostly Cloudy
1537286400;28.0;22.0;0.7;SE;5.277777777777778;0.0;1012.68;0.0;Fair
1537290000;28.0;21.0;0.66;ESE;5.277777777777778;0.0;1011.68;0.0;Partly Cloudy
1537293600;27.0;22.0;0.74;SE;4.722222222222222;0.0;1011.68;0.0;Partly Cloudy
1537297200;27.0;21.0;0.7;ESE;4.722222222222222;0.0;1011.68;0.0;Partly Cloudy
1537300800;26.0;21.0;0.74;ESE;4.166666666666667;0.0;1011.68;0.0;Fair
1537304400;26.0;21.0;0.74;SE;4.166666666666667;0.0;1011.68;0.0;Fair
1537308000;26.0;21.0;0.74;SE;4.166666666666667;0.0;1012.68;0.0;Partly Cloudy
1537311600;26.0;21.0;0.74;SE;4.166666666666667;0.0;1012.68;0.0;Partly Cloudy
1537315200;25.0;22.0;0.83;SE;4.722222222222222;0.0;1012.68;0.0;Mostly Cloudy
1537318800;26.0;21.0;0.74;ESE;4.166666666666667;0.0;1013.68;0.0;Partly Cloudy
1537322400;26.0;21.0;0.74;ESE;4.722222222222222;0.0;1012.68;0.0;Partly Cloudy
1537326000;25.0;21.0;0.78;ESE;4.166666666666667;0.0;1012.68;0.0;Fair
1537329600;26.0;21.0;0.74;E;3.0555555555555554;0.0;1011.68;0.0;Mostly Cloudy
1537333200;25.0;22.0;0.83;ESE;4.166666666666667;0.0;1011.68;0.0;Partly Cloudy
1537336800;25.0;21.0;0.78;ESE;4.722222222222222;0.0;1011.68;0.0;Partly Cloudy
1537340400;25.0;21.0;0.78;ESE;4.722222222222222;0.0;1011.68;0.0;Partly Cloudy
1537344000;25.0;21.0;0.78;SE;4.722222222222222;0.0;1012.68;0.0;Partly Cloudy
1537347600;24.0;22.0;0.89;SE;4.166666666666667;0.0;1012.68;0.0;Mostly Cloudy
1537351200;26.0;20.0;0.69;ESE;4.722222222222222;0.0;1013.68;0.0;Mostly Cloudy
1537353300;23.0;21.0;0.88;E;7.222222222222222;0.0;1014.67;0.0;Light Rain
1537354800;23.0;21.0;0.88;E;3.0555555555555554;0.0;1014.67;0.0;Showers in the Vicinity
1537358400;27.0;22.0;0.74;SSE;3.0555555555555554;0.0;1014.67;0.0;Showers in the Vicinity
1537362000;28.0;22.0;0.7;SE;5.277777777777778;0.0;1014.67;0.0;Partly Cloudy
1537365600;28.0;21.0;0.66;SE;6.666666666666666;0.0;1014.67;0.0;Partly Cloudy
1537369200;27.0;21.0;0.7;SE;7.777777777777778;0.0;1013.68;0.0;Mostly Cloudy
1537372800;27.0;22.0;0.74;SE;6.666666666666666;0.0;1013.68;0.0;Showers in the Vicinity
1537376400;28.0;21.0;0.66;SE;7.222222222222222;0.0;1012.68;0.0;Partly Cloudy
1537380000;27.0;21.0;0.7;SSE;7.222222222222222;0.0;1012.68;0.0;Partly Cloudy
1537383600;27.0;20.0;0.65;SE;6.111111111111111;0.0;1012.68;0.0;Partly Cloudy
1537387200;26.0;22.0;0.78;SE;5.555555555555555;0.0;1013.68;0.0;Fair
1537390800;25.0;21.0;0.78;SSE;4.722222222222222;0.0;1013.68;0.0;Fair
1537394400;25.0;21.0;0.78;SE;4.166666666666667;0.0;1014.67;0.0;Fair
1537398000;25.0;21.0;0.78;SSE;4.722222222222222;0.0;1014.67;0.0;Fair
1537401600;26.0;21.0;0.74;SE;5.277777777777778;0.0;1015.67;0.0;Fair
1537405200;26.0;21.0;0.74;SE;6.111111111111111;0.0;1015.67;0.0;Mostly Cloudy
1537408800;26.0;21.0;0.74;SE;5.277777777777778;0.0;1015.67;0.0;Mostly Cloudy
1537412400;26.0;20.0;0.69;ESE;5.555555555555555;0.0;1014.67;0.0;Partly Cloudy
1537416000;25.0;21.0;0.78;ESE;4.722222222222222;0.0;1013.68;0.0;Mostly Cloudy
1537419600;24.0;22.0;0.89;SE;5.277777777777778;0.0;1013.68;0.0;Cloudy
1537423200;24.0;22.0;0.89;E;2.5;0.0;1012.68;0.0;Cloudy
1537426800;25.0;21.0;0.78;ESE;5.277777777777778;0.0;1012.68;0.0;Partly Cloudy
1537430400;25.0;21.0;0.78;ESE;4.722222222222222;0.0;1013.68;0.0;Partly Cloudy
1537434000;24.0;21.0;0.83;SE;7.222222222222222;0.0;1014.67;0.0;Cloudy
1537437600;26.0;19.0;0.65;ESE;5.555555555555555;0.0;1015.67;0.0;Mostly Cloudy
1537441200;26.0;20.0;0.69;SE;3.611111111111111;0.0;1015.67;0.0;Partly Cloudy
1537444800;27.0;21.0;0.7;ESE;5.277777777777778;0.0;1015.67;0.0;Partly Cloudy
1537448400;27.0;21.0;0.7;SE;5.277777777777778;0.0;1015.67;0.0;Fair
1537452000;28.0;21.0;0.66;SE;5.555555555555555;0.0;1014.67;0.0;Partly Cloudy
1537455600;27.0;21.0;0.7;SSE;5.555555555555555;0.0;1013.68;0.0;Partly Cloudy
1537459200;27.0;21.0;0.7;SSE;5.555555555555555;0.0;1012.68;0.0;Partly Cloudy
1537462800;27.0;21.0;0.7;SE;5.277777777777778;0.0;1012.68;0.0;Mostly Cloudy
1537466400;27.0;21.0;0.7;SE;5.277777777777778;0.0;1012.68;0.0;Showers in the Vicinity
1537470000;26.0;21.0;0.74;SE;5.277777777777778;0.0;1012.68;0.0;Showers in the Vicinity
1537473600;26.0;21.0;0.74;SE;5.277777777777778;0.0;1013.68;0.0;Light Rain
1537477200;26.0;21.0;0.74;ESE;3.611111111111111;0.0;1013.68;0.0;Showers in the Vicinity
1537480800;26.0;21.0;0.74;SE;3.611111111111111;0.0;1013.68;0.0;Mostly Cloudy
1537484400;26.0;21.0;0.74;SE;4.166666666666667;0.0;1014.67;0.0;Partly Cloudy
1537488000;25.0;22.0;0.83;SE;5.277777777777778;0.0;1014.67;0.0;Partly Cloudy
1537490700;24.0;22.0;0.89;ESE;6.111111111111111;11.944444444444445;0.0;0.0;Rain
1537491600;25.0;21.0;0.78;ESE;6.111111111111111;12.222222222222221;0.0;0.0;Light Rain
1537495200;25.0;21.0;0.78;SE;6.111111111111111;0.0;1014.67;0.0;Partly Cloudy
1537498800;25.0;21.0;0.78;SE;6.666666666666666;0.0;1014.67;0.0;Mostly Cloudy
1537502400;25.0;21.0;0.78;SE;5.555555555555555;0.0;1013.68;0.0;Partly Cloudy
1537506000;25.0;21.0;0.78;SE;5.555555555555555;0.0;1012.68;0.0;Mostly Cloudy
1537509600;25.0;22.0;0.83;SSE;6.666666666666666;0.0;1012.68;0.0;Mostly Cloudy
1537513200;25.0;21.0;0.78;SE;6.111111111111111;0.0;1013.68;0.0;Mostly Cloudy
1537516800;25.0;21.0;0.78;SE;6.666666666666666;0.0;1013.68;0.0;Showers in the Vicinity
1537520400;25.0;21.0;0.78;SE;5.555555555555555;0.0;1014.67;0.0;Light Rain
1537524000;25.0;21.0;0.78;SE;6.666666666666666;0.0;1014.67;0.0;Mostly Cloudy
1537527600;27.0;21.0;0.7;SE;5.555555555555555;0.0;1015.67;0.0;Mostly Cloudy
1537531200;27.0;20.0;0.65;SE;7.222222222222222;0.0;1015.67;0.0;Mostly Cloudy
1537534800;28.0;21.0;0.66;SSE;7.222222222222222;0.0;1014.67;0.0;Partly Cloudy
1537538400;27.0;21.0;0.7;SSE;6.111111111111111;0.0;1013.68;0.0;Partly Cloudy
1537542000;26.0;0.0;0.0;SE;7.222222222222222;0.0;1013.68;0.0;Showers in the Vicinity
1537545600;27.0;21.0;0.7;SSE;6.111111111111111;0.0;1012.68;0.0;Partly Cloudy
1537549200;28.0;20.0;0.62;SE;5.277777777777778;0.0;1011.68;0.0;Fair
1537552800;27.0;20.0;0.65;SE;6.111111111111111;0.0;1011.68;0.0;Fair
1537556400;26.0;20.0;0.69;SSE;6.111111111111111;0.0;1011.68;0.0;Fair
1537560000;26.0;21.0;0.74;SSE;5.277777777777778;0.0;1011.68;0.0;Partly Cloudy
1537563600;26.0;20.0;0.69;SSE;5.277777777777778;0.0;1012.68;0.0;Fair
1537567200;26.0;20.0;0.69;SSE;6.111111111111111;0.0;1012.68;0.0;Fair
1537570800;25.0;20.0;0.74;SE;5.555555555555555;0.0;1013.68;0.0;Partly Cloudy
1537574400;25.0;20.0;0.74;SSE;6.666666666666666;0.0;1013.68;0.0;Partly Cloudy
1537578000;25.0;20.0;0.74;SE;5.277777777777778;0.0;1013.68;0.0;Partly Cloudy
1537581600;25.0;21.0;0.78;SSE;6.111111111111111;0.0;1013.68;0.0;Partly Cloudy
1537585200;25.0;20.0;0.74;ESE;4.722222222222222;0.0;1013.68;0.0;Mostly Cloudy
1537588800;25.0;21.0;0.78;SE;5.277777777777778;0.0;1011.68;0.0;Partly Cloudy
1537592400;25.0;21.0;0.78;ESE;3.611111111111111;0.0;1011.68;0.0;Partly Cloudy
1537596000;25.0;20.0;0.74;SE;4.722222222222222;0.0;1011.68;0.0;Partly Cloudy
1537599600;25.0;20.0;0.74;SE;5.277777777777778;0.0;1011.68;0.0;Partly Cloudy
1537603200;24.0;20.0;0.78;SE;3.611111111111111;0.0;1011.68;0.0;Fair
1537606800;25.0;21.0;0.78;SE;4.166666666666667;0.0;1012.68;0.0;Partly Cloudy
1537610400;26.0;20.0;0.69;SE;4.722222222222222;0.0;1012.68;0.0;Partly Cloudy
1537614000;26.0;21.0;0.74;SE;4.722222222222222;0.0;1012.68;0.0;Partly Cloudy
1537617600;27.0;21.0;0.7;SE;5.277777777777778;0.0;1013.68;0.0;Partly Cloudy
1537621200;26.0;21.0;0.74;SE;4.722222222222222;0.0;1013.68;0.0;Partly Cloudy
1537624800;27.0;20.0;0.65;ESE;4.722222222222222;0.0;1012.68;0.0;Partly Cloudy
1537628400;27.0;21.0;0.7;SE;5.555555555555555;0.0;1011.68;0.0;Fair
1537632000;28.0;20.0;0.62;SE;4.722222222222222;0.0;1010.68;0.0;Fair
1537635600;28.0;20.0;0.62;ESE;4.166666666666667;0.0;1010.68;0.0;Fair
1537639200;27.0;21.0;0.7;ESE;4.166666666666667;0.0;1009.68;0.0;Fair
1537642800;26.0;20.0;0.69;ESE;4.166666666666667;0.0;1009.68;0.0;Fair
1537646400;26.0;21.0;0.74;SE;3.611111111111111;0.0;1010.68;0.0;Fair
1537650000;26.0;21.0;0.74;SE;2.5;0.0;1010.68;0.0;Fair
1537653600;25.0;21.0;0.78;SE;3.0555555555555554;10.277777777777777;1011.68;0.0;Fair
1537657200;25.0;21.0;0.78;SE;3.611111111111111;0.0;1011.68;0.0;Fair
1537660800;25.0;21.0;0.78;SE;4.166666666666667;0.0;1012.68;0.0;Fair
1537664400;25.0;21.0;0.78;SE;4.166666666666667;0.0;1012.68;0.0;Partly Cloudy
1537668000;25.0;20.0;0.74;ESE;3.611111111111111;0.0;1012.68;0.0;Fair
1537671600;25.0;21.0;0.78;SE;2.5;0.0;1012.68;0.0;Partly Cloudy
1537675200;25.0;20.0;0.74;ESE;3.0555555555555554;0.0;1011.68;0.0;Partly Cloudy
1537678800;25.0;20.0;0.74;SE;2.5;0.0;1011.68;0.0;Partly Cloudy
1537682400;24.0;20.0;0.78;SSE;2.5;0.0;1010.68;0.0;Partly Cloudy
1537686000;23.0;20.0;0.83;SSW;1.6666666666666665;0.0;1010.68;0.0;Partly Cloudy
1537689600;23.0;20.0;0.83;VAR;0.5555555555555556;0.0;1011.68;0.0;Mostly Cloudy
1537693200;23.0;20.0;0.83;WSW;1.1111111111111112;0.0;1011.68;0.0;Mostly Cloudy
1537696800;24.0;21.0;0.83;SW;1.6666666666666665;0.0;1012.68;0.0;Partly Cloudy
1537700400;25.0;21.0;0.78;S;2.5;0.0;1012.68;0.0;Showers in the Vicinity
1537704000;25.0;23.0;0.89;SE;3.611111111111111;0.0;0.0;0.0;Showers in the Vicinity
1537707600;26.0;22.0;0.78;S;3.611111111111111;0.0;1013.68;0.0;Mostly Cloudy
1537711200;27.0;22.0;0.74;ESE;4.166666666666667;0.0;0.0;0.0;Showers in the Vicinity
1537714800;26.0;21.0;0.74;SE;3.611111111111111;0.0;1012.68;0.0;Partly Cloudy
1537718400;26.0;22.0;0.78;S;4.166666666666667;0.0;1011.68;0.0;Showers in the Vicinity
1537722000;27.0;22.0;0.74;SE;3.0555555555555554;0.0;1010.68;0.0;Partly Cloudy
1537725600;27.0;23.0;0.79;SSE;5.555555555555555;0.0;1010.68;0.0;Showers in the Vicinity
1537729200;26.0;22.0;0.78;ESE;4.722222222222222;0.0;1010.68;0.0;Showers in the Vicinity
1537732800;26.0;21.0;0.74;ESE;4.722222222222222;0.0;1011.68;0.0;Partly Cloudy
1537736400;26.0;21.0;0.74;ESE;3.611111111111111;0.0;1012.68;0.0;Partly Cloudy
1537740000;26.0;21.0;0.74;SE;4.166666666666667;0.0;1012.68;0.0;Partly Cloudy
1537743600;26.0;21.0;0.74;SE;4.166666666666667;0.0;1013.68;0.0;Partly Cloudy
1537747200;25.0;22.0;0.83;SE;4.166666666666667;0.0;1013.68;0.0;Partly Cloudy
1537750800;25.0;22.0;0.83;SSE;4.722222222222222;0.0;1013.68;0.0;Partly Cloudy
1537754400;25.0;22.0;0.83;SE;4.166666666666667;0.0;1013.68;0.0;Partly Cloudy
1537758000;26.0;22.0;0.78;SE;4.166666666666667;0.0;1012.68;0.0;Partly Cloudy
1537761600;26.0;21.0;0.74;SE;4.166666666666667;0.0;1012.68;0.0;Partly Cloudy
1537765200;26.0;22.0;0.78;SE;3.611111111111111;0.0;1011.68;0.0;Partly Cloudy
1537768800;25.0;22.0;0.83;SE;3.0555555555555554;0.0;1011.68;0.0;Showers in the Vicinity
1537772400;25.0;22.0;0.83;SE;2.5;0.0;1011.68;0.0;Partly Cloudy
1537776000;25.0;22.0;0.83;SE;2.5;0.0;1011.68;0.0;Mostly Cloudy
1537779600;25.0;21.0;0.78;E;3.611111111111111;0.0;1012.68;0.0;Mostly Cloudy
1537783200;26.0;21.0;0.74;ESE;4.166666666666667;0.0;1013.68;0.0;Mostly Cloudy
1537786800;27.0;21.0;0.7;E;4.166666666666667;0.0;1014.67;0.0;Mostly Cloudy
1537790400;28.0;23.0;0.74;ESE;4.166666666666667;0.0;1014.67;0.0;Partly Cloudy
1537794000;27.0;22.0;0.74;ESE;4.722222222222222;0.0;1014.67;0.0;Mostly Cloudy
1537797600;28.0;22.0;0.7;SE;6.111111111111111;0.0;1013.68;0.0;Mostly Cloudy
1537801200;28.0;22.0;0.7;SE;6.111111111111111;0.0;1012.68;0.0;Mostly Cloudy
1537804800;28.0;22.0;0.7;ESE;6.111111111111111;0.0;1011.68;0.0;Partly Cloudy
1537808400;28.0;22.0;0.7;SE;5.277777777777778;0.0;1011.68;0.0;Partly Cloudy
1537812000;28.0;22.0;0.7;ESE;4.722222222222222;0.0;1011.68;0.0;Partly Cloudy
1537815600;27.0;21.0;0.7;E;4.722222222222222;0.0;1011.68;0.0;Partly Cloudy
1537819200;27.0;21.0;0.7;ESE;5.277777777777778;0.0;1011.68;0.0;Mostly Cloudy
1537822800;27.0;22.0;0.74;ESE;3.0555555555555554;0.0;1011.68;0.0;Mostly Cloudy
1537826400;26.0;21.0;0.74;ESE;4.722222222222222;0.0;1012.68;0.0;Partly Cloudy
1537830000;26.0;21.0;0.74;ESE;4.166666666666667;0.0;1013.68;0.0;Partly Cloudy
1537833600;26.0;21.0;0.74;ESE;4.166666666666667;0.0;1013.68;0.0;Mostly Cloudy
1537837200;26.0;21.0;0.74;ESE;3.611111111111111;0.0;1013.68;0.0;Mostly Cloudy
1537840800;25.0;21.0;0.78;ESE;3.611111111111111;0.0;1013.68;0.0;Mostly Cloudy
1537844400;25.0;21.0;0.78;ESE;3.611111111111111;0.0;1012.68;0.0;Mostly Cloudy
1537848000;25.0;21.0;0.78;ESE;3.0555555555555554;0.0;1011.68;0.0;Mostly Cloudy
1537851600;25.0;21.0;0.78;E;3.0555555555555554;0.0;1011.68;0.0;Mostly Cloudy
1537855200;25.0;21.0;0.78;E;2.5;0.0;1011.68;0.0;Mostly Cloudy
1537858800;25.0;21.0;0.78;ESE;1.9444444444444444;0.0;1011.68;0.0;Mostly Cloudy
1537862400;25.0;21.0;0.78;ESE;3.0555555555555554;0.0;1011.68;0.0;Partly Cloudy
1537866000;25.0;21.0;0.78;ESE;2.5;0.0;1012.68;0.0;Partly Cloudy
1537869600;26.0;21.0;0.74;ESE;3.611111111111111;0.0;1013.68;0.0;Partly Cloudy
1537873200;27.0;22.0;0.74;ESE;4.166666666666667;0.0;1013.68;0.0;Partly Cloudy
1537876800;27.0;21.0;0.7;ESE;5.277777777777778;0.0;1014.67;0.0;Partly Cloudy
1537880400;28.0;22.0;0.7;SE;5.555555555555555;0.0;1014.67;0.0;Partly Cloudy
1537884000;28.0;22.0;0.7;SE;6.111111111111111;0.0;1013.68;0.0;Fair
1537887600;28.0;22.0;0.7;SE;5.277777777777778;0.0;1012.68;0.0;Mostly Cloudy
1537891200;28.0;22.0;0.7;SE;6.111111111111111;0.0;1012.68;0.0;Partly Cloudy
1537894800;28.0;22.0;0.7;SE;5.555555555555555;0.0;1011.68;0.0;Partly Cloudy
1537898400;28.0;22.0;0.7;SE;6.111111111111111;0.0;1011.68;0.0;Partly Cloudy
1537902000;27.0;21.0;0.7;SE;5.277777777777778;0.0;1011.68;0.0;Fair
1537905600;26.0;21.0;0.74;SE;4.722222222222222;0.0;1011.68;0.0;Partly Cloudy
1537909200;26.0;21.0;0.74;SE;5.277777777777778;0.0;1011.68;0.0;Partly Cloudy
1537912800;26.0;21.0;0.74;SE;5.277777777777778;0.0;1012.68;0.0;Partly Cloudy
1537916400;26.0;22.0;0.78;SE;4.166666666666667;0.0;1012.68;0.0;Partly Cloudy
1537920000;26.0;21.0;0.74;SE;4.166666666666667;0.0;1013.68;0.0;Partly Cloudy
1537923600;26.0;22.0;0.78;SE;5.277777777777778;0.0;1013.68;0.0;Mostly Cloudy
1537927200;26.0;22.0;0.78;SE;4.722222222222222;0.0;1012.68;0.0;Mostly Cloudy
1537930800;25.0;21.0;0.78;S;3.611111111111111;0.0;1012.68;0.0;Partly Cloudy
1537934400;25.0;21.0;0.78;SE;3.611111111111111;0.0;1011.68;0.0;Partly Cloudy
1537938000;25.0;22.0;0.83;SE;4.722222222222222;0.0;1011.68;0.0;Mostly Cloudy
1537941600;25.0;22.0;0.83;SE;4.722222222222222;0.0;1010.68;0.0;Mostly Cloudy
1537945200;25.0;22.0;0.83;SE;5.277777777777778;0.0;1010.68;0.0;Mostly Cloudy
1537948800;25.0;21.0;0.78;ESE;5.555555555555555;0.0;1011.68;0.0;Mostly Cloudy
1537952400;25.0;21.0;0.78;SE;6.111111111111111;0.0;1012.68;0.0;Showers in the Vicinity
1537956000;26.0;21.0;0.74;ESE;5.277777777777778;0.0;1013.68;0.0;Mostly Cloudy
1537959600;27.0;22.0;0.74;SE;6.111111111111111;0.0;1013.68;0.0;Partly Cloudy
1537963200;28.0;22.0;0.7;SSE;5.555555555555555;0.0;1013.68;0.0;Partly Cloudy
1537966800;28.0;21.0;0.66;SE;6.111111111111111;0.0;1014.67;0.0;Partly Cloudy
1537970400;28.0;22.0;0.7;SE;8.333333333333334;0.0;1013.68;0.0;Partly Cloudy
1537974000;28.0;21.0;0.66;SE;8.333333333333334;0.0;1012.68;0.0;Partly Cloudy
1537977600;28.0;21.0;0.66;SSE;7.777777777777778;0.0;1012.68;0.0;Partly Cloudy
1537981200;28.0;22.0;0.7;SSE;8.333333333333334;0.0;1011.68;0.0;Partly Cloudy
1537984800;27.0;22.0;0.74;SSE;8.333333333333334;0.0;1011.68;0.0;Partly Cloudy
1537988400;27.0;21.0;0.7;SSE;8.333333333333334;0.0;1011.68;0.0;Fair
1537992000;26.0;21.0;0.74;SSE;7.222222222222222;0.0;1011.68;0.0;Mostly Cloudy
1537995600;26.0;21.0;0.74;SSE;7.222222222222222;0.0;1012.68;0.0;Mostly Cloudy
1537999200;26.0;21.0;0.74;SSE;7.222222222222222;0.0;1012.68;0.0;Mostly Cloudy
1538002800;26.0;21.0;0.74;SE;6.666666666666666;0.0;1013.68;0.0;Mostly Cloudy
1538006400;26.0;21.0;0.74;SE;5.555555555555555;0.0;1013.68;0.0;Mostly Cloudy
1538010000;26.0;21.0;0.74;SE;6.111111111111111;0.0;1013.68;0.0;Mostly Cloudy
1538013600;26.0;21.0;0.74;SE;6.111111111111111;0.0;1013.68;0.0;Mostly Cloudy
1538017200;26.0;21.0;0.74;SE;6.111111111111111;0.0;1012.68;0.0;Mostly Cloudy
1538020800;25.0;21.0;0.78;SE;5.555555555555555;0.0;1012.68;0.0;Mostly Cloudy
1538024400;25.0;20.0;0.74;SE;4.166666666666667;0.0;1011.68;0.0;Mostly Cloudy
1538028000;25.0;21.0;0.78;SE;4.722222222222222;0.0;1011.68;0.0;Partly Cloudy
1538031600;25.0;21.0;0.78;SE;5.555555555555555;0.0;1011.68;0.0;Mostly Cloudy
1538035200;25.0;21.0;0.78;SE;6.111111111111111;0.0;1011.68;0.0;Mostly Cloudy
1538038800;25.0;21.0;0.78;SE;5.555555555555555;0.0;1012.68;0.0;Mostly Cloudy
1538042400;26.0;21.0;0.74;SE;4.722222222222222;0.0;1012.68;0.0;Mostly Cloudy
1538046000;26.0;21.0;0.74;SE;5.277777777777778;0.0;1013.68;0.0;Mostly Cloudy
1538049600;27.0;22.0;0.74;SE;5.277777777777778;0.0;1014.67;0.0;Mostly Cloudy
1538053200;29.0;22.0;0.66;SE;6.666666666666666;0.0;1014.67;0.0;Partly Cloudy
1538056800;28.0;22.0;0.7;SE;6.111111111111111;0.0;1013.68;0.0;Partly Cloudy
1538060400;28.0;22.0;0.7;SSE;7.222222222222222;0.0;1012.68;0.0;Partly Cloudy
1538064000;26.0;22.0;0.78;SSE;7.222222222222222;0.0;1012.68;0.0;Light Rain Shower
1538067600;25.0;23.0;0.89;SSE;5.277777777777778;0.0;1011.68;0.0;Showers in the Vicinity
1538071200;25.0;23.0;0.89;ESE;5.277777777777778;0.0;1011.68;0.0;Light Rain
1538074800;25.0;22.0;0.83;SSE;5.555555555555555;0.0;1011.68;0.0;Mostly Cloudy
1538078400;26.0;22.0;0.78;SSE;5.277777777777778;0.0;1012.68;0.0;Partly Cloudy
1538082000;26.0;22.0;0.78;SE;5.277777777777778;0.0;1012.68;0.0;Mostly Cloudy
1538085600;25.0;22.0;0.83;SE;4.722222222222222;0.0;1012.68;0.0;Mostly Cloudy
1538089200;25.0;22.0;0.83;SE;4.166666666666667;0.0;1013.68;0.0;Partly Cloudy
1538092800;25.0;22.0;0.83;ESE;1.9444444444444444;0.0;1013.68;0.0;Light Rain
1538096400;25.0;22.0;0.83;SE;4.166666666666667;0.0;1013.68;0.0;Partly Cloudy
1538100000;25.0;23.0;0.89;SE;2.5;0.0;1013.68;0.0;Mostly Cloudy
1538103600;25.0;22.0;0.83;ESE;3.0555555555555554;0.0;1012.68;0.0;Partly Cloudy
1538107200;25.0;22.0;0.83;SE;4.166666666666667;0.0;1012.68;0.0;Mostly Cloudy
1538110800;25.0;22.0;0.83;ESE;3.611111111111111;0.0;1012.68;0.0;Partly Cloudy
1538114400;25.0;22.0;0.83;ESE;3.611111111111111;0.0;1011.68;0.0;Partly Cloudy
1538118000;25.0;22.0;0.83;ESE;4.166666666666667;0.0;1011.68;0.0;Partly Cloudy
1538121600;25.0;22.0;0.83;ESE;4.166666666666667;0.0;1012.68;0.0;Partly Cloudy
1538125200;26.0;21.0;0.74;E;4.166666666666667;0.0;1012.68;0.0;Partly Cloudy
1538128800;26.0;21.0;0.74;ESE;3.611111111111111;0.0;1013.68;0.0;Partly Cloudy
1538132400;27.0;22.0;0.74;ESE;4.166666666666667;0.0;1013.68;0.0;Partly Cloudy
1538136000;27.0;22.0;0.74;ESE;4.722222222222222;0.0;1014.67;0.0;Partly Cloudy
1538139600;28.0;22.0;0.7;SE;4.722222222222222;0.0;1014.67;0.0;Partly Cloudy
1538143200;28.0;21.0;0.66;ESE;4.722222222222222;0.0;1013.68;0.0;Partly Cloudy
1538146800;28.0;20.0;0.62;SSE;5.555555555555555;0.0;1012.68;0.0;Fair
1538150400;28.0;22.0;0.7;SSE;6.111111111111111;0.0;1011.68;0.0;Fair
1538154000;28.0;22.0;0.7;SE;6.111111111111111;0.0;1011.68;0.0;Fair
1538157600;27.0;22.0;0.74;SE;6.111111111111111;0.0;1010.68;0.0;Fair
1538161200;27.0;21.0;0.7;SE;5.277777777777778;0.0;1010.68;0.0;Fair
1538164800;26.0;22.0;0.78;SSE;6.111111111111111;0.0;1011.68;0.0;Partly Cloudy
1538168400;26.0;22.0;0.78;SSE;5.277777777777778;0.0;1011.68;0.0;Partly Cloudy
1538172000;26.0;22.0;0.78;SSE;5.277777777777778;0.0;1012.68;0.0;Mostly Cloudy
1538175600;26.0;22.0;0.78;SE;5.277777777777778;0.0;1012.68;0.0;Mostly Cloudy
1538179200;26.0;22.0;0.78;SSE;4.722222222222222;0.0;1013.68;0.0;Partly Cloudy
1538182800;26.0;22.0;0.78;SSE;4.166666666666667;0.0;1013.68;0.0;Mostly Cloudy
1538186400;26.0;22.0;0.78;SE;3.611111111111111;0.0;1012.68;0.0;Mostly Cloudy
1538190000;26.0;22.0;0.78;SE;4.722222222222222;0.0;1012.68;0.0;Fair
1538193600;26.0;22.0;0.78;SE;3.611111111111111;0.0;1011.68;0.0;Mostly Cloudy
1538197200;24.0;22.0;0.89;E;3.611111111111111;0.0;1011.68;0.0;Showers in the Vicinity
1538200800;23.0;22.0;0.94;SE;4.722222222222222;0.0;1011.68;0.0;Light Rain
1538204400;23.0;22.0;0.94;S;3.0555555555555554;0.0;1011.68;0.0;Mostly Cloudy
1538208000;23.0;22.0;0.94;S;1.9444444444444444;0.0;1011.68;0.0;Mostly Cloudy
1538211600;24.0;23.0;0.94;S;1.9444444444444444;0.0;1012.68;0.0;Fair
1538215200;26.0;22.0;0.78;SE;3.0555555555555554;0.0;1012.68;0.0;Mostly Cloudy
1538218800;25.0;22.0;0.83;ESE;5.277777777777778;0.0;1013.68;0.0;Mostly Cloudy
1538222400;26.0;23.0;0.83;SE;3.611111111111111;0.0;1013.68;0.0;Mostly Cloudy
1538226000;28.0;23.0;0.74;SE;3.611111111111111;0.0;1013.68;0.0;Partly Cloudy
1538229600;28.0;23.0;0.74;ESE;4.722222222222222;0.0;1013.68;0.0;Partly Cloudy
1538233200;28.0;23.0;0.74;E;5.277777777777778;0.0;1012.68;0.0;Mostly Cloudy
1538236800;28.0;23.0;0.74;SE;5.555555555555555;0.0;1011.68;0.0;Partly Cloudy
1538240400;28.0;23.0;0.74;SE;5.555555555555555;0.0;1010.68;0.0;Partly Cloudy
1538244000;28.0;22.0;0.7;ESE;4.166666666666667;0.0;1010.68;0.0;Mostly Cloudy
1538247600;27.0;22.0;0.74;SE;5.277777777777778;0.0;1010.68;0.0;Mostly Cloudy
1538251200;27.0;22.0;0.74;E;3.611111111111111;0.0;1010.68;0.0;Mostly Cloudy
1538254800;26.0;22.0;0.78;ESE;3.611111111111111;0.0;1011.68;0.0;Mostly Cloudy
1538258400;26.0;22.0;0.78;ESE;4.722222222222222;0.0;1011.68;0.0;Fair
1538262000;26.0;22.0;0.78;ESE;4.722222222222222;0.0;1012.68;0.0;Partly Cloudy
1538265600;26.0;22.0;0.78;E;3.611111111111111;0.0;1013.68;0.0;Partly Cloudy
1538269200;26.0;21.0;0.74;E;3.611111111111111;0.0;1012.68;0.0;Partly Cloudy
1538272800;25.0;21.0;0.78;E;3.0555555555555554;0.0;1012.68;0.0;Mostly Cloudy
1538276400;26.0;21.0;0.74;E;2.5;0.0;1012.68;0.0;Mostly Cloudy
1538280000;25.0;21.0;0.78;ESE;4.722222222222222;0.0;1011.68;0.0;Mostly Cloudy
1538283600;25.0;21.0;0.78;ESE;3.0555555555555554;0.0;1011.68;0.0;Mostly Cloudy
1538287200;25.0;22.0;0.83;ESE;2.5;0.0;1011.68;0.0;Mostly Cloudy
1538290800;25.0;21.0;0.78;E;4.722222222222222;0.0;1011.68;0.0;Mostly Cloudy
1538294400;25.0;21.0;0.78;ESE;3.611111111111111;0.0;1011.68;0.0;Partly Cloudy
1538298000;26.0;21.0;0.74;ESE;4.166666666666667;0.0;1012.68;0.0;Partly Cloudy
1538301600;27.0;21.0;0.7;ESE;3.611111111111111;0.0;1012.68;0.0;Partly Cloudy
1538305200;27.0;21.0;0.7;E;4.166666666666667;0.0;1013.68;0.0;Fair
1538308800;28.0;21.0;0.66;E;4.722222222222222;0.0;1013.68;0.0;Mostly Cloudy
1538312400;28.0;21.0;0.66;ESE;5.277777777777778;0.0;1013.68;0.0;Partly Cloudy
1538316000;28.0;21.0;0.66;ESE;5.277777777777778;0.0;1013.68;0.0;Partly Cloudy
1538319600;28.0;21.0;0.66;ESE;5.277777777777778;0.0;1012.68;0.0;Partly Cloudy
1538323200;28.0;21.0;0.66;ESE;4.722222222222222;0.0;1011.68;0.0;Partly Cloudy
1538326800;28.0;20.0;0.62;SE;5.555555555555555;0.0;1011.68;0.0;Partly Cloudy
1538330400;27.0;21.0;0.7;ESE;5.277777777777778;0.0;1011.68;0.0;Fair
1538334000;27.0;21.0;0.7;ESE;4.166666666666667;0.0;1011.68;0.0;Fair
1538337600;26.0;20.0;0.69;SE;4.166666666666667;0.0;1011.68;0.0;Partly Cloudy
1538341200;26.0;20.0;0.69;SE;3.0555555555555554;0.0;1012.68;0.0;Partly Cloudy
1538344800;26.0;20.0;0.69;SE;3.611111111111111;0.0;1012.68;0.0;Partly Cloudy
1538348400;26.0;20.0;0.69;SE;4.166666666666667;0.0;1013.68;0.0;Partly Cloudy
1538352000;25.0;21.0;0.78;SE;4.722222222222222;0.0;1013.68;0.0;Fair
1538355600;25.0;20.0;0.74;SE;4.722222222222222;0.0;1013.68;0.0;Partly Cloudy
1538359200;25.0;20.0;0.74;SE;4.166666666666667;0.0;1013.68;0.0;Partly Cloudy
1538362800;25.0;21.0;0.78;ESE;4.722222222222222;0.0;1012.68;0.0;Mostly Cloudy
1538366400;25.0;20.0;0.74;SE;4.166666666666667;0.0;1012.68;0.0;Partly Cloudy
1538370000;25.0;20.0;0.74;ESE;3.611111111111111;0.0;1011.68;0.0;Partly Cloudy
1538373600;25.0;19.0;0.69;ESE;3.611111111111111;0.0;1011.68;0.0;Partly Cloudy
1538377200;25.0;18.0;0.65;ESE;4.722222222222222;0.0;1011.68;0.0;Partly Cloudy
1538380800;25.0;19.0;0.69;ESE;4.166666666666667;0.0;1012.68;0.0;Partly Cloudy
1538384400;26.0;19.0;0.65;SE;4.722222222222222;0.0;1012.68;0.0;Partly Cloudy
1538388000;27.0;18.0;0.58;ESE;4.722222222222222;0.0;1013.68;0.0;Fair
1538391600;27.0;20.0;0.65;ESE;4.166666666666667;0.0;1013.68;0.0;Partly Cloudy
1538395200;28.0;20.0;0.62;ESE;4.722222222222222;0.0;1014.67;0.0;Partly Cloudy
1538398800;27.0;20.0;0.65;SE;5.277777777777778;0.0;1014.67;0.0;Partly Cloudy
1538402400;28.0;20.0;0.62;ESE;5.277777777777778;0.0;1013.68;0.0;Mostly Cloudy
1538406000;29.0;20.0;0.58;ESE;5.277777777777778;0.0;1012.68;0.0;Partly Cloudy
1538409600;28.0;20.0;0.62;SE;5.277777777777778;0.0;1012.68;0.0;Partly Cloudy
1538413200;28.0;20.0;0.62;ESE;6.111111111111111;0.0;1011.68;0.0;Partly Cloudy
1538416800;27.0;20.0;0.65;SE;6.666666666666666;0.0;1011.68;0.0;Mostly Cloudy
1538420400;27.0;19.0;0.61;SE;6.111111111111111;0.0;1011.68;0.0;Mostly Cloudy
1538424000;26.0;20.0;0.69;SE;6.666666666666666;0.0;1011.68;0.0;Mostly Cloudy
1538427600;26.0;20.0;0.69;SE;5.555555555555555;0.0;1011.68;0.0;Mostly Cloudy
1538431200;25.0;19.0;0.69;SE;4.722222222222222;0.0;1012.68;0.0;Partly Cloudy
1538434800;25.0;19.0;0.69;SE;5.555555555555555;0.0;1013.68;0.0;Partly Cloudy
1538438400;25.0;19.0;0.69;SE;5.277777777777778;0.0;1014.67;0.0;Partly Cloudy
1538442000;25.0;19.0;0.69;ESE;4.166666666666667;0.0;1014.67;0.0;Partly Cloudy
1538445600;25.0;20.0;0.74;SE;3.0555555555555554;0.0;1013.68;0.0;Fair
1538449200;25.0;19.0;0.69;SE;3.611111111111111;0.0;1013.68;0.0;Partly Cloudy
1538452800;25.0;20.0;0.74;SE;3.611111111111111;0.0;1012.68;0.0;Partly Cloudy
1538456400;25.0;20.0;0.74;SE;4.722222222222222;0.0;1012.68;0.0;Partly Cloudy
1538460000;24.0;20.0;0.78;SSW;1.6666666666666665;0.0;1012.68;0.0;Partly Cloudy
1538463600;24.0;19.0;0.73;SE;1.6666666666666665;0.0;1012.68;0.0;Partly Cloudy
1538467200;25.0;19.0;0.69;ESE;3.0555555555555554;0.0;1012.68;0.0;Partly Cloudy
1538470800;23.0;20.0;0.83;SW;2.5;0.0;1013.68;0.0;Partly Cloudy
1538474400;26.0;20.0;0.69;S;2.5;0.0;1014.67;0.0;Partly Cloudy
1538478000;27.0;20.0;0.65;SSE;4.166666666666667;0.0;1014.67;0.0;Partly Cloudy
1538481600;27.0;21.0;0.7;SE;4.166666666666667;0.0;1014.67;0.0;Mostly Cloudy
1538485200;28.0;21.0;0.66;ESE;4.166666666666667;0.0;1014.67;0.0;Mostly Cloudy
1538488800;27.0;20.0;0.65;ESE;4.166666666666667;0.0;1013.68;0.0;Mostly Cloudy
1538492400;27.0;21.0;0.7;ESE;4.722222222222222;0.0;1013.68;0.0;Showers in the Vicinity
1538496000;28.0;21.0;0.66;E;5.277777777777778;0.0;1011.68;0.0;Partly Cloudy
1538499600;27.0;21.0;0.7;SE;6.111111111111111;0.0;1011.68;0.0;Mostly Cloudy
1538503200;28.0;20.0;0.62;SE;4.166666666666667;0.0;1011.68;0.0;Partly Cloudy
1538506800;27.0;20.0;0.65;ESE;4.722222222222222;0.0;1011.68;0.0;Partly Cloudy
1538510400;26.0;20.0;0.69;SE;4.166666666666667;0.0;1011.68;0.0;Fair
1538514000;26.0;21.0;0.74;SE;3.611111111111111;0.0;1012.68;0.0;Fair
1538517600;25.0;21.0;0.78;SE;3.611111111111111;0.0;1012.68;0.0;Fair
1538521200;25.0;21.0;0.78;SE;3.611111111111111;0.0;1013.68;0.0;Fair
1538524800;25.0;21.0;0.78;SE;3.0555555555555554;0.0;1013.68;0.0;Fair
1538528400;26.0;21.0;0.74;ESE;3.611111111111111;0.0;1013.68;0.0;Partly Cloudy
1538532000;26.0;21.0;0.74;ESE;4.166666666666667;0.0;1012.68;0.0;Partly Cloudy
1538535600;25.0;21.0;0.78;SE;4.166666666666667;0.0;1011.68;0.0;Partly Cloudy
1538539200;25.0;22.0;0.83;SE;2.5;0.0;1011.68;0.0;Mostly Cloudy
1538542800;25.0;22.0;0.83;ESE;1.9444444444444444;0.0;1010.68;0.0;Mostly Cloudy
1538546400;25.0;22.0;0.83;ESE;2.5;0.0;1010.68;0.0;Mostly Cloudy
1538550000;25.0;22.0;0.83;ESE;3.0555555555555554;0.0;1011.68;0.0;Mostly Cloudy
1538553600;25.0;22.0;0.83;ESE;3.611111111111111;0.0;1011.68;0.0;Partly Cloudy
1538557200;25.0;22.0;0.83;ESE;3.611111111111111;0.0;1012.68;0.0;Partly Cloudy
1538560800;27.0;22.0;0.74;E;3.0555555555555554;0.0;1013.68;0.0;Partly Cloudy
1538564400;27.0;22.0;0.74;E;4.166666666666667;0.0;1014.67;0.0;Partly Cloudy
1538568000;27.0;22.0;0.74;ESE;4.166666666666667;0.0;1014.67;0.0;Mostly Cloudy
1538571600;28.0;22.0;0.7;E;4.722222222222222;0.0;1014.67;0.0;Mostly Cloudy
1538575200;28.0;22.0;0.7;E;4.166666666666667;0.0;1013.68;0.0;Mostly Cloudy
1538578800;28.0;21.0;0.66;E;4.166666666666667;0.0;1012.68;0.0;Partly Cloudy
1538582400;27.0;22.0;0.74;ESE;4.166666666666667;0.0;1011.68;0.0;Mostly Cloudy
1538586000;28.0;22.0;0.7;ESE;5.277777777777778;0.0;1011.68;0.0;Partly Cloudy
1538589600;26.0;22.0;0.78;SE;6.111111111111111;0.0;1011.68;0.0;Partly Cloudy
1538593200;26.0;21.0;0.74;SE;5.277777777777778;0.0;1011.68;0.0;Partly Cloudy
1538596800;26.0;22.0;0.78;SE;4.166666666666667;0.0;1011.68;0.0;Partly Cloudy
1538600400;26.0;22.0;0.78;SE;3.611111111111111;0.0;0.0;0.0;Mostly Cloudy
1538604000;26.0;22.0;0.78;ESE;5.555555555555555;0.0;1012.68;0.0;Mostly Cloudy
1538607600;26.0;22.0;0.78;ESE;5.277777777777778;0.0;1012.68;0.0;Mostly Cloudy
1538611200;26.0;22.0;0.78;ESE;4.166666666666667;0.0;1013.68;0.0;Mostly Cloudy
1538614800;26.0;22.0;0.78;E;4.166666666666667;0.0;1012.68;0.0;Mostly Cloudy
1538618400;26.0;22.0;0.78;E;4.166666666666667;0.0;1012.68;0.0;Mostly Cloudy
1538622000;25.0;21.0;0.78;ESE;5.277777777777778;0.0;1011.68;0.0;Mostly Cloudy
1538625600;25.0;22.0;0.83;E;3.0555555555555554;0.0;1011.68;0.0;Partly Cloudy
1538629200;25.0;22.0;0.83;E;2.5;0.0;1010.68;0.0;Partly Cloudy
1538632800;25.0;21.0;0.78;E;2.5;0.0;1011.68;0.0;Partly Cloudy
1538636400;25.0;22.0;0.83;E;3.0555555555555554;0.0;1011.68;0.0;Partly Cloudy
1538640000;26.0;21.0;0.74;E;3.0555555555555554;0.0;1012.68;0.0;Mostly Cloudy
1538643600;26.0;21.0;0.74;E;3.611111111111111;0.0;1013.68;0.0;Partly Cloudy
1538647200;26.0;21.0;0.74;E;4.722222222222222;0.0;1013.68;0.0;Mostly Cloudy
1538650800;28.0;21.0;0.66;E;4.722222222222222;0.0;1014.67;0.0;Partly Cloudy
1538654400;28.0;22.0;0.7;E;4.722222222222222;0.0;1014.67;0.0;Mostly Cloudy
1538658000;28.0;22.0;0.7;E;4.722222222222222;0.0;1014.67;0.0;Partly Cloudy
1538661600;28.0;22.0;0.7;ESE;5.277777777777778;0.0;1013.68;0.0;Partly Cloudy
1538665200;28.0;22.0;0.7;E;4.722222222222222;0.0;1012.68;0.0;Partly Cloudy
1538668800;28.0;22.0;0.7;E;4.722222222222222;0.0;1011.68;0.0;Partly Cloudy
1538672400;28.0;21.0;0.66;E;4.166666666666667;0.0;1010.68;0.0;Partly Cloudy
1538676000;27.0;22.0;0.74;ESE;5.277777777777778;0.0;1010.68;0.0;Partly Cloudy
1538679600;27.0;21.0;0.7;E;4.722222222222222;0.0;1010.68;0.0;Partly Cloudy
1538683200;26.0;21.0;0.74;E;4.166666666666667;0.0;1011.68;0.0;Partly Cloudy
1538686800;26.0;21.0;0.74;E;3.611111111111111;0.0;1011.68;0.0;Partly Cloudy
1538690400;26.0;21.0;0.74;E;4.166666666666667;0.0;1011.68;0.0;Mostly Cloudy
1538694000;26.0;21.0;0.74;ESE;3.0555555555555554;0.0;1012.68;0.0;Partly Cloudy
1538697600;26.0;21.0;0.74;ESE;4.166666666666667;0.0;1012.68;0.0;Partly Cloudy
1538701200;26.0;21.0;0.74;ESE;3.0555555555555554;0.0;1012.68;0.0;Mostly Cloudy
1538704800;26.0;21.0;0.74;E;3.0555555555555554;0.0;1012.68;0.0;Mostly Cloudy
1538708400;26.0;21.0;0.74;E;4.166666666666667;0.0;1011.68;0.0;Mostly Cloudy
1538712000;26.0;21.0;0.74;E;3.611111111111111;0.0;1010.68;0.0;Partly Cloudy
1538715600;25.0;21.0;0.78;ESE;3.0555555555555554;0.0;1010.68;0.0;Partly Cloudy
1538719200;25.0;21.0;0.78;ESE;3.611111111111111;0.0;1010.68;0.0;Partly Cloudy
1538722800;26.0;21.0;0.74;E;4.166666666666667;0.0;1011.68;0.0;Mostly Cloudy
1538726400;25.0;21.0;0.78;ESE;3.611111111111111;0.0;1011.68;0.0;Partly Cloudy
1538730000;26.0;21.0;0.74;E;3.0555555555555554;0.0;1011.68;0.0;Partly Cloudy
1538733600;26.0;21.0;0.74;ESE;3.611111111111111;0.0;1012.68;0.0;Mostly Cloudy
1538737200;27.0;21.0;0.7;E;4.166666666666667;0.0;1012.68;0.0;Mostly Cloudy
1538740800;27.0;21.0;0.7;E;4.166666666666667;0.0;1012.68;0.0;Partly Cloudy
1538744400;29.0;22.0;0.66;E;3.611111111111111;0.0;1012.68;0.0;Partly Cloudy
1538748000;28.0;22.0;0.7;E;4.722222222222222;0.0;1012.68;0.0;Partly Cloudy
1538751600;28.0;22.0;0.7;ESE;4.722222222222222;0.0;1011.68;0.0;Partly Cloudy
1538755200;28.0;22.0;0.7;E;4.722222222222222;0.0;1010.68;0.0;Partly Cloudy
1538758800;28.0;22.0;0.7;ESE;4.722222222222222;0.0;1010.68;0.0;Partly Cloudy
1538762400;27.0;21.0;0.7;E;4.722222222222222;0.0;1010.68;0.0;Partly Cloudy
1538766000;27.0;22.0;0.74;ESE;4.166666666666667;0.0;1010.68;0.0;Partly Cloudy
1538769600;27.0;22.0;0.74;ESE;4.166666666666667;0.0;1011.68;0.0;Partly Cloudy
1538773200;26.0;21.0;0.74;ESE;4.722222222222222;0.0;1011.68;0.0;Partly Cloudy
1538776800;26.0;21.0;0.74;ESE;3.611111111111111;0.0;1012.68;0.0;Partly Cloudy
1538780400;26.0;20.0;0.69;E;4.166666666666667;0.0;1012.68;0.0;Mostly Cloudy
1538784000;26.0;21.0;0.74;ESE;4.166666666666667;0.0;1013.68;0.0;Partly Cloudy
1538787600;26.0;21.0;0.74;SE;5.555555555555555;0.0;1013.68;0.0;Partly Cloudy
1538791200;26.0;21.0;0.74;ESE;5.277777777777778;0.0;1012.68;0.0;Fair
1538881200;25.0;22.0;0.83;SE;3.611111111111111;0.0;1012.68;0.0;Mostly Cloudy
1538884800;25.0;22.0;0.83;SE;5.555555555555555;0.0;1011.68;0.0;Mostly Cloudy
1538888400;25.0;22.0;0.83;SE;5.555555555555555;0.0;1011.68;0.0;Partly Cloudy
1538892000;26.0;22.0;0.78;SE;5.277777777777778;0.0;1011.68;0.0;Mostly Cloudy
1538895600;26.0;22.0;0.78;SE;5.277777777777778;0.0;1012.68;0.0;Partly Cloudy
1538899200;26.0;22.0;0.78;SE;5.555555555555555;0.0;1013.68;0.0;Partly Cloudy
1538902800;25.0;22.0;0.83;SE;5.277777777777778;0.0;1013.68;0.0;Partly Cloudy
1538906400;26.0;22.0;0.78;SE;6.111111111111111;0.0;1014.67;0.0;Mostly Cloudy
1538910000;27.0;23.0;0.79;SE;6.666666666666666;0.0;1015.67;0.0;Mostly Cloudy
1538913600;27.0;22.0;0.74;SE;7.222222222222222;0.0;0.0;0.0;Showers in the Vicinity
1538917200;26.0;22.0;0.78;SE;7.777777777777778;0.0;1015.67;0.0;Mostly Cloudy
1538920800;27.0;23.0;0.79;SE;5.277777777777778;0.0;1015.67;0.0;Showers in the Vicinity
1538924400;28.0;23.0;0.74;SE;5.555555555555555;0.0;1014.67;0.0;Mostly Cloudy
1538928000;28.0;22.0;0.7;SE;6.111111111111111;0.0;1013.68;0.0;Mostly Cloudy
1538931600;28.0;22.0;0.7;SE;6.111111111111111;0.0;1012.68;0.0;Mostly Cloudy
1538935200;27.0;21.0;0.7;SE;7.222222222222222;0.0;1012.68;0.0;Mostly Cloudy
1538938800;27.0;22.0;0.74;SE;5.277777777777778;0.0;1012.68;0.0;Mostly Cloudy
1538942400;27.0;22.0;0.74;SE;4.722222222222222;0.0;1012.68;0.0;Mostly Cloudy
1538946000;26.0;22.0;0.78;SE;5.277777777777778;0.0;1012.68;0.0;Mostly Cloudy
1538949600;26.0;21.0;0.74;SE;5.277777777777778;0.0;1013.68;0.0;Partly Cloudy
1538953200;26.0;21.0;0.74;SE;6.111111111111111;0.0;1013.68;0.0;Mostly Cloudy
1538956800;26.0;21.0;0.74;SE;6.111111111111111;0.0;1014.67;0.0;Partly Cloudy
1538960400;26.0;21.0;0.74;SE;3.611111111111111;0.0;1014.67;0.0;Partly Cloudy
1538964000;26.0;21.0;0.74;ESE;3.611111111111111;0.0;1014.67;0.0;Mostly Cloudy
1538967600;25.0;21.0;0.78;ESE;4.166666666666667;0.0;1013.68;0.0;Mostly Cloudy
1538971200;25.0;21.0;0.78;SE;4.166666666666667;0.0;1013.68;0.0;Mostly Cloudy
1538974800;25.0;20.0;0.74;ESE;3.611111111111111;0.0;1012.68;0.0;Mostly Cloudy
1538978400;25.0;21.0;0.78;SE;4.166666666666667;0.0;1012.68;0.0;Partly Cloudy
1538982000;25.0;21.0;0.78;ESE;4.722222222222222;0.0;1012.68;0.0;Partly Cloudy
1538985600;25.0;21.0;0.78;ESE;4.722222222222222;0.0;1013.68;0.0;Partly Cloudy
1538989200;25.0;21.0;0.78;SE;5.277777777777778;0.0;1013.68;0.0;Partly Cloudy
1538992800;26.0;21.0;0.74;ESE;5.555555555555555;0.0;1014.67;0.0;Partly Cloudy
1538996400;27.0;21.0;0.7;ESE;6.111111111111111;0.0;1015.67;0.0;Partly Cloudy
1539000000;28.0;21.0;0.66;SE;6.111111111111111;0.0;1015.67;0.0;Partly Cloudy
1539003600;28.0;22.0;0.7;SE;7.222222222222222;0.0;1015.67;0.0;Partly Cloudy
1539007200;28.0;21.0;0.66;SSE;6.111111111111111;0.0;1015.67;0.0;Partly Cloudy
1539010800;28.0;21.0;0.66;SSE;8.333333333333334;0.0;1014.67;0.0;Mostly Cloudy
1539011580;24.0;20.0;0.78;SE;8.333333333333334;15.0;1014.67;0.0;Mostly Cloudy
1539014400;24.0;20.0;0.78;SE;7.222222222222222;0.0;1014.67;0.0;Partly Cloudy
1539018000;26.0;20.0;0.69;SSE;5.555555555555555;0.0;1013.68;0.0;Partly Cloudy
1539021600;27.0;21.0;0.7;S;6.111111111111111;0.0;1012.68;0.0;Fair
1539025200;27.0;21.0;0.7;SSE;6.111111111111111;0.0;1012.68;0.0;Fair
1539028800;26.0;20.0;0.69;SSE;5.555555555555555;0.0;1012.68;0.0;Fair
1539032400;26.0;19.0;0.65;SE;6.666666666666666;0.0;1013.68;0.0;Fair
1539036000;26.0;20.0;0.69;SE;5.277777777777778;0.0;1013.68;0.0;Fair
1539039600;26.0;21.0;0.74;SE;5.555555555555555;0.0;1014.67;0.0;Fair
1539043200;26.0;21.0;0.74;SE;5.277777777777778;0.0;1014.67;0.0;Fair
1539046800;26.0;21.0;0.74;SE;5.277777777777778;0.0;1014.67;0.0;Partly Cloudy
1539050400;26.0;21.0;0.74;SE;5.277777777777778;0.0;1014.67;0.0;Partly Cloudy
1539054000;25.0;21.0;0.78;SE;6.111111111111111;0.0;1013.68;0.0;Partly Cloudy
1539057600;25.0;21.0;0.78;SE;5.277777777777778;0.0;1012.68;0.0;Partly Cloudy
1539061200;25.0;21.0;0.78;SE;4.166666666666667;0.0;1012.68;0.0;Partly Cloudy
1539064800;25.0;21.0;0.78;SE;4.722222222222222;0.0;1012.68;0.0;Partly Cloudy
1539068400;25.0;21.0;0.78;SE;5.277777777777778;0.0;1012.68;0.0;Partly Cloudy
1539072000;25.0;20.0;0.74;SE;6.111111111111111;0.0;1012.68;0.0;Partly Cloudy
1539075600;26.0;20.0;0.69;SE;4.722222222222222;0.0;1013.68;0.0;Partly Cloudy
1539079200;26.0;21.0;0.74;SSE;6.111111111111111;0.0;1014.67;0.0;Partly Cloudy
1539082800;27.0;21.0;0.7;SE;5.555555555555555;0.0;1015.67;0.0;Mostly Cloudy
1539086400;27.0;21.0;0.7;SE;6.666666666666666;0.0;1015.67;0.0;Mostly Cloudy
1539090000;29.0;21.0;0.62;SE;7.222222222222222;0.0;1015.67;0.0;Partly Cloudy
1539093600;28.0;22.0;0.7;SE;7.777777777777778;0.0;1014.67;0.0;Partly Cloudy
1539097200;25.0;21.0;0.78;SE;8.333333333333334;0.0;1014.67;0.0;Mostly Cloudy
1539100800;27.0;22.0;0.74;SE;5.277777777777778;0.0;1013.68;0.0;Partly Cloudy
1539104400;27.0;0.0;0.0;SSE;7.222222222222222;0.0;1012.68;0.0;Partly Cloudy
1539108000;27.0;21.0;0.7;SSE;7.222222222222222;0.0;1011.68;0.0;Partly Cloudy
1539111600;27.0;21.0;0.7;SSE;7.222222222222222;0.0;1011.68;0.0;Partly Cloudy
1539115200;26.0;21.0;0.74;SSE;6.111111111111111;0.0;1011.68;0.0;Partly Cloudy
1539118800;26.0;21.0;0.74;SSE;5.277777777777778;0.0;1011.68;0.0;Partly Cloudy
1539122400;26.0;21.0;0.74;SSE;6.111111111111111;0.0;1012.68;0.0;Partly Cloudy
1539126000;26.0;21.0;0.74;SSE;5.277777777777778;0.0;1012.68;0.0;Partly Cloudy
1539129600;25.0;20.0;0.74;SE;5.277777777777778;0.0;1013.68;0.0;Partly Cloudy
1539133200;25.0;20.0;0.74;SE;4.166666666666667;0.0;1013.68;0.0;Fair
1539136800;26.0;21.0;0.74;SE;3.611111111111111;0.0;1012.68;0.0;Fair
1539140400;25.0;20.0;0.74;SE;5.277777777777778;0.0;1011.68;0.0;Fair
1539144000;25.0;21.0;0.78;SE;3.611111111111111;0.0;1011.68;0.0;Partly Cloudy
1539147600;25.0;21.0;0.78;SE;4.722222222222222;0.0;1011.68;0.0;Partly Cloudy
1539151200;25.0;21.0;0.78;SE;4.166666666666667;0.0;1011.68;0.0;Partly Cloudy
1539154800;25.0;21.0;0.78;SE;3.611111111111111;0.0;1011.68;0.0;Fair
1539158400;25.0;21.0;0.78;SE;3.611111111111111;0.0;1011.68;0.0;Partly Cloudy
1539162000;26.0;21.0;0.74;SE;4.722222222222222;0.0;1012.68;0.0;Partly Cloudy
1539165600;26.0;21.0;0.74;ESE;6.111111111111111;0.0;1012.68;0.0;Partly Cloudy
1539169200;28.0;21.0;0.66;SE;5.277777777777778;0.0;1013.68;0.0;Partly Cloudy
1539172800;28.0;21.0;0.66;ESE;6.666666666666666;0.0;1013.68;0.0;Partly Cloudy
1539176400;28.0;22.0;0.7;ESE;6.111111111111111;0.0;1013.68;0.0;Mostly Cloudy
1539180000;28.0;21.0;0.66;ESE;5.277777777777778;0.0;1013.68;0.0;Fair
1539183600;29.0;21.0;0.62;ESE;6.111111111111111;0.0;1012.68;0.0;Partly Cloudy
1539187200;29.0;21.0;0.62;SE;6.111111111111111;0.0;1011.68;0.0;Partly Cloudy
1539190800;28.0;21.0;0.66;ESE;3.611111111111111;0.0;1010.68;0.0;Fair
1539194400;28.0;21.0;0.66;ESE;5.555555555555555;0.0;1010.68;0.0;Fair
1539198000;27.0;20.0;0.65;ESE;5.555555555555555;0.0;1010.68;0.0;Partly Cloudy
1539201600;26.0;21.0;0.74;SE;5.555555555555555;0.0;1011.68;0.0;Partly Cloudy
1539205200;26.0;21.0;0.74;SE;5.277777777777778;0.0;1011.68;0.0;Mostly Cloudy
1539208800;26.0;21.0;0.74;SE;5.555555555555555;0.0;1012.68;0.0;Mostly Cloudy
1539212400;26.0;21.0;0.74;ESE;4.722222222222222;0.0;1012.68;0.0;Partly Cloudy
1539216000;26.0;22.0;0.78;SE;4.722222222222222;0.0;1013.68;0.0;Mostly Cloudy
1539219600;26.0;21.0;0.74;ESE;4.722222222222222;0.0;1013.68;0.0;Partly Cloudy
1539223200;26.0;21.0;0.74;ESE;4.166666666666667;0.0;1013.68;0.0;Partly Cloudy
1539226800;26.0;21.0;0.74;ESE;3.611111111111111;0.0;1013.68;0.0;Partly Cloudy
1539230400;25.0;21.0;0.78;ESE;5.277777777777778;0.0;1012.68;0.0;Mostly Cloudy
1539234000;25.0;19.0;0.69;ESE;3.611111111111111;0.0;1011.68;0.0;Partly Cloudy
1539237600;26.0;21.0;0.74;ESE;3.0555555555555554;0.0;1011.68;0.0;Partly Cloudy
1539241200;25.0;20.0;0.74;E;6.666666666666666;0.0;1011.68;0.0;Mostly Cloudy
1539244800;25.0;21.0;0.78;E;3.611111111111111;0.0;1012.68;0.0;Fair
1539248400;26.0;21.0;0.74;ESE;3.611111111111111;0.0;1012.68;0.0;Fair
1539252000;26.0;21.0;0.74;ESE;3.0555555555555554;0.0;1013.68;0.0;Fair
1539255600;27.0;21.0;0.7;E;4.166666666666667;0.0;1014.67;0.0;Mostly Cloudy
1539259200;28.0;21.0;0.66;SE;4.722222222222222;0.0;1014.67;0.0;Mostly Cloudy
1539262800;28.0;21.0;0.66;E;4.722222222222222;0.0;1014.67;0.0;Mostly Cloudy
1539266400;29.0;22.0;0.66;ESE;5.277777777777778;0.0;1013.68;0.0;Mostly Cloudy
1539270000;28.0;21.0;0.66;SE;5.555555555555555;0.0;1012.68;0.0;Mostly Cloudy
1539273600;28.0;20.0;0.62;ESE;5.277777777777778;0.0;1011.68;0.0;Mostly Cloudy
1539277200;29.0;21.0;0.62;SE;5.277777777777778;0.0;1011.68;0.0;Partly Cloudy
1539280800;28.0;21.0;0.66;SE;5.555555555555555;0.0;1010.68;0.0;Partly Cloudy
1539284400;27.0;21.0;0.7;ESE;5.555555555555555;0.0;1011.68;0.0;Partly Cloudy
1539288000;26.0;21.0;0.74;SE;5.277777777777778;0.0;1011.68;0.0;Mostly Cloudy
1539291600;26.0;21.0;0.74;SE;5.277777777777778;0.0;1011.68;0.0;Partly Cloudy
1539295200;26.0;21.0;0.74;SE;6.111111111111111;0.0;1012.68;0.0;Fair
1539298800;26.0;21.0;0.74;ESE;4.722222222222222;0.0;1013.68;0.0;Partly Cloudy
1539302400;26.0;21.0;0.74;SE;4.722222222222222;0.0;1014.67;0.0;Partly Cloudy
1539306000;26.0;21.0;0.74;SE;5.277777777777778;0.0;1014.67;0.0;Partly Cloudy
1539309600;26.0;21.0;0.74;ESE;4.166666666666667;0.0;1014.67;0.0;Partly Cloudy
1539313200;26.0;20.0;0.69;SE;6.111111111111111;0.0;1013.68;0.0;Mostly Cloudy
1539316800;25.0;20.0;0.74;ESE;4.722222222222222;0.0;1012.68;0.0;Partly Cloudy
1539320400;25.0;20.0;0.74;ESE;3.611111111111111;0.0;1012.68;0.0;Partly Cloudy
1539324000;25.0;20.0;0.74;ESE;3.0555555555555554;0.0;1012.68;0.0;Partly Cloudy
1539327600;25.0;20.0;0.74;ESE;3.611111111111111;0.0;1012.68;0.0;Partly Cloudy
1539331200;25.0;20.0;0.74;SE;4.166666666666667;0.0;1012.68;0.0;Partly Cloudy
1539334800;25.0;20.0;0.74;ESE;3.0555555555555554;0.0;1013.68;0.0;Partly Cloudy
1539338400;27.0;21.0;0.7;ESE;4.166666666666667;0.0;1013.68;0.0;Fair
1539342000;27.0;20.0;0.65;E;4.166666666666667;0.0;1014.67;0.0;Fair
1539345600;28.0;21.0;0.66;E;4.166666666666667;0.0;1014.67;0.0;Partly Cloudy
1539349200;28.0;21.0;0.66;E;4.166666666666667;0.0;1014.67;0.0;Partly Cloudy
1539352800;28.0;21.0;0.66;SE;4.722222222222222;0.0;1014.67;0.0;Fair
1539356400;28.0;20.0;0.62;ESE;3.611111111111111;0.0;1013.68;0.0;Fair
1539360000;28.0;21.0;0.66;ESE;4.166666666666667;0.0;1012.68;0.0;Partly Cloudy
1539363600;28.0;21.0;0.66;SE;4.722222222222222;0.0;1012.68;0.0;Partly Cloudy
1539367200;28.0;21.0;0.66;ESE;3.0555555555555554;0.0;1012.68;0.0;Mostly Cloudy
1539370800;27.0;21.0;0.7;ESE;4.166666666666667;0.0;1012.68;0.0;Partly Cloudy
1539374400;27.0;21.0;0.7;ESE;4.722222222222222;0.0;1012.68;0.0;Partly Cloudy
1539378000;26.0;21.0;0.74;ESE;4.166666666666667;0.0;1013.68;0.0;Partly Cloudy
1539381600;26.0;22.0;0.78;ESE;3.611111111111111;0.0;1013.68;0.0;Mostly Cloudy
1539385200;26.0;21.0;0.74;ESE;4.722222222222222;0.0;1014.67;0.0;Mostly Cloudy
1539388800;26.0;21.0;0.74;SE;3.611111111111111;0.0;1014.67;0.0;Partly Cloudy
1539392400;26.0;22.0;0.78;SE;3.611111111111111;0.0;1015.67;0.0;Partly Cloudy
1539396000;26.0;22.0;0.78;SE;4.166666666666667;0.0;1014.67;0.0;Mostly Cloudy
1539399600;26.0;21.0;0.74;ESE;4.722222222222222;0.0;1013.68;0.0;Mostly Cloudy
1539403200;25.0;22.0;0.83;SE;3.611111111111111;0.0;1013.68;0.0;Mostly Cloudy
1539406800;25.0;22.0;0.83;ESE;3.611111111111111;0.0;1012.68;0.0;Partly Cloudy
1539410400;25.0;22.0;0.83;ESE;4.166666666666667;0.0;1012.68;0.0;Partly Cloudy
1539414000;25.0;22.0;0.83;SE;4.166666666666667;0.0;1012.68;0.0;Mostly Cloudy
1539417600;25.0;22.0;0.83;SE;3.0555555555555554;0.0;1012.68;0.0;Partly Cloudy
1539421200;25.0;22.0;0.83;ESE;4.166666666666667;0.0;1013.68;0.0;Showers in the Vicinity
1539424800;26.0;22.0;0.78;ESE;2.5;0.0;1013.68;0.0;Mostly Cloudy
1539428400;27.0;22.0;0.74;ESE;4.166666666666667;0.0;1014.67;0.0;Partly Cloudy
1539432000;27.0;21.0;0.7;ESE;5.277777777777778;0.0;1014.67;0.0;Mostly Cloudy
1539435600;28.0;22.0;0.7;E;4.722222222222222;0.0;1014.67;0.0;Partly Cloudy
1539439200;29.0;22.0;0.66;ESE;5.555555555555555;0.0;1012.68;0.0;Partly Cloudy
1539442800;28.0;22.0;0.7;ESE;5.555555555555555;0.0;1013.68;0.0;Partly Cloudy
1539446400;29.0;22.0;0.66;E;5.277777777777778;0.0;1012.68;0.0;Partly Cloudy
1539450000;26.0;22.0;0.78;E;6.111111111111111;0.0;0.0;0.0;Light Rain Shower
1539453600;27.0;23.0;0.79;E;5.555555555555555;0.0;1011.68;0.0;Partly Cloudy
1539457200;27.0;21.0;0.7;E;5.277777777777778;0.0;1011.68;0.0;Partly Cloudy
1539460800;27.0;21.0;0.7;E;4.166666666666667;0.0;1012.68;0.0;Partly Cloudy
1539464400;27.0;21.0;0.7;E;3.611111111111111;0.0;1012.68;0.0;Partly Cloudy
1539468000;25.0;22.0;0.83;E;4.166666666666667;0.0;1013.68;0.0;Partly Cloudy
1539471600;26.0;22.0;0.78;ESE;4.166666666666667;0.0;1013.68;0.0;Partly Cloudy
1539475200;26.0;21.0;0.74;E;4.166666666666667;0.0;1013.68;0.0;Fair
1539478800;26.0;21.0;0.74;E;3.0555555555555554;0.0;1013.68;0.0;Partly Cloudy
1539482400;26.0;21.0;0.74;E;3.0555555555555554;0.0;1013.68;0.0;Partly Cloudy
1539486000;26.0;21.0;0.74;E;3.0555555555555554;0.0;1012.68;0.0;Partly Cloudy
1539489600;26.0;21.0;0.74;E;2.5;0.0;1012.68;0.0;Partly Cloudy
1539493200;25.0;21.0;0.78;E;3.0555555555555554;0.0;1011.68;0.0;Partly Cloudy
1539496800;25.0;21.0;0.78;E;3.0555555555555554;0.0;1010.68;0.0;Partly Cloudy
1539500400;25.0;20.0;0.74;ENE;3.0555555555555554;0.0;1010.68;0.0;Partly Cloudy
1539504000;25.0;21.0;0.78;ENE;1.9444444444444444;0.0;1011.68;0.0;Partly Cloudy
1539507600;26.0;21.0;0.74;ENE;1.6666666666666665;0.0;1011.68;0.0;Partly Cloudy
1539511200;26.0;21.0;0.74;ENE;2.5;0.0;1012.68;0.0;Partly Cloudy
1539514800;27.0;21.0;0.7;ENE;3.611111111111111;0.0;1012.68;0.0;Mostly Cloudy
1539518400;27.0;22.0;0.74;E;4.166666666666667;0.0;1012.68;0.0;Mostly Cloudy
1539522000;27.0;21.0;0.7;E;4.166666666666667;0.0;1012.68;0.0;Partly Cloudy
1539525600;27.0;22.0;0.74;E;4.166666666666667;0.0;1012.68;0.0;Partly Cloudy
1539529200;28.0;22.0;0.7;E;4.722222222222222;0.0;1011.68;0.0;Partly Cloudy
1539532800;28.0;22.0;0.7;E;4.166666666666667;0.0;1010.68;0.0;Partly Cloudy
1539536400;27.0;22.0;0.74;E;4.166666666666667;0.0;1009.68;0.0;Partly Cloudy
1539540000;28.0;22.0;0.7;E;4.166666666666667;0.0;1009.68;0.0;Partly Cloudy
1539543600;27.0;22.0;0.74;E;4.722222222222222;0.0;1009.68;0.0;Mostly Cloudy
1539547200;27.0;21.0;0.7;E;4.166666666666667;0.0;1009.68;0.0;Mostly Cloudy
1539550800;26.0;21.0;0.74;NE;3.0555555555555554;0.0;1010.68;0.0;Partly Cloudy
1539554400;26.0;21.0;0.74;ENE;3.0555555555555554;0.0;1010.68;0.0;Mostly Cloudy
1539558000;26.0;21.0;0.74;ENE;3.0555555555555554;0.0;1010.68;0.0;Partly Cloudy
1539561600;26.0;21.0;0.74;NE;3.0555555555555554;0.0;1011.68;0.0;Fair
1539565200;26.0;21.0;0.74;ENE;3.611111111111111;0.0;1011.68;0.0;Partly Cloudy
1539568800;26.0;21.0;0.74;NE;3.0555555555555554;0.0;1011.68;0.0;Partly Cloudy
1539572400;26.0;21.0;0.74;ENE;2.5;0.0;1010.68;0.0;Partly Cloudy
1539576000;26.0;21.0;0.74;NNE;2.5;0.0;1010.68;0.0;Mostly Cloudy
1539579600;25.0;21.0;0.78;N;1.9444444444444444;0.0;1009.68;0.0;Mostly Cloudy
1539583200;24.0;21.0;0.83;NW;1.9444444444444444;0.0;1010.68;0.0;Mostly Cloudy
1539586800;24.0;21.0;0.83;WNW;1.6666666666666665;0.0;1010.68;0.0;Partly Cloudy
1539590400;24.0;22.0;0.89;NW;2.5;0.0;1010.68;0.0;Partly Cloudy
1539594000;24.0;22.0;0.89;NW;1.9444444444444444;0.0;1011.68;0.0;Mostly Cloudy
1539597600;25.0;22.0;0.83;NW;2.5;0.0;1011.68;0.0;Partly Cloudy
1539601200;26.0;23.0;0.83;VAR;1.9444444444444444;0.0;1012.68;0.0;Mostly Cloudy
1539604800;27.0;22.0;0.74;NE;4.722222222222222;0.0;1011.68;0.0;Mostly Cloudy
1539608400;27.0;23.0;0.79;ENE;4.722222222222222;0.0;0.0;0.0;Mostly Cloudy
1539612000;28.0;22.0;0.7;ENE;4.722222222222222;0.0;1010.68;0.0;Mostly Cloudy
1539615600;28.0;22.0;0.7;ENE;4.722222222222222;0.0;1010.68;0.0;Mostly Cloudy
1539619200;28.0;23.0;0.74;NE;4.722222222222222;0.0;1009.68;0.0;Mostly Cloudy
1539622800;28.0;22.0;0.7;ENE;5.555555555555555;0.0;1008.68;0.0;Partly Cloudy
1539626400;28.0;22.0;0.7;ENE;5.277777777777778;0.0;1008.68;0.0;Partly Cloudy
1539630000;27.0;22.0;0.74;ENE;4.722222222222222;0.0;1008.68;0.0;Partly Cloudy
1539633600;27.0;22.0;0.74;NE;4.166666666666667;0.0;1008.68;0.0;Partly Cloudy
1539637200;27.0;22.0;0.74;ENE;3.611111111111111;0.0;1009.68;0.0;Partly Cloudy
1539640800;26.0;22.0;0.78;ENE;3.611111111111111;0.0;1009.68;0.0;Mostly Cloudy
1539644400;26.0;22.0;0.78;ENE;4.166666666666667;0.0;1010.68;0.0;Mostly Cloudy
1539648000;26.0;22.0;0.78;NE;3.611111111111111;0.0;1010.68;0.0;Mostly Cloudy
1539651600;26.0;22.0;0.78;NE;4.166666666666667;0.0;1010.68;0.0;Mostly Cloudy
1539655200;26.0;22.0;0.78;NE;4.166666666666667;0.0;1010.68;0.0;Mostly Cloudy
1539745200;26.0;22.0;0.78;NE;1.9444444444444444;0.0;1010.68;0.0;Partly Cloudy
1539748800;26.0;22.0;0.78;NNE;4.166666666666667;0.0;1010.68;0.0;Partly Cloudy
1539752400;25.0;22.0;0.83;NE;1.6666666666666665;0.0;1009.68;0.0;Partly Cloudy
1539756000;25.0;22.0;0.83;N;1.9444444444444444;0.0;1009.68;0.0;Partly Cloudy
1539759600;24.0;22.0;0.89;NNW;1.1111111111111112;0.0;1009.68;0.0;Partly Cloudy
1539763200;25.0;23.0;0.89;NNE;1.9444444444444444;0.0;1010.68;0.0;Mostly Cloudy
1539766800;26.0;22.0;0.78;NE;2.5;0.0;1011.68;0.0;Mostly Cloudy
1539770400;26.0;23.0;0.83;NE;3.0555555555555554;0.0;1011.68;0.0;Partly Cloudy
1539774000;28.0;23.0;0.74;ENE;4.722222222222222;0.0;1012.68;0.0;Partly Cloudy
1539777600;28.0;23.0;0.74;E;4.166666666666667;0.0;1012.68;0.0;Partly Cloudy
1539781200;29.0;23.0;0.7;ENE;4.166666666666667;0.0;1012.68;0.0;Mostly Cloudy
1539784800;28.0;23.0;0.74;E;4.722222222222222;0.0;1012.68;0.0;Mostly Cloudy
1539788400;28.0;22.0;0.7;E;4.722222222222222;0.0;1012.68;0.0;Mostly Cloudy
1539792000;28.0;23.0;0.74;E;6.111111111111111;0.0;1011.68;0.0;Mostly Cloudy
1539795600;28.0;22.0;0.7;E;5.277777777777778;0.0;1010.68;0.0;Mostly Cloudy
1539799200;28.0;22.0;0.7;ENE;5.555555555555555;0.0;1010.68;0.0;Partly Cloudy
1539802800;27.0;22.0;0.74;ENE;4.166666666666667;0.0;1010.68;0.0;Fair
1539806400;27.0;22.0;0.74;E;3.611111111111111;0.0;1011.68;0.0;Partly Cloudy
1539810000;27.0;22.0;0.74;E;4.166666666666667;0.0;1011.68;0.0;Mostly Cloudy
1539813600;26.0;23.0;0.83;E;3.0555555555555554;0.0;1011.68;0.0;Partly Cloudy
1539817200;26.0;22.0;0.78;E;4.166666666666667;0.0;1012.68;0.0;Partly Cloudy
1539820800;26.0;23.0;0.83;E;4.166666666666667;0.0;1013.68;0.0;Partly Cloudy
1539824400;26.0;22.0;0.78;E;3.611111111111111;0.0;1013.68;0.0;Mostly Cloudy
1539828000;26.0;22.0;0.78;ENE;4.166666666666667;0.0;1012.68;0.0;Mostly Cloudy
1539831600;26.0;22.0;0.78;E;4.166666666666667;0.0;1011.68;0.0;Mostly Cloudy
1539835200;26.0;22.0;0.78;ENE;3.0555555555555554;0.0;1011.68;0.0;Partly Cloudy
1539838800;26.0;21.0;0.74;ENE;3.0555555555555554;0.0;1010.68;0.0;Partly Cloudy
1539842400;26.0;21.0;0.74;E;3.0555555555555554;0.0;1010.68;0.0;Fair
1539846000;26.0;21.0;0.74;E;2.5;0.0;1011.68;0.0;Partly Cloudy
1539849600;25.0;21.0;0.78;ENE;1.9444444444444444;0.0;1011.68;0.0;Partly Cloudy
1539853200;26.0;21.0;0.74;ENE;1.9444444444444444;0.0;1012.68;0.0;Partly Cloudy
1539856800;26.0;22.0;0.78;ENE;3.0555555555555554;0.0;1012.68;0.0;Mostly Cloudy
1539860400;27.0;21.0;0.7;ENE;3.611111111111111;0.0;1013.68;0.0;Partly Cloudy
1539864000;28.0;21.0;0.66;ENE;3.611111111111111;0.0;1013.68;0.0;Partly Cloudy
1539867600;29.0;22.0;0.66;ENE;3.611111111111111;0.0;1012.68;0.0;Partly Cloudy
1539871200;28.0;21.0;0.66;E;4.722222222222222;0.0;1012.68;0.0;Partly Cloudy
1539874800;28.0;22.0;0.7;ESE;4.166666666666667;0.0;1010.68;0.0;Partly Cloudy
1539878400;29.0;22.0;0.66;E;4.166666666666667;0.0;1010.68;0.0;Partly Cloudy
1539882000;28.0;22.0;0.7;ESE;4.722222222222222;0.0;1009.68;0.0;Partly Cloudy
1539885600;27.0;22.0;0.74;E;4.722222222222222;0.0;1008.68;0.0;Partly Cloudy
1539889200;27.0;21.0;0.7;E;4.166666666666667;0.0;1009.68;0.0;Partly Cloudy
1539892800;27.0;22.0;0.74;E;3.0555555555555554;0.0;1009.68;0.0;Partly Cloudy
1539896400;26.0;22.0;0.78;E;3.0555555555555554;0.0;1010.68;0.0;Partly Cloudy
1539900000;26.0;22.0;0.78;E;3.611111111111111;0.0;1010.68;0.0;Partly Cloudy
1539903600;26.0;21.0;0.74;E;4.166666666666667;0.0;1010.68;0.0;Fair
1539907200;26.0;22.0;0.78;E;3.611111111111111;0.0;1010.68;0.0;Fair
1539910800;26.0;22.0;0.78;E;3.611111111111111;0.0;1010.68;0.0;Mostly Cloudy
1539914400;26.0;22.0;0.78;E;3.611111111111111;0.0;1010.68;0.0;Partly Cloudy
1539918000;26.0;21.0;0.74;E;4.722222222222222;0.0;1009.68;0.0;Mostly Cloudy
1539921600;26.0;21.0;0.74;E;3.611111111111111;0.0;1008.68;0.0;Partly Cloudy
1539925200;26.0;21.0;0.74;E;3.611111111111111;0.0;1008.68;0.0;Partly Cloudy
1539928800;25.0;21.0;0.78;E;2.5;0.0;1008.68;0.0;Partly Cloudy
1539932400;26.0;21.0;0.74;ENE;3.0555555555555554;0.0;1008.68;0.0;Partly Cloudy
1539936000;25.0;21.0;0.78;ENE;3.0555555555555554;0.0;1009.68;0.0;Partly Cloudy
1539939600;26.0;21.0;0.74;E;2.5;0.0;1009.68;0.0;Partly Cloudy
1539943200;27.0;22.0;0.74;E;3.611111111111111;0.0;1010.68;0.0;Partly Cloudy
1539946800;28.0;21.0;0.66;E;4.166666666666667;0.0;1011.68;0.0;Partly Cloudy
1539950400;29.0;22.0;0.66;ESE;4.166666666666667;0.0;1011.68;0.0;Partly Cloudy
1539954000;28.0;18.0;0.54;E;4.166666666666667;0.0;1011.68;0.0;Partly Cloudy
1539957600;28.0;21.0;0.66;E;3.611111111111111;0.0;1010.68;0.0;Partly Cloudy
1539961200;29.0;22.0;0.66;E;4.166666666666667;0.0;1009.68;0.0;Partly Cloudy
1539964800;28.0;22.0;0.7;E;4.722222222222222;0.0;1009.68;0.0;Partly Cloudy
1539968400;28.0;22.0;0.7;E;4.166666666666667;0.0;1008.68;0.0;Partly Cloudy
1539972000;28.0;21.0;0.66;E;4.166666666666667;0.0;1008.68;0.0;Fair
1539975600;28.0;21.0;0.66;E;3.611111111111111;0.0;1008.68;0.0;Partly Cloudy
1539979200;27.0;21.0;0.7;ENE;3.0555555555555554;0.0;1008.68;0.0;Fair
1539982800;27.0;21.0;0.7;ENE;3.0555555555555554;0.0;1010.68;0.0;Fair
1539986400;26.0;21.0;0.74;ENE;3.0555555555555554;0.0;1009.68;0.0;Partly Cloudy
1539990000;26.0;21.0;0.74;ENE;3.611111111111111;0.0;1010.68;0.0;Partly Cloudy
1539993600;26.0;21.0;0.74;ENE;3.611111111111111;0.0;1010.68;0.0;Partly Cloudy
1539997200;26.0;21.0;0.74;ENE;3.0555555555555554;0.0;1010.68;0.0;Mostly Cloudy
1540000800;26.0;21.0;0.74;ENE;3.0555555555555554;0.0;1009.68;0.0;Partly Cloudy
1540004400;26.0;21.0;0.74;ENE;3.0555555555555554;0.0;1008.68;0.0;Partly Cloudy
1540008000;26.0;21.0;0.74;NE;2.5;0.0;1008.68;0.0;Partly Cloudy
1540011600;25.0;21.0;0.78;ENE;2.5;0.0;1007.68;0.0;Partly Cloudy
1540015200;25.0;21.0;0.78;NE;2.5;0.0;1007.68;0.0;Partly Cloudy
1540018800;25.0;19.0;0.69;NE;3.0555555555555554;0.0;1007.68;0.0;Partly Cloudy
1540022400;25.0;21.0;0.78;NE;2.5;0.0;1008.68;0.0;Fair
1540026000;24.0;21.0;0.83;NNW;1.6666666666666665;0.0;1008.68;0.0;Partly Cloudy
1540029600;26.0;21.0;0.74;NE;3.0555555555555554;0.0;1009.68;0.0;Partly Cloudy
1540033200;28.0;21.0;0.66;NE;4.166666666666667;0.0;1009.68;0.0;Partly Cloudy
1540036800;28.0;21.0;0.66;ENE;4.722222222222222;0.0;1009.68;0.0;Mostly Cloudy
1540040400;28.0;22.0;0.7;ENE;4.722222222222222;0.0;1009.68;0.0;Mostly Cloudy
1540044000;28.0;22.0;0.7;ENE;5.277777777777778;0.0;1008.68;0.0;Partly Cloudy
1540047600;28.0;21.0;0.66;E;5.277777777777778;0.0;1008.68;0.0;Partly Cloudy
1540051200;28.0;21.0;0.66;ENE;5.555555555555555;0.0;1007.68;0.0;Mostly Cloudy
1540054800;28.0;21.0;0.66;ENE;4.722222222222222;0.0;1006.69;0.0;Partly Cloudy
1540058400;28.0;21.0;0.66;ENE;4.166666666666667;0.0;1006.69;0.0;Partly Cloudy
1540062000;27.0;22.0;0.74;NE;4.722222222222222;0.0;1006.69;0.0;Partly Cloudy
1540065600;27.0;21.0;0.7;NE;4.166666666666667;0.0;1006.69;0.0;Partly Cloudy
1540069200;27.0;22.0;0.74;NE;3.0555555555555554;0.0;1007.68;0.0;Partly Cloudy
1540072800;26.0;21.0;0.74;NE;2.5;0.0;1008.68;0.0;Partly Cloudy
1540076400;26.0;21.0;0.74;NE;2.5;0.0;1008.68;0.0;Partly Cloudy
1540080000;26.0;21.0;0.74;NE;3.0555555555555554;0.0;1009.68;0.0;Partly Cloudy
1540083600;26.0;21.0;0.74;NE;1.9444444444444444;0.0;1009.68;0.0;Fair
1540087200;26.0;21.0;0.74;NE;3.0555555555555554;0.0;1008.68;0.0;Partly Cloudy
1540090800;26.0;21.0;0.74;NE;1.9444444444444444;0.0;1008.68;0.0;Fair
1540094400;26.0;21.0;0.74;NE;1.9444444444444444;0.0;1007.68;0.0;Fair
1540098000;26.0;22.0;0.78;NE;2.5;0.0;1007.68;0.0;Fair
1540101600;25.0;21.0;0.78;NE;1.9444444444444444;0.0;1007.68;0.0;Fair
1540105200;24.0;21.0;0.83;WNW;1.6666666666666665;0.0;1008.68;0.0;Fair
1540108800;24.0;21.0;0.83;NW;1.9444444444444444;0.0;1008.68;0.0;Mostly Cloudy
1540112400;24.0;21.0;0.83;NW;1.9444444444444444;0.0;1009.68;0.0;Fair
1540116000;27.0;21.0;0.7;ENE;3.611111111111111;0.0;1010.68;0.0;Fair
1540119600;28.0;22.0;0.7;NE;4.166666666666667;0.0;1012.68;0.0;Partly Cloudy
1540123200;28.0;22.0;0.7;E;4.166666666666667;0.0;1011.68;0.0;Mostly Cloudy
1540126800;29.0;22.0;0.66;E;5.277777777777778;0.0;1011.68;0.0;Partly Cloudy
1540130400;29.0;21.0;0.62;E;4.722222222222222;0.0;1010.68;0.0;Partly Cloudy
1540134000;30.0;22.0;0.62;E;4.722222222222222;0.0;1009.68;0.0;Partly Cloudy
1540137600;29.0;21.0;0.62;ENE;4.166666666666667;0.0;1009.68;0.0;Fair
1540141200;29.0;22.0;0.66;ENE;5.277777777777778;0.0;1008.68;0.0;Fair
1540144800;29.0;22.0;0.66;E;4.722222222222222;0.0;1008.68;0.0;Partly Cloudy
1540148400;28.0;22.0;0.7;ENE;3.611111111111111;0.0;1008.68;0.0;Fair
1540152000;27.0;22.0;0.74;ENE;3.0555555555555554;0.0;1009.68;0.0;Partly Cloudy
1540155600;27.0;22.0;0.74;ENE;2.5;0.0;1009.68;0.0;Partly Cloudy
1540159200;27.0;22.0;0.74;ENE;3.0555555555555554;0.0;1010.68;0.0;Partly Cloudy
1540162800;27.0;22.0;0.74;E;2.5;0.0;1011.68;0.0;Partly Cloudy
1540166400;26.0;22.0;0.78;E;2.5;0.0;1011.68;0.0;Partly Cloudy
1540170000;26.0;22.0;0.78;E;2.5;0.0;1011.68;0.0;Partly Cloudy
1540173600;26.0;22.0;0.78;E;3.0555555555555554;0.0;1011.68;0.0;Partly Cloudy
1540177200;26.0;23.0;0.83;ESE;1.9444444444444444;0.0;1011.68;0.0;Partly Cloudy
1540180800;26.0;22.0;0.78;ESE;1.9444444444444444;0.0;1010.68;0.0;Partly Cloudy
1540184400;26.0;22.0;0.78;E;1.9444444444444444;0.0;1010.68;0.0;Partly Cloudy
1540188000;26.0;22.0;0.78;ESE;1.6666666666666665;0.0;1010.68;0.0;Partly Cloudy
1540191600;26.0;22.0;0.78;E;1.6666666666666665;0.0;1010.68;0.0;Partly Cloudy
1540195200;26.0;22.0;0.78;ESE;1.9444444444444444;0.0;1011.68;0.0;Partly Cloudy
1540198800;26.0;22.0;0.78;E;2.5;0.0;1011.68;0.0;Partly Cloudy
1540202400;27.0;22.0;0.74;ESE;4.166666666666667;0.0;1012.68;0.0;Partly Cloudy
1540206000;28.0;22.0;0.7;SE;4.166666666666667;0.0;1013.68;0.0;Partly Cloudy
1540209600;28.0;22.0;0.7;SE;4.722222222222222;0.0;1013.68;0.0;Partly Cloudy
1540213200;29.0;22.0;0.66;ESE;5.277777777777778;0.0;1013.68;0.0;Fair
1540216800;28.0;22.0;0.7;ESE;5.277777777777778;0.0;1012.68;0.0;Fair
1540220400;29.0;22.0;0.66;ESE;5.277777777777778;0.0;1012.68;0.0;Fair
1540224000;29.0;22.0;0.66;ESE;5.277777777777778;0.0;1011.68;0.0;Fair
1540227600;29.0;22.0;0.66;ESE;4.722222222222222;0.0;1010.68;0.0;Partly Cloudy
1540231200;28.0;22.0;0.7;SE;6.111111111111111;0.0;1010.68;0.0;Fair
1540234800;28.0;22.0;0.7;SE;5.277777777777778;0.0;1010.68;0.0;Fair
1540238400;27.0;22.0;0.74;SE;5.555555555555555;0.0;1010.68;0.0;Partly Cloudy
1540242000;27.0;23.0;0.79;SE;4.722222222222222;0.0;1011.68;0.0;Partly Cloudy
1540245600;26.0;22.0;0.78;SE;4.722222222222222;0.0;1012.68;0.0;Partly Cloudy
1540249200;26.0;22.0;0.78;SSE;5.555555555555555;0.0;1012.68;0.0;Partly Cloudy
1540252800;26.0;22.0;0.78;SE;5.277777777777778;0.0;1012.68;0.0;Mostly Cloudy
1540256400;27.0;22.0;0.74;SE;4.166666666666667;0.0;1012.68;0.0;Partly Cloudy
1540260000;26.0;22.0;0.78;SE;5.277777777777778;0.0;1012.68;0.0;Mostly Cloudy
1540263600;26.0;22.0;0.78;SE;4.722222222222222;0.0;1011.68;0.0;Partly Cloudy
1540267200;25.0;22.0;0.83;SE;4.166666666666667;0.0;1010.68;0.0;Partly Cloudy
1540270800;25.0;22.0;0.83;SE;4.722222222222222;0.0;1010.68;0.0;Partly Cloudy
1540274400;25.0;21.0;0.78;SE;5.277777777777778;0.0;1009.68;0.0;Mostly Cloudy
1540278000;25.0;21.0;0.78;SE;5.277777777777778;0.0;1010.68;0.0;Partly Cloudy
1540281600;26.0;21.0;0.74;SE;4.722222222222222;0.0;1010.68;0.0;Partly Cloudy
1540285200;26.0;21.0;0.74;SE;5.277777777777778;0.0;1011.68;0.0;Partly Cloudy
1540288800;27.0;20.0;0.65;SSE;5.277777777777778;0.0;1012.68;0.0;Partly Cloudy
1540292400;28.0;21.0;0.66;SE;5.555555555555555;0.0;1012.68;0.0;Mostly Cloudy
1540296000;27.0;21.0;0.7;SSE;6.111111111111111;0.0;1013.68;0.0;Mostly Cloudy
1540299600;29.0;22.0;0.66;SE;5.555555555555555;0.0;1013.68;0.0;Partly Cloudy
1540303200;29.0;22.0;0.66;SE;6.111111111111111;0.0;1012.68;0.0;Partly Cloudy
1540306800;29.0;21.0;0.62;SSE;6.111111111111111;0.0;1012.68;0.0;Partly Cloudy
1540310400;28.0;22.0;0.7;SE;6.111111111111111;0.0;1011.68;0.0;Partly Cloudy
1540314000;29.0;22.0;0.66;SSE;6.666666666666666;0.0;1010.68;0.0;Partly Cloudy
1540317600;28.0;21.0;0.66;SSE;6.111111111111111;0.0;1010.68;0.0;Fair
1540321200;28.0;21.0;0.66;SSE;5.555555555555555;0.0;1010.68;0.0;Fair
1540324800;27.0;21.0;0.7;SE;5.277777777777778;0.0;1011.68;0.0;Fair
1540328400;26.0;21.0;0.74;SSE;5.277777777777778;0.0;1011.68;0.0;Mostly Cloudy
1540332000;26.0;21.0;0.74;SSE;4.722222222222222;0.0;1012.68;0.0;Partly Cloudy
1540335600;26.0;21.0;0.74;SE;5.277777777777778;0.0;1012.68;0.0;Fair
1540339200;26.0;21.0;0.74;SE;3.0555555555555554;0.0;1013.68;0.0;Fair
1540342800;26.0;21.0;0.74;SE;3.611111111111111;0.0;1013.68;0.0;Fair
1540346400;26.0;21.0;0.74;SE;4.166666666666667;9.722222222222221;1013.68;0.0;Partly Cloudy
1540350000;25.0;21.0;0.78;S;3.0555555555555554;0.0;1012.68;0.0;Mostly Cloudy
1540353600;24.0;22.0;0.89;SSW;1.9444444444444444;0.0;1011.68;0.0;Mostly Cloudy
1540357200;25.0;21.0;0.78;SE;4.722222222222222;0.0;1011.68;0.0;Mostly Cloudy
1540360800;25.0;21.0;0.78;SE;3.611111111111111;0.0;1011.68;0.0;Fair
1540364400;25.0;21.0;0.78;ESE;3.0555555555555554;0.0;1011.68;0.0;Partly Cloudy
1540368000;25.0;22.0;0.83;SE;2.5;0.0;1012.68;0.0;Partly Cloudy
1540371600;26.0;21.0;0.74;SE;4.166666666666667;0.0;1013.68;0.0;Fair
1540375200;27.0;22.0;0.74;SE;5.555555555555555;0.0;1013.68;0.0;Fair
1540378800;28.0;21.0;0.66;SSE;7.222222222222222;0.0;1014.67;0.0;Partly Cloudy
1540382400;29.0;22.0;0.66;SE;5.277777777777778;0.0;1014.67;0.0;Fair
1540386000;28.0;22.0;0.7;SE;5.555555555555555;0.0;1013.68;0.0;Fair
1540389600;28.0;21.0;0.66;SE;5.555555555555555;0.0;1013.68;0.0;Partly Cloudy
1540393200;29.0;21.0;0.62;SE;5.277777777777778;0.0;1012.68;0.0;Fair
1540396800;29.0;21.0;0.62;SE;5.555555555555555;0.0;1012.68;0.0;Fair
1540400400;29.0;22.0;0.66;SSE;6.111111111111111;0.0;1011.68;0.0;Partly Cloudy
1540404000;28.0;21.0;0.66;SE;6.111111111111111;0.0;1011.68;0.0;Partly Cloudy
1540407600;28.0;21.0;0.66;SSE;5.555555555555555;0.0;1011.68;0.0;Partly Cloudy
1540411200;27.0;22.0;0.74;SSE;5.277777777777778;0.0;1011.68;0.0;Partly Cloudy
1540414800;26.0;21.0;0.74;SE;4.722222222222222;0.0;1011.68;0.0;Partly Cloudy
1540418400;26.0;22.0;0.78;SSE;4.722222222222222;0.0;1012.68;0.0;Mostly Cloudy
1540422000;26.0;21.0;0.74;SE;3.0555555555555554;0.0;1012.68;0.0;Fair
1540425600;26.0;21.0;0.74;SE;4.166666666666667;0.0;1013.68;0.0;Partly Cloudy
1540429200;26.0;22.0;0.78;SE;3.611111111111111;0.0;1013.68;0.0;Partly Cloudy
1540432800;26.0;22.0;0.78;SE;3.611111111111111;0.0;1013.68;0.0;Partly Cloudy
1540436400;26.0;22.0;0.78;SE;4.166666666666667;0.0;1012.68;0.0;Partly Cloudy
1540440000;26.0;21.0;0.74;ESE;4.722222222222222;0.0;1011.68;0.0;Partly Cloudy
1540443600;26.0;21.0;0.74;SE;4.166666666666667;0.0;1011.68;0.0;Fair
1540447200;26.0;21.0;0.74;SE;3.611111111111111;0.0;1010.68;0.0;Partly Cloudy
1540450800;26.0;21.0;0.74;ESE;3.611111111111111;0.0;1010.68;0.0;Partly Cloudy
1540454400;26.0;22.0;0.78;ESE;4.166666666666667;0.0;1011.68;0.0;Mostly Cloudy
1540458000;26.0;22.0;0.78;ESE;4.722222222222222;0.0;1011.68;0.0;Partly Cloudy
1540461600;27.0;22.0;0.74;ESE;4.722222222222222;0.0;1012.68;0.0;Partly Cloudy
1540465200;28.0;22.0;0.7;ESE;4.722222222222222;0.0;1013.68;0.0;Mostly Cloudy
1540468800;29.0;22.0;0.66;ESE;5.277777777777778;0.0;1013.68;0.0;Partly Cloudy
1540472400;29.0;22.0;0.66;SE;5.555555555555555;0.0;1013.68;0.0;Partly Cloudy
1540476000;28.0;22.0;0.7;SE;5.277777777777778;0.0;1012.68;0.0;Partly Cloudy
1540479600;29.0;22.0;0.66;SE;5.555555555555555;0.0;1012.68;0.0;Partly Cloudy
1540483200;28.0;22.0;0.7;SE;5.555555555555555;0.0;1011.68;0.0;Partly Cloudy
1540486800;29.0;22.0;0.66;SE;5.277777777777778;0.0;1010.68;0.0;Partly Cloudy
1540490400;28.0;22.0;0.7;SE;6.111111111111111;0.0;1010.68;0.0;Partly Cloudy
1540494000;28.0;20.0;0.62;SE;4.722222222222222;0.0;1010.68;0.0;Partly Cloudy
1540497600;27.0;22.0;0.74;SE;4.166666666666667;0.0;1010.68;0.0;Mostly Cloudy
1540501200;26.0;22.0;0.78;SE;3.611111111111111;0.0;1010.68;0.0;Mostly Cloudy
1540504800;26.0;22.0;0.78;SE;3.0555555555555554;0.0;1011.68;0.0;Partly Cloudy
1540508400;26.0;22.0;0.78;SE;4.166666666666667;0.0;1011.68;0.0;Partly Cloudy
1540512000;26.0;22.0;0.78;SE;4.166666666666667;0.0;1012.68;0.0;Mostly Cloudy
1540515600;26.0;22.0;0.78;SE;4.166666666666667;0.0;1012.68;0.0;Mostly Cloudy
1540519200;26.0;22.0;0.78;ESE;4.166666666666667;0.0;1011.68;0.0;Partly Cloudy
1540522800;26.0;23.0;0.83;ESE;3.0555555555555554;0.0;1011.68;0.0;Mostly Cloudy
1540526400;26.0;21.0;0.74;ESE;4.166666666666667;0.0;1010.68;0.0;Mostly Cloudy
1540530000;26.0;22.0;0.78;ESE;3.611111111111111;0.0;1010.68;0.0;Mostly Cloudy
1540533600;26.0;23.0;0.83;SE;2.5;0.0;1009.68;0.0;Partly Cloudy
1540537200;26.0;22.0;0.78;SE;2.5;0.0;1009.68;0.0;Partly Cloudy
1540540800;26.0;22.0;0.78;SE;1.9444444444444444;0.0;1010.68;0.0;Partly Cloudy
1540544400;26.0;23.0;0.83;ESE;3.0555555555555554;0.0;1010.68;0.0;Partly Cloudy
1540548000;27.0;23.0;0.79;ESE;4.722222222222222;0.0;1011.68;0.0;Partly Cloudy
1540551600;27.0;23.0;0.79;ESE;4.166666666666667;0.0;1012.68;0.0;Mostly Cloudy
1540555200;28.0;23.0;0.74;SE;5.277777777777778;0.0;1012.68;0.0;Mostly Cloudy
1540558800;28.0;23.0;0.74;ESE;4.722222222222222;0.0;1012.68;0.0;Mostly Cloudy
1540562400;29.0;23.0;0.7;ESE;5.555555555555555;0.0;1011.68;0.0;Partly Cloudy
1540566000;29.0;22.0;0.66;ESE;5.555555555555555;0.0;1010.68;0.0;Partly Cloudy
1540569600;29.0;23.0;0.7;SE;5.277777777777778;0.0;1009.68;0.0;Partly Cloudy
1540573200;29.0;23.0;0.7;SE;6.111111111111111;0.0;1009.68;0.0;Mostly Cloudy
1540576800;29.0;23.0;0.7;ESE;5.555555555555555;0.0;1009.68;0.0;Partly Cloudy
1540580400;28.0;22.0;0.7;SE;5.277777777777778;0.0;1008.68;0.0;Partly Cloudy
1540584000;27.0;22.0;0.74;ESE;4.166666666666667;0.0;1009.68;0.0;Mostly Cloudy
1540587600;27.0;22.0;0.74;ESE;3.611111111111111;0.0;1009.68;0.0;Mostly Cloudy
1540591200;27.0;21.0;0.7;E;4.166666666666667;0.0;1010.68;0.0;Mostly Cloudy
1540594800;27.0;22.0;0.74;E;3.611111111111111;0.0;1011.68;0.0;Partly Cloudy
1540598400;27.0;22.0;0.74;E;3.611111111111111;0.0;1011.68;0.0;Mostly Cloudy
1540602000;26.0;22.0;0.78;E;2.5;0.0;1012.68;0.0;Mostly Cloudy
1540605600;26.0;22.0;0.78;E;3.611111111111111;0.0;1012.68;0.0;Mostly Cloudy
1540609200;26.0;22.0;0.78;ENE;2.5;0.0;1011.68;0.0;Mostly Cloudy
1540612800;26.0;21.0;0.74;E;3.0555555555555554;0.0;1011.68;0.0;Mostly Cloudy
1540616400;26.0;21.0;0.74;E;3.611111111111111;0.0;1010.68;0.0;Partly Cloudy
1540620000;26.0;21.0;0.74;ENE;1.6666666666666665;0.0;1010.68;0.0;Fair
1540623600;26.0;22.0;0.78;E;1.9444444444444444;0.0;1010.68;0.0;Mostly Cloudy
1540627200;26.0;22.0;0.78;ENE;2.5;0.0;1010.68;0.0;Mostly Cloudy
1540630800;26.0;21.0;0.74;ENE;3.611111111111111;0.0;1011.68;0.0;Partly Cloudy
1540634400;27.0;21.0;0.7;ENE;4.722222222222222;0.0;1012.68;0.0;Fair
1540638000;28.0;21.0;0.66;ENE;4.722222222222222;0.0;1012.68;0.0;Fair
1540641600;29.0;21.0;0.62;ENE;4.166666666666667;0.0;1012.68;0.0;Fair
1540645200;29.0;21.0;0.62;ENE;4.722222222222222;0.0;1012.68;0.0;Fair
1540648800;29.0;20.0;0.58;E;5.277777777777778;0.0;1011.68;0.0;Fair
1540652400;29.0;20.0;0.58;E;4.166666666666667;0.0;1010.68;0.0;Fair
1540656000;29.0;21.0;0.62;NE;4.722222222222222;0.0;1009.68;0.0;Fair
1540659600;28.0;21.0;0.66;ENE;4.722222222222222;0.0;1008.68;0.0;Partly Cloudy
1540663200;29.0;21.0;0.62;ENE;3.611111111111111;0.0;1008.68;0.0;Partly Cloudy
1540666800;28.0;20.0;0.62;ENE;4.166666666666667;0.0;1008.68;0.0;Partly Cloudy
1540670400;27.0;20.0;0.65;ENE;3.0555555555555554;0.0;1008.68;0.0;Partly Cloudy
1540674000;27.0;20.0;0.65;ENE;3.611111111111111;0.0;1009.68;0.0;Partly Cloudy
1540677600;27.0;20.0;0.65;ENE;2.5;0.0;1009.68;0.0;Partly Cloudy
1540681200;26.0;21.0;0.74;NE;3.0555555555555554;0.0;1010.68;0.0;Fair
1540684800;26.0;21.0;0.74;NE;2.5;0.0;1010.68;0.0;Partly Cloudy
1540688400;26.0;21.0;0.74;ENE;3.611111111111111;0.0;1010.68;0.0;Partly Cloudy
1540692000;26.0;20.0;0.69;ENE;2.5;0.0;1010.68;0.0;Partly Cloudy
1540695600;26.0;21.0;0.74;ENE;3.0555555555555554;0.0;1009.68;0.0;Partly Cloudy
1540699200;26.0;20.0;0.69;ENE;2.5;0.0;1009.68;0.0;Fair
1540702800;26.0;20.0;0.69;ENE;2.5;0.0;1009.68;0.0;Fair
1540706400;25.0;21.0;0.78;NE;1.9444444444444444;0.0;1009.68;0.0;Partly Cloudy
1540710000;26.0;20.0;0.69;NE;3.0555555555555554;0.0;1009.68;0.0;Partly Cloudy
1540713600;25.0;20.0;0.74;NE;1.9444444444444444;0.0;1010.68;0.0;Fair
1540717200;24.0;21.0;0.83;NW;1.9444444444444444;0.0;1011.68;0.0;Partly Cloudy
1540720800;26.0;21.0;0.74;NNW;1.9444444444444444;0.0;1011.68;0.0;Partly Cloudy
1540724400;28.0;21.0;0.66;ENE;4.722222222222222;0.0;1011.68;0.0;Fair
1540728000;29.0;21.0;0.62;ENE;4.722222222222222;0.0;1011.68;0.0;Fair
1540731600;29.0;20.0;0.58;ENE;5.555555555555555;0.0;1011.68;0.0;Fair
1540735200;29.0;19.0;0.55;ENE;6.666666666666666;0.0;1011.68;0.0;Fair
1540738800;29.0;20.0;0.58;ENE;6.111111111111111;0.0;1010.68;0.0;Partly Cloudy
1540742400;29.0;21.0;0.62;NE;6.111111111111111;0.0;1009.68;0.0;Partly Cloudy
1540746000;28.0;21.0;0.66;ENE;6.666666666666666;0.0;1008.68;0.0;Fair
1540749600;29.0;21.0;0.62;ENE;6.111111111111111;0.0;1008.68;0.0;Fair
1540753200;28.0;22.0;0.7;ENE;5.277777777777778;0.0;1008.68;0.0;Fair
1540756800;27.0;21.0;0.7;NE;4.722222222222222;0.0;1009.68;0.0;Fair
1540760400;27.0;21.0;0.7;NNE;4.722222222222222;0.0;1009.68;0.0;Fair
1540764000;27.0;22.0;0.74;NNE;4.722222222222222;0.0;1009.68;0.0;Fair
1540767600;26.0;22.0;0.78;NE;3.0555555555555554;0.0;1010.68;0.0;Fair
1540771200;26.0;22.0;0.78;NE;3.611111111111111;0.0;1011.68;0.0;Partly Cloudy
1540774800;26.0;22.0;0.78;NNE;4.166666666666667;0.0;1011.68;0.0;Partly Cloudy
1540778400;26.0;22.0;0.78;NNE;4.166666666666667;0.0;1011.68;0.0;Partly Cloudy
1540782000;26.0;22.0;0.78;NNE;4.722222222222222;0.0;1010.68;0.0;Partly Cloudy
1540785600;26.0;23.0;0.83;NE;4.166666666666667;0.0;1010.68;0.0;Partly Cloudy
1540789200;26.0;22.0;0.78;NE;3.0555555555555554;0.0;1010.68;0.0;Mostly Cloudy
1540792800;26.0;22.0;0.78;NNE;3.611111111111111;0.0;1010.68;0.0;Mostly Cloudy
1540796400;26.0;23.0;0.83;NNE;4.166666666666667;0.0;1010.68;0.0;Partly Cloudy
1540800000;25.0;22.0;0.83;NE;3.611111111111111;0.0;1010.68;0.0;Mostly Cloudy
1540803600;26.0;23.0;0.83;NNE;4.166666666666667;0.0;1011.68;0.0;Mostly Cloudy
1540807200;27.0;23.0;0.79;NE;4.722222222222222;0.0;1012.68;0.0;Mostly Cloudy
1540810800;28.0;23.0;0.74;ENE;4.722222222222222;0.0;1012.68;0.0;Partly Cloudy
1540814400;29.0;22.0;0.66;ENE;4.722222222222222;0.0;1012.68;0.0;Partly Cloudy
1540818000;29.0;22.0;0.66;ENE;5.555555555555555;0.0;1012.68;0.0;Partly Cloudy
1540821600;29.0;23.0;0.7;E;6.111111111111111;0.0;1012.68;0.0;Fair
1540825200;29.0;23.0;0.7;E;6.111111111111111;0.0;1011.68;0.0;Fair
1540828800;29.0;23.0;0.7;E;5.555555555555555;0.0;1010.68;0.0;Fair
1540832400;29.0;23.0;0.7;ENE;5.277777777777778;0.0;1009.68;0.0;Partly Cloudy
1540836000;28.0;23.0;0.74;E;5.277777777777778;0.0;1009.68;0.0;Partly Cloudy
1540839600;28.0;23.0;0.74;E;4.722222222222222;0.0;1009.68;0.0;Mostly Cloudy
1540843200;27.0;23.0;0.79;E;5.277777777777778;0.0;1009.68;0.0;Partly Cloudy
1540846800;27.0;23.0;0.79;E;4.166666666666667;0.0;1010.68;0.0;Partly Cloudy
1540850400;27.0;23.0;0.79;E;4.722222222222222;0.0;1011.68;0.0;Mostly Cloudy
1540854000;27.0;23.0;0.79;E;3.611111111111111;0.0;1011.68;0.0;Mostly Cloudy
1540857600;27.0;23.0;0.79;E;4.722222222222222;0.0;1012.68;0.0;Mostly Cloudy
1540861200;27.0;23.0;0.79;ENE;3.0555555555555554;0.0;1012.68;0.0;Mostly Cloudy
1540864800;27.0;23.0;0.79;E;4.166666666666667;0.0;1012.68;0.0;Partly Cloudy
1540868400;27.0;23.0;0.79;NE;3.611111111111111;0.0;1012.68;0.0;Partly Cloudy
1540872000;27.0;22.0;0.74;E;4.722222222222222;0.0;1011.68;0.0;Partly Cloudy
1540875600;26.0;23.0;0.83;E;3.611111111111111;0.0;1011.68;0.0;Mostly Cloudy
1540879200;26.0;23.0;0.83;ENE;3.0555555555555554;0.0;1011.68;0.0;Partly Cloudy
1540882800;26.0;23.0;0.83;ENE;3.0555555555555554;0.0;1011.68;0.0;Partly Cloudy
1540886400;26.0;23.0;0.83;ENE;3.611111111111111;0.0;1012.68;0.0;Partly Cloudy
1540890000;26.0;23.0;0.83;ENE;4.166666666666667;0.0;1012.68;0.0;Partly Cloudy
1540893600;28.0;23.0;0.74;E;4.722222222222222;0.0;1013.68;0.0;Partly Cloudy
1540897200;28.0;23.0;0.74;E;3.611111111111111;0.0;1013.68;0.0;Fair
1540900800;30.0;23.0;0.66;ESE;4.722222222222222;0.0;1013.68;0.0;Partly Cloudy
1540904400;28.0;23.0;0.74;E;5.277777777777778;0.0;1013.68;0.0;Mostly Cloudy
1540908000;29.0;23.0;0.7;E;4.722222222222222;0.0;1013.68;0.0;Mostly Cloudy
1540911600;29.0;23.0;0.7;E;5.277777777777778;0.0;1012.68;0.0;Mostly Cloudy
1540915200;29.0;23.0;0.7;E;4.722222222222222;0.0;1011.68;0.0;Partly Cloudy
1540918800;28.0;23.0;0.74;ESE;5.277777777777778;0.0;1011.68;0.0;Partly Cloudy
1540922400;28.0;23.0;0.74;ESE;5.277777777777778;0.0;1011.68;0.0;Partly Cloudy
1540926000;28.0;22.0;0.7;ESE;5.277777777777778;0.0;1011.68;0.0;Partly Cloudy
1540929600;27.0;22.0;0.74;ESE;4.722222222222222;0.0;1011.68;0.0;Mostly Cloudy
1540933200;27.0;23.0;0.79;ESE;3.611111111111111;0.0;1012.68;0.0;Partly Cloudy
1540936800;27.0;22.0;0.74;ESE;4.722222222222222;0.0;1012.68;0.0;Mostly Cloudy
1540940400;27.0;23.0;0.79;ESE;4.166666666666667;0.0;1013.68;0.0;Mostly Cloudy
1540944000;27.0;22.0;0.74;ESE;4.166666666666667;0.0;1013.68;0.0;Mostly Cloudy
1540947600;26.0;23.0;0.83;ESE;3.611111111111111;0.0;1014.67;0.0;Mostly Cloudy
1540951200;26.0;22.0;0.78;ESE;3.611111111111111;0.0;1013.68;0.0;Partly Cloudy
1540954800;26.0;22.0;0.78;ESE;2.5;0.0;1013.68;0.0;Partly Cloudy
1540958400;26.0;23.0;0.83;E;2.5;0.0;1012.68;0.0;Mostly Cloudy
1540962000;24.0;22.0;0.89;ESE;7.777777777777778;0.0;1012.68;0.0;Light Rain
1540965600;24.0;22.0;0.89;E;2.5;0.0;1012.68;0.0;Showers in the Vicinity
1540969200;24.0;23.0;0.94;NW;2.5;0.0;1012.68;0.0;Partly Cloudy
1540972800;26.0;22.0;0.78;E;3.0555555555555554;0.0;1013.68;0.0;Partly Cloudy
1540976400;26.0;21.0;0.74;E;3.611111111111111;0.0;1013.68;0.0;Mostly Cloudy
1540980000;27.0;22.0;0.74;E;4.722222222222222;0.0;1013.68;0.0;Mostly Cloudy
1540983600;28.0;22.0;0.7;E;4.722222222222222;0.0;1014.67;0.0;Partly Cloudy
1540987200;28.0;22.0;0.7;E;4.166666666666667;0.0;1014.67;0.0;Partly Cloudy
1540990800;29.0;22.0;0.66;ESE;4.166666666666667;0.0;1013.68;0.0;Partly Cloudy
1540994400;29.0;22.0;0.66;E;4.166666666666667;0.0;1013.68;0.0;Mostly Cloudy
1540998000;29.0;22.0;0.66;E;4.722222222222222;0.0;1012.68;0.0;Partly Cloudy
1541001600;29.0;22.0;0.66;E;4.722222222222222;0.0;1011.68;0.0;Partly Cloudy
1541005200;28.0;22.0;0.7;E;4.722222222222222;0.0;1010.68;0.0;Partly Cloudy
1541008800;28.0;21.0;0.66;ESE;5.277777777777778;0.0;1010.68;0.0;Mostly Cloudy
1541012400;27.0;21.0;0.7;ESE;3.611111111111111;0.0;1010.68;0.0;Mostly Cloudy
1541016000;27.0;21.0;0.7;ESE;3.611111111111111;0.0;1011.68;0.0;Mostly Cloudy
1541019600;27.0;21.0;0.7;ESE;4.166666666666667;0.0;1011.68;0.0;Mostly Cloudy
1541023200;27.0;21.0;0.7;ESE;3.0555555555555554;0.0;1012.68;0.0;Mostly Cloudy
1541026800;27.0;22.0;0.74;ESE;4.166666666666667;0.0;1012.68;0.0;Mostly Cloudy
1541030400;26.0;22.0;0.78;ESE;4.166666666666667;0.0;1012.68;0.0;Partly Cloudy
1541034000;26.0;22.0;0.78;ESE;4.722222222222222;0.0;1012.68;0.0;Partly Cloudy
1541037600;26.0;22.0;0.78;ESE;3.611111111111111;0.0;1012.68;0.0;Partly Cloudy
1541041200;26.0;22.0;0.78;ESE;3.611111111111111;0.0;1011.68;0.0;Mostly Cloudy
1541044800;26.0;21.0;0.74;ESE;4.166666666666667;0.0;1010.68;0.0;Partly Cloudy
1541048400;26.0;22.0;0.78;E;2.5;0.0;1010.68;0.0;Mostly Cloudy
1541052000;26.0;22.0;0.78;SE;3.611111111111111;0.0;1011.68;0.0;Mostly Cloudy
1541055600;25.0;22.0;0.83;ESE;3.611111111111111;0.0;1011.68;0.0;Showers in the Vicinity
1541059200;26.0;22.0;0.78;ESE;4.166666666666667;0.0;1012.68;0.0;Partly Cloudy
1541062800;26.0;22.0;0.78;ESE;3.611111111111111;0.0;1012.68;0.0;Partly Cloudy
1541066400;27.0;22.0;0.74;ESE;5.277777777777778;0.0;1013.68;0.0;Mostly Cloudy
1541070000;28.0;22.0;0.7;SE;5.277777777777778;0.0;1014.67;0.0;Partly Cloudy
1541073600;28.0;21.0;0.66;SE;5.277777777777778;0.0;1014.67;0.0;Partly Cloudy
1541077200;29.0;22.0;0.66;SE;5.277777777777778;0.0;1013.68;0.0;Fair
1541080800;29.0;22.0;0.66;ESE;5.277777777777778;0.0;1013.68;0.0;Fair
1541084400;29.0;22.0;0.66;ESE;5.277777777777778;0.0;1013.68;0.0;Fair
1541088000;29.0;21.0;0.62;E;4.722222222222222;0.0;1011.68;0.0;Fair
1541091600;29.0;22.0;0.66;E;4.722222222222222;0.0;1010.68;0.0;Fair
1541095200;28.0;21.0;0.66;ESE;4.722222222222222;0.0;1010.68;0.0;Fair
1541098800;27.0;22.0;0.74;ESE;4.166666666666667;0.0;1010.68;0.0;Partly Cloudy
1541102400;27.0;21.0;0.7;E;3.0555555555555554;0.0;1010.68;0.0;Partly Cloudy
1541106000;27.0;22.0;0.74;ESE;3.611111111111111;0.0;1010.68;0.0;Fair
1541109600;26.0;22.0;0.78;E;3.0555555555555554;0.0;1010.68;0.0;Partly Cloudy
1541113200;26.0;22.0;0.78;E;3.0555555555555554;0.0;1011.68;0.0;Mostly Cloudy
1541116800;26.0;22.0;0.78;VAR;3.611111111111111;0.0;1011.68;0.0;Partly Cloudy
1541120400;26.0;22.0;0.78;ESE;3.0555555555555554;0.0;1011.68;0.0;Mostly Cloudy
1541124000;26.0;22.0;0.78;E;2.5;0.0;1010.68;0.0;Partly Cloudy
1541127600;26.0;22.0;0.78;E;2.5;0.0;1009.68;0.0;Partly Cloudy
1541131200;26.0;22.0;0.78;ENE;3.0555555555555554;0.0;1009.68;0.0;Partly Cloudy
1541134800;26.0;22.0;0.78;E;3.0555555555555554;0.0;1009.68;0.0;Mostly Cloudy
1541138400;26.0;21.0;0.74;E;3.0555555555555554;0.0;1009.68;0.0;Partly Cloudy
1541142000;26.0;21.0;0.74;E;3.0555555555555554;0.0;1009.68;0.0;Partly Cloudy
1541145600;26.0;21.0;0.74;E;2.5;0.0;1010.68;0.0;Partly Cloudy
1541149200;27.0;22.0;0.74;E;3.0555555555555554;0.0;1010.68;0.0;Partly Cloudy
1541152800;27.0;22.0;0.74;E;3.0555555555555554;0.0;1011.68;0.0;Partly Cloudy
1541156400;28.0;23.0;0.74;E;3.0555555555555554;0.0;1011.68;0.0;Mostly Cloudy
1541160000;30.0;22.0;0.62;E;3.0555555555555554;0.0;1012.68;0.0;Mostly Cloudy
1541163600;28.0;22.0;0.7;ESE;4.166666666666667;0.0;1012.68;0.0;Partly Cloudy
1541167200;29.0;22.0;0.66;E;3.611111111111111;0.0;1011.68;0.0;Mostly Cloudy
1541170800;30.0;22.0;0.62;E;3.0555555555555554;0.0;1010.68;0.0;Partly Cloudy
1541174400;30.0;22.0;0.62;ENE;3.611111111111111;0.0;1010.68;0.0;Partly Cloudy
1541178000;28.0;22.0;0.7;ENE;4.722222222222222;0.0;1009.68;0.0;Partly Cloudy
1541181600;28.0;22.0;0.7;ENE;4.722222222222222;0.0;1009.68;0.0;Partly Cloudy
1541185200;28.0;22.0;0.7;ENE;4.166666666666667;0.0;1008.68;0.0;Partly Cloudy
1541188800;27.0;22.0;0.74;E;3.611111111111111;0.0;1009.68;0.0;Partly Cloudy
1541192400;27.0;22.0;0.74;E;4.166666666666667;0.0;1009.68;0.0;Partly Cloudy
1541196000;27.0;22.0;0.74;E;4.166666666666667;0.0;1010.68;0.0;Mostly Cloudy
1541199600;27.0;22.0;0.74;E;3.611111111111111;0.0;1010.68;0.0;Mostly Cloudy
1541203200;27.0;22.0;0.74;E;3.0555555555555554;0.0;1011.68;0.0;Mostly Cloudy
1541206800;26.0;22.0;0.78;E;3.0555555555555554;0.0;1011.68;0.0;Mostly Cloudy
1541210400;26.0;22.0;0.78;E;3.611111111111111;0.0;1010.68;0.0;Mostly Cloudy
1541214000;26.0;22.0;0.78;E;3.611111111111111;0.0;1010.68;0.0;Mostly Cloudy
1541217600;26.0;22.0;0.78;E;1.9444444444444444;0.0;1009.68;0.0;Mostly Cloudy
1541221200;26.0;22.0;0.78;E;2.5;0.0;1009.68;0.0;Mostly Cloudy
1541224800;26.0;22.0;0.78;E;2.5;0.0;1009.68;0.0;Mostly Cloudy
1541228400;26.0;22.0;0.78;E;3.0555555555555554;0.0;1009.68;0.0;Mostly Cloudy
1541232000;26.0;22.0;0.78;ESE;2.5;0.0;1010.68;0.0;Mostly Cloudy
1541235600;27.0;22.0;0.74;ESE;3.0555555555555554;0.0;1010.68;0.0;Partly Cloudy
1541239200;28.0;23.0;0.74;E;3.0555555555555554;0.0;1011.68;0.0;Mostly Cloudy
1541242800;29.0;23.0;0.7;ESE;4.722222222222222;0.0;1012.68;0.0;Partly Cloudy
1541246400;29.0;23.0;0.7;ESE;5.277777777777778;0.0;1012.68;0.0;Mostly Cloudy
1541250000;29.0;23.0;0.7;E;5.277777777777778;0.0;1011.68;0.0;Mostly Cloudy
1541253600;30.0;23.0;0.66;E;6.111111111111111;0.0;1011.68;0.0;Mostly Cloudy
1541257200;29.0;23.0;0.7;SE;6.111111111111111;0.0;1010.68;0.0;Showers in the Vicinity
1541260800;28.0;23.0;0.74;E;5.555555555555555;0.0;1009.68;0.0;Mostly Cloudy
1541264400;28.0;22.0;0.7;ESE;6.111111111111111;0.0;1008.68;0.0;Mostly Cloudy
1541268000;28.0;23.0;0.74;ESE;4.722222222222222;0.0;1008.68;0.0;Mostly Cloudy
1541271600;27.0;22.0;0.74;ESE;4.722222222222222;0.0;1008.68;0.0;Mostly Cloudy
1541275200;27.0;22.0;0.74;ESE;4.166666666666667;0.0;1009.68;0.0;Mostly Cloudy
1541278800;27.0;22.0;0.74;ESE;4.722222222222222;0.0;1009.68;0.0;Partly Cloudy
1541282400;27.0;22.0;0.74;E;4.722222222222222;0.0;1009.68;0.0;Partly Cloudy
1541286000;27.0;22.0;0.74;ESE;4.166666666666667;0.0;1010.68;0.0;Fair
1541289600;26.0;21.0;0.74;ESE;4.166666666666667;0.0;1011.68;0.0;Partly Cloudy
1541293200;26.0;21.0;0.74;E;4.166666666666667;0.0;1011.68;0.0;Partly Cloudy
1541296800;26.0;21.0;0.74;E;3.611111111111111;0.0;1010.68;0.0;Partly Cloudy
1541379600;26.0;21.0;0.74;E;3.0555555555555554;0.0;1010.68;0.0;Partly Cloudy
1541300400;26.0;21.0;0.74;E;2.5;0.0;1009.68;0.0;Partly Cloudy
1541304000;26.0;22.0;0.78;E;3.611111111111111;0.0;1009.68;0.0;Partly Cloudy
1541307600;26.0;21.0;0.74;E;3.611111111111111;0.0;1009.68;0.0;Mostly Cloudy
1541311200;26.0;21.0;0.74;E;3.0555555555555554;0.0;1009.68;0.0;Partly Cloudy
1541314800;26.0;21.0;0.74;ESE;3.611111111111111;0.0;1009.68;0.0;Partly Cloudy
1541318400;27.0;21.0;0.7;ESE;4.166666666666667;0.0;1010.68;0.0;Partly Cloudy
1541322000;27.0;21.0;0.7;ESE;4.722222222222222;0.0;1011.68;0.0;Mostly Cloudy
1541325600;28.0;21.0;0.66;ESE;5.277777777777778;0.0;1011.68;0.0;Partly Cloudy
1541329200;29.0;21.0;0.62;ESE;5.277777777777778;0.0;1012.68;0.0;Partly Cloudy
1541332800;29.0;21.0;0.62;ESE;4.722222222222222;0.0;1011.68;0.0;Fair
1541336400;29.0;21.0;0.62;ESE;4.722222222222222;0.0;1011.68;0.0;Partly Cloudy
1541340000;29.0;21.0;0.62;ESE;5.277777777777778;0.0;1010.68;0.0;Partly Cloudy
1541343600;29.0;21.0;0.62;ESE;4.722222222222222;0.0;1009.68;0.0;Partly Cloudy
1541347200;28.0;21.0;0.66;ESE;4.722222222222222;0.0;1008.68;0.0;Partly Cloudy
1541350800;28.0;21.0;0.66;SE;4.722222222222222;0.0;1008.68;0.0;Fair
1541354400;28.0;21.0;0.66;E;4.166666666666667;0.0;1008.68;0.0;Fair
1541358000;27.0;21.0;0.7;ESE;4.166666666666667;0.0;1008.68;0.0;Fair
1541361600;27.0;21.0;0.7;SE;4.166666666666667;0.0;1008.68;0.0;Fair
1541365200;26.0;21.0;0.74;ESE;3.611111111111111;0.0;1009.68;0.0;Fair
1541368800;26.0;21.0;0.74;ESE;4.166666666666667;0.0;1009.68;0.0;Partly Cloudy
1541372400;26.0;21.0;0.74;ESE;4.166666666666667;0.0;1010.68;0.0;Partly Cloudy
1541376000;26.0;21.0;0.74;E;4.166666666666667;0.0;1010.68;0.0;Partly Cloudy
1541379600;26.0;22.0;0.78;E;3.0555555555555554;0.0;1009.68;0.0;Partly Cloudy
1541383200;26.0;21.0;0.74;E;3.0555555555555554;0.0;1009.68;0.0;Partly Cloudy
1541386800;26.0;21.0;0.74;E;3.0555555555555554;0.0;1009.68;0.0;Partly Cloudy
1541390400;26.0;21.0;0.74;E;3.611111111111111;0.0;1008.68;0.0;Mostly Cloudy
1541394000;26.0;21.0;0.74;E;3.0555555555555554;0.0;1008.68;0.0;Partly Cloudy
1541397600;26.0;21.0;0.74;E;2.5;0.0;1009.68;0.0;Partly Cloudy
1541401200;26.0;21.0;0.74;E;2.5;0.0;1009.68;0.0;Partly Cloudy
1541404800;27.0;21.0;0.7;E;2.5;0.0;1010.68;0.0;Fair
1541408400;27.0;21.0;0.7;E;3.0555555555555554;0.0;1010.68;0.0;Fair
1541412000;28.0;21.0;0.66;E;3.0555555555555554;0.0;1011.68;0.0;Fair
1541415600;28.0;21.0;0.66;E;4.166666666666667;0.0;1011.68;0.0;Partly Cloudy
1541419200;28.0;22.0;0.7;E;3.611111111111111;0.0;1011.68;0.0;Partly Cloudy
1541422800;30.0;22.0;0.62;E;4.166666666666667;0.0;1011.68;0.0;Partly Cloudy
1541426400;29.0;22.0;0.66;E;4.722222222222222;0.0;1010.68;0.0;Partly Cloudy
1541430000;30.0;22.0;0.62;E;4.166666666666667;0.0;1009.68;0.0;Partly Cloudy
1541433600;29.0;22.0;0.66;E;4.166666666666667;0.0;1008.68;0.0;Partly Cloudy
1541437200;28.0;22.0;0.7;ESE;4.722222222222222;0.0;1008.68;0.0;Partly Cloudy
1541440800;28.0;22.0;0.7;E;4.166666666666667;0.0;1008.68;0.0;Partly Cloudy
1541444400;27.0;21.0;0.7;E;3.611111111111111;0.0;1008.68;0.0;Partly Cloudy
1541448000;27.0;22.0;0.74;E;4.166666666666667;0.0;1009.68;0.0;Mostly Cloudy
1541451600;27.0;22.0;0.74;ESE;4.722222222222222;0.0;1010.68;0.0;Mostly Cloudy
1541455200;27.0;21.0;0.7;ESE;4.722222222222222;0.0;1010.68;0.0;Mostly Cloudy
1541458800;27.0;21.0;0.7;E;4.166666666666667;0.0;1011.68;0.0;Partly Cloudy
1541462400;26.0;21.0;0.74;E;4.166666666666667;0.0;1011.68;0.0;Fair
1541466000;26.0;21.0;0.74;E;2.5;0.0;1010.68;0.0;Fair
1541469600;26.0;21.0;0.74;ESE;3.0555555555555554;0.0;1010.68;0.0;Fair
1541473200;26.0;21.0;0.74;E;3.611111111111111;0.0;1009.68;0.0;Fair
1541476800;26.0;21.0;0.74;E;3.611111111111111;0.0;1009.68;0.0;Partly Cloudy
1541480400;26.0;22.0;0.78;E;2.5;0.0;1009.68;0.0;Fair
1541484000;26.0;21.0;0.74;E;2.5;0.0;1009.68;0.0;Fair
1541487600;26.0;21.0;0.74;E;2.5;0.0;1009.68;0.0;Partly Cloudy
1541491200;26.0;21.0;0.74;E;3.0555555555555554;0.0;1010.68;0.0;Partly Cloudy
1541494800;27.0;21.0;0.7;ESE;4.722222222222222;0.0;0.0;0.0;Showers in the Vicinity
1541498400;27.0;22.0;0.74;ESE;4.166666666666667;0.0;1011.68;0.0;Partly Cloudy
1541502000;28.0;22.0;0.7;E;4.166666666666667;0.0;1011.68;0.0;Partly Cloudy
1541505600;29.0;22.0;0.66;ESE;4.166666666666667;0.0;1011.68;0.0;Partly Cloudy
1541509200;28.0;21.0;0.66;ESE;4.722222222222222;0.0;1011.68;0.0;Partly Cloudy
1541512800;29.0;22.0;0.66;E;4.722222222222222;0.0;1010.68;0.0;Partly Cloudy
1541516400;29.0;22.0;0.66;E;4.166666666666667;0.0;1009.68;0.0;Partly Cloudy
1541520000;29.0;22.0;0.66;E;4.166666666666667;0.0;1009.68;0.0;Fair
1541523600;28.0;21.0;0.66;SE;4.722222222222222;0.0;1009.68;0.0;Fair
1541527200;28.0;22.0;0.7;ESE;4.166666666666667;0.0;1009.68;0.0;Fair
1541530800;27.0;22.0;0.74;ESE;3.611111111111111;0.0;1009.68;0.0;Partly Cloudy
1541534400;27.0;22.0;0.74;ESE;4.722222222222222;0.0;1010.68;0.0;Fair
1541538000;27.0;22.0;0.74;ESE;4.166666666666667;0.0;1010.68;0.0;Fair
1541541600;26.0;22.0;0.78;ESE;3.611111111111111;0.0;1011.68;0.0;Fair
1541545200;26.0;23.0;0.83;ESE;4.166666666666667;0.0;1011.68;0.0;Fair
1541548800;26.0;22.0;0.78;E;3.611111111111111;0.0;1011.68;0.0;Fair
1541552400;26.0;22.0;0.78;E;3.611111111111111;10.833333333333334;1011.68;0.0;Fair
1541556000;26.0;22.0;0.78;E;3.611111111111111;0.0;1010.68;0.0;Partly Cloudy
1541559600;26.0;22.0;0.78;E;2.5;0.0;1010.68;0.0;Mostly Cloudy
1541563200;26.0;22.0;0.78;E;2.5;0.0;1009.68;0.0;Mostly Cloudy
1541566800;26.0;22.0;0.78;ENE;3.611111111111111;0.0;1009.68;0.0;Partly Cloudy
1541570400;26.0;22.0;0.78;E;2.5;0.0;1009.68;0.0;Mostly Cloudy
1541574000;26.0;22.0;0.78;ENE;2.5;0.0;1010.68;0.0;Mostly Cloudy
1541577600;26.0;22.0;0.78;ENE;3.0555555555555554;0.0;1010.68;0.0;Partly Cloudy
1541581200;28.0;22.0;0.7;E;3.611111111111111;0.0;1011.68;0.0;Partly Cloudy
1541584800;28.0;23.0;0.74;ESE;3.611111111111111;0.0;1012.68;0.0;Mostly Cloudy
1541588400;28.0;22.0;0.7;E;4.722222222222222;0.0;1012.68;0.0;Partly Cloudy
1541592000;29.0;23.0;0.7;E;4.166666666666667;0.0;1011.68;0.0;Partly Cloudy
1541595600;29.0;22.0;0.66;ESE;5.277777777777778;0.0;1011.68;0.0;Partly Cloudy
1541599200;29.0;22.0;0.66;E;4.166666666666667;0.0;1011.68;0.0;Partly Cloudy
1541602800;29.0;23.0;0.7;ESE;5.277777777777778;0.0;1010.68;0.0;Mostly Cloudy
1541606400;29.0;22.0;0.66;E;4.166666666666667;0.0;1010.68;0.0;Showers in the Vicinity
1541610000;27.0;23.0;0.79;E;4.722222222222222;0.0;1010.68;0.0;Mostly Cloudy
1541612340;26.0;23.0;0.83;ENE;4.722222222222222;0.0;1010.68;0.0;Light Rain Shower
1541613600;26.0;24.0;0.89;ENE;3.611111111111111;0.0;0.0;0.0;Showers in the Vicinity
1541615460;24.0;23.0;0.94;ENE;4.166666666666667;0.0;1010.68;0.0;Light Rain Shower
1541617200;24.0;23.0;0.94;E;4.166666666666667;0.0;0.0;0.0;Light Rain
1541620800;24.0;23.0;0.94;W;1.6666666666666665;0.0;1011.68;0.0;Light Rain
1541624400;24.0;23.0;0.94;SSW;1.6666666666666665;0.0;1011.68;0.0;Mostly Cloudy
1541626200;24.0;23.0;0.94;ESE;3.0555555555555554;0.0;1012.68;0.0;Light Rain
1541628000;24.0;23.0;0.94;E;3.611111111111111;0.0;1012.68;0.0;Light Rain
1541630220;24.0;23.0;0.94;N;1.6666666666666665;0.0;1012.68;0.0;Mostly Cloudy
1541631600;24.0;23.0;0.94;N;1.6666666666666665;0.0;1012.68;0.0;Mostly Cloudy
1541635200;24.0;23.0;0.94;NW;2.5;0.0;1012.68;0.0;Mostly Cloudy
1541638800;24.0;23.0;0.94;CALM;0.0;0.0;1011.68;0.0;Mostly Cloudy
1541642400;26.0;22.0;0.78;ENE;2.5;0.0;1011.68;0.0;Partly Cloudy
1541646000;25.0;22.0;0.83;ENE;1.9444444444444444;0.0;1010.68;0.0;Partly Cloudy
1541649600;26.0;22.0;0.78;ENE;3.0555555555555554;0.0;1010.68;0.0;Partly Cloudy
1541653200;25.0;21.0;0.78;ENE;4.166666666666667;0.0;1010.68;0.0;Partly Cloudy
1541656800;26.0;21.0;0.74;ENE;3.611111111111111;0.0;1010.68;0.0;Partly Cloudy
1541660400;26.0;21.0;0.74;ENE;1.9444444444444444;0.0;1011.68;0.0;Mostly Cloudy
1541664000;26.0;21.0;0.74;ENE;3.611111111111111;0.0;1011.68;0.0;Mostly Cloudy
1541667600;27.0;22.0;0.74;ENE;3.611111111111111;0.0;1011.68;0.0;Partly Cloudy
1541671200;28.0;22.0;0.7;ENE;4.166666666666667;0.0;1012.68;0.0;Mostly Cloudy
1541674800;28.0;22.0;0.7;ENE;4.166666666666667;0.0;1012.68;0.0;Partly Cloudy
1541678400;28.0;22.0;0.7;E;5.277777777777778;0.0;1012.68;0.0;Partly Cloudy
1541682000;29.0;22.0;0.66;E;4.722222222222222;0.0;1012.68;0.0;Mostly Cloudy
1541685600;29.0;22.0;0.66;E;5.555555555555555;0.0;0.0;0.0;Showers in the Vicinity
1541689200;29.0;23.0;0.7;NE;4.166666666666667;0.0;1011.68;0.0;Fair
1541692800;29.0;23.0;0.7;ENE;3.0555555555555554;0.0;0.0;0.0;Showers in the Vicinity
1541696400;27.0;23.0;0.79;E;3.611111111111111;0.0;1010.68;0.0;Partly Cloudy
1541700000;28.0;22.0;0.7;E;4.166666666666667;0.0;1010.68;0.0;Partly Cloudy
1541703600;27.0;23.0;0.79;E;4.722222222222222;0.0;1010.68;0.0;Fair
1541707200;27.0;22.0;0.74;E;3.611111111111111;0.0;1011.68;0.0;Fair
1541710800;27.0;22.0;0.74;E;3.0555555555555554;0.0;1011.68;0.0;Fair
1541714400;26.0;22.0;0.78;ESE;2.5;0.0;1012.68;0.0;Fair
1541718000;26.0;22.0;0.78;ESE;3.0555555555555554;0.0;1012.68;0.0;Partly Cloudy
1541721600;26.0;22.0;0.78;ESE;3.0555555555555554;0.0;1012.68;0.0;Partly Cloudy
1541725200;26.0;22.0;0.78;ESE;3.0555555555555554;0.0;1012.68;0.0;Partly Cloudy
1541728800;26.0;22.0;0.78;ESE;3.0555555555555554;0.0;1011.68;0.0;Partly Cloudy
1541732400;25.0;22.0;0.83;E;1.9444444444444444;0.0;1011.68;0.0;Showers in the Vicinity
1541736000;26.0;22.0;0.78;ESE;2.5;0.0;1010.68;0.0;Partly Cloudy
1541739600;26.0;22.0;0.78;ESE;3.0555555555555554;0.0;1010.68;0.0;Partly Cloudy
1541743200;26.0;22.0;0.78;E;2.5;0.0;1011.68;0.0;Mostly Cloudy
1541746800;26.0;22.0;0.78;ESE;3.0555555555555554;0.0;1011.68;0.0;Partly Cloudy
1541750400;26.0;23.0;0.83;SE;3.611111111111111;0.0;1011.68;0.0;Mostly Cloudy
1541754000;27.0;22.0;0.74;E;4.166666666666667;0.0;1012.68;0.0;Partly Cloudy
1541757600;28.0;22.0;0.7;E;3.611111111111111;0.0;1013.68;0.0;Partly Cloudy
1541761200;28.0;23.0;0.74;SE;5.277777777777778;0.0;1013.68;0.0;Mostly Cloudy
1541764800;28.0;23.0;0.74;SE;5.277777777777778;0.0;1013.68;0.0;Mostly Cloudy
1541768400;29.0;22.0;0.66;ESE;4.722222222222222;0.0;1013.68;0.0;Partly Cloudy
1541772000;29.0;23.0;0.7;E;4.722222222222222;0.0;1012.68;0.0;Partly Cloudy
1541775600;29.0;23.0;0.7;ESE;4.722222222222222;0.0;1011.68;0.0;Partly Cloudy
1541779200;28.0;22.0;0.7;E;4.722222222222222;0.0;1010.68;0.0;Fair
1541782800;28.0;23.0;0.74;ESE;4.722222222222222;0.0;1009.68;0.0;Partly Cloudy
1541786400;28.0;22.0;0.7;ESE;5.277777777777778;0.0;1009.68;0.0;Partly Cloudy
1541790000;27.0;22.0;0.74;SE;4.722222222222222;0.0;1009.68;0.0;Partly Cloudy
1541793600;27.0;23.0;0.79;ESE;4.166666666666667;0.0;1010.68;0.0;Partly Cloudy
1541797200;27.0;23.0;0.79;ESE;4.722222222222222;0.0;1010.68;0.0;Fair
1541800800;27.0;22.0;0.74;ESE;4.722222222222222;0.0;1011.68;0.0;Partly Cloudy
1541804400;27.0;22.0;0.74;ESE;4.722222222222222;0.0;1011.68;0.0;Fair
1541808000;26.0;22.0;0.78;ESE;3.611111111111111;0.0;1011.68;0.0;Partly Cloudy
1541811600;26.0;22.0;0.78;ESE;5.277777777777778;0.0;1011.68;0.0;Partly Cloudy
1541815200;26.0;22.0;0.78;ESE;4.722222222222222;0.0;1011.68;0.0;Mostly Cloudy
1541818800;25.0;22.0;0.83;ESE;4.166666666666667;0.0;1010.68;0.0;Partly Cloudy
1541822400;25.0;22.0;0.83;ESE;4.166666666666667;0.0;1010.68;0.0;Partly Cloudy
1541826000;25.0;22.0;0.83;ESE;3.611111111111111;0.0;1009.68;0.0;Showers in the Vicinity
1541829600;26.0;22.0;0.78;ESE;4.166666666666667;0.0;1010.68;0.0;Mostly Cloudy
1541833200;26.0;22.0;0.78;ESE;4.722222222222222;0.0;1010.68;0.0;Partly Cloudy
1541836800;27.0;22.0;0.74;ESE;4.166666666666667;0.0;1010.68;0.0;Partly Cloudy
1541840400;27.0;22.0;0.74;SE;5.555555555555555;0.0;1011.68;0.0;Mostly Cloudy
1541844000;28.0;22.0;0.7;ESE;4.722222222222222;0.0;1011.68;0.0;Partly Cloudy
1541847600;28.0;22.0;0.7;SE;5.555555555555555;0.0;1012.68;0.0;Partly Cloudy
1541851200;29.0;22.0;0.66;SE;4.722222222222222;0.0;1011.68;0.0;Partly Cloudy
1541854800;28.0;22.0;0.7;E;5.555555555555555;0.0;1011.68;0.0;Partly Cloudy
1541858400;29.0;23.0;0.7;E;5.277777777777778;0.0;1010.68;0.0;Fair
1541862000;29.0;22.0;0.66;E;5.555555555555555;0.0;1009.68;0.0;Fair
1541865600;29.0;22.0;0.66;ESE;4.722222222222222;0.0;1009.68;0.0;Fair
1541869200;28.0;22.0;0.7;SE;5.555555555555555;0.0;1008.68;0.0;Partly Cloudy
1541872800;28.0;22.0;0.7;ESE;4.722222222222222;0.0;1008.68;0.0;Partly Cloudy
1541876400;27.0;22.0;0.74;SE;4.166666666666667;0.0;1008.68;0.0;Partly Cloudy
1541880000;27.0;22.0;0.74;SE;5.277777777777778;0.0;1008.68;0.0;Mostly Cloudy
1541883600;27.0;21.0;0.7;E;4.722222222222222;0.0;1009.68;0.0;Mostly Cloudy
1541887200;27.0;22.0;0.74;ESE;4.722222222222222;0.0;1010.68;0.0;Mostly Cloudy
1541890800;27.0;22.0;0.74;SE;5.555555555555555;0.0;1010.68;0.0;Mostly Cloudy
1541894400;27.0;21.0;0.7;ESE;4.166666666666667;0.0;1010.68;0.0;Fair
1541898000;26.0;21.0;0.74;ESE;4.166666666666667;0.0;1010.68;0.0;Partly Cloudy
1541901600;26.0;21.0;0.74;ESE;4.722222222222222;0.0;1009.68;0.0;Partly Cloudy
1541905200;26.0;21.0;0.74;ESE;3.611111111111111;0.0;1009.68;0.0;Partly Cloudy
1541908800;26.0;21.0;0.74;SE;3.611111111111111;0.0;1008.68;0.0;Fair
1541912400;26.0;21.0;0.74;SE;3.611111111111111;0.0;1008.68;0.0;Fair
1541916000;26.0;21.0;0.74;SE;4.722222222222222;0.0;1008.68;0.0;Partly Cloudy
1541919600;26.0;22.0;0.78;SE;4.166666666666667;0.0;1009.68;0.0;Mostly Cloudy
1541923200;27.0;22.0;0.74;SE;4.166666666666667;0.0;1009.68;0.0;Mostly Cloudy
1541926800;27.0;22.0;0.74;SE;5.555555555555555;0.0;1010.68;0.0;Mostly Cloudy
1541930400;28.0;22.0;0.7;ESE;5.555555555555555;0.0;1010.68;0.0;Partly Cloudy
1541934000;29.0;20.0;0.58;SE;3.611111111111111;0.0;1010.68;0.0;Fair
1541937600;29.0;22.0;0.66;ESE;5.555555555555555;0.0;1010.68;0.0;Partly Cloudy
1541941200;30.0;22.0;0.62;SE;5.555555555555555;0.0;1010.68;0.0;Partly Cloudy
1541944800;29.0;21.0;0.62;SE;6.111111111111111;0.0;1009.68;0.0;Mostly Cloudy
1541948400;30.0;20.0;0.55;SE;5.555555555555555;0.0;1009.68;0.0;Fair
1541952000;29.0;21.0;0.62;SE;5.555555555555555;0.0;1008.68;0.0;Fair
1541955600;28.0;21.0;0.66;ESE;5.555555555555555;0.0;1007.68;0.0;Partly Cloudy
1541959200;28.0;21.0;0.66;ESE;5.277777777777778;0.0;1008.68;0.0;Partly Cloudy
1541962800;27.0;21.0;0.7;ESE;4.166666666666667;0.0;1008.68;0.0;Partly Cloudy
1541966400;27.0;22.0;0.74;ESE;3.611111111111111;0.0;1009.68;0.0;Partly Cloudy
1541970000;27.0;22.0;0.74;ESE;4.166666666666667;0.0;1010.68;0.0;Mostly Cloudy
1541973600;27.0;22.0;0.74;SE;4.166666666666667;0.0;1010.68;0.0;Partly Cloudy
1541977200;27.0;22.0;0.74;ESE;3.611111111111111;0.0;1011.68;0.0;Fair
1541980800;27.0;21.0;0.7;ESE;3.611111111111111;0.0;1011.68;0.0;Partly Cloudy
1541984400;27.0;21.0;0.7;ESE;3.0555555555555554;0.0;1011.68;0.0;Fair
1541988000;26.0;22.0;0.78;SE;3.0555555555555554;0.0;1011.68;0.0;Partly Cloudy
1541991600;26.0;22.0;0.78;ESE;3.0555555555555554;0.0;1010.68;0.0;Partly Cloudy
1541995200;26.0;22.0;0.78;ESE;3.611111111111111;0.0;1010.68;0.0;Mostly Cloudy
1541998800;26.0;21.0;0.74;ESE;3.611111111111111;0.0;1010.68;0.0;Mostly Cloudy
1542002400;26.0;22.0;0.78;ESE;3.611111111111111;0.0;1010.68;0.0;Partly Cloudy
1542006000;26.0;22.0;0.78;ESE;2.5;0.0;1010.68;0.0;Mostly Cloudy
1542009600;27.0;22.0;0.74;ESE;3.611111111111111;0.0;0.0;0.0;Mostly Cloudy
1542013200;27.0;23.0;0.79;ESE;3.0555555555555554;0.0;1011.68;0.0;Partly Cloudy
1542016800;28.0;22.0;0.7;E;4.166666666666667;0.0;1011.68;0.0;Partly Cloudy
1542020400;29.0;22.0;0.66;E;4.722222222222222;0.0;1011.68;0.0;Partly Cloudy
1542024000;29.0;23.0;0.7;E;4.722222222222222;0.0;1011.68;0.0;Mostly Cloudy
1542027600;30.0;22.0;0.62;E;4.722222222222222;0.0;1011.68;0.0;Mostly Cloudy
1542031200;29.0;21.0;0.62;ESE;5.277777777777778;0.0;1010.68;0.0;Partly Cloudy
1542034800;29.0;22.0;0.66;ESE;4.166666666666667;0.0;1009.68;0.0;Partly Cloudy
1542038400;29.0;22.0;0.66;E;3.611111111111111;0.0;1008.68;0.0;Partly Cloudy
1542042000;29.0;20.0;0.58;SE;4.166666666666667;0.0;1008.68;0.0;Fair
1542045600;28.0;21.0;0.66;SE;4.722222222222222;0.0;1008.68;0.0;Fair
1542049200;27.0;21.0;0.7;ESE;4.166666666666667;0.0;1009.68;0.0;Fair
1542052800;27.0;21.0;0.7;ESE;3.0555555555555554;0.0;1010.68;0.0;Fair
1542056400;27.0;21.0;0.7;ESE;3.611111111111111;0.0;1010.68;0.0;Partly Cloudy
1542060000;27.0;21.0;0.7;SE;4.166666666666667;0.0;1011.68;0.0;Partly Cloudy
1542063600;27.0;21.0;0.7;SE;3.611111111111111;0.0;1012.68;0.0;Fair
1542067200;27.0;22.0;0.74;ESE;3.0555555555555554;0.0;1012.68;0.0;Fair
1542070800;27.0;22.0;0.74;ESE;3.611111111111111;0.0;1011.68;0.0;Partly Cloudy
1542074400;26.0;22.0;0.78;SE;3.0555555555555554;0.0;1011.68;0.0;Partly Cloudy
1542078000;26.0;22.0;0.78;ESE;2.5;0.0;1010.68;0.0;Partly Cloudy
1542081600;26.0;21.0;0.74;SE;3.611111111111111;0.0;1010.68;0.0;Partly Cloudy
1542085200;26.0;22.0;0.78;SE;3.0555555555555554;0.0;1010.68;0.0;Partly Cloudy
1542088800;26.0;22.0;0.78;SE;4.166666666666667;0.0;1010.68;0.0;Mostly Cloudy
1542092400;26.0;23.0;0.83;SE;4.166666666666667;0.0;1011.68;0.0;Mostly Cloudy
1542096000;27.0;23.0;0.79;SE;4.722222222222222;0.0;1011.68;0.0;Mostly Cloudy
1542099600;28.0;22.0;0.7;SE;5.555555555555555;0.0;1012.68;0.0;Partly Cloudy
1542103200;28.0;22.0;0.7;SE;6.111111111111111;0.0;1012.68;0.0;Partly Cloudy
1542106800;29.0;23.0;0.7;SE;6.111111111111111;0.0;1012.68;0.0;Mostly Cloudy
1542110400;29.0;22.0;0.66;SE;6.666666666666666;0.0;1012.68;0.0;Mostly Cloudy
1542114000;29.0;23.0;0.7;SE;6.666666666666666;0.0;1012.68;0.0;Partly Cloudy
1542117600;29.0;22.0;0.66;SSE;7.222222222222222;0.0;1011.68;0.0;Partly Cloudy
1542121200;29.0;22.0;0.66;SE;5.277777777777778;0.0;1010.68;0.0;Mostly Cloudy
1542124800;29.0;23.0;0.7;SE;6.666666666666666;0.0;1009.68;0.0;Mostly Cloudy
1542128400;28.0;22.0;0.7;SE;6.111111111111111;0.0;1009.68;0.0;Mostly Cloudy
1542132000;28.0;22.0;0.7;SE;5.277777777777778;0.0;1009.68;0.0;Partly Cloudy
1542135600;27.0;23.0;0.79;SE;5.277777777777778;0.0;1009.68;0.0;Mostly Cloudy
1542139200;27.0;23.0;0.79;SE;4.166666666666667;0.0;1010.68;0.0;Partly Cloudy
1542142800;27.0;23.0;0.79;SE;5.277777777777778;0.0;1010.68;0.0;Partly Cloudy
1542146400;27.0;22.0;0.74;SE;4.722222222222222;0.0;1011.68;0.0;Partly Cloudy
1542150000;27.0;22.0;0.74;SE;4.166666666666667;0.0;1012.68;0.0;Partly Cloudy
1542153600;27.0;22.0;0.74;ESE;4.722222222222222;0.0;1012.68;0.0;Mostly Cloudy
1542157200;26.0;22.0;0.78;SE;4.722222222222222;0.0;1011.68;0.0;Fair
1542160800;26.0;22.0;0.78;SE;4.722222222222222;0.0;1010.68;0.0;Mostly Cloudy
1542164400;26.0;22.0;0.78;SE;5.555555555555555;0.0;1010.68;0.0;Mostly Cloudy
1542168000;26.0;22.0;0.78;SE;5.555555555555555;0.0;1010.68;0.0;Partly Cloudy
1542171600;26.0;22.0;0.78;SE;5.277777777777778;0.0;1010.68;0.0;Partly Cloudy
1542175200;26.0;22.0;0.78;SE;4.722222222222222;0.0;1010.68;0.0;Partly Cloudy
1542178800;26.0;22.0;0.78;SE;5.277777777777778;0.0;1010.68;0.0;Mostly Cloudy
1542182400;27.0;22.0;0.74;SE;5.277777777777778;0.0;1011.68;0.0;Mostly Cloudy
1542186000;28.0;23.0;0.74;SE;6.111111111111111;0.0;1011.68;0.0;Partly Cloudy
1542189600;28.0;22.0;0.7;SE;5.277777777777778;0.0;1012.68;0.0;Partly Cloudy
1542193200;28.0;22.0;0.7;E;5.277777777777778;0.0;1012.68;0.0;Partly Cloudy
1542196800;29.0;22.0;0.66;ESE;4.722222222222222;0.0;1012.68;0.0;Mostly Cloudy
1542200400;29.0;22.0;0.66;ESE;5.277777777777778;0.0;1011.68;0.0;Mostly Cloudy
1542204000;29.0;21.0;0.62;E;4.722222222222222;0.0;1010.68;0.0;Partly Cloudy
1542207600;29.0;22.0;0.66;SE;6.111111111111111;0.0;1010.68;0.0;Partly Cloudy
1542211200;28.0;21.0;0.66;ESE;4.722222222222222;0.0;1009.68;0.0;Partly Cloudy
1542214800;28.0;22.0;0.7;ESE;5.277777777777778;0.0;1008.68;0.0;Fair
1542218400;28.0;22.0;0.7;ESE;5.277777777777778;0.0;1008.68;0.0;Fair
1542222000;28.0;21.0;0.66;ESE;3.611111111111111;0.0;1008.68;0.0;Fair
1542225600;27.0;22.0;0.74;E;3.0555555555555554;0.0;1009.68;0.0;Fair
1542229200;27.0;22.0;0.74;E;3.611111111111111;0.0;1009.68;0.0;Fair
1542232800;27.0;21.0;0.7;E;3.611111111111111;0.0;1010.68;0.0;Fair
1542236400;27.0;21.0;0.7;E;3.611111111111111;0.0;1010.68;0.0;Fair
1542240000;27.0;21.0;0.7;E;4.166666666666667;0.0;1010.68;0.0;Mostly Cloudy
1542243600;27.0;21.0;0.7;E;3.611111111111111;0.0;1010.68;0.0;Partly Cloudy
1542247200;26.0;22.0;0.78;E;3.0555555555555554;0.0;1009.68;0.0;Partly Cloudy
1542250800;26.0;21.0;0.74;E;4.166666666666667;0.0;1009.68;0.0;Partly Cloudy
1542254400;26.0;21.0;0.74;E;3.611111111111111;0.0;1009.68;0.0;Mostly Cloudy
1542258000;26.0;21.0;0.74;E;3.0555555555555554;0.0;1009.68;0.0;Partly Cloudy
1542261600;26.0;21.0;0.74;ESE;3.0555555555555554;0.0;1009.68;0.0;Partly Cloudy
1542265200;26.0;21.0;0.74;ESE;2.5;0.0;1010.68;0.0;Mostly Cloudy
1542268800;26.0;22.0;0.78;E;3.611111111111111;0.0;1010.68;0.0;Showers in the Vicinity
1542272400;27.0;21.0;0.7;E;4.166666666666667;0.0;1011.68;0.0;Partly Cloudy
1542276000;28.0;21.0;0.66;ESE;5.555555555555555;0.0;1012.68;0.0;Partly Cloudy
1542279600;28.0;21.0;0.66;E;5.277777777777778;0.0;1012.68;0.0;Mostly Cloudy
1542283200;29.0;21.0;0.62;ESE;5.555555555555555;0.0;1011.68;0.0;Partly Cloudy
1542286800;29.0;21.0;0.62;E;5.277777777777778;0.0;1011.68;0.0;Fair
1542290400;30.0;20.0;0.55;ESE;5.277777777777778;0.0;1010.68;0.0;Fair
1542294000;29.0;20.0;0.58;E;3.611111111111111;0.0;1009.68;0.0;Fair
1542297600;29.0;21.0;0.62;ESE;6.111111111111111;0.0;1009.68;0.0;Fair
1542301200;29.0;21.0;0.62;ESE;5.277777777777778;0.0;1009.68;0.0;Fair
1542304800;28.0;21.0;0.66;ESE;4.722222222222222;0.0;1009.68;0.0;Fair
1542308400;27.0;21.0;0.7;ESE;3.611111111111111;0.0;1009.68;0.0;Partly Cloudy
1542312000;27.0;21.0;0.7;E;3.611111111111111;0.0;1010.68;0.0;Partly Cloudy
1542315600;27.0;21.0;0.7;ESE;3.611111111111111;0.0;1010.68;0.0;Mostly Cloudy
1542319200;27.0;21.0;0.7;ESE;3.0555555555555554;0.0;1011.68;0.0;Mostly Cloudy
1542322800;27.0;21.0;0.7;E;2.5;0.0;1011.68;0.0;Mostly Cloudy
1542326400;27.0;22.0;0.74;E;3.611111111111111;0.0;1011.68;0.0;Partly Cloudy
1542330000;27.0;21.0;0.7;E;1.9444444444444444;0.0;1011.68;0.0;Fair
1542333600;26.0;22.0;0.78;VAR;1.1111111111111112;0.0;1010.68;0.0;Fair
1542337200;26.0;22.0;0.78;E;3.611111111111111;0.0;1010.68;0.0;Showers in the Vicinity
1542340800;26.0;21.0;0.74;ENE;4.166666666666667;0.0;1010.68;0.0;Fair
1542344400;26.0;22.0;0.78;ENE;3.0555555555555554;0.0;1010.68;0.0;Fair
1542348000;26.0;22.0;0.78;ENE;3.0555555555555554;0.0;1010.68;0.0;Partly Cloudy
1542351600;26.0;22.0;0.78;ENE;3.0555555555555554;0.0;1011.68;0.0;Mostly Cloudy
1542355200;27.0;22.0;0.74;ENE;2.5;0.0;1012.68;0.0;Partly Cloudy
1542358800;28.0;22.0;0.7;E;3.0555555555555554;0.0;1012.68;0.0;Partly Cloudy
1542362400;29.0;22.0;0.66;ENE;3.611111111111111;0.0;1013.68;0.0;Partly Cloudy
1542366000;29.0;22.0;0.66;ENE;4.722222222222222;0.0;1013.68;0.0;Partly Cloudy
1542369600;29.0;22.0;0.66;E;5.277777777777778;0.0;1013.68;0.0;Partly Cloudy
1542373200;29.0;22.0;0.66;E;5.277777777777778;0.0;1012.68;0.0;Partly Cloudy
1542376800;30.0;23.0;0.66;E;5.555555555555555;0.0;1011.68;0.0;Partly Cloudy
1542380400;29.0;22.0;0.66;E;5.555555555555555;0.0;1011.68;0.0;Partly Cloudy
1542384000;29.0;22.0;0.66;ESE;5.555555555555555;0.0;1011.68;0.0;Partly Cloudy
1542387600;28.0;22.0;0.7;E;4.722222222222222;0.0;1011.68;0.0;Partly Cloudy
1542391200;28.0;22.0;0.7;E;4.722222222222222;0.0;1011.68;0.0;Partly Cloudy
1542394800;27.0;22.0;0.74;E;4.166666666666667;0.0;1011.68;0.0;Partly Cloudy
1542398400;27.0;22.0;0.74;E;4.722222222222222;0.0;1012.68;0.0;Partly Cloudy
1542402000;27.0;22.0;0.74;E;4.722222222222222;0.0;1012.68;0.0;Fair
1542405600;27.0;22.0;0.74;E;3.0555555555555554;0.0;1013.68;0.0;Fair
1542409200;27.0;21.0;0.7;E;4.722222222222222;0.0;1013.68;0.0;Fair
1542412800;27.0;22.0;0.74;E;3.611111111111111;0.0;1012.68;0.0;Fair
1542416400;26.0;22.0;0.78;E;3.0555555555555554;0.0;1012.68;0.0;Fair
1542423600;26.0;22.0;0.78;E;3.0555555555555554;0.0;1011.68;0.0;Fair
1542427200;26.0;22.0;0.78;ESE;2.5;0.0;1011.68;0.0;Fair
1542430800;26.0;22.0;0.78;ESE;3.0555555555555554;0.0;1011.68;0.0;Fair
1542434400;26.0;22.0;0.78;E;2.5;0.0;1011.68;0.0;Fair
1542438000;26.0;22.0;0.78;ESE;3.611111111111111;0.0;1012.68;0.0;Mostly Cloudy
1542441600;27.0;23.0;0.79;SE;3.611111111111111;0.0;1012.68;0.0;Mostly Cloudy
1542445200;28.0;23.0;0.74;E;4.722222222222222;0.0;1013.68;0.0;Partly Cloudy
1542448800;28.0;23.0;0.74;ESE;4.722222222222222;0.0;1013.68;0.0;Mostly Cloudy
1542452400;27.0;23.0;0.79;E;4.722222222222222;0.0;1013.68;0.0;Mostly Cloudy
1542456000;29.0;23.0;0.7;E;4.166666666666667;0.0;1013.68;0.0;Mostly Cloudy
1542459600;29.0;23.0;0.7;SE;5.277777777777778;0.0;1013.68;0.0;Mostly Cloudy
1542463200;29.0;23.0;0.7;SE;4.722222222222222;0.0;1012.68;0.0;Partly Cloudy
1542466800;30.0;23.0;0.66;SE;5.277777777777778;0.0;1012.68;0.0;Partly Cloudy
1542470400;29.0;22.0;0.66;SE;6.111111111111111;0.0;1011.68;0.0;Partly Cloudy
1542474000;29.0;22.0;0.66;SE;6.111111111111111;0.0;1011.68;0.0;Partly Cloudy
1542477600;28.0;23.0;0.74;SE;6.666666666666666;0.0;1011.68;0.0;Partly Cloudy
1542481200;27.0;22.0;0.74;SSE;6.111111111111111;0.0;1011.68;0.0;Partly Cloudy
1542484800;27.0;23.0;0.79;SE;5.555555555555555;0.0;1011.68;0.0;Partly Cloudy
1542488400;27.0;23.0;0.79;SE;7.777777777777778;0.0;1012.68;0.0;Partly Cloudy
1542492000;27.0;23.0;0.79;SE;5.277777777777778;0.0;1012.68;0.0;Partly Cloudy
1542495600;27.0;22.0;0.74;SE;6.111111111111111;0.0;1013.68;0.0;Mostly Cloudy
1542499200;27.0;22.0;0.74;SE;5.555555555555555;0.0;1013.68;0.0;Partly Cloudy
1542502800;27.0;22.0;0.74;ESE;4.722222222222222;0.0;1012.68;0.0;Partly Cloudy
1542506400;27.0;22.0;0.74;SE;5.555555555555555;0.0;1012.68;0.0;Mostly Cloudy
1542510000;26.0;22.0;0.78;SE;5.555555555555555;0.0;1011.68;0.0;Partly Cloudy
1542513600;26.0;22.0;0.78;SE;5.555555555555555;0.0;1011.68;0.0;Partly Cloudy
1542517200;26.0;22.0;0.78;SE;5.555555555555555;0.0;1011.68;0.0;Mostly Cloudy
1542520800;26.0;21.0;0.74;SE;6.666666666666666;0.0;1011.68;0.0;Partly Cloudy
1542524400;26.0;21.0;0.74;SE;6.666666666666666;0.0;1011.68;0.0;Fair
1542528000;27.0;20.0;0.65;SE;8.61111111111111;0.0;1012.68;0.0;Fair
1542531600;27.0;20.0;0.65;SE;7.222222222222222;0.0;1013.68;0.0;Fair
1542535200;28.0;21.0;0.66;SSE;7.777777777777778;0.0;1013.68;0.0;Fair
1542538800;28.0;22.0;0.7;SSE;7.222222222222222;0.0;1013.68;0.0;Partly Cloudy
1542542400;29.0;20.0;0.58;SE;6.666666666666666;0.0;1013.68;0.0;Fair
1542546000;29.0;20.0;0.58;SE;7.222222222222222;0.0;1013.68;0.0;Partly Cloudy
1542549600;29.0;21.0;0.62;SE;7.222222222222222;0.0;1012.68;0.0;Fair
1542553200;29.0;21.0;0.62;SE;7.222222222222222;0.0;1011.68;0.0;Fair
1542556800;29.0;21.0;0.62;SE;6.666666666666666;0.0;1010.68;0.0;Fair
1542560400;29.0;21.0;0.62;SE;6.666666666666666;0.0;1010.68;0.0;Partly Cloudy
1542564000;28.0;20.0;0.62;SE;6.666666666666666;0.0;1010.68;0.0;Showers in the Vicinity
1542567600;27.0;21.0;0.7;SSE;6.666666666666666;0.0;1011.68;0.0;Partly Cloudy
1542571200;27.0;21.0;0.7;SSE;5.555555555555555;0.0;1011.68;0.0;Mostly Cloudy
1542574800;27.0;21.0;0.7;SE;5.277777777777778;0.0;1012.68;0.0;Partly Cloudy
1542578400;26.0;21.0;0.74;SE;6.111111111111111;0.0;1012.68;0.0;Partly Cloudy
1542582000;26.0;22.0;0.78;SSE;5.277777777777778;0.0;1012.68;0.0;Partly Cloudy
1542585600;26.0;21.0;0.74;SSE;5.555555555555555;0.0;1012.68;0.0;Fair
1542589200;27.0;22.0;0.74;SE;5.277777777777778;0.0;1012.68;0.0;Partly Cloudy
1542592800;26.0;22.0;0.78;SE;5.277777777777778;0.0;1011.68;0.0;Mostly Cloudy
1542596400;26.0;22.0;0.78;SE;4.166666666666667;0.0;1011.68;0.0;Mostly Cloudy
1542600000;26.0;22.0;0.78;SE;5.555555555555555;11.38888888888889;1010.68;0.0;Mostly Cloudy
1542603600;27.0;22.0;0.74;SE;4.166666666666667;0.0;1010.68;0.0;Mostly Cloudy
1542607200;26.0;22.0;0.78;SSE;5.555555555555555;0.0;1010.68;0.0;Mostly Cloudy
1542610800;26.0;22.0;0.78;SSE;4.166666666666667;0.0;1010.68;0.0;Mostly Cloudy
1542614400;26.0;23.0;0.83;SE;4.722222222222222;0.0;1011.68;0.0;Mostly Cloudy
1542618000;27.0;22.0;0.74;SE;4.722222222222222;0.0;1011.68;0.0;Mostly Cloudy
1542621600;28.0;22.0;0.7;SE;4.722222222222222;0.0;1012.68;0.0;Partly Cloudy
1542625200;29.0;22.0;0.66;SE;6.111111111111111;0.0;1012.68;0.0;Partly Cloudy
1542628800;29.0;22.0;0.66;SSE;6.666666666666666;0.0;1012.68;0.0;Partly Cloudy
1542632400;27.0;24.0;0.84;ESE;1.9444444444444444;0.0;1012.68;0.0;Partly Cloudy
1542636000;29.0;23.0;0.7;SE;6.666666666666666;0.0;1011.68;0.0;Partly Cloudy
1542639600;30.0;23.0;0.66;SE;6.111111111111111;0.0;1011.68;0.0;Partly Cloudy
1542643200;29.0;22.0;0.66;SE;6.111111111111111;0.0;1010.68;0.0;Fair
1542646800;26.0;24.0;0.89;SE;6.111111111111111;0.0;1009.68;0.0;Light Rain Shower
1542650400;27.0;22.0;0.74;ESE;5.555555555555555;0.0;1009.68;0.0;Partly Cloudy
1542654000;27.0;23.0;0.79;ESE;5.277777777777778;0.0;1010.68;0.0;Partly Cloudy
1542657600;27.0;22.0;0.74;ESE;4.166666666666667;0.0;1010.68;0.0;Partly Cloudy
1542661200;27.0;22.0;0.74;ESE;3.611111111111111;0.0;1011.68;0.0;Partly Cloudy
1542664800;27.0;22.0;0.74;SE;4.166666666666667;0.0;1012.68;0.0;Mostly Cloudy
1542668400;27.0;22.0;0.74;ESE;3.611111111111111;0.0;1012.68;0.0;Partly Cloudy
1542672000;27.0;22.0;0.74;E;3.611111111111111;0.0;1012.68;0.0;Mostly Cloudy
1542675600;26.0;22.0;0.78;ESE;3.611111111111111;0.0;1012.68;0.0;Partly Cloudy
1542679200;26.0;22.0;0.78;ESE;4.166666666666667;0.0;1011.68;0.0;Partly Cloudy
1542682800;26.0;22.0;0.78;ESE;4.722222222222222;0.0;1011.68;0.0;Showers in the Vicinity
1542686400;26.0;22.0;0.78;SE;3.611111111111111;0.0;1010.68;0.0;Mostly Cloudy
1542690000;26.0;22.0;0.78;ESE;2.5;0.0;1010.68;0.0;Mostly Cloudy
1542693600;25.0;22.0;0.83;SE;3.0555555555555554;0.0;1010.68;0.0;Mostly Cloudy
1542697200;25.0;22.0;0.83;ESE;4.722222222222222;0.0;1011.68;0.0;Showers in the Vicinity
1542700800;26.0;22.0;0.78;ESE;3.611111111111111;0.0;1011.68;0.0;Mostly Cloudy
1542704400;27.0;22.0;0.74;ESE;4.722222222222222;0.0;1012.68;0.0;Mostly Cloudy
1542708000;28.0;22.0;0.7;E;4.722222222222222;0.0;1013.68;0.0;Partly Cloudy
1542711600;29.0;22.0;0.66;SE;5.555555555555555;0.0;1013.68;0.0;Mostly Cloudy
1542715200;28.0;22.0;0.7;SE;5.555555555555555;0.0;1013.68;0.0;Mostly Cloudy
1542718800;29.0;22.0;0.66;SE;6.111111111111111;0.0;1013.68;0.0;Mostly Cloudy
1542722400;28.0;23.0;0.74;SE;6.111111111111111;0.0;0.0;0.0;Light Rain Shower
1542726000;29.0;22.0;0.66;SE;5.555555555555555;0.0;1011.68;0.0;Fair
1542729600;29.0;22.0;0.66;SE;6.111111111111111;0.0;1010.68;0.0;Partly Cloudy
1542733200;28.0;22.0;0.7;SE;6.111111111111111;0.0;1010.68;0.0;Showers in the Vicinity
1542736800;28.0;22.0;0.7;SE;6.111111111111111;0.0;1010.68;0.0;Mostly Cloudy
1542740400;27.0;22.0;0.74;SE;5.277777777777778;0.0;1010.68;0.0;Mostly Cloudy
1542744000;27.0;22.0;0.74;SE;5.555555555555555;0.0;1011.68;0.0;Mostly Cloudy
1542747600;27.0;22.0;0.74;SE;5.277777777777778;0.0;1012.68;0.0;Mostly Cloudy
1542751200;27.0;22.0;0.74;SE;4.722222222222222;0.0;1013.68;0.0;Mostly Cloudy
1542754800;27.0;22.0;0.74;SE;4.722222222222222;0.0;1013.68;0.0;Partly Cloudy
1542758400;26.0;22.0;0.78;SE;5.277777777777778;0.0;1013.68;0.0;Partly Cloudy
1542762000;26.0;23.0;0.83;SE;4.722222222222222;0.0;1013.68;0.0;Mostly Cloudy
1542765600;26.0;23.0;0.83;ESE;5.277777777777778;0.0;1012.68;0.0;Mostly Cloudy
1542769200;26.0;22.0;0.78;SE;4.722222222222222;0.0;1011.68;0.0;Mostly Cloudy
1542772800;26.0;23.0;0.83;SE;5.277777777777778;0.0;1011.68;0.0;Mostly Cloudy
1542776400;26.0;23.0;0.83;SE;5.277777777777778;0.0;1011.68;0.0;Partly Cloudy
1542780000;25.0;23.0;0.89;ESE;4.722222222222222;0.0;1011.68;0.0;Light Rain
1542783600;26.0;22.0;0.78;ESE;4.166666666666667;0.0;1011.68;0.0;Showers in the Vicinity
1542787200;26.0;22.0;0.78;SE;6.111111111111111;0.0;1011.68;0.0;Mostly Cloudy
1542790800;27.0;22.0;0.74;SE;6.111111111111111;0.0;1012.68;0.0;Mostly Cloudy
1542794400;28.0;22.0;0.7;SE;6.111111111111111;0.0;1012.68;0.0;Mostly Cloudy
1542798000;29.0;23.0;0.7;SE;6.111111111111111;0.0;1012.68;0.0;Mostly Cloudy
1542801600;29.0;22.0;0.66;SE;6.666666666666666;0.0;1012.68;0.0;Mostly Cloudy
1542805200;30.0;22.0;0.62;SE;7.222222222222222;0.0;1012.68;0.0;Mostly Cloudy
1542808800;29.0;23.0;0.7;SE;7.222222222222222;0.0;1012.68;0.0;Mostly Cloudy
1542812400;30.0;23.0;0.66;SE;7.777777777777778;0.0;1011.68;0.0;Partly Cloudy
1542816000;29.0;22.0;0.66;SE;6.666666666666666;0.0;1010.68;0.0;Partly Cloudy
1542819600;29.0;22.0;0.66;SE;7.222222222222222;0.0;1010.68;0.0;Partly Cloudy
1542823200;28.0;22.0;0.7;SE;6.111111111111111;0.0;1010.68;0.0;Mostly Cloudy
1542826800;27.0;22.0;0.74;SE;6.666666666666666;0.0;1010.68;0.0;Mostly Cloudy
1542830400;27.0;22.0;0.74;SE;6.111111111111111;0.0;1011.68;0.0;Mostly Cloudy
1542834000;27.0;22.0;0.74;SE;5.555555555555555;0.0;1012.68;0.0;Partly Cloudy
1542837600;27.0;22.0;0.74;SE;6.666666666666666;0.0;1013.68;0.0;Mostly Cloudy
1542841200;27.0;22.0;0.74;SE;6.666666666666666;0.0;1014.67;0.0;Partly Cloudy
1542844800;27.0;22.0;0.74;SE;6.111111111111111;0.0;1013.68;0.0;Mostly Cloudy
1542848400;27.0;20.0;0.65;SE;5.555555555555555;0.0;1013.68;0.0;Mostly Cloudy
1542852000;26.0;22.0;0.78;SE;7.222222222222222;0.0;1012.68;0.0;Mostly Cloudy
1542855600;27.0;22.0;0.74;SE;5.555555555555555;0.0;1011.68;0.0;Mostly Cloudy
1542859200;26.0;22.0;0.78;SE;5.555555555555555;0.0;1011.68;0.0;Partly Cloudy
1542862800;26.0;22.0;0.78;SE;4.722222222222222;0.0;1010.68;0.0;Mostly Cloudy
1542866400;26.0;22.0;0.78;SE;5.555555555555555;0.0;1010.68;0.0;Mostly Cloudy
1542870000;26.0;22.0;0.78;SE;5.277777777777778;0.0;1010.68;0.0;Partly Cloudy
1542873600;27.0;22.0;0.74;SE;5.555555555555555;0.0;1011.68;0.0;Partly Cloudy
1542877200;27.0;22.0;0.74;SE;5.555555555555555;0.0;1012.68;0.0;Partly Cloudy
1542880800;29.0;23.0;0.7;SE;6.111111111111111;0.0;1012.68;0.0;Mostly Cloudy
1542884400;29.0;22.0;0.66;SE;5.277777777777778;0.0;1013.68;0.0;Partly Cloudy
1542888000;29.0;22.0;0.66;SE;7.222222222222222;0.0;1012.68;0.0;Partly Cloudy
1542891600;29.0;23.0;0.7;SE;7.777777777777778;0.0;1012.68;0.0;Partly Cloudy
1542895200;29.0;22.0;0.66;SE;7.222222222222222;0.0;1011.68;0.0;Partly Cloudy
1542898800;29.0;23.0;0.7;SE;6.111111111111111;0.0;1010.68;0.0;Partly Cloudy
1542902400;29.0;23.0;0.7;SSE;8.333333333333334;0.0;1010.68;0.0;Partly Cloudy
1542906000;29.0;23.0;0.7;SSE;8.333333333333334;0.0;1011.68;0.0;Mostly Cloudy
1542909600;28.0;22.0;0.7;SE;6.666666666666666;0.0;1010.68;0.0;Mostly Cloudy
1542913200;27.0;22.0;0.74;SE;6.666666666666666;0.0;1010.68;0.0;Mostly Cloudy
1542916800;27.0;21.0;0.7;SSE;7.777777777777778;0.0;1011.68;0.0;Partly Cloudy
1542920400;27.0;22.0;0.74;SE;6.666666666666666;0.0;1012.68;0.0;Mostly Cloudy
1542924000;27.0;21.0;0.7;SE;6.111111111111111;0.0;1012.68;0.0;Mostly Cloudy
1542927600;27.0;21.0;0.7;SE;6.111111111111111;0.0;1013.68;0.0;Mostly Cloudy
1542931200;27.0;22.0;0.74;SE;5.277777777777778;0.0;1013.68;0.0;Mostly Cloudy
1542934800;26.0;22.0;0.78;SE;6.111111111111111;0.0;1012.68;0.0;Partly Cloudy
1542938400;26.0;21.0;0.74;SE;5.555555555555555;0.0;1012.68;0.0;Mostly Cloudy
1542942000;26.0;21.0;0.74;SE;5.555555555555555;0.0;1011.68;0.0;Partly Cloudy
1542945600;26.0;21.0;0.74;SE;5.555555555555555;0.0;1010.68;0.0;Partly Cloudy
1542949200;26.0;21.0;0.74;SE;4.722222222222222;0.0;1010.68;0.0;Partly Cloudy
1542952800;26.0;21.0;0.74;SE;4.722222222222222;0.0;1010.68;0.0;Partly Cloudy
1542956400;26.0;21.0;0.74;SE;4.166666666666667;0.0;1011.68;0.0;Partly Cloudy
1542960000;27.0;21.0;0.7;SE;5.277777777777778;0.0;1011.68;0.0;Partly Cloudy
1542963600;27.0;22.0;0.74;SE;5.277777777777778;0.0;1012.68;0.0;Mostly Cloudy
1542967200;28.0;22.0;0.7;SE;5.555555555555555;0.0;1012.68;0.0;Partly Cloudy
1542970800;28.0;22.0;0.7;SE;5.555555555555555;0.0;1012.68;0.0;Partly Cloudy
1542974400;29.0;22.0;0.66;SE;5.277777777777778;0.0;1012.68;0.0;Partly Cloudy
1542978000;29.0;22.0;0.66;SE;5.555555555555555;0.0;1011.68;0.0;Partly Cloudy
1542981600;29.0;23.0;0.7;SE;6.111111111111111;0.0;1010.68;0.0;Partly Cloudy
1542985200;29.0;22.0;0.66;SE;6.111111111111111;0.0;1010.68;0.0;Partly Cloudy
1542988800;29.0;22.0;0.66;SE;5.555555555555555;0.0;1009.68;0.0;Partly Cloudy
1542992400;28.0;22.0;0.7;SE;5.277777777777778;0.0;1009.68;0.0;Partly Cloudy
1542996000;27.0;22.0;0.74;SE;6.111111111111111;0.0;1009.68;0.0;Partly Cloudy
1542999600;27.0;22.0;0.74;SE;4.166666666666667;0.0;1010.68;0.0;Mostly Cloudy
1543003200;27.0;22.0;0.74;SE;5.277777777777778;0.0;1010.68;0.0;Partly Cloudy
1543006800;27.0;22.0;0.74;ESE;4.722222222222222;0.0;1011.68;0.0;Mostly Cloudy
1543010400;27.0;22.0;0.74;ESE;4.166666666666667;0.0;1011.68;0.0;Partly Cloudy
1543014000;27.0;22.0;0.74;ESE;4.722222222222222;0.0;1011.68;0.0;Mostly Cloudy
1543017600;27.0;22.0;0.74;ESE;4.722222222222222;0.0;1012.68;0.0;Mostly Cloudy
1543021200;27.0;22.0;0.74;ESE;4.722222222222222;0.0;1011.68;0.0;Mostly Cloudy
1543024800;27.0;22.0;0.74;SE;4.722222222222222;0.0;1012.68;0.0;Mostly Cloudy
1543028400;26.0;22.0;0.78;SE;4.166666666666667;0.0;1010.68;0.0;Mostly Cloudy
1543032000;0.0;0.0;0.0;E;4.166666666666667;0.0;1010.68;0.0;Light Rain
1543035600;25.0;23.0;0.89;SE;4.722222222222222;0.0;1010.68;0.0;Mostly Cloudy
1543039200;25.0;23.0;0.89;SE;4.166666666666667;0.0;1010.68;0.0;Mostly Cloudy
1543042800;25.0;23.0;0.89;SSE;3.0555555555555554;0.0;1010.68;0.0;Mostly Cloudy
1543046400;26.0;23.0;0.83;SSE;3.611111111111111;0.0;1011.68;0.0;Showers in the Vicinity
1543047120;24.0;22.0;0.89;ESE;5.277777777777778;0.0;1011.68;0.0;Rain Shower
1543050000;27.0;23.0;0.79;SE;3.0555555555555554;0.0;0.0;0.0;Light Rain
1543053600;28.0;23.0;0.74;SE;4.722222222222222;0.0;1012.68;0.0;Partly Cloudy
1543057200;27.0;23.0;0.79;SE;4.722222222222222;0.0;1012.68;0.0;Showers in the Vicinity
1543060800;28.0;23.0;0.74;E;5.277777777777778;0.0;1012.68;0.0;Showers in the Vicinity
1543064400;29.0;23.0;0.7;SE;6.111111111111111;0.0;1012.68;0.0;Partly Cloudy
1543068000;28.0;23.0;0.74;SE;5.555555555555555;0.0;1011.68;0.0;Mostly Cloudy
1543071600;28.0;23.0;0.74;ESE;4.166666666666667;0.0;1010.68;0.0;Mostly Cloudy
1543075200;28.0;23.0;0.74;ESE;4.166666666666667;0.0;1010.68;0.0;Mostly Cloudy
1543078800;28.0;23.0;0.74;ESE;4.722222222222222;0.0;1010.68;0.0;Mostly Cloudy
1543082400;28.0;23.0;0.74;ESE;4.166666666666667;0.0;1010.68;0.0;Mostly Cloudy
1543086000;27.0;23.0;0.79;ESE;4.166666666666667;0.0;1010.68;0.0;Mostly Cloudy
1543089600;27.0;23.0;0.79;ESE;4.166666666666667;0.0;1010.68;0.0;Partly Cloudy
1543093200;27.0;23.0;0.79;ESE;3.611111111111111;0.0;1011.68;0.0;Partly Cloudy
1543096800;27.0;22.0;0.74;E;4.166666666666667;0.0;1012.68;0.0;Partly Cloudy
1543100400;27.0;23.0;0.79;E;3.0555555555555554;0.0;1012.68;0.0;Partly Cloudy
1543104000;26.0;23.0;0.83;E;3.0555555555555554;0.0;1012.68;0.0;Partly Cloudy
1543107600;27.0;23.0;0.79;E;1.9444444444444444;0.0;1011.68;0.0;Partly Cloudy
1543111200;26.0;22.0;0.78;ESE;2.5;0.0;1011.68;0.0;Partly Cloudy
1543114800;26.0;23.0;0.83;ESE;2.5;0.0;1010.68;0.0;Mostly Cloudy
1543118400;26.0;23.0;0.83;ESE;3.0555555555555554;0.0;1010.68;0.0;Partly Cloudy
1543122000;26.0;23.0;0.83;ESE;2.5;0.0;1009.68;0.0;Partly Cloudy
1543125600;26.0;23.0;0.83;SE;4.166666666666667;0.0;1009.68;0.0;Partly Cloudy
1543129200;26.0;23.0;0.83;ESE;4.166666666666667;0.0;1010.68;0.0;Mostly Cloudy
1543132800;27.0;23.0;0.79;SE;5.277777777777778;0.0;1010.68;0.0;Partly Cloudy
1543136400;27.0;23.0;0.79;SE;5.277777777777778;0.0;1011.68;0.0;Showers in the Vicinity
1543140000;28.0;23.0;0.74;SE;5.277777777777778;0.0;1011.68;0.0;Mostly Cloudy
1543143600;29.0;23.0;0.7;ESE;5.277777777777778;0.0;1012.68;0.0;Partly Cloudy
1543147200;30.0;23.0;0.66;SE;7.222222222222222;0.0;1012.68;0.0;Partly Cloudy
1543150800;29.0;23.0;0.7;ESE;6.111111111111111;0.0;1011.68;0.0;Partly Cloudy
1543154400;29.0;23.0;0.7;ESE;5.277777777777778;0.0;1011.68;0.0;Partly Cloudy
1543158000;29.0;22.0;0.66;ESE;6.111111111111111;0.0;1011.68;0.0;Partly Cloudy
1543161600;29.0;23.0;0.7;ESE;5.277777777777778;0.0;1010.68;0.0;Partly Cloudy
1543165200;28.0;23.0;0.74;ESE;6.111111111111111;0.0;1010.68;0.0;Mostly Cloudy
1543168800;28.0;22.0;0.7;ESE;5.555555555555555;0.0;1010.68;0.0;Mostly Cloudy
1543172400;28.0;23.0;0.74;SE;4.722222222222222;0.0;1010.68;0.0;Mostly Cloudy
1543176000;27.0;23.0;0.79;ESE;4.722222222222222;0.0;1010.68;0.0;Mostly Cloudy
1543179600;27.0;23.0;0.79;SE;4.166666666666667;0.0;1011.68;0.0;Mostly Cloudy
1543183200;27.0;23.0;0.79;SE;4.722222222222222;0.0;1011.68;0.0;Mostly Cloudy
1543186800;27.0;22.0;0.74;SE;4.166666666666667;0.0;1011.68;0.0;Partly Cloudy
1543190400;27.0;23.0;0.79;SE;4.166666666666667;0.0;1011.68;0.0;Mostly Cloudy
1543194000;26.0;23.0;0.83;SE;4.722222222222222;0.0;1011.68;0.0;Partly Cloudy
1543197600;26.0;23.0;0.83;SE;4.166666666666667;0.0;1010.68;0.0;Mostly Cloudy
1543201200;26.0;22.0;0.78;ESE;3.611111111111111;0.0;1009.68;0.0;Mostly Cloudy
1543204800;26.0;23.0;0.83;ESE;2.5;0.0;1009.68;0.0;Partly Cloudy
1543208400;26.0;23.0;0.83;ESE;3.611111111111111;0.0;1009.68;0.0;Mostly Cloudy
1543212000;26.0;23.0;0.83;ESE;3.0555555555555554;0.0;1009.68;0.0;Partly Cloudy
1543215600;26.0;23.0;0.83;ESE;3.611111111111111;0.0;1008.68;0.0;Partly Cloudy
1543219200;26.0;22.0;0.78;ESE;4.166666666666667;0.0;1009.68;0.0;Partly Cloudy
1543222800;27.0;22.0;0.74;ESE;3.611111111111111;0.0;1010.68;0.0;Mostly Cloudy
1543226400;28.0;23.0;0.74;E;4.722222222222222;0.0;1010.68;0.0;Mostly Cloudy
1543230000;28.0;23.0;0.74;ESE;4.166666666666667;0.0;1010.68;0.0;Mostly Cloudy
1543233600;27.0;23.0;0.79;ESE;6.666666666666666;0.0;0.0;0.0;Showers in the Vicinity
1543237200;29.0;24.0;0.74;ESE;5.277777777777778;0.0;1010.68;0.0;Mostly Cloudy
1543237860;26.0;24.0;0.89;E;7.222222222222222;0.0;1010.68;0.0;Light Rain Shower
1543238820;26.0;24.0;0.89;ESE;3.611111111111111;0.0;1010.68;0.0;Mostly Cloudy
1543240800;27.0;24.0;0.84;SE;5.555555555555555;0.0;1011.68;0.0;Mostly Cloudy
1543244400;28.0;23.0;0.74;ESE;4.722222222222222;0.0;1009.68;0.0;Mostly Cloudy
1543248000;28.0;23.0;0.74;SE;5.555555555555555;0.0;1008.68;0.0;Mostly Cloudy
1543251600;28.0;23.0;0.74;SE;5.555555555555555;0.0;1008.68;0.0;Partly Cloudy
1543255200;27.0;23.0;0.79;ESE;5.555555555555555;0.0;1008.68;0.0;Partly Cloudy
1543258800;28.0;23.0;0.74;ESE;4.722222222222222;0.0;1008.68;0.0;Mostly Cloudy
1543262400;27.0;23.0;0.79;SE;4.722222222222222;0.0;1009.68;0.0;Mostly Cloudy
1543266000;27.0;23.0;0.79;ESE;4.166666666666667;0.0;1010.68;0.0;Mostly Cloudy
1543269600;26.0;23.0;0.83;SE;3.611111111111111;0.0;0.0;0.0;Showers in the Vicinity
1543273200;26.0;23.0;0.83;SE;3.611111111111111;0.0;1010.68;0.0;Mostly Cloudy
1543276800;26.0;24.0;0.89;ESE;1.9444444444444444;0.0;1010.68;0.0;Partly Cloudy
1543280400;26.0;24.0;0.89;SE;4.166666666666667;0.0;1010.68;0.0;Partly Cloudy
1543284000;26.0;23.0;0.83;SE;6.111111111111111;0.0;1009.68;0.0;Partly Cloudy
1543287600;26.0;23.0;0.83;SE;4.722222222222222;0.0;1009.68;0.0;Mostly Cloudy
1543291200;26.0;23.0;0.83;SSE;6.111111111111111;0.0;1009.68;0.0;Mostly Cloudy
1543294800;26.0;23.0;0.83;SE;5.277777777777778;0.0;1008.68;0.0;Mostly Cloudy
1543298400;26.0;23.0;0.83;SE;5.555555555555555;0.0;1008.68;0.0;Partly Cloudy
1543302000;26.0;23.0;0.83;SSE;5.555555555555555;0.0;1009.68;0.0;Partly Cloudy
1543305600;26.0;23.0;0.83;SE;6.111111111111111;0.0;1009.68;0.0;Partly Cloudy
1543309200;26.0;23.0;0.83;SE;6.111111111111111;0.0;1010.68;0.0;Partly Cloudy
1543312800;25.0;23.0;0.89;SE;6.666666666666666;0.0;1010.68;0.0;Light Rain
1543316400;26.0;23.0;0.83;SE;7.777777777777778;0.0;1011.68;0.0;Showers in the Vicinity
1543320000;25.0;23.0;0.89;SE;5.277777777777778;0.0;1011.68;0.0;Mostly Cloudy
1543323600;26.0;23.0;0.83;SE;5.277777777777778;0.0;1010.68;0.0;Mostly Cloudy
1543327200;27.0;22.0;0.74;SSE;7.222222222222222;0.0;1010.68;0.0;Mostly Cloudy
1543329420;25.0;23.0;0.89;SSE;8.333333333333334;0.0;1009.68;0.0;Light Rain
1543330800;26.0;24.0;0.89;SE;5.277777777777778;0.0;1009.68;0.0;Showers in the Vicinity
1543334400;25.0;23.0;0.89;SSE;5.277777777777778;0.0;1009.68;0.0;Showers in the Vicinity
1543336140;24.0;22.0;0.89;SE;5.555555555555555;0.0;1009.68;0.0;Light Rain Shower
1543338000;24.0;23.0;0.94;SSE;5.555555555555555;0.0;1009.68;0.0;Mostly Cloudy
1543340160;24.0;23.0;0.94;S;5.277777777777778;0.0;1009.68;0.0;Cloudy
1543341600;24.0;22.0;0.89;S;6.111111111111111;0.0;0.0;0.0;Showers in the Vicinity
1543342500;24.0;22.0;0.89;S;4.722222222222222;0.0;1009.68;0.0;Light Rain
1543345200;24.0;23.0;0.94;SSW;1.9444444444444444;0.0;1009.68;0.0;Cloudy
1543348800;26.0;22.0;0.78;SSE;6.111111111111111;0.0;1009.68;0.0;Mostly Cloudy
1543352400;26.0;22.0;0.78;SSE;5.277777777777778;0.0;1010.68;0.0;Mostly Cloudy
1543356000;26.0;22.0;0.78;SSE;5.277777777777778;0.0;1010.68;0.0;Mostly Cloudy
1543359600;26.0;22.0;0.78;SSE;6.111111111111111;0.0;1011.68;0.0;Partly Cloudy
1543363200;26.0;22.0;0.78;SE;5.277777777777778;0.0;1011.68;0.0;Partly Cloudy
1543366800;26.0;22.0;0.78;SSE;4.722222222222222;0.0;1010.68;0.0;Mostly Cloudy
1543370400;26.0;22.0;0.78;S;4.166666666666667;0.0;1009.68;0.0;Partly Cloudy
1543374000;25.0;22.0;0.83;SSW;1.9444444444444444;0.0;1009.68;0.0;Partly Cloudy
1543377600;25.0;23.0;0.89;SE;5.277777777777778;0.0;1008.68;0.0;Partly Cloudy
1543381200;26.0;23.0;0.83;SSE;5.277777777777778;0.0;1008.68;0.0;Partly Cloudy
1543384800;26.0;22.0;0.78;SSE;4.722222222222222;0.0;1008.68;0.0;Partly Cloudy
1543388400;26.0;23.0;0.83;SSE;6.111111111111111;0.0;1008.68;0.0;Mostly Cloudy
1543392000;26.0;23.0;0.83;SSE;6.111111111111111;0.0;1009.68;0.0;Mostly Cloudy
1543395600;27.0;22.0;0.74;SSE;6.111111111111111;0.0;1010.68;0.0;Mostly Cloudy
1543399200;28.0;23.0;0.74;SE;6.111111111111111;0.0;1010.68;0.0;Partly Cloudy
1543402800;28.0;22.0;0.7;SE;6.666666666666666;0.0;1010.68;0.0;Mostly Cloudy
1543406400;29.0;22.0;0.66;SE;6.111111111111111;0.0;1010.68;0.0;Partly Cloudy
1543410000;30.0;23.0;0.66;SSE;6.111111111111111;0.0;1010.68;0.0;Partly Cloudy
1543413600;29.0;22.0;0.66;SSE;6.111111111111111;0.0;1009.68;0.0;Partly Cloudy
1543417200;29.0;22.0;0.66;SE;5.277777777777778;0.0;1009.68;0.0;Partly Cloudy
1543420800;29.0;23.0;0.7;SE;6.111111111111111;0.0;1008.68;0.0;Partly Cloudy
1543424400;29.0;22.0;0.66;SE;6.111111111111111;0.0;1008.68;0.0;Partly Cloudy
1543428000;28.0;22.0;0.7;SE;6.111111111111111;0.0;1008.68;0.0;Partly Cloudy
1543431600;27.0;22.0;0.74;SE;5.555555555555555;0.0;1008.68;0.0;Partly Cloudy
1543435200;27.0;22.0;0.74;SE;5.277777777777778;0.0;1009.68;0.0;Partly Cloudy
1543438800;27.0;22.0;0.74;SE;5.277777777777778;0.0;1009.68;0.0;Partly Cloudy
1543442400;27.0;22.0;0.74;SSE;5.555555555555555;0.0;1010.68;0.0;Partly Cloudy
1543446000;27.0;22.0;0.74;SE;5.555555555555555;0.0;1010.68;0.0;Fair
1543449600;27.0;22.0;0.74;SE;4.722222222222222;0.0;1010.68;0.0;Partly Cloudy
1543453200;26.0;22.0;0.78;SE;4.166666666666667;0.0;1010.68;0.0;Partly Cloudy
1543456800;27.0;22.0;0.74;ESE;4.166666666666667;0.0;1009.68;0.0;Mostly Cloudy
1543460400;26.0;22.0;0.78;ESE;4.166666666666667;0.0;1009.68;0.0;Partly Cloudy
1543464000;26.0;22.0;0.78;SE;3.0555555555555554;0.0;1008.68;0.0;Partly Cloudy
1543467600;26.0;22.0;0.78;SE;3.611111111111111;0.0;1009.68;0.0;Partly Cloudy
1543471200;26.0;22.0;0.78;SE;4.722222222222222;0.0;1009.68;0.0;Partly Cloudy
1543474800;26.0;22.0;0.78;SE;5.277777777777778;0.0;1009.68;0.0;Partly Cloudy
1543478400;27.0;21.0;0.7;SE;5.277777777777778;0.0;1010.68;0.0;Partly Cloudy
1543482000;27.0;22.0;0.74;SE;5.277777777777778;0.0;1010.68;0.0;Partly Cloudy
1543485600;28.0;22.0;0.7;SE;5.277777777777778;0.0;1011.68;0.0;Mostly Cloudy
1543489200;28.0;22.0;0.7;SE;5.277777777777778;0.0;1011.68;0.0;Mostly Cloudy
1543492800;29.0;22.0;0.66;SE;5.555555555555555;0.0;1011.68;0.0;Mostly Cloudy
1543496400;29.0;22.0;0.66;SE;5.277777777777778;0.0;1010.68;0.0;Partly Cloudy
1543500000;29.0;22.0;0.66;ESE;5.555555555555555;0.0;1009.68;0.0;Fair
1543503600;30.0;23.0;0.66;ESE;4.166666666666667;0.0;1009.68;0.0;Partly Cloudy
1543507200;29.0;23.0;0.7;SE;5.555555555555555;0.0;1008.68;0.0;Partly Cloudy
1543510800;28.0;22.0;0.7;SE;5.555555555555555;0.0;1008.68;0.0;Partly Cloudy
1543514400;28.0;22.0;0.7;SE;5.277777777777778;0.0;1008.68;0.0;Partly Cloudy
1543518000;27.0;22.0;0.74;SE;4.722222222222222;0.0;1009.68;0.0;Partly Cloudy
1543521600;27.0;22.0;0.74;SE;3.611111111111111;0.0;1009.68;0.0;Partly Cloudy
1543525200;27.0;22.0;0.74;SE;3.611111111111111;0.0;1010.68;0.0;Partly Cloudy
1543528800;27.0;22.0;0.74;ESE;4.166666666666667;0.0;1010.68;0.0;Partly Cloudy
1543532400;27.0;22.0;0.74;ESE;3.611111111111111;0.0;1010.68;0.0;Partly Cloudy
1543536000;27.0;23.0;0.79;ESE;4.166666666666667;0.0;1010.68;0.0;Mostly Cloudy
1543539600;25.0;23.0;0.89;E;2.5;0.0;1010.68;0.0;Light Rain
1543543200;26.0;23.0;0.83;E;3.611111111111111;0.0;1009.68;0.0;Showers in the Vicinity
1543546800;26.0;23.0;0.83;ESE;3.611111111111111;0.0;1009.68;0.0;Partly Cloudy
1543550400;26.0;22.0;0.78;ESE;3.611111111111111;0.0;1008.68;0.0;Partly Cloudy
1543554000;26.0;22.0;0.78;ESE;2.5;0.0;1008.68;0.0;Partly Cloudy
1543555500;25.0;23.0;0.89;SE;7.777777777777778;0.0;1008.68;0.0;Light Rain
1543557600;25.0;23.0;0.89;E;2.5;0.0;1008.68;0.0;Showers in the Vicinity
1543561200;25.0;23.0;0.89;E;2.5;0.0;1009.68;0.0;Showers in the Vicinity
1543564800;26.0;23.0;0.83;ESE;2.5;0.0;1009.68;0.0;Showers in the Vicinity
1543568400;27.0;23.0;0.79;E;4.722222222222222;0.0;1010.68;0.0;Partly Cloudy
1543572000;27.0;23.0;0.79;ESE;4.166666666666667;0.0;1010.68;0.0;Partly Cloudy
1543575600;28.0;23.0;0.74;ESE;3.611111111111111;0.0;1010.68;0.0;Partly Cloudy
1543579200;29.0;23.0;0.7;ESE;4.722222222222222;0.0;1010.68;0.0;Partly Cloudy
1543582800;28.0;23.0;0.74;E;4.722222222222222;0.0;1010.68;0.0;Partly Cloudy
1543586400;28.0;23.0;0.74;E;4.166666666666667;0.0;1010.68;0.0;Partly Cloudy
1543590000;28.0;22.0;0.7;E;3.611111111111111;0.0;1009.68;0.0;Partly Cloudy
1543593600;29.0;22.0;0.66;ESE;5.277777777777778;0.0;1009.68;0.0;Mostly Cloudy
1543597200;28.0;22.0;0.7;ESE;4.166666666666667;0.0;1008.68;0.0;Mostly Cloudy
1543600800;28.0;22.0;0.7;E;3.611111111111111;0.0;1008.68;0.0;Partly Cloudy
1543604400;27.0;22.0;0.74;ESE;3.611111111111111;0.0;1008.68;0.0;Fair
1543608000;27.0;23.0;0.79;ESE;3.611111111111111;0.0;1009.68;0.0;Partly Cloudy
1543611600;27.0;23.0;0.79;E;2.5;0.0;1009.68;0.0;Partly Cloudy
1543615200;27.0;23.0;0.79;E;3.611111111111111;0.0;1010.68;0.0;Partly Cloudy
1543618800;27.0;22.0;0.74;ENE;2.5;0.0;1010.68;0.0;Fair
1543622400;27.0;22.0;0.74;E;2.5;0.0;1010.68;0.0;Partly Cloudy
1543626000;27.0;23.0;0.79;E;3.611111111111111;0.0;1009.68;0.0;Partly Cloudy
1543629600;26.0;22.0;0.78;ENE;2.5;0.0;1009.68;0.0;Partly Cloudy
1543633200;26.0;22.0;0.78;ENE;2.5;0.0;1008.68;0.0;Fair
1543636800;26.0;22.0;0.78;ENE;1.6666666666666665;0.0;1008.68;0.0;Fair
1543640400;26.0;22.0;0.78;ENE;1.6666666666666665;0.0;1008.68;0.0;Fair
1543644000;26.0;22.0;0.78;E;1.9444444444444444;0.0;1009.68;0.0;Partly Cloudy
1543647600;26.0;22.0;0.78;ENE;1.6666666666666665;0.0;1009.68;0.0;Fair
1543651200;27.0;22.0;0.74;E;1.9444444444444444;0.0;1010.68;0.0;Fair
1543654800;28.0;23.0;0.74;E;2.5;0.0;1010.68;0.0;Mostly Cloudy
1543658400;28.0;23.0;0.74;E;4.166666666666667;0.0;1010.68;0.0;Partly Cloudy
1543662000;29.0;23.0;0.7;E;4.166666666666667;0.0;1010.68;0.0;Partly Cloudy
1543665600;29.0;23.0;0.7;E;4.166666666666667;0.0;1010.68;0.0;Partly Cloudy
1543669200;29.0;22.0;0.66;E;4.166666666666667;0.0;1010.68;0.0;Fair
1543672800;29.0;23.0;0.7;ESE;4.166666666666667;0.0;1009.68;0.0;Partly Cloudy
1543676400;30.0;24.0;0.7;ESE;4.166666666666667;0.0;1009.68;0.0;Mostly Cloudy
1543680000;29.0;23.0;0.7;E;4.166666666666667;0.0;1008.68;0.0;Partly Cloudy
1543683600;29.0;23.0;0.7;E;4.166666666666667;0.0;1008.68;0.0;Partly Cloudy
1543687200;28.0;23.0;0.74;E;3.0555555555555554;0.0;1007.68;0.0;Mostly Cloudy
1543690800;28.0;23.0;0.74;ENE;2.5;0.0;1008.68;0.0;Partly Cloudy
1543694400;27.0;23.0;0.79;ENE;2.5;0.0;1008.68;0.0;Partly Cloudy
1543698000;27.0;23.0;0.79;ENE;3.0555555555555554;0.0;1009.68;0.0;Mostly Cloudy
1543701600;27.0;24.0;0.84;ENE;3.0555555555555554;0.0;1009.68;0.0;Mostly Cloudy
1543705200;27.0;24.0;0.84;ENE;3.0555555555555554;0.0;1010.68;0.0;Mostly Cloudy
1543708800;27.0;24.0;0.84;ENE;4.166666666666667;0.0;1010.68;0.0;Mostly Cloudy
1543712400;27.0;23.0;0.79;ENE;3.0555555555555554;0.0;1009.68;0.0;Partly Cloudy
1543716000;27.0;23.0;0.79;ENE;3.611111111111111;0.0;1009.68;0.0;Mostly Cloudy
1543719600;27.0;23.0;0.79;ENE;2.5;0.0;1008.68;0.0;Partly Cloudy
1543723200;27.0;24.0;0.84;ENE;3.0555555555555554;0.0;1008.68;0.0;Mostly Cloudy
1543726800;27.0;23.0;0.79;ENE;4.722222222222222;0.0;1008.68;0.0;Mostly Cloudy
1543730400;27.0;23.0;0.79;ENE;3.611111111111111;0.0;1008.68;0.0;Mostly Cloudy
1543734000;27.0;23.0;0.79;ENE;2.5;0.0;1009.68;0.0;Mostly Cloudy
1543737600;27.0;24.0;0.84;ENE;2.5;0.0;1009.68;0.0;Mostly Cloudy
1543741200;27.0;24.0;0.84;ENE;3.0555555555555554;0.0;1010.68;0.0;Mostly Cloudy
1543744800;29.0;24.0;0.74;ENE;4.166666666666667;0.0;1010.68;0.0;Mostly Cloudy
1543748400;29.0;24.0;0.74;ENE;4.722222222222222;0.0;1010.68;0.0;Mostly Cloudy
1543752000;30.0;24.0;0.7;E;4.722222222222222;0.0;1010.68;0.0;Mostly Cloudy
1543755600;29.0;24.0;0.74;ENE;4.722222222222222;0.0;0.0;0.0;Showers in the Vicinity
1543759200;29.0;23.0;0.7;ENE;5.277777777777778;0.0;1009.68;0.0;Partly Cloudy
1543762800;30.0;23.0;0.66;ENE;4.722222222222222;0.0;1008.68;0.0;Fair
1543766400;29.0;23.0;0.7;ENE;5.277777777777778;0.0;1007.68;0.0;Partly Cloudy
1543770000;29.0;24.0;0.74;ENE;5.277777777777778;0.0;1007.68;0.0;Partly Cloudy
1543773600;29.0;24.0;0.74;ENE;4.166666666666667;0.0;1007.68;0.0;Partly Cloudy
1543777200;28.0;24.0;0.79;ENE;4.166666666666667;0.0;1007.68;0.0;Partly Cloudy
1543780800;27.0;23.0;0.79;ENE;4.166666666666667;0.0;1007.68;0.0;Partly Cloudy
1543784400;27.0;24.0;0.84;ENE;4.166666666666667;0.0;1008.68;0.0;Mostly Cloudy
1543788000;27.0;24.0;0.84;ENE;4.166666666666667;0.0;1009.68;0.0;Mostly Cloudy
1543791600;27.0;24.0;0.84;ENE;4.166666666666667;0.0;1009.68;0.0;Mostly Cloudy
1543795200;27.0;24.0;0.84;ENE;4.166666666666667;0.0;1009.68;0.0;Mostly Cloudy
1543798800;27.0;24.0;0.84;ENE;3.0555555555555554;0.0;1009.68;0.0;Mostly Cloudy
1543802400;27.0;23.0;0.79;ENE;3.611111111111111;0.0;1008.68;0.0;Mostly Cloudy
1543806000;26.0;23.0;0.83;ENE;2.5;0.0;1007.68;0.0;Mostly Cloudy
1543809600;26.0;23.0;0.83;NE;2.5;0.0;1007.68;0.0;Mostly Cloudy
1543813200;26.0;24.0;0.89;ENE;3.0555555555555554;0.0;1006.69;0.0;Mostly Cloudy
1543816800;26.0;23.0;0.83;ENE;3.611111111111111;0.0;1006.69;0.0;Mostly Cloudy
1543820400;26.0;23.0;0.83;ENE;3.611111111111111;0.0;1007.68;0.0;Mostly Cloudy
1543824000;26.0;23.0;0.83;ENE;3.0555555555555554;0.0;1008.68;0.0;Showers in the Vicinity
1543827600;28.0;23.0;0.74;ENE;3.611111111111111;0.0;1008.68;0.0;Mostly Cloudy
1543831200;28.0;23.0;0.74;E;4.166666666666667;0.0;1009.68;0.0;Mostly Cloudy
1543834800;29.0;23.0;0.7;ENE;5.277777777777778;0.0;1009.68;0.0;Partly Cloudy
1543838400;29.0;23.0;0.7;ENE;4.722222222222222;0.0;1009.68;0.0;Partly Cloudy
1543842000;30.0;24.0;0.7;E;4.722222222222222;0.0;1008.68;0.0;Partly Cloudy
1543845600;29.0;23.0;0.7;E;5.555555555555555;0.0;1007.68;0.0;Partly Cloudy
1543849200;29.0;23.0;0.7;ENE;4.722222222222222;0.0;1007.68;0.0;Partly Cloudy
1543852800;29.0;23.0;0.7;ENE;4.722222222222222;0.0;1006.69;0.0;Partly Cloudy
1543856400;29.0;23.0;0.7;ENE;4.166666666666667;0.0;1006.69;0.0;Partly Cloudy
1543860000;28.0;23.0;0.74;ENE;4.166666666666667;0.0;1006.69;0.0;Partly Cloudy
1543863600;28.0;23.0;0.74;ENE;4.166666666666667;0.0;1006.69;0.0;Mostly Cloudy
1543867200;27.0;23.0;0.79;ENE;3.611111111111111;0.0;1006.69;0.0;Partly Cloudy
1543870800;27.0;23.0;0.79;ENE;3.611111111111111;0.0;1007.68;0.0;Partly Cloudy
1543874400;27.0;23.0;0.79;ENE;4.166666666666667;0.0;1008.68;0.0;Partly Cloudy
1543878000;27.0;23.0;0.79;ENE;3.611111111111111;0.0;1008.68;0.0;Partly Cloudy
1543881600;27.0;23.0;0.79;ENE;3.611111111111111;0.0;1008.68;0.0;Fair
1543885200;27.0;23.0;0.79;ENE;4.166666666666667;0.0;1008.68;0.0;Fair
1543888800;27.0;23.0;0.79;ENE;2.5;0.0;1007.68;0.0;Mostly Cloudy
1543892400;26.0;23.0;0.83;ENE;2.5;0.0;1006.69;0.0;Partly Cloudy
1543896000;26.0;23.0;0.83;NE;2.5;0.0;1006.69;0.0;Partly Cloudy
1543899600;26.0;23.0;0.83;ENE;1.9444444444444444;0.0;1006.69;0.0;Partly Cloudy
1543903200;26.0;23.0;0.83;ENE;3.0555555555555554;0.0;1006.69;0.0;Partly Cloudy
1543906800;26.0;22.0;0.78;ENE;2.5;0.0;1006.69;0.0;Partly Cloudy
1543910400;27.0;23.0;0.79;NE;2.5;0.0;1007.68;0.0;Partly Cloudy
1543914000;28.0;23.0;0.74;ENE;4.166666666666667;0.0;1007.68;0.0;Partly Cloudy
1543917600;28.0;22.0;0.7;ENE;4.166666666666667;0.0;1008.68;0.0;Mostly Cloudy
1543921200;29.0;23.0;0.7;ENE;4.166666666666667;0.0;1008.68;0.0;Partly Cloudy
1543924800;29.0;23.0;0.7;E;4.722222222222222;0.0;1008.68;0.0;Mostly Cloudy
1543928400;29.0;23.0;0.7;ENE;4.722222222222222;0.0;1007.68;0.0;Partly Cloudy
1543932000;30.0;23.0;0.66;E;5.277777777777778;0.0;1007.68;0.0;Fair
1543935600;29.0;22.0;0.66;ENE;4.722222222222222;0.0;1006.69;0.0;Fair
1543939200;29.0;23.0;0.7;E;5.277777777777778;0.0;1005.69;0.0;Partly Cloudy
1543942800;28.0;23.0;0.74;ENE;4.722222222222222;0.0;1005.69;0.0;Partly Cloudy
1543946400;28.0;23.0;0.74;ENE;4.166666666666667;0.0;1005.69;0.0;Partly Cloudy
1543950000;28.0;23.0;0.74;ENE;3.611111111111111;0.0;1005.69;0.0;Partly Cloudy
1543953600;27.0;23.0;0.79;ENE;3.611111111111111;0.0;1006.69;0.0;Partly Cloudy
1543957200;27.0;23.0;0.79;ENE;3.0555555555555554;0.0;1007.68;0.0;Partly Cloudy
1543960800;27.0;23.0;0.79;ENE;3.611111111111111;0.0;1008.68;0.0;Mostly Cloudy
1543964400;27.0;23.0;0.79;ENE;2.5;0.0;1009.68;0.0;Mostly Cloudy
1543968000;27.0;23.0;0.79;ENE;2.5;0.0;1009.68;0.0;Mostly Cloudy
1543971600;27.0;23.0;0.79;E;2.5;0.0;1009.68;0.0;Mostly Cloudy
1543975200;27.0;23.0;0.79;ENE;2.5;0.0;1008.68;0.0;Partly Cloudy
1543978800;27.0;23.0;0.79;ENE;1.6666666666666665;0.0;1007.68;0.0;Partly Cloudy
1543982400;26.0;23.0;0.83;NE;1.6666666666666665;0.0;1007.68;0.0;Partly Cloudy
1543986000;26.0;23.0;0.83;ENE;1.9444444444444444;0.0;1007.68;0.0;Partly Cloudy
1543989600;26.0;23.0;0.83;ENE;1.9444444444444444;0.0;1007.68;0.0;Partly Cloudy
1543993200;26.0;23.0;0.83;ENE;1.9444444444444444;0.0;1007.68;0.0;Partly Cloudy
1543996800;25.0;23.0;0.89;W;1.9444444444444444;0.0;1008.68;0.0;Showers in the Vicinity
1544000400;26.0;23.0;0.83;NNW;1.6666666666666665;0.0;1009.68;0.0;Showers in the Vicinity
1544004000;28.0;23.0;0.74;CALM;0.0;0.0;1009.68;0.0;Mostly Cloudy
1544007600;29.0;24.0;0.74;E;4.166666666666667;0.0;1009.68;0.0;Partly Cloudy
1544011200;30.0;23.0;0.66;E;3.0555555555555554;0.0;1009.68;0.0;Partly Cloudy
1544014800;30.0;24.0;0.7;ESE;4.722222222222222;0.0;1008.68;0.0;Partly Cloudy
1544018400;30.0;23.0;0.66;E;5.277777777777778;0.0;1008.68;0.0;Partly Cloudy
1544022000;30.0;23.0;0.66;E;5.277777777777778;0.0;1008.68;0.0;Partly Cloudy
1544025600;30.0;23.0;0.66;ENE;4.722222222222222;0.0;1007.68;0.0;Partly Cloudy
1544029200;29.0;23.0;0.7;E;4.166666666666667;0.0;1007.68;0.0;Partly Cloudy
1544032800;28.0;23.0;0.74;E;4.166666666666667;0.0;1007.68;0.0;Mostly Cloudy
1544036400;28.0;23.0;0.74;ENE;4.166666666666667;0.0;1007.68;0.0;Fair
1544040000;27.0;23.0;0.79;ENE;3.611111111111111;0.0;1008.68;0.0;Partly Cloudy
1544043600;27.0;23.0;0.79;ENE;3.0555555555555554;0.0;1008.68;0.0;Mostly Cloudy
1544047200;27.0;24.0;0.84;E;3.611111111111111;0.0;1009.68;0.0;Mostly Cloudy
1544050800;27.0;23.0;0.79;ENE;3.0555555555555554;0.0;1009.68;0.0;Mostly Cloudy
1544054400;27.0;23.0;0.79;ENE;3.0555555555555554;0.0;1010.68;0.0;Partly Cloudy
1544058000;27.0;24.0;0.84;E;3.0555555555555554;0.0;1009.68;0.0;Partly Cloudy
1544119200;29.0;23.0;0.7;E;4.166666666666667;0.0;1009.68;0.0;Partly Cloudy
1544122800;28.0;23.0;0.74;ENE;3.611111111111111;0.0;1009.68;0.0;Partly Cloudy
1544126400;27.0;23.0;0.79;E;4.166666666666667;0.0;1010.68;0.0;Partly Cloudy
1544130000;27.0;23.0;0.79;E;3.611111111111111;0.0;1010.68;0.0;Mostly Cloudy
1544133600;27.0;23.0;0.79;E;3.611111111111111;0.0;1011.68;0.0;Mostly Cloudy
1544137200;27.0;23.0;0.79;E;3.0555555555555554;0.0;1012.68;0.0;Mostly Cloudy
1544140800;27.0;23.0;0.79;E;3.0555555555555554;0.0;1012.68;0.0;Partly Cloudy
1544144400;27.0;22.0;0.74;E;2.5;0.0;1011.68;0.0;Mostly Cloudy
1544148000;26.0;23.0;0.83;E;2.5;0.0;1011.68;0.0;Mostly Cloudy
1544151600;27.0;23.0;0.79;E;3.0555555555555554;0.0;1011.68;0.0;Partly Cloudy
1544155200;26.0;23.0;0.83;ENE;1.9444444444444444;0.0;1011.68;0.0;Mostly Cloudy
1544158800;26.0;22.0;0.78;E;2.5;0.0;1010.68;0.0;Mostly Cloudy
1544162400;26.0;23.0;0.83;E;3.0555555555555554;0.0;1010.68;0.0;Partly Cloudy
1544166000;26.0;22.0;0.78;E;2.5;0.0;1011.68;0.0;Mostly Cloudy
1544169600;27.0;22.0;0.74;E;3.0555555555555554;0.0;1012.68;0.0;Mostly Cloudy
1544173200;27.0;22.0;0.74;E;4.166666666666667;0.0;1012.68;0.0;Partly Cloudy
1544176800;28.0;22.0;0.7;ESE;4.722222222222222;0.0;1012.68;0.0;Partly Cloudy
1544180400;29.0;22.0;0.66;SE;4.166666666666667;0.0;1013.68;0.0;Fair
1544184000;29.0;22.0;0.66;ESE;4.166666666666667;0.0;1013.68;0.0;Partly Cloudy
1544187600;29.0;22.0;0.66;ESE;4.166666666666667;0.0;1012.68;0.0;Partly Cloudy
1544191200;29.0;22.0;0.66;SE;5.277777777777778;0.0;1012.68;0.0;Partly Cloudy
1544194800;30.0;23.0;0.66;SE;5.277777777777778;0.0;1011.68;0.0;Partly Cloudy
1544198400;29.0;22.0;0.66;SE;5.555555555555555;0.0;1010.68;0.0;Partly Cloudy
1544202000;29.0;22.0;0.66;ESE;4.166666666666667;0.0;1010.68;0.0;Fair
1544205600;28.0;22.0;0.7;E;4.166666666666667;0.0;1010.68;0.0;Fair
1544209200;28.0;22.0;0.7;ESE;3.611111111111111;0.0;1010.68;0.0;Fair
1544212800;27.0;22.0;0.74;E;3.0555555555555554;0.0;1011.68;0.0;Fair
1544216400;27.0;22.0;0.74;ESE;3.0555555555555554;0.0;1011.68;0.0;Fair
1544220000;27.0;22.0;0.74;E;2.5;0.0;1012.68;0.0;Fair
1544223600;27.0;22.0;0.74;E;3.0555555555555554;0.0;1012.68;0.0;Fair
1544227200;27.0;22.0;0.74;ENE;2.5;0.0;1013.68;0.0;Partly Cloudy
1544230800;27.0;22.0;0.74;E;3.0555555555555554;0.0;1012.68;0.0;Partly Cloudy
1544234400;27.0;22.0;0.74;E;3.0555555555555554;0.0;1011.68;0.0;Mostly Cloudy
1544238000;27.0;22.0;0.74;E;1.6666666666666665;0.0;1011.68;0.0;Partly Cloudy
1544241600;27.0;22.0;0.74;E;2.5;0.0;1010.68;0.0;Partly Cloudy
1544245200;26.0;22.0;0.78;NE;1.6666666666666665;0.0;1010.68;0.0;Partly Cloudy
1544248800;25.0;22.0;0.83;WNW;1.1111111111111112;0.0;1010.68;0.0;Partly Cloudy
1544252400;24.0;22.0;0.89;NW;1.1111111111111112;0.0;1011.68;0.0;Partly Cloudy
1544256000;25.0;22.0;0.83;WNW;1.6666666666666665;0.0;1011.68;0.0;Partly Cloudy
1544259600;27.0;23.0;0.79;WNW;0.5555555555555556;0.0;1012.68;0.0;Fair
1544263200;28.0;23.0;0.74;NE;1.9444444444444444;0.0;1012.68;0.0;Partly Cloudy
1544266800;29.0;22.0;0.66;E;3.0555555555555554;0.0;1012.68;0.0;Mostly Cloudy
1544270400;29.0;23.0;0.7;ENE;3.611111111111111;0.0;1012.68;0.0;Partly Cloudy
1544274000;30.0;22.0;0.62;NE;3.611111111111111;0.0;1011.68;0.0;Fair
1544277600;30.0;23.0;0.66;E;4.166666666666667;0.0;1011.68;0.0;Fair
1544281200;30.0;22.0;0.62;ENE;4.722222222222222;0.0;1010.68;0.0;Partly Cloudy
1544284800;29.0;23.0;0.7;ENE;4.722222222222222;0.0;1009.68;0.0;Fair
1544288400;28.0;23.0;0.74;ENE;3.611111111111111;0.0;1009.68;0.0;Partly Cloudy
1544292000;28.0;23.0;0.74;ENE;3.611111111111111;0.0;1009.68;0.0;Partly Cloudy
1544295600;28.0;23.0;0.74;NE;3.611111111111111;0.0;1009.68;0.0;Partly Cloudy
1544299200;27.0;23.0;0.79;ENE;3.611111111111111;0.0;1009.68;0.0;Partly Cloudy
1544302800;27.0;23.0;0.79;ENE;3.611111111111111;0.0;1010.68;0.0;Partly Cloudy
1544306400;27.0;24.0;0.84;ENE;2.5;0.0;1011.68;0.0;Partly Cloudy
1544310000;27.0;23.0;0.79;ENE;2.5;0.0;1012.68;0.0;Partly Cloudy
1544313600;27.0;24.0;0.84;ENE;2.5;0.0;1013.68;0.0;Partly Cloudy
1544317200;27.0;24.0;0.84;NE;2.5;0.0;1012.68;0.0;Mostly Cloudy
1544320800;27.0;24.0;0.84;ENE;1.9444444444444444;0.0;1012.68;0.0;Mostly Cloudy
1544324400;27.0;24.0;0.84;ENE;2.5;0.0;1011.68;0.0;Mostly Cloudy
1544328000;26.0;24.0;0.89;ENE;1.1111111111111112;0.0;1011.68;0.0;Mostly Cloudy
1544331600;26.0;25.0;0.94;ENE;1.6666666666666665;0.0;1011.68;0.0;Partly Cloudy
1544335200;27.0;24.0;0.84;E;1.6666666666666665;0.0;1011.68;0.0;Partly Cloudy
1544338800;27.0;24.0;0.84;ENE;2.5;0.0;1011.68;0.0;Mostly Cloudy
1544342400;27.0;24.0;0.84;ENE;7.222222222222222;0.0;1012.68;0.0;Mostly Cloudy
1544346000;28.0;24.0;0.79;ENE;3.0555555555555554;0.0;1013.68;0.0;Partly Cloudy
1544349600;29.0;24.0;0.74;E;4.722222222222222;0.0;1013.68;0.0;Partly Cloudy
1544353200;29.0;24.0;0.74;E;4.722222222222222;0.0;1014.67;0.0;Partly Cloudy
1544356800;29.0;24.0;0.74;E;5.555555555555555;0.0;1013.68;0.0;Mostly Cloudy
1544360400;29.0;24.0;0.74;E;5.277777777777778;0.0;1013.68;0.0;Partly Cloudy
1544364000;29.0;24.0;0.74;E;4.722222222222222;0.0;1013.68;0.0;Partly Cloudy
1544367600;29.0;24.0;0.74;ESE;4.722222222222222;0.0;1013.68;0.0;Partly Cloudy
1544371200;29.0;24.0;0.74;ESE;4.722222222222222;0.0;1012.68;0.0;Partly Cloudy
1544374800;29.0;24.0;0.74;E;4.722222222222222;0.0;1012.68;0.0;Partly Cloudy
1544378400;28.0;24.0;0.79;ESE;4.166666666666667;0.0;1011.68;0.0;Partly Cloudy
1544382000;28.0;24.0;0.79;ESE;3.611111111111111;0.0;1012.68;0.0;Partly Cloudy
1544385600;28.0;24.0;0.79;SE;4.166666666666667;0.0;1012.68;0.0;Partly Cloudy
1544389200;27.0;23.0;0.79;SE;4.722222222222222;0.0;1013.68;0.0;Mostly Cloudy
1544392800;28.0;24.0;0.79;SE;3.611111111111111;0.0;1014.67;0.0;Mostly Cloudy
1544396400;27.0;24.0;0.84;SE;5.277777777777778;0.0;1014.67;0.0;Mostly Cloudy
1544400000;27.0;24.0;0.84;SE;3.611111111111111;0.0;1014.67;0.0;Partly Cloudy
1544403600;27.0;24.0;0.84;SSE;5.277777777777778;0.0;1014.67;0.0;Partly Cloudy
1544407200;27.0;23.0;0.79;SSE;4.166666666666667;0.0;1013.68;0.0;Partly Cloudy
1544410800;26.0;24.0;0.89;SSW;3.0555555555555554;0.0;1013.68;0.0;Showers in the Vicinity
1544414400;25.0;24.0;0.94;SSW;2.5;0.0;1012.68;0.0;Light Rain
1544418000;25.0;24.0;0.94;CALM;0.0;0.0;1012.68;0.0;Light Rain
1544421600;24.0;24.0;1.0;SSE;4.722222222222222;0.0;1012.68;0.0;Light Rain
1544425200;26.0;24.0;0.89;SE;7.777777777777778;0.0;1012.68;0.0;Light Rain
1544428800;27.0;24.0;0.84;ESE;6.666666666666666;0.0;1014.67;0.0;Showers in the Vicinity
1544432400;27.0;24.0;0.84;ESE;5.277777777777778;0.0;1014.67;0.0;Showers in the Vicinity
1544436000;29.0;24.0;0.74;ESE;5.277777777777778;0.0;1015.67;0.0;Mostly Cloudy
1544439600;29.0;23.0;0.7;SE;6.666666666666666;0.0;1015.67;0.0;Partly Cloudy
1544443200;29.0;23.0;0.7;ESE;6.666666666666666;0.0;1015.67;0.0;Partly Cloudy
1544446800;29.0;23.0;0.7;ESE;5.555555555555555;0.0;1015.67;0.0;Fair
1544450400;30.0;23.0;0.66;SE;6.666666666666666;0.0;1015.67;0.0;Partly Cloudy
1544454000;30.0;22.0;0.62;SE;7.222222222222222;0.0;1014.67;0.0;Fair
1544457600;30.0;23.0;0.66;SE;6.666666666666666;0.0;1013.68;0.0;Fair
1544461200;29.0;23.0;0.7;SSE;7.222222222222222;0.0;1013.68;0.0;Partly Cloudy
1544464800;29.0;23.0;0.7;SE;7.777777777777778;0.0;1013.68;0.0;Fair
1544468400;28.0;23.0;0.74;SSE;5.555555555555555;0.0;1013.68;0.0;Partly Cloudy
1544472000;27.0;23.0;0.79;SSE;6.111111111111111;0.0;1014.67;0.0;Mostly Cloudy
1544475600;27.0;23.0;0.79;SSE;5.555555555555555;0.0;1014.67;0.0;Mostly Cloudy
1544479200;27.0;23.0;0.79;SE;6.111111111111111;0.0;1015.67;0.0;Partly Cloudy
1544482800;27.0;22.0;0.74;SE;5.555555555555555;0.0;1015.67;0.0;Partly Cloudy
1544486400;27.0;22.0;0.74;SE;5.277777777777778;0.0;1015.67;0.0;Partly Cloudy
1544490000;27.0;22.0;0.74;SE;5.555555555555555;0.0;1015.67;0.0;Mostly Cloudy
1544493600;27.0;23.0;0.79;SE;5.555555555555555;0.0;1014.67;0.0;Partly Cloudy
1544497200;27.0;23.0;0.79;SE;6.111111111111111;0.0;1014.67;0.0;Mostly Cloudy
1544500800;27.0;22.0;0.74;ESE;6.111111111111111;0.0;1013.68;0.0;Partly Cloudy
1544504400;27.0;21.0;0.7;ESE;6.111111111111111;0.0;1013.68;0.0;Partly Cloudy
1544508000;27.0;22.0;0.74;ESE;5.555555555555555;0.0;1013.68;0.0;Fair
1544511600;27.0;22.0;0.74;ESE;4.722222222222222;0.0;1013.68;0.0;Partly Cloudy
1544515200;27.0;22.0;0.74;ESE;4.722222222222222;0.0;1014.67;0.0;Mostly Cloudy
1544518800;28.0;22.0;0.7;SE;6.111111111111111;0.0;1014.67;0.0;Fair
1544522400;28.0;21.0;0.66;ESE;6.111111111111111;0.0;1015.67;0.0;Fair
1544526000;29.0;21.0;0.62;ESE;6.111111111111111;0.0;1015.67;0.0;Fair
1544529600;29.0;22.0;0.66;SE;6.666666666666666;0.0;1015.67;0.0;Partly Cloudy
1544533200;30.0;22.0;0.62;ESE;5.555555555555555;0.0;1014.67;0.0;Mostly Cloudy
1544536800;29.0;22.0;0.66;ESE;6.111111111111111;0.0;1014.67;0.0;Partly Cloudy
1544540400;29.0;21.0;0.62;SE;7.222222222222222;0.0;1013.68;0.0;Fair
1544544000;30.0;23.0;0.66;SE;6.666666666666666;0.0;1013.68;0.0;Partly Cloudy
1544547600;29.0;22.0;0.66;SE;6.111111111111111;0.0;1013.68;0.0;Partly Cloudy
1544551200;28.0;21.0;0.66;ESE;5.555555555555555;0.0;1013.68;0.0;Partly Cloudy
1544554800;28.0;21.0;0.66;SE;5.277777777777778;0.0;1013.68;0.0;Partly Cloudy
1544558400;27.0;22.0;0.74;SE;6.111111111111111;0.0;1013.68;0.0;Partly Cloudy
1544562000;26.0;22.0;0.78;SSE;6.666666666666666;0.0;1014.67;0.0;Mostly Cloudy
1544565600;27.0;21.0;0.7;SE;6.111111111111111;0.0;1014.67;0.0;Partly Cloudy
1544569200;27.0;22.0;0.74;SE;5.555555555555555;0.0;1014.67;0.0;Partly Cloudy
1544572800;27.0;22.0;0.74;SE;7.222222222222222;0.0;1014.67;0.0;Partly Cloudy
1544576400;26.0;21.0;0.74;SE;6.666666666666666;0.0;1014.67;0.0;Partly Cloudy
1544580000;26.0;22.0;0.78;SE;5.277777777777778;0.0;1013.68;0.0;Mostly Cloudy
1544583600;26.0;21.0;0.74;SE;5.277777777777778;0.0;1013.68;0.0;Mostly Cloudy
1544587200;26.0;21.0;0.74;SE;6.111111111111111;0.0;1012.68;0.0;Partly Cloudy
1544590800;26.0;21.0;0.74;SE;5.277777777777778;0.0;1012.68;0.0;Partly Cloudy
1544594400;26.0;21.0;0.74;SE;6.111111111111111;0.0;1013.68;0.0;Partly Cloudy
1544598000;26.0;20.0;0.69;SE;5.277777777777778;0.0;1013.68;0.0;Partly Cloudy
1544601600;26.0;21.0;0.74;SE;5.277777777777778;0.0;1013.68;0.0;Showers in the Vicinity
1544605200;24.0;22.0;0.89;E;5.277777777777778;0.0;1014.67;0.0;Light Rain
1544606700;24.0;22.0;0.89;E;4.722222222222222;0.0;1014.67;0.0;Mostly Cloudy
1544608800;25.0;22.0;0.83;ENE;1.9444444444444444;0.0;1014.67;0.0;Cloudy
1544612400;28.0;23.0;0.74;SE;4.166666666666667;0.0;1014.67;0.0;Mostly Cloudy
1544616000;29.0;21.0;0.62;SE;6.111111111111111;0.0;1014.67;0.0;Mostly Cloudy
1544619600;29.0;21.0;0.62;SE;5.555555555555555;0.0;1014.67;0.0;Partly Cloudy
1544623200;29.0;21.0;0.62;SE;7.222222222222222;0.0;1013.68;0.0;Partly Cloudy
1544626800;29.0;21.0;0.62;SSE;8.333333333333334;0.0;1013.68;0.0;Partly Cloudy
1544630400;29.0;21.0;0.62;SSE;7.222222222222222;0.0;1012.68;0.0;Partly Cloudy
1544634000;29.0;21.0;0.62;SSE;7.222222222222222;0.0;1012.68;0.0;Partly Cloudy
1544637600;28.0;21.0;0.66;SE;6.666666666666666;0.0;1011.68;0.0;Partly Cloudy
1544641200;27.0;21.0;0.7;SSE;6.666666666666666;0.0;1012.68;0.0;Partly Cloudy
1544644800;27.0;21.0;0.7;SSE;6.111111111111111;0.0;1012.68;0.0;Partly Cloudy
1544648400;27.0;21.0;0.7;SE;5.555555555555555;0.0;1012.68;0.0;Partly Cloudy
1544652000;27.0;22.0;0.74;SSE;5.555555555555555;0.0;1013.68;0.0;Mostly Cloudy
1544655600;27.0;21.0;0.7;SE;5.277777777777778;0.0;1013.68;0.0;Partly Cloudy
1544659200;26.0;21.0;0.74;SE;5.277777777777778;0.0;1013.68;0.0;Partly Cloudy
1544662800;26.0;21.0;0.74;SE;5.277777777777778;0.0;1013.68;0.0;Partly Cloudy
1544666400;26.0;21.0;0.74;SSE;5.277777777777778;0.0;1012.68;0.0;Partly Cloudy
1544670000;26.0;21.0;0.74;SSE;4.166666666666667;0.0;1011.68;0.0;Partly Cloudy
1544673600;26.0;21.0;0.74;SSE;4.722222222222222;0.0;1011.68;0.0;Mostly Cloudy
1544677200;26.0;21.0;0.74;SE;4.722222222222222;0.0;1011.68;0.0;Mostly Cloudy
1544680800;26.0;20.0;0.69;SE;5.277777777777778;0.0;1011.68;0.0;Partly Cloudy
1544684400;26.0;21.0;0.74;ESE;3.611111111111111;0.0;1011.68;0.0;Partly Cloudy
1544688000;27.0;21.0;0.7;ESE;5.277777777777778;0.0;1012.68;0.0;Partly Cloudy
1544691600;27.0;22.0;0.74;ESE;5.277777777777778;0.0;1012.68;0.0;Partly Cloudy
1544695200;28.0;22.0;0.7;SE;5.277777777777778;0.0;1012.68;0.0;Partly Cloudy
1544698800;29.0;22.0;0.66;SE;5.555555555555555;0.0;1013.68;0.0;Mostly Cloudy
1544702400;29.0;22.0;0.66;SE;5.555555555555555;0.0;1013.68;0.0;Mostly Cloudy
1544706000;29.0;22.0;0.66;SE;5.555555555555555;0.0;1013.68;0.0;Fair
1544709600;29.0;22.0;0.66;SE;5.555555555555555;0.0;1012.68;0.0;Mostly Cloudy
1544713200;29.0;22.0;0.66;SE;6.111111111111111;0.0;1011.68;0.0;Partly Cloudy
1544716800;29.0;22.0;0.66;SSE;6.666666666666666;0.0;1011.68;0.0;Partly Cloudy
1544720400;28.0;22.0;0.7;SE;6.666666666666666;0.0;1011.68;0.0;Partly Cloudy
1544724000;29.0;22.0;0.66;SSE;6.666666666666666;0.0;1011.68;0.0;Mostly Cloudy
1544727600;27.0;21.0;0.7;SE;5.277777777777778;0.0;1011.68;0.0;Mostly Cloudy
1544731200;27.0;21.0;0.7;SE;5.277777777777778;0.0;1012.68;0.0;Partly Cloudy
1544734800;27.0;22.0;0.74;SE;4.722222222222222;0.0;1012.68;0.0;Mostly Cloudy
1544738400;27.0;22.0;0.74;SE;5.277777777777778;0.0;1013.68;0.0;Partly Cloudy
1544742000;27.0;21.0;0.7;SE;4.722222222222222;0.0;1013.68;0.0;Partly Cloudy
1544745600;27.0;21.0;0.7;SE;5.277777777777778;0.0;1013.68;0.0;Partly Cloudy
1544749200;26.0;21.0;0.74;SE;5.555555555555555;0.0;1012.68;0.0;Partly Cloudy
1544752800;26.0;21.0;0.74;SE;5.277777777777778;0.0;1012.68;0.0;Mostly Cloudy
1544756400;26.0;21.0;0.74;SE;4.166666666666667;0.0;1012.68;0.0;Partly Cloudy
1544760000;26.0;21.0;0.74;ESE;3.611111111111111;0.0;1011.68;0.0;Partly Cloudy
1544763600;26.0;21.0;0.74;ESE;4.166666666666667;0.0;1011.68;0.0;Partly Cloudy
1544767200;26.0;21.0;0.74;SE;3.611111111111111;0.0;1011.68;0.0;Partly Cloudy
1544770800;26.0;21.0;0.74;ESE;3.0555555555555554;0.0;1012.68;0.0;Partly Cloudy
1544774400;27.0;21.0;0.7;ESE;4.166666666666667;0.0;1012.68;0.0;Partly Cloudy
1544778000;27.0;21.0;0.7;ESE;4.722222222222222;0.0;1012.68;0.0;Partly Cloudy
1544781600;28.0;21.0;0.66;SE;4.722222222222222;0.0;1013.68;0.0;Partly Cloudy
1544785200;28.0;22.0;0.7;SE;5.277777777777778;0.0;1014.67;0.0;Partly Cloudy
1544788800;29.0;22.0;0.66;SE;5.277777777777778;0.0;1013.68;0.0;Partly Cloudy
1544792400;29.0;22.0;0.66;SE;6.111111111111111;0.0;1013.68;0.0;Partly Cloudy
1544796000;29.0;22.0;0.66;SE;6.111111111111111;0.0;1013.68;0.0;Partly Cloudy
1544799600;30.0;22.0;0.62;SSE;6.666666666666666;0.0;1013.68;0.0;Partly Cloudy
1544803200;29.0;21.0;0.62;SE;7.222222222222222;0.0;1012.68;0.0;Fair
1544806800;29.0;21.0;0.62;SE;7.222222222222222;0.0;1012.68;0.0;Partly Cloudy
1544810400;28.0;20.0;0.62;SSE;7.222222222222222;0.0;1012.68;0.0;Partly Cloudy
1544814000;27.0;21.0;0.7;SSE;6.111111111111111;0.0;1013.68;0.0;Partly Cloudy
1544817600;27.0;21.0;0.7;SE;5.277777777777778;0.0;1013.68;0.0;Partly Cloudy
1544821200;27.0;21.0;0.7;SSE;6.666666666666666;0.0;1013.68;0.0;Partly Cloudy
1544824800;27.0;21.0;0.7;SE;6.111111111111111;0.0;1014.67;0.0;Partly Cloudy
1544828400;27.0;21.0;0.7;SE;6.111111111111111;0.0;1014.67;0.0;Mostly Cloudy
1544832000;27.0;21.0;0.7;SE;4.722222222222222;0.0;1015.67;0.0;Mostly Cloudy
1544835600;27.0;21.0;0.7;SE;5.555555555555555;0.0;1014.67;0.0;Mostly Cloudy
1544839200;26.0;21.0;0.74;SE;5.277777777777778;0.0;1014.67;0.0;Mostly Cloudy
1544842800;26.0;21.0;0.74;SE;4.722222222222222;0.0;1014.67;0.0;Mostly Cloudy
1544846400;26.0;21.0;0.74;SE;4.166666666666667;0.0;1013.68;0.0;Partly Cloudy
1544850000;26.0;20.0;0.69;SE;4.166666666666667;0.0;1013.68;0.0;Partly Cloudy
1544853600;26.0;20.0;0.69;SE;4.166666666666667;0.0;1013.68;0.0;Partly Cloudy
1544857200;26.0;20.0;0.69;SE;3.611111111111111;0.0;1013.68;0.0;Partly Cloudy
1544860800;26.0;21.0;0.74;ESE;4.722222222222222;0.0;1014.67;0.0;Mostly Cloudy
1544864400;27.0;20.0;0.65;ESE;5.277777777777778;0.0;1015.67;0.0;Mostly Cloudy
1544868000;27.0;21.0;0.7;SE;6.666666666666666;0.0;1015.67;0.0;Mostly Cloudy
1544871600;28.0;20.0;0.62;SE;6.666666666666666;0.0;1015.67;0.0;Partly Cloudy
1544875200;29.0;20.0;0.58;SE;6.666666666666666;0.0;1015.67;0.0;Fair
1544878800;30.0;20.0;0.55;SE;6.666666666666666;0.0;1015.67;0.0;Fair
1544882400;29.0;21.0;0.62;SE;5.555555555555555;0.0;1015.67;0.0;Fair
1544886000;29.0;21.0;0.62;SE;6.111111111111111;0.0;1014.67;0.0;Fair
1544889600;29.0;21.0;0.62;SE;6.666666666666666;0.0;1013.68;0.0;Fair
1544893200;28.0;21.0;0.66;SE;6.111111111111111;0.0;1012.68;0.0;Partly Cloudy
1544896800;28.0;21.0;0.66;SE;5.555555555555555;0.0;1012.68;0.0;Fair
1544900400;27.0;21.0;0.7;SE;5.555555555555555;0.0;1012.68;0.0;Fair
1544904000;27.0;21.0;0.7;SE;4.722222222222222;10.833333333333334;1013.68;0.0;Fair
1544907600;27.0;21.0;0.7;SE;4.722222222222222;0.0;1014.67;0.0;Partly Cloudy
1544911200;27.0;21.0;0.7;SE;4.722222222222222;0.0;1014.67;0.0;Partly Cloudy
1544914800;26.0;21.0;0.74;SE;4.166666666666667;0.0;1015.67;0.0;Partly Cloudy
1544918400;26.0;21.0;0.74;SE;4.166666666666667;0.0;1015.67;0.0;Fair
1544922000;26.0;21.0;0.74;SE;4.166666666666667;0.0;1015.67;0.0;Fair
1544925600;26.0;21.0;0.74;SE;4.166666666666667;0.0;1014.67;0.0;Partly Cloudy
1544929200;26.0;21.0;0.74;SE;4.722222222222222;0.0;1013.68;0.0;Partly Cloudy
1544932800;26.0;21.0;0.74;SE;4.722222222222222;0.0;1013.68;0.0;Partly Cloudy
1544936400;26.0;21.0;0.74;ESE;4.722222222222222;0.0;1013.68;0.0;Partly Cloudy
1544940000;26.0;21.0;0.74;ESE;4.722222222222222;0.0;1014.67;0.0;Partly Cloudy
1544943600;26.0;20.0;0.69;SE;4.166666666666667;0.0;1014.67;0.0;Partly Cloudy
1544947200;27.0;20.0;0.65;SE;4.722222222222222;0.0;1015.67;0.0;Partly Cloudy
1544950800;28.0;21.0;0.66;SE;4.722222222222222;0.0;1015.67;0.0;Partly Cloudy
1544954400;28.0;21.0;0.66;SE;5.555555555555555;0.0;1016.67;0.0;Partly Cloudy
1544958000;29.0;21.0;0.62;SSE;5.555555555555555;0.0;1016.67;0.0;Fair
1544961600;30.0;20.0;0.55;SE;5.277777777777778;0.0;1016.67;0.0;Fair
1544965200;29.0;21.0;0.62;SSE;6.111111111111111;0.0;1015.67;0.0;Partly Cloudy
1544968800;30.0;22.0;0.62;SSE;6.111111111111111;0.0;1015.67;0.0;Fair
1544972400;29.0;21.0;0.62;SSE;6.111111111111111;0.0;1014.67;0.0;Fair
1544976000;29.0;21.0;0.62;SSE;6.666666666666666;0.0;1013.68;0.0;Fair
1544979600;29.0;21.0;0.62;SSE;7.222222222222222;0.0;1013.68;0.0;Partly Cloudy
1544983200;28.0;22.0;0.7;SSE;7.777777777777778;0.0;1013.68;0.0;Partly Cloudy
1544986800;28.0;21.0;0.66;SSE;6.666666666666666;0.0;1013.68;0.0;Partly Cloudy
1544990400;27.0;21.0;0.7;SSE;6.666666666666666;0.0;1013.68;0.0;Mostly Cloudy
1544994000;27.0;22.0;0.74;SSE;6.666666666666666;0.0;1014.67;0.0;Mostly Cloudy
1544997600;25.0;23.0;0.89;SE;6.111111111111111;0.0;1015.67;0.0;Light Rain Shower
1545001200;25.0;23.0;0.89;S;3.611111111111111;0.0;1015.67;0.0;Fair
1545004800;25.0;23.0;0.89;SW;1.6666666666666665;0.0;1014.67;0.0;Mostly Cloudy
1545008400;25.0;23.0;0.89;S;2.5;8.333333333333334;0.0;0.0;Light Rain
1545012000;25.0;23.0;0.89;VAR;1.1111111111111112;0.0;1013.68;0.0;Mostly Cloudy
1545015600;25.0;24.0;0.94;S;1.9444444444444444;0.0;1012.68;0.0;Mostly Cloudy
1545019200;25.0;23.0;0.89;ESE;4.166666666666667;0.0;1012.68;0.0;Light Rain
1545022800;26.0;23.0;0.83;SE;2.5;0.0;1011.68;0.0;Mostly Cloudy
1545026400;26.0;24.0;0.89;ESE;4.166666666666667;0.0;1011.68;0.0;Partly Cloudy
1545030000;26.0;24.0;0.89;ESE;3.0555555555555554;0.0;1012.68;0.0;Mostly Cloudy
1545033600;27.0;23.0;0.79;ESE;4.166666666666667;0.0;1012.68;0.0;Light Rain Shower
1545037200;27.0;24.0;0.84;ESE;4.722222222222222;0.0;1013.68;0.0;Mostly Cloudy
1545040800;28.0;24.0;0.79;ESE;5.277777777777778;0.0;1013.68;0.0;Mostly Cloudy
1545044400;29.0;24.0;0.74;ESE;5.277777777777778;0.0;1014.67;0.0;Mostly Cloudy
1545048000;28.0;23.0;0.74;ESE;5.555555555555555;10.833333333333334;1014.67;0.0;Mostly Cloudy
1545051600;26.0;24.0;0.89;E;4.722222222222222;0.0;1013.68;0.0;Light Rain
1545055200;29.0;24.0;0.74;ESE;5.277777777777778;0.0;1013.68;0.0;Mostly Cloudy
1545058800;29.0;24.0;0.74;ESE;6.111111111111111;0.0;1013.68;0.0;Mostly Cloudy
1545062400;28.0;23.0;0.74;ESE;6.111111111111111;0.0;1012.68;0.0;Mostly Cloudy
1545066000;28.0;23.0;0.74;ESE;5.277777777777778;0.0;1012.68;0.0;Mostly Cloudy
1545069600;28.0;23.0;0.74;SE;5.277777777777778;0.0;1012.68;0.0;Mostly Cloudy
1545073200;28.0;23.0;0.74;ESE;5.555555555555555;0.0;1013.68;0.0;Mostly Cloudy
1545076800;27.0;23.0;0.79;ESE;5.277777777777778;0.0;1013.68;0.0;Partly Cloudy
1545080400;27.0;23.0;0.79;SE;4.722222222222222;0.0;1014.67;0.0;Partly Cloudy
1545084000;27.0;23.0;0.79;ESE;5.555555555555555;0.0;1014.67;0.0;Partly Cloudy
1545087600;27.0;22.0;0.74;ESE;4.722222222222222;0.0;1015.67;0.0;Partly Cloudy
1545091200;27.0;22.0;0.74;SE;5.277777777777778;0.0;1015.67;0.0;Partly Cloudy
1545094800;26.0;22.0;0.78;SE;4.722222222222222;0.0;1014.67;0.0;Partly Cloudy
1545098400;26.0;22.0;0.78;SE;4.722222222222222;0.0;1013.68;0.0;Partly Cloudy
1545102000;26.0;23.0;0.83;SE;3.0555555555555554;0.0;1013.68;0.0;Partly Cloudy
1545105600;26.0;23.0;0.83;ESE;3.0555555555555554;0.0;1012.68;0.0;Partly Cloudy
1545109200;26.0;23.0;0.83;ESE;4.166666666666667;0.0;1012.68;0.0;Partly Cloudy
1545112800;26.0;23.0;0.83;ESE;3.611111111111111;0.0;1012.68;0.0;Partly Cloudy
1545116400;26.0;22.0;0.78;ESE;4.166666666666667;0.0;1012.68;0.0;Partly Cloudy
1545120000;27.0;22.0;0.74;ESE;3.611111111111111;0.0;1013.68;0.0;Fair
1545123600;27.0;22.0;0.74;ESE;4.166666666666667;0.0;1013.68;0.0;Partly Cloudy
1545127200;28.0;23.0;0.74;ESE;4.722222222222222;0.0;1014.67;0.0;Partly Cloudy
1545130800;29.0;23.0;0.7;ESE;4.722222222222222;0.0;1014.67;0.0;Partly Cloudy
1545134400;29.0;23.0;0.7;SE;5.277777777777778;0.0;1014.67;0.0;Partly Cloudy
1545138000;29.0;23.0;0.7;SE;5.555555555555555;0.0;1014.67;0.0;Partly Cloudy
1545141600;29.0;23.0;0.7;SE;5.555555555555555;0.0;1013.68;0.0;Partly Cloudy
1545145200;29.0;23.0;0.7;SE;5.277777777777778;0.0;1013.68;0.0;Partly Cloudy
1545148800;28.0;22.0;0.7;ESE;5.277777777777778;0.0;1012.68;0.0;Partly Cloudy
1545152400;28.0;23.0;0.74;SE;6.111111111111111;0.0;1012.68;0.0;Partly Cloudy
1545156000;29.0;23.0;0.7;SE;6.111111111111111;0.0;1012.68;0.0;Mostly Cloudy
1545159600;27.0;22.0;0.74;SE;5.555555555555555;0.0;1012.68;0.0;Mostly Cloudy
1545163200;27.0;22.0;0.74;SE;5.277777777777778;0.0;1013.68;0.0;Partly Cloudy
1545166800;27.0;22.0;0.74;SE;5.555555555555555;0.0;1013.68;0.0;Mostly Cloudy
1545170400;27.0;21.0;0.7;SE;5.555555555555555;0.0;1014.67;0.0;Fair
1545174000;27.0;21.0;0.7;SE;5.277777777777778;0.0;1014.67;0.0;Fair
1545177600;26.0;21.0;0.74;SE;6.666666666666666;0.0;1014.67;0.0;Partly Cloudy
1545181200;26.0;21.0;0.74;SE;5.277777777777778;0.0;1014.67;0.0;Partly Cloudy
1545184800;26.0;21.0;0.74;SE;4.722222222222222;0.0;1013.68;0.0;Partly Cloudy
1545188400;26.0;21.0;0.74;SE;4.166666666666667;0.0;1012.68;0.0;Fair
1545192000;26.0;21.0;0.74;SE;4.722222222222222;0.0;1012.68;0.0;Partly Cloudy
1545195600;26.0;20.0;0.69;SE;3.611111111111111;0.0;1012.68;0.0;Fair
1545199200;26.0;20.0;0.69;SE;4.166666666666667;0.0;1011.68;0.0;Partly Cloudy
1545202800;26.0;20.0;0.69;SE;3.611111111111111;0.0;1012.68;0.0;Partly Cloudy
1545206400;26.0;20.0;0.69;SE;4.722222222222222;0.0;1012.68;0.0;Fair
1545210000;27.0;20.0;0.65;SE;5.277777777777778;0.0;1013.68;0.0;Fair
1545213600;28.0;20.0;0.62;SE;4.722222222222222;0.0;1013.68;0.0;Fair
1545217200;28.0;20.0;0.62;SSE;6.111111111111111;0.0;1013.68;0.0;Fair
1545220800;29.0;20.0;0.58;SE;5.277777777777778;0.0;1013.68;0.0;Fair
1545224400;28.0;20.0;0.62;SSE;6.111111111111111;0.0;1013.68;0.0;Mostly Cloudy
1545228000;28.0;21.0;0.66;SSE;6.666666666666666;0.0;1012.68;0.0;Mostly Cloudy
1545231600;29.0;21.0;0.62;SSE;6.666666666666666;0.0;1011.68;0.0;Mostly Cloudy
1545235200;28.0;21.0;0.66;SE;6.666666666666666;0.0;1011.68;0.0;Fair
1545238800;28.0;20.0;0.62;SSE;6.111111111111111;0.0;1010.68;0.0;Partly Cloudy
1545242400;28.0;20.0;0.62;SE;6.111111111111111;0.0;1010.68;0.0;Partly Cloudy
1545246000;27.0;20.0;0.65;SSE;5.555555555555555;0.0;1011.68;0.0;Partly Cloudy
1545249600;27.0;20.0;0.65;SE;4.166666666666667;0.0;1011.68;0.0;Partly Cloudy
1545253200;27.0;20.0;0.65;SE;4.166666666666667;0.0;1012.68;0.0;Partly Cloudy
1545256800;26.0;20.0;0.69;SSE;4.722222222222222;0.0;1012.68;0.0;Partly Cloudy
1545260400;27.0;20.0;0.65;SSE;4.166666666666667;0.0;1012.68;0.0;Partly Cloudy
1545264000;26.0;21.0;0.74;SSE;4.166666666666667;0.0;1012.68;0.0;Partly Cloudy
1545267600;26.0;21.0;0.74;SE;5.277777777777778;0.0;1012.68;0.0;Partly Cloudy
1545271200;26.0;21.0;0.74;SE;3.0555555555555554;0.0;1011.68;0.0;Partly Cloudy
1545274800;25.0;21.0;0.78;S;2.5;0.0;1010.68;0.0;Partly Cloudy
1545278400;26.0;21.0;0.74;ESE;3.611111111111111;0.0;1010.68;0.0;Partly Cloudy
1545282000;26.0;21.0;0.74;SE;3.0555555555555554;0.0;1010.68;0.0;Mostly Cloudy
1545285600;25.0;21.0;0.78;SSW;2.5;0.0;1010.68;0.0;Partly Cloudy
1545289200;24.0;21.0;0.83;SW;2.5;0.0;1011.68;0.0;Partly Cloudy
1545292800;25.0;21.0;0.78;SSW;2.5;0.0;1011.68;0.0;Mostly Cloudy
1545296400;26.0;21.0;0.74;WSW;3.0555555555555554;0.0;1012.68;0.0;Mostly Cloudy
1545300000;28.0;22.0;0.7;SSE;4.722222222222222;0.0;1012.68;0.0;Mostly Cloudy
1545303600;30.0;21.0;0.58;SE;4.166666666666667;0.0;1012.68;0.0;Fair
1545307200;29.0;21.0;0.62;SSE;5.555555555555555;0.0;1013.68;0.0;Fair
1545310800;29.0;22.0;0.66;ESE;5.277777777777778;0.0;1012.68;0.0;Fair
1545314400;29.0;21.0;0.62;SE;5.555555555555555;0.0;1011.68;0.0;Fair
1545318000;30.0;20.0;0.55;ESE;4.722222222222222;0.0;1011.68;0.0;Fair
1545321600;29.0;21.0;0.62;SE;6.111111111111111;0.0;1010.68;0.0;Fair
1545325200;28.0;21.0;0.66;SE;6.111111111111111;0.0;1010.68;0.0;Fair
1545328800;28.0;21.0;0.66;SE;5.555555555555555;0.0;1010.68;0.0;Fair
1545332400;28.0;21.0;0.66;ESE;4.166666666666667;0.0;1010.68;0.0;Mostly Cloudy
1545336000;28.0;21.0;0.66;SE;4.166666666666667;0.0;1011.68;0.0;Mostly Cloudy
1545339600;27.0;21.0;0.7;ESE;4.166666666666667;0.0;1011.68;0.0;Partly Cloudy
1545343200;27.0;20.0;0.65;SE;4.166666666666667;0.0;1012.68;0.0;Fair
1545346800;27.0;20.0;0.65;SE;3.611111111111111;0.0;1012.68;0.0;Fair
1545350400;27.0;21.0;0.7;ESE;4.166666666666667;0.0;1012.68;0.0;Partly Cloudy
1545354000;27.0;21.0;0.7;SE;3.0555555555555554;9.166666666666666;1011.68;0.0;Fair
1545357600;27.0;21.0;0.7;ESE;4.722222222222222;0.0;1010.68;0.0;Partly Cloudy
1545361200;26.0;20.0;0.69;SE;4.166666666666667;0.0;1009.68;0.0;Fair
1545364800;26.0;21.0;0.74;ESE;3.0555555555555554;0.0;1009.68;0.0;Partly Cloudy
1545368400;26.0;21.0;0.74;SE;3.611111111111111;0.0;1009.68;0.0;Partly Cloudy
1545372000;26.0;21.0;0.74;ESE;3.611111111111111;0.0;1009.68;0.0;Partly Cloudy
1545375600;26.0;21.0;0.74;ESE;3.0555555555555554;0.0;1010.68;0.0;Mostly Cloudy
1545379200;27.0;21.0;0.7;SE;4.166666666666667;0.0;1010.68;0.0;Partly Cloudy
1545382800;28.0;22.0;0.7;ESE;3.611111111111111;0.0;1011.68;0.0;Mostly Cloudy
1545386400;28.0;21.0;0.66;SE;4.166666666666667;0.0;1011.68;0.0;Partly Cloudy
1545390000;28.0;22.0;0.7;SE;4.166666666666667;0.0;1012.68;0.0;Partly Cloudy
1545393600;28.0;22.0;0.7;SE;4.722222222222222;0.0;1012.68;0.0;Partly Cloudy
1545397200;29.0;22.0;0.66;SE;5.555555555555555;0.0;1011.68;0.0;Partly Cloudy
1545400800;29.0;22.0;0.66;SE;6.111111111111111;0.0;1012.68;0.0;Partly Cloudy
1545404400;30.0;22.0;0.62;SE;5.555555555555555;0.0;1010.68;0.0;Partly Cloudy
1545408000;28.0;22.0;0.7;SE;5.555555555555555;0.0;1010.68;0.0;Partly Cloudy
1545411600;29.0;22.0;0.66;SE;6.666666666666666;0.0;1009.68;0.0;Partly Cloudy
1545415200;28.0;22.0;0.7;SE;5.277777777777778;0.0;1009.68;0.0;Partly Cloudy
1545418800;28.0;22.0;0.7;ESE;5.277777777777778;0.0;1010.68;0.0;Partly Cloudy
1545422400;27.0;22.0;0.74;SE;4.166666666666667;0.0;1010.68;0.0;Partly Cloudy
1545426000;27.0;22.0;0.74;SE;5.277777777777778;0.0;1011.68;0.0;Mostly Cloudy
1545429600;27.0;22.0;0.74;SSE;5.555555555555555;0.0;1011.68;0.0;Mostly Cloudy
1545433200;27.0;22.0;0.74;SE;5.277777777777778;0.0;1012.68;0.0;Mostly Cloudy
1545436800;27.0;21.0;0.7;SE;5.277777777777778;0.0;1012.68;0.0;Mostly Cloudy
1545440400;27.0;22.0;0.74;SE;4.166666666666667;0.0;1011.68;0.0;Mostly Cloudy
1545444000;27.0;22.0;0.74;ESE;3.611111111111111;0.0;1010.68;0.0;Partly Cloudy
1545447600;26.0;22.0;0.78;ESE;4.166666666666667;0.0;1009.68;0.0;Partly Cloudy
1545451200;26.0;22.0;0.78;ESE;3.0555555555555554;0.0;1009.68;0.0;Partly Cloudy
1545454800;26.0;22.0;0.78;ESE;3.0555555555555554;0.0;1009.68;0.0;Partly Cloudy
1545458400;26.0;22.0;0.78;ESE;3.0555555555555554;0.0;1009.68;0.0;Partly Cloudy
1545462000;26.0;22.0;0.78;ESE;3.611111111111111;0.0;1010.68;0.0;Partly Cloudy
1545465600;27.0;22.0;0.74;ESE;4.166666666666667;0.0;1010.68;0.0;Partly Cloudy
1545469200;27.0;22.0;0.74;ESE;4.722222222222222;0.0;1011.68;0.0;Partly Cloudy
1545472800;28.0;22.0;0.7;SE;4.722222222222222;0.0;1011.68;0.0;Partly Cloudy
1545476400;29.0;22.0;0.66;ESE;5.555555555555555;0.0;1011.68;0.0;Partly Cloudy
1545480000;29.0;22.0;0.66;SE;5.555555555555555;0.0;1011.68;0.0;Partly Cloudy
1545483600;29.0;23.0;0.7;SE;6.111111111111111;0.0;1011.68;0.0;Partly Cloudy
1545487200;29.0;23.0;0.7;SE;5.277777777777778;0.0;1011.68;0.0;Partly Cloudy
1545490800;29.0;23.0;0.7;SE;5.555555555555555;0.0;1010.68;0.0;Mostly Cloudy
1545494400;29.0;23.0;0.7;SE;5.277777777777778;0.0;1009.68;0.0;Partly Cloudy
1545498000;28.0;23.0;0.74;SE;5.555555555555555;0.0;1009.68;0.0;Partly Cloudy
1545501600;29.0;22.0;0.66;SSE;5.555555555555555;0.0;1009.68;0.0;Showers in the Vicinity
1545505200;28.0;23.0;0.74;SSE;5.555555555555555;0.0;1009.68;0.0;Mostly Cloudy
1545508800;27.0;23.0;0.79;SSE;6.111111111111111;0.0;1010.68;0.0;Mostly Cloudy
1545512400;26.0;24.0;0.89;SE;5.555555555555555;0.0;1010.68;0.0;Rain
1545513300;26.0;24.0;0.89;SE;3.611111111111111;0.0;1010.68;0.0;Showers in the Vicinity
1545516000;26.0;23.0;0.83;SE;5.277777777777778;0.0;1010.68;0.0;Partly Cloudy
1545519600;26.0;22.0;0.78;SE;4.166666666666667;0.0;1011.68;0.0;Showers in the Vicinity
1545523200;26.0;23.0;0.83;SE;4.166666666666667;0.0;1011.68;0.0;Mostly Cloudy
1545526800;26.0;23.0;0.83;SE;3.611111111111111;0.0;1010.68;0.0;Mostly Cloudy
1545530400;27.0;22.0;0.74;ESE;4.722222222222222;0.0;1010.68;0.0;Mostly Cloudy
1545534000;27.0;22.0;0.74;E;3.611111111111111;0.0;1009.68;0.0;Mostly Cloudy
1545537600;26.0;22.0;0.78;ESE;3.611111111111111;0.0;1009.68;0.0;Mostly Cloudy
1545541200;26.0;22.0;0.78;ESE;3.611111111111111;0.0;1009.68;0.0;Mostly Cloudy
1545544800;26.0;22.0;0.78;ESE;3.611111111111111;0.0;1009.68;0.0;Mostly Cloudy
1545548400;26.0;22.0;0.78;ESE;2.5;0.0;1010.68;0.0;Partly Cloudy
1545552000;27.0;22.0;0.74;E;1.9444444444444444;0.0;1011.68;0.0;Partly Cloudy
1545555600;27.0;23.0;0.79;ESE;3.611111111111111;0.0;1011.68;0.0;Mostly Cloudy
1545559200;27.0;23.0;0.79;SE;3.611111111111111;0.0;1011.68;0.0;Mostly Cloudy
1545562800;28.0;23.0;0.74;VAR;3.611111111111111;0.0;1011.68;0.0;Partly Cloudy
1545566400;28.0;23.0;0.74;ESE;3.611111111111111;0.0;1011.68;0.0;Partly Cloudy
1545570000;28.0;23.0;0.74;ESE;5.277777777777778;0.0;0.0;0.0;Showers in the Vicinity
1545573600;29.0;24.0;0.74;E;3.611111111111111;0.0;1010.68;0.0;Partly Cloudy
1545577200;29.0;23.0;0.7;ESE;4.166666666666667;0.0;1010.68;0.0;Partly Cloudy
1545580800;29.0;23.0;0.7;ESE;5.555555555555555;0.0;1009.68;0.0;Partly Cloudy
1545584400;28.0;23.0;0.74;ESE;5.277777777777778;0.0;1009.68;0.0;Partly Cloudy
1545588000;28.0;23.0;0.74;ESE;5.277777777777778;0.0;1009.68;0.0;Partly Cloudy
1545591600;28.0;23.0;0.74;ESE;4.166666666666667;0.0;1010.68;0.0;Partly Cloudy
1545595200;27.0;23.0;0.79;E;5.277777777777778;0.0;1010.68;0.0;Partly Cloudy
1545598800;27.0;23.0;0.79;ESE;4.166666666666667;0.0;1011.68;0.0;Mostly Cloudy
1545602400;27.0;23.0;0.79;ESE;4.722222222222222;0.0;1011.68;0.0;Mostly Cloudy
1545606000;27.0;22.0;0.74;E;4.166666666666667;0.0;1012.68;0.0;Mostly Cloudy
1545609600;27.0;22.0;0.74;E;4.722222222222222;0.0;1012.68;0.0;Partly Cloudy
1545613200;27.0;22.0;0.74;E;3.611111111111111;0.0;1011.68;0.0;Partly Cloudy
1545616800;26.0;22.0;0.78;E;3.0555555555555554;0.0;1011.68;0.0;Partly Cloudy
1545620400;26.0;22.0;0.78;E;3.0555555555555554;0.0;1011.68;0.0;Mostly Cloudy
1545624000;26.0;22.0;0.78;E;2.5;0.0;1011.68;0.0;Mostly Cloudy
1545627600;26.0;22.0;0.78;E;3.0555555555555554;0.0;1010.68;0.0;Mostly Cloudy
1545631200;26.0;22.0;0.78;E;2.5;0.0;1011.68;0.0;Partly Cloudy
1545634800;26.0;22.0;0.78;ENE;2.5;0.0;1011.68;0.0;Partly Cloudy
1545638400;26.0;22.0;0.78;ENE;2.5;0.0;1012.68;0.0;Mostly Cloudy
1545642000;27.0;22.0;0.74;ENE;3.0555555555555554;0.0;1012.68;0.0;Partly Cloudy
1545645600;28.0;22.0;0.7;E;4.166666666666667;0.0;1012.68;0.0;Partly Cloudy
1545649200;28.0;22.0;0.7;ENE;3.611111111111111;0.0;1012.68;0.0;Partly Cloudy
1545652800;28.0;22.0;0.7;ENE;3.0555555555555554;0.0;1012.68;0.0;Partly Cloudy
1545656400;29.0;23.0;0.7;ESE;3.611111111111111;0.0;1012.68;0.0;Partly Cloudy
1545660000;29.0;23.0;0.7;E;4.722222222222222;0.0;1012.68;0.0;Mostly Cloudy
1545663600;30.0;23.0;0.66;ESE;4.722222222222222;0.0;1011.68;0.0;Mostly Cloudy
1545667200;29.0;23.0;0.7;ESE;4.722222222222222;0.0;1010.68;0.0;Partly Cloudy
1545670800;28.0;22.0;0.7;E;3.611111111111111;0.0;1010.68;0.0;Partly Cloudy
1545674400;28.0;22.0;0.7;ESE;5.277777777777778;0.0;1010.68;0.0;Partly Cloudy
1545678000;27.0;23.0;0.79;ESE;3.611111111111111;0.0;1010.68;0.0;Mostly Cloudy
1545681600;27.0;22.0;0.74;ESE;3.611111111111111;0.0;1010.68;0.0;Fair
1545685200;27.0;22.0;0.74;ESE;3.611111111111111;0.0;1010.68;0.0;Partly Cloudy
1545688800;27.0;22.0;0.74;ESE;3.611111111111111;0.0;1011.68;0.0;Mostly Cloudy
1545692400;27.0;22.0;0.74;E;3.611111111111111;0.0;1011.68;0.0;Mostly Cloudy
1545696000;27.0;22.0;0.74;ESE;3.0555555555555554;0.0;1011.68;0.0;Mostly Cloudy
1545699600;27.0;22.0;0.74;E;3.611111111111111;0.0;1011.68;0.0;Mostly Cloudy
1545703200;27.0;22.0;0.74;ESE;3.611111111111111;0.0;1010.68;0.0;Partly Cloudy
1545706800;26.0;22.0;0.78;ESE;3.0555555555555554;0.0;1010.68;0.0;Mostly Cloudy
1545710400;26.0;22.0;0.78;E;2.5;0.0;1009.68;0.0;Partly Cloudy
1545714000;26.0;22.0;0.78;E;3.0555555555555554;0.0;1009.68;0.0;Partly Cloudy
1545717600;26.0;21.0;0.74;ESE;4.166666666666667;0.0;1010.68;0.0;Partly Cloudy
1545721200;26.0;21.0;0.74;E;3.611111111111111;0.0;1010.68;0.0;Partly Cloudy
1545724800;27.0;22.0;0.74;ESE;3.611111111111111;0.0;1011.68;0.0;Partly Cloudy
1545728400;27.0;22.0;0.74;ESE;3.611111111111111;0.0;1011.68;0.0;Partly Cloudy
1545732000;28.0;22.0;0.7;ESE;4.722222222222222;0.0;1012.68;0.0;Partly Cloudy
1545735600;29.0;22.0;0.66;ESE;4.722222222222222;0.0;1012.68;0.0;Partly Cloudy
1545739200;29.0;22.0;0.66;ESE;4.722222222222222;0.0;1012.68;0.0;Partly Cloudy
1545742800;30.0;22.0;0.62;SE;4.166666666666667;0.0;1012.68;0.0;Partly Cloudy
1545746400;29.0;22.0;0.66;ESE;5.555555555555555;0.0;1011.68;0.0;Partly Cloudy
1545750000;29.0;22.0;0.66;ESE;5.277777777777778;0.0;1011.68;0.0;Partly Cloudy
1545753600;29.0;22.0;0.66;ESE;5.277777777777778;0.0;1010.68;0.0;Partly Cloudy
1545757200;29.0;21.0;0.62;SE;5.277777777777778;0.0;1010.68;0.0;Partly Cloudy
1545760800;28.0;21.0;0.66;ESE;5.555555555555555;0.0;1010.68;0.0;Partly Cloudy
1545764400;28.0;21.0;0.66;SE;4.722222222222222;0.0;1010.68;0.0;Partly Cloudy
1545768000;27.0;21.0;0.7;ESE;4.166666666666667;0.0;1011.68;0.0;Partly Cloudy
1545771600;27.0;21.0;0.7;ESE;3.611111111111111;0.0;1011.68;0.0;Partly Cloudy
1545775200;27.0;20.0;0.65;E;3.0555555555555554;0.0;1012.68;0.0;Partly Cloudy
1545778800;27.0;20.0;0.65;ESE;3.611111111111111;0.0;1012.68;0.0;Fair
1545782400;26.0;20.0;0.69;E;1.9444444444444444;0.0;1012.68;0.0;Fair
1545786000;26.0;20.0;0.69;E;1.9444444444444444;0.0;1012.68;0.0;Fair
1545789600;26.0;20.0;0.69;E;1.9444444444444444;0.0;1011.68;0.0;Fair
1545793200;26.0;20.0;0.69;ENE;1.6666666666666665;0.0;1011.68;0.0;Fair
1545796800;26.0;20.0;0.69;E;1.9444444444444444;0.0;1010.68;0.0;Fair
1545800400;26.0;20.0;0.69;ESE;1.9444444444444444;0.0;1010.68;0.0;Fair
1545804000;26.0;21.0;0.74;ESE;2.5;0.0;1010.68;0.0;Partly Cloudy
1545807600;26.0;20.0;0.69;E;3.611111111111111;0.0;1010.68;0.0;Fair
1545811200;26.0;21.0;0.74;ESE;3.611111111111111;0.0;1010.68;0.0;Partly Cloudy
1545814800;27.0;20.0;0.65;ESE;4.166666666666667;0.0;1011.68;0.0;Fair
1545818400;28.0;20.0;0.62;ESE;4.166666666666667;0.0;1011.68;0.0;Partly Cloudy
1545822000;28.0;21.0;0.66;E;3.0555555555555554;0.0;1012.68;0.0;Partly Cloudy
1545825600;29.0;20.0;0.58;E;4.166666666666667;0.0;1012.68;0.0;Partly Cloudy
1545829200;28.0;20.0;0.62;E;4.722222222222222;0.0;1011.68;0.0;Partly Cloudy
1545832800;29.0;21.0;0.62;ENE;3.611111111111111;0.0;1011.68;0.0;Partly Cloudy
1545836400;29.0;20.0;0.58;E;4.722222222222222;0.0;1010.68;0.0;Fair
1545840000;29.0;20.0;0.58;E;4.166666666666667;0.0;1010.68;0.0;Partly Cloudy
1545843600;28.0;21.0;0.66;E;4.722222222222222;0.0;1009.68;0.0;Partly Cloudy
1545847200;28.0;21.0;0.66;E;5.277777777777778;0.0;1009.68;0.0;Partly Cloudy
1545850800;28.0;21.0;0.66;E;4.166666666666667;0.0;1009.68;0.0;Fair
1545854400;27.0;20.0;0.65;E;3.611111111111111;0.0;1010.68;0.0;Fair
1545858000;27.0;20.0;0.65;E;3.0555555555555554;0.0;1010.68;0.0;Fair
1545861600;27.0;21.0;0.7;ESE;2.5;0.0;1011.68;0.0;Fair
1545865200;26.0;20.0;0.69;E;2.5;0.0;1011.68;0.0;Partly Cloudy
1545868800;26.0;20.0;0.69;E;1.9444444444444444;0.0;1011.68;0.0;Partly Cloudy
1545872400;26.0;20.0;0.69;E;2.5;0.0;1011.68;0.0;Fair
1545876000;26.0;20.0;0.69;ESE;1.9444444444444444;0.0;1010.68;0.0;Partly Cloudy
1545879600;26.0;20.0;0.69;E;1.9444444444444444;0.0;1009.68;0.0;Partly Cloudy
1545883200;26.0;20.0;0.69;ESE;1.9444444444444444;0.0;1009.68;0.0;Partly Cloudy
1545886800;24.0;20.0;0.78;WNW;1.6666666666666665;0.0;1009.68;0.0;Fair
1545890400;23.0;20.0;0.83;NW;1.1111111111111112;0.0;1009.68;0.0;Partly Cloudy
1545894000;23.0;20.0;0.83;NNW;1.6666666666666665;0.0;1010.68;0.0;Fair
1545897600;24.0;20.0;0.78;NW;1.1111111111111112;0.0;1010.68;0.0;Fair
1545901200;26.0;21.0;0.74;WNW;1.1111111111111112;0.0;1010.68;0.0;Partly Cloudy
1545904800;28.0;22.0;0.7;E;3.0555555555555554;0.0;1010.68;0.0;Partly Cloudy
1545908400;28.0;21.0;0.66;ESE;3.0555555555555554;0.0;1011.68;0.0;Fair
1545912000;29.0;21.0;0.62;ESE;3.611111111111111;0.0;1011.68;0.0;Partly Cloudy
1545915600;29.0;22.0;0.66;ESE;4.166666666666667;0.0;1011.68;0.0;Fair
1545919200;29.0;21.0;0.62;ESE;4.166666666666667;0.0;1010.68;0.0;Partly Cloudy
1545922800;29.0;22.0;0.66;VAR;3.611111111111111;0.0;1009.68;0.0;Partly Cloudy
1545926400;29.0;22.0;0.66;ESE;4.166666666666667;0.0;1008.68;0.0;Partly Cloudy
1545930000;28.0;22.0;0.7;SE;4.722222222222222;0.0;1008.68;0.0;Partly Cloudy
1545933600;28.0;22.0;0.7;ESE;3.611111111111111;0.0;1008.68;0.0;Partly Cloudy
1545937200;28.0;22.0;0.7;ESE;3.0555555555555554;0.0;1008.68;0.0;Partly Cloudy
1545940800;27.0;22.0;0.74;SE;3.0555555555555554;0.0;1009.68;0.0;Partly Cloudy
1545944400;27.0;22.0;0.74;ESE;2.5;0.0;1009.68;0.0;Mostly Cloudy
1545948000;27.0;22.0;0.74;E;3.0555555555555554;0.0;1010.68;0.0;Mostly Cloudy
1545951600;28.0;22.0;0.7;E;3.611111111111111;0.0;1010.68;0.0;Partly Cloudy
1545955200;27.0;23.0;0.79;E;2.5;0.0;0.0;0.0;Showers in the Vicinity
1545958800;27.0;23.0;0.79;E;3.611111111111111;0.0;1010.68;0.0;Partly Cloudy
1545962400;27.0;23.0;0.79;ESE;3.0555555555555554;0.0;1010.68;0.0;Partly Cloudy
1545966000;27.0;23.0;0.79;ESE;3.0555555555555554;0.0;1009.68;0.0;Partly Cloudy
1545969600;26.0;23.0;0.83;ESE;2.5;0.0;1009.68;0.0;Partly Cloudy
1545973200;27.0;23.0;0.79;ESE;2.5;0.0;1009.68;0.0;Partly Cloudy
1545976800;27.0;23.0;0.79;ESE;2.5;0.0;1009.68;0.0;Mostly Cloudy
1545980400;25.0;23.0;0.89;ESE;2.5;0.0;0.0;0.0;Light Rain Shower
1545984000;25.0;22.0;0.83;VAR;1.1111111111111112;0.0;1011.68;0.0;Partly Cloudy
1545987600;27.0;24.0;0.84;SSE;1.9444444444444444;0.0;1011.68;0.0;Partly Cloudy
1545991200;28.0;23.0;0.74;E;2.5;0.0;1011.68;0.0;Mostly Cloudy
1545994800;28.0;23.0;0.74;E;4.166666666666667;0.0;1011.68;0.0;Mostly Cloudy
1545998400;29.0;23.0;0.7;ESE;4.722222222222222;0.0;1011.68;0.0;Mostly Cloudy
1546002000;29.0;24.0;0.74;ESE;3.611111111111111;0.0;0.0;0.0;Showers in the Vicinity
1546005600;29.0;23.0;0.7;ESE;5.555555555555555;0.0;1010.68;0.0;Partly Cloudy
1546009200;29.0;23.0;0.7;ESE;5.277777777777778;0.0;1009.68;0.0;Partly Cloudy
1546012800;29.0;23.0;0.7;ESE;5.277777777777778;0.0;1009.68;0.0;Partly Cloudy
1546016400;29.0;23.0;0.7;ESE;4.166666666666667;0.0;1009.68;0.0;Fair
1546020000;28.0;23.0;0.74;ESE;4.722222222222222;0.0;1009.68;0.0;Partly Cloudy
1546023600;28.0;22.0;0.7;ESE;4.722222222222222;0.0;1009.68;0.0;Partly Cloudy
1546027200;27.0;23.0;0.79;ESE;3.611111111111111;0.0;1010.68;0.0;Partly Cloudy
1546030800;27.0;23.0;0.79;ESE;3.611111111111111;0.0;1010.68;0.0;Fair
1546034400;27.0;22.0;0.74;SE;4.722222222222222;0.0;1010.68;0.0;Fair
1546038000;27.0;22.0;0.74;ESE;4.166666666666667;0.0;1010.68;0.0;Fair
1546041600;27.0;22.0;0.74;ESE;4.722222222222222;0.0;1010.68;0.0;Partly Cloudy
1546045200;27.0;22.0;0.74;ESE;4.166666666666667;0.0;1010.68;0.0;Partly Cloudy
1546048800;26.0;22.0;0.78;ESE;3.611111111111111;0.0;1009.68;0.0;Fair
1546052400;26.0;22.0;0.78;ESE;4.166666666666667;0.0;1008.68;0.0;Partly Cloudy
1546056000;26.0;22.0;0.78;E;3.611111111111111;0.0;1008.68;0.0;Mostly Cloudy
1546059600;26.0;22.0;0.78;ESE;3.611111111111111;0.0;1008.68;0.0;Partly Cloudy
1546063200;26.0;22.0;0.78;ESE;3.0555555555555554;0.0;1009.68;0.0;Partly Cloudy
1546066800;26.0;22.0;0.78;ESE;3.611111111111111;0.0;1010.68;0.0;Fair
1546070400;26.0;22.0;0.78;ESE;4.166666666666667;0.0;1010.68;0.0;Partly Cloudy
1546074000;27.0;22.0;0.74;ESE;4.722222222222222;0.0;1010.68;0.0;Fair
1546077600;28.0;21.0;0.66;SE;5.277777777777778;0.0;1010.68;0.0;Mostly Cloudy
1546081200;28.0;22.0;0.7;E;4.722222222222222;0.0;1011.68;0.0;Mostly Cloudy
1546084800;29.0;22.0;0.66;ESE;4.722222222222222;0.0;1011.68;0.0;Partly Cloudy
1546088400;29.0;22.0;0.66;ESE;5.555555555555555;0.0;1010.68;0.0;Partly Cloudy
1546092000;29.0;21.0;0.62;ESE;4.722222222222222;0.0;1010.68;0.0;Fair
1546095600;30.0;20.0;0.55;SE;4.722222222222222;0.0;1009.68;0.0;Fair
1546099200;29.0;21.0;0.62;ESE;4.722222222222222;0.0;1008.68;0.0;Fair
1546102800;29.0;21.0;0.62;SE;5.277777777777778;0.0;1008.68;0.0;Fair
1546106400;29.0;20.0;0.58;SE;4.722222222222222;0.0;1008.68;0.0;Fair
1546110000;28.0;21.0;0.66;SE;3.611111111111111;0.0;1008.68;0.0;Fair
1546113600;27.0;21.0;0.7;ESE;3.611111111111111;0.0;1009.68;0.0;Fair
1546117200;27.0;21.0;0.7;ESE;3.611111111111111;0.0;1009.68;0.0;Fair
1546120800;27.0;21.0;0.7;ESE;3.0555555555555554;0.0;1010.68;0.0;Fair
1546124400;27.0;22.0;0.74;ESE;3.611111111111111;0.0;1010.68;0.0;Partly Cloudy
1546128000;27.0;21.0;0.7;ESE;2.5;0.0;1010.68;0.0;Partly Cloudy
1546131600;26.0;21.0;0.74;SE;4.166666666666667;0.0;1010.68;0.0;Partly Cloudy
1546135200;26.0;21.0;0.74;ESE;3.0555555555555554;0.0;1009.68;0.0;Partly Cloudy
1546138800;26.0;21.0;0.74;ESE;3.0555555555555554;0.0;1009.68;0.0;Partly Cloudy
1546142400;26.0;21.0;0.74;SE;1.9444444444444444;0.0;1009.68;0.0;Partly Cloudy
1546146000;25.0;21.0;0.78;CALM;0.0;0.0;1009.68;0.0;Partly Cloudy
1546149600;24.0;20.0;0.78;CALM;0.0;0.0;1009.68;0.0;Fair
1546153200;24.0;21.0;0.83;CALM;0.0;0.0;1010.68;0.0;Fair
1546156800;24.0;21.0;0.83;NNW;2.5;0.0;1010.68;0.0;Fair
1546160400;26.0;22.0;0.78;WNW;2.5;0.0;1011.68;0.0;Partly Cloudy
1546164000;28.0;21.0;0.66;SE;3.0555555555555554;0.0;1011.68;0.0;Partly Cloudy
1546167600;29.0;21.0;0.62;SE;3.0555555555555554;0.0;1011.68;0.0;Partly Cloudy
1546171200;29.0;21.0;0.62;SE;3.611111111111111;0.0;1011.68;0.0;Fair
1546174800;29.0;20.0;0.58;ESE;3.0555555555555554;0.0;1010.68;0.0;Fair
1546178400;29.0;21.0;0.62;ESE;4.166666666666667;0.0;1010.68;0.0;Fair
1546182000;30.0;21.0;0.58;E;4.722222222222222;0.0;1009.68;0.0;Fair
1546185600;29.0;21.0;0.62;E;5.277777777777778;0.0;1008.68;0.0;Fair
1546189200;29.0;22.0;0.66;SE;5.277777777777778;0.0;1008.68;0.0;Fair
1546192800;29.0;22.0;0.66;SE;3.611111111111111;0.0;1008.68;0.0;Fair
1546196400;28.0;22.0;0.7;SE;4.166666666666667;0.0;1009.68;0.0;Fair
1546200000;28.0;22.0;0.7;ESE;3.0555555555555554;0.0;1010.68;0.0;Partly Cloudy
1546203600;28.0;22.0;0.7;E;4.166666666666667;0.0;1010.68;0.0;Mostly Cloudy
1546207200;28.0;22.0;0.7;E;3.0555555555555554;0.0;1011.68;0.0;Mostly Cloudy
1546210800;28.0;22.0;0.7;E;2.5;0.0;1011.68;0.0;Fair
1546214400;27.0;23.0;0.79;E;3.0555555555555554;8.333333333333334;1010.68;0.0;Partly Cloudy
1546218000;27.0;23.0;0.79;ESE;3.0555555555555554;0.0;1010.68;0.0;Partly Cloudy
1546221600;27.0;23.0;0.79;E;2.5;0.0;1010.68;0.0;Partly Cloudy
1546225200;26.0;23.0;0.83;ESE;1.9444444444444444;0.0;1009.68;0.0;Fair
1546228800;27.0;23.0;0.79;E;1.9444444444444444;0.0;1009.68;0.0;Partly Cloudy
1546232400;26.0;23.0;0.83;E;1.6666666666666665;0.0;1009.68;0.0;Partly Cloudy
1546236000;27.0;23.0;0.79;E;1.9444444444444444;0.0;1009.68;0.0;Partly Cloudy
1546239600;27.0;23.0;0.79;E;1.9444444444444444;0.0;1010.68;0.0;Partly Cloudy
1546243200;27.0;23.0;0.79;ENE;1.6666666666666665;7.777777777777778;1010.68;0.0;Partly Cloudy
1546246800;28.0;23.0;0.74;E;3.0555555555555554;0.0;1011.68;0.0;Showers in the Vicinity
1546250400;28.0;24.0;0.79;ENE;3.0555555555555554;0.0;1011.68;0.0;Partly Cloudy
1546254000;29.0;24.0;0.74;E;3.611111111111111;0.0;1011.68;0.0;Partly Cloudy
1546257600;29.0;23.0;0.7;E;4.722222222222222;0.0;1011.68;0.0;Partly Cloudy
1546261200;30.0;24.0;0.7;ESE;4.166666666666667;0.0;1010.68;0.0;Partly Cloudy
1546264800;30.0;23.0;0.66;E;4.722222222222222;0.0;1010.68;0.0;Partly Cloudy
1546268400;30.0;23.0;0.66;E;4.722222222222222;0.0;1010.68;0.0;Partly Cloudy
1546272000;30.0;23.0;0.66;E;4.166666666666667;0.0;1009.68;0.0;Fair
1546275600;29.0;23.0;0.7;E;4.722222222222222;0.0;1009.68;0.0;Partly Cloudy
1546279200;29.0;23.0;0.7;ESE;4.722222222222222;0.0;1009.68;0.0;Partly Cloudy
1546282800;28.0;23.0;0.74;E;3.611111111111111;0.0;1009.68;0.0;Fair
1546286400;28.0;23.0;0.74;E;3.611111111111111;0.0;1010.68;0.0;Partly Cloudy
1546290000;27.0;23.0;0.79;ESE;4.166666666666667;0.0;1010.68;0.0;Mostly Cloudy
1546293600;27.0;23.0;0.79;SE;4.722222222222222;0.0;1011.68;0.0;Partly Cloudy
1546297200;27.0;24.0;0.84;E;4.166666666666667;0.0;1011.68;0.0;Mostly Cloudy
1546300800;27.0;23.0;0.79;ESE;4.166666666666667;0.0;1012.68;0.0;Fair
1546304400;27.0;23.0;0.79;ESE;4.722222222222222;0.0;1011.68;0.0;Partly Cloudy
1546394400;27.0;24.0;0.84;ESE;4.722222222222222;0.0;1012.68;0.0;Mostly Cloudy
1546398000;27.0;24.0;0.84;SE;4.722222222222222;0.0;1012.68;0.0;Mostly Cloudy
1546401600;27.0;23.0;0.79;ESE;4.166666666666667;0.0;1012.68;0.0;Mostly Cloudy
1546405200;27.0;23.0;0.79;ESE;4.166666666666667;0.0;1012.68;0.0;Partly Cloudy
1546408800;27.0;23.0;0.79;ESE;3.611111111111111;0.0;1012.68;0.0;Partly Cloudy
1546412400;27.0;23.0;0.79;E;3.611111111111111;0.0;1013.68;0.0;Partly Cloudy
1546416000;27.0;22.0;0.74;ESE;3.611111111111111;0.0;1013.68;0.0;Partly Cloudy
1546419600;28.0;23.0;0.74;ESE;4.722222222222222;0.0;1013.68;0.0;Mostly Cloudy
1546423200;28.0;22.0;0.7;ESE;5.555555555555555;0.0;1013.68;0.0;Mostly Cloudy
1546426800;29.0;22.0;0.66;ESE;5.555555555555555;0.0;1014.67;0.0;Mostly Cloudy
1546430400;29.0;23.0;0.7;ESE;6.111111111111111;0.0;1014.67;0.0;Partly Cloudy
1546434000;30.0;23.0;0.66;ESE;5.277777777777778;0.0;1013.68;0.0;Partly Cloudy
1546437600;29.0;22.0;0.66;SE;6.666666666666666;0.0;1013.68;0.0;Partly Cloudy
1546441200;30.0;23.0;0.66;SE;5.277777777777778;0.0;1013.68;0.0;Partly Cloudy
1546444800;29.0;23.0;0.7;ESE;4.722222222222222;0.0;1012.68;0.0;Partly Cloudy
1546448400;29.0;22.0;0.66;SSE;5.555555555555555;0.0;1012.68;0.0;Fair
1546452000;29.0;23.0;0.7;SE;5.555555555555555;0.0;1012.68;0.0;Fair
1546455600;28.0;22.0;0.7;SE;5.277777777777778;0.0;1013.68;0.0;Partly Cloudy
1546459200;27.0;22.0;0.74;SE;5.555555555555555;0.0;1013.68;0.0;Fair
1546462800;27.0;23.0;0.79;SE;5.555555555555555;0.0;1013.68;0.0;Partly Cloudy
1546466400;27.0;22.0;0.74;SE;4.722222222222222;0.0;1014.67;0.0;Partly Cloudy
1546470000;27.0;22.0;0.74;SE;4.722222222222222;0.0;1014.67;0.0;Partly Cloudy
1546473600;27.0;22.0;0.74;SSE;4.722222222222222;0.0;1014.67;0.0;Mostly Cloudy
1546477200;27.0;22.0;0.74;SE;3.0555555555555554;0.0;1013.68;0.0;Mostly Cloudy
1546480800;27.0;22.0;0.74;SE;3.611111111111111;0.0;1012.68;0.0;Mostly Cloudy
1546484400;27.0;22.0;0.74;SE;4.722222222222222;0.0;1011.68;0.0;Mostly Cloudy
1546488000;26.0;22.0;0.78;ESE;3.611111111111111;0.0;1011.68;0.0;Partly Cloudy
1546491600;26.0;22.0;0.78;ESE;1.9444444444444444;0.0;1011.68;0.0;Partly Cloudy
1546495200;26.0;21.0;0.74;SE;3.0555555555555554;0.0;1011.68;0.0;Partly Cloudy
1546498800;27.0;22.0;0.74;ESE;5.277777777777778;0.0;1011.68;0.0;Partly Cloudy
1546502400;27.0;22.0;0.74;SE;5.277777777777778;0.0;1012.68;0.0;Fair
1546506000;28.0;22.0;0.7;SE;5.277777777777778;0.0;1012.68;0.0;Fair
1546509600;28.0;22.0;0.7;SE;5.555555555555555;0.0;1013.68;0.0;Fair
1546513200;29.0;22.0;0.66;SE;5.277777777777778;0.0;1013.68;0.0;Fair
1546516800;30.0;23.0;0.66;SE;5.555555555555555;0.0;1013.68;0.0;Partly Cloudy
1546520400;28.0;23.0;0.74;ESE;5.277777777777778;0.0;1012.68;0.0;Partly Cloudy
1546524000;30.0;22.0;0.62;ESE;5.555555555555555;0.0;1012.68;0.0;Partly Cloudy
1546527600;30.0;22.0;0.62;SE;6.111111111111111;0.0;1012.68;0.0;Partly Cloudy
1546531200;29.0;22.0;0.66;ESE;6.111111111111111;0.0;1011.68;0.0;Partly Cloudy
1546534800;29.0;22.0;0.66;SE;5.555555555555555;0.0;1011.68;0.0;Partly Cloudy
1546538400;29.0;22.0;0.66;SE;5.277777777777778;0.0;1011.68;0.0;Partly Cloudy
1546542000;28.0;21.0;0.66;ESE;4.166666666666667;0.0;1011.68;0.0;Fair
1546545600;27.0;22.0;0.74;ESE;4.722222222222222;0.0;1012.68;0.0;Fair
1546549200;27.0;21.0;0.7;SE;4.166666666666667;0.0;1012.68;0.0;Fair
1546552800;27.0;21.0;0.7;SE;4.166666666666667;0.0;1013.68;0.0;Fair
1546556400;27.0;21.0;0.7;SE;3.611111111111111;0.0;1013.68;0.0;Fair
1546560000;27.0;21.0;0.7;ESE;4.166666666666667;0.0;1013.68;0.0;Fair
1546563600;27.0;21.0;0.7;SE;4.166666666666667;0.0;1013.68;0.0;Fair
1546740000;27.0;23.0;0.79;E;1.9444444444444444;0.0;1011.68;0.0;Partly Cloudy
1546743600;27.0;23.0;0.79;E;1.9444444444444444;0.0;1010.68;0.0;Mostly Cloudy
1546747200;26.0;22.0;0.78;SE;3.0555555555555554;0.0;1010.68;0.0;Mostly Cloudy
1546750800;26.0;23.0;0.83;SSE;2.5;0.0;1010.68;0.0;Partly Cloudy
1546754400;27.0;22.0;0.74;SE;3.0555555555555554;0.0;1010.68;0.0;Partly Cloudy
1546758000;26.0;23.0;0.83;SE;3.0555555555555554;0.0;1011.68;0.0;Mostly Cloudy
1546761600;27.0;23.0;0.79;SE;3.611111111111111;0.0;1011.68;0.0;Partly Cloudy
1546765200;28.0;22.0;0.7;SE;5.277777777777778;0.0;1012.68;0.0;Partly Cloudy
1546768800;28.0;22.0;0.7;SE;5.277777777777778;0.0;1012.68;0.0;Partly Cloudy
1546772400;29.0;23.0;0.7;ESE;4.166666666666667;0.0;1013.68;0.0;Mostly Cloudy
1546776000;30.0;23.0;0.66;SE;4.722222222222222;0.0;1012.68;0.0;Partly Cloudy
1546779600;29.0;22.0;0.66;ESE;5.277777777777778;0.0;1012.68;0.0;Partly Cloudy
1546783200;27.0;23.0;0.79;SE;5.555555555555555;0.0;1012.68;0.0;Partly Cloudy
1546783500;26.0;24.0;0.89;SE;7.777777777777778;12.777777777777777;1012.68;0.0;Mostly Cloudy
1546786800;29.0;21.0;0.62;S;3.611111111111111;0.0;1011.68;0.0;Fair
1546790400;28.0;22.0;0.7;SE;3.0555555555555554;0.0;1010.68;0.0;Mostly Cloudy
1546794000;28.0;22.0;0.7;SSE;4.166666666666667;0.0;1010.68;0.0;Partly Cloudy
1546797600;27.0;22.0;0.74;SSE;4.166666666666667;0.0;1010.68;0.0;Showers in the Vicinity
1546801200;26.0;23.0;0.83;S;3.0555555555555554;0.0;1011.68;0.0;Showers in the Vicinity
1546802700;0.0;0.0;0.0;S;3.611111111111111;0.0;1011.68;0.0;Light Rain
1546804800;25.0;24.0;0.94;WSW;2.5;0.0;1011.68;0.0;Light Rain
1546806900;24.0;23.0;0.94;SW;1.6666666666666665;0.0;0.0;0.0;Showers in the Vicinity
1546808400;24.0;23.0;0.94;SW;1.9444444444444444;0.0;1012.68;0.0;Partly Cloudy
1546812000;24.0;23.0;0.94;WSW;1.9444444444444444;0.0;1012.68;0.0;Partly Cloudy
1546815600;24.0;23.0;0.94;VAR;1.1111111111111112;0.0;1012.68;0.0;Showers in the Vicinity
1546819200;24.0;23.0;0.94;VAR;1.1111111111111112;0.0;1012.68;0.0;Fair
1546822800;24.0;23.0;0.94;SSW;1.1111111111111112;0.0;1011.68;0.0;Partly Cloudy
1546826400;24.0;22.0;0.89;W;1.1111111111111112;0.0;1010.68;0.0;Partly Cloudy
1546830000;24.0;22.0;0.89;SSW;1.1111111111111112;0.0;1010.68;0.0;Partly Cloudy
1546833600;24.0;22.0;0.89;S;1.9444444444444444;0.0;1010.68;0.0;Rain
1546837200;23.0;22.0;0.94;SW;1.6666666666666665;0.0;1010.68;0.0;Light Rain
1546840800;23.0;22.0;0.94;WSW;1.6666666666666665;0.0;1010.68;0.0;Partly Cloudy
1546844400;23.0;22.0;0.94;S;1.9444444444444444;0.0;0.0;0.0;Light Rain
1546848000;23.0;22.0;0.94;SSW;1.9444444444444444;0.0;1011.68;0.0;Partly Cloudy
1546851600;24.0;22.0;0.89;SSW;3.0555555555555554;0.0;1012.68;0.0;Partly Cloudy
1546855200;25.0;23.0;0.89;SSW;3.0555555555555554;0.0;1012.68;0.0;Partly Cloudy
1546858800;27.0;24.0;0.84;SSW;3.611111111111111;0.0;1012.68;0.0;Fair
1546862400;28.0;23.0;0.74;SSW;4.166666666666667;0.0;1012.68;0.0;Partly Cloudy
1546866000;28.0;23.0;0.74;SSE;5.277777777777778;0.0;1012.68;0.0;Partly Cloudy
1546869600;29.0;23.0;0.7;SE;5.555555555555555;0.0;1011.68;0.0;Fair
1546873200;29.0;23.0;0.7;SE;5.277777777777778;0.0;1011.68;0.0;Mostly Cloudy
1546876800;29.0;22.0;0.66;ESE;6.666666666666666;0.0;1010.68;0.0;Mostly Cloudy
1546880400;28.0;23.0;0.74;ESE;5.277777777777778;0.0;1010.68;0.0;Mostly Cloudy
1546884000;28.0;21.0;0.66;SE;5.277777777777778;0.0;1010.68;0.0;Mostly Cloudy
1546887600;28.0;23.0;0.74;SE;5.555555555555555;0.0;1011.68;0.0;Mostly Cloudy
1546891200;27.0;23.0;0.79;SE;6.111111111111111;0.0;1011.68;0.0;Mostly Cloudy
1546894800;26.0;23.0;0.83;SSE;5.555555555555555;0.0;1011.68;0.0;Mostly Cloudy
1546898400;26.0;23.0;0.83;SSW;2.5;0.0;1012.68;0.0;Mostly Cloudy
1546902000;27.0;23.0;0.79;SSE;5.555555555555555;0.0;1012.68;0.0;Mostly Cloudy
1546905600;25.0;23.0;0.89;SSW;1.6666666666666665;0.0;1012.68;0.0;Mostly Cloudy
1546909200;25.0;23.0;0.89;SSW;1.9444444444444444;0.0;1011.68;0.0;Mostly Cloudy
1546912800;26.0;23.0;0.83;SSE;4.722222222222222;0.0;1010.68;0.0;Mostly Cloudy
1546916400;27.0;23.0;0.79;SE;4.722222222222222;0.0;1010.68;0.0;Mostly Cloudy
1546920000;27.0;23.0;0.79;SE;5.277777777777778;0.0;1010.68;0.0;Mostly Cloudy
1546923600;27.0;23.0;0.79;SE;4.722222222222222;0.0;1010.68;0.0;Mostly Cloudy
1546927200;27.0;23.0;0.79;ESE;4.166666666666667;0.0;1010.68;0.0;Mostly Cloudy
1546930800;27.0;23.0;0.79;ESE;3.611111111111111;0.0;1010.68;0.0;Partly Cloudy
1546934400;27.0;23.0;0.79;ESE;5.277777777777778;0.0;1011.68;0.0;Mostly Cloudy
1546938000;27.0;23.0;0.79;ESE;4.166666666666667;0.0;1011.68;0.0;Partly Cloudy
1546941600;28.0;23.0;0.74;ESE;4.722222222222222;0.0;1012.68;0.0;Mostly Cloudy
1546945200;29.0;23.0;0.7;SE;5.277777777777778;0.0;1012.68;0.0;Partly Cloudy
1546948800;29.0;23.0;0.7;ESE;5.555555555555555;0.0;1012.68;0.0;Partly Cloudy
1546952400;30.0;23.0;0.66;ESE;5.277777777777778;0.0;1012.68;0.0;Partly Cloudy
1546956000;30.0;23.0;0.66;SE;6.666666666666666;0.0;1011.68;0.0;Mostly Cloudy
1546959600;29.0;23.0;0.7;SE;6.666666666666666;0.0;1011.68;0.0;Fair
1546963200;28.0;23.0;0.74;ESE;5.555555555555555;0.0;1010.68;0.0;Mostly Cloudy
1546966800;29.0;22.0;0.66;ESE;5.555555555555555;0.0;1010.68;0.0;Showers in the Vicinity
1546970400;29.0;23.0;0.7;SE;4.722222222222222;0.0;1010.68;0.0;Mostly Cloudy
1546974000;28.0;23.0;0.74;ESE;4.166666666666667;0.0;1010.68;0.0;Partly Cloudy
1546977600;27.0;23.0;0.79;ESE;4.166666666666667;0.0;1010.68;0.0;Partly Cloudy
1546981200;27.0;23.0;0.79;ESE;5.277777777777778;0.0;1010.68;0.0;Light Rain Shower
1546984800;27.0;23.0;0.79;ESE;5.555555555555555;10.833333333333334;1011.68;0.0;Partly Cloudy
1546988400;27.0;23.0;0.79;ESE;5.555555555555555;0.0;1011.68;0.0;Partly Cloudy
1546992000;27.0;23.0;0.79;SE;4.166666666666667;0.0;1012.68;0.0;Mostly Cloudy
1546995600;27.0;23.0;0.79;ESE;4.166666666666667;0.0;1011.68;0.0;Mostly Cloudy
1547085600;27.0;22.0;0.74;SE;4.166666666666667;0.0;1010.68;0.0;Partly Cloudy
1547089200;27.0;22.0;0.74;SE;4.166666666666667;0.0;1010.68;0.0;Partly Cloudy
1547092800;27.0;22.0;0.74;SE;4.722222222222222;0.0;1010.68;0.0;Fair
1547096400;27.0;22.0;0.74;SE;4.166666666666667;0.0;1009.68;0.0;Fair
1547100000;26.0;22.0;0.78;SE;4.166666666666667;0.0;1009.68;0.0;Mostly Cloudy
1547103600;27.0;22.0;0.74;SE;4.722222222222222;0.0;1010.68;0.0;Fair
1547107200;27.0;21.0;0.7;ESE;5.277777777777778;0.0;1010.68;0.0;Fair
1547110800;27.0;22.0;0.74;SE;3.611111111111111;0.0;1011.68;0.0;Partly Cloudy
1547114400;28.0;22.0;0.7;SE;4.166666666666667;0.0;1011.68;0.0;Partly Cloudy
1547118000;29.0;23.0;0.7;SE;4.166666666666667;0.0;1011.68;0.0;Mostly Cloudy
1547121600;28.0;22.0;0.7;SE;5.277777777777778;0.0;1011.68;0.0;Partly Cloudy
1547125200;28.0;22.0;0.7;SE;5.555555555555555;0.0;1011.68;0.0;Partly Cloudy
1547128800;28.0;23.0;0.74;SSE;6.111111111111111;0.0;1010.68;0.0;Mostly Cloudy
1547132400;28.0;23.0;0.74;SSE;5.555555555555555;0.0;1010.68;0.0;Partly Cloudy
1547136000;28.0;22.0;0.7;SSE;6.111111111111111;0.0;1009.68;0.0;Fair
1547139600;28.0;23.0;0.74;SSE;5.555555555555555;0.0;1009.68;0.0;Fair
1547143200;28.0;22.0;0.7;SE;6.111111111111111;0.0;1009.68;0.0;Fair
1547146800;28.0;22.0;0.7;SSE;5.555555555555555;0.0;1009.68;0.0;Partly Cloudy
1547150400;27.0;22.0;0.74;SSE;6.111111111111111;0.0;1010.68;0.0;Partly Cloudy
1547154000;27.0;22.0;0.74;S;5.555555555555555;0.0;1010.68;0.0;Fair
1547157600;27.0;23.0;0.79;SSE;5.277777777777778;0.0;1011.68;0.0;Mostly Cloudy
1547161200;26.0;23.0;0.83;S;4.166666666666667;0.0;1011.68;0.0;Showers in the Vicinity
1547164800;25.0;23.0;0.89;SW;2.5;0.0;1011.68;0.0;Showers in the Vicinity
1547168400;25.0;23.0;0.89;SE;4.722222222222222;0.0;1011.68;0.0;Mostly Cloudy
1547344800;24.0;22.0;0.89;SSW;1.9444444444444444;0.0;1011.68;0.0;Mostly Cloudy
1547348400;24.0;22.0;0.89;CALM;0.0;0.0;1010.68;0.0;Partly Cloudy
1547352000;24.0;22.0;0.89;W;1.6666666666666665;0.0;1010.68;0.0;Mostly Cloudy
1547355600;24.0;22.0;0.89;WNW;1.1111111111111112;0.0;1010.68;0.0;Mostly Cloudy
1547359200;24.0;23.0;0.94;N;1.6666666666666665;0.0;1010.68;0.0;Mostly Cloudy
1547360760;24.0;23.0;0.94;SE;1.9444444444444444;0.0;0.0;0.0;Light Rain
1547362800;23.0;23.0;1.0;SW;1.6666666666666665;0.0;1011.68;0.0;Light Rain
1547366400;24.0;23.0;0.94;SSW;1.6666666666666665;0.0;1011.68;0.0;Fair
1547370000;28.0;23.0;0.74;SW;2.5;0.0;1012.68;0.0;Fair
1547373600;26.0;23.0;0.83;SSW;1.9444444444444444;0.0;1012.68;0.0;Partly Cloudy
1547377200;28.0;23.0;0.74;SSE;4.166666666666667;0.0;1012.68;0.0;Mostly Cloudy
1547380800;28.0;23.0;0.74;SSE;4.166666666666667;0.0;1012.68;0.0;Mostly Cloudy
1547384400;29.0;24.0;0.74;SSE;4.166666666666667;15.0;1011.68;0.0;Partly Cloudy
1547388000;29.0;23.0;0.7;SSE;4.166666666666667;0.0;1011.68;0.0;Partly Cloudy
1547391600;29.0;23.0;0.7;SE;4.722222222222222;0.0;1010.68;0.0;Partly Cloudy
1547395200;29.0;23.0;0.7;ESE;4.722222222222222;0.0;1010.68;0.0;Partly Cloudy
1547398800;29.0;24.0;0.74;SE;4.722222222222222;0.0;1010.68;0.0;Fair
1547402400;28.0;23.0;0.74;SE;4.722222222222222;0.0;1010.68;0.0;Fair
1547406000;28.0;23.0;0.74;SE;4.166666666666667;0.0;1010.68;0.0;Fair
1547409600;27.0;24.0;0.84;SE;3.611111111111111;0.0;1011.68;0.0;Partly Cloudy
1547413200;27.0;23.0;0.79;SE;3.611111111111111;0.0;1011.68;0.0;Fair
1547416800;27.0;24.0;0.84;SSE;3.611111111111111;0.0;1012.68;0.0;Partly Cloudy
1547420400;27.0;24.0;0.84;SE;3.611111111111111;0.0;1012.68;0.0;Showers in the Vicinity
1547424000;27.0;23.0;0.79;SE;4.166666666666667;0.0;1012.68;0.0;Mostly Cloudy
1547427600;27.0;24.0;0.84;SE;4.722222222222222;0.0;1012.68;0.0;Mostly Cloudy
1547431200;27.0;24.0;0.84;SE;3.611111111111111;0.0;1011.68;0.0;Partly Cloudy
1547434800;27.0;23.0;0.79;SE;2.5;0.0;1010.68;0.0;Mostly Cloudy
1547438400;27.0;24.0;0.84;SE;3.611111111111111;0.0;1010.68;0.0;Mostly Cloudy
1547442000;26.0;23.0;0.83;SE;3.611111111111111;0.0;1010.68;0.0;Showers in the Vicinity
1547445600;26.0;24.0;0.89;ESE;4.166666666666667;0.0;1010.68;0.0;Mostly Cloudy
1547449200;26.0;24.0;0.89;SE;4.722222222222222;0.0;1010.68;0.0;Partly Cloudy
1547452800;26.0;23.0;0.83;SE;3.611111111111111;0.0;1011.68;0.0;Partly Cloudy
1547456400;27.0;23.0;0.79;SE;4.722222222222222;0.0;1011.68;0.0;Showers in the Vicinity
1547460000;27.0;23.0;0.79;SE;5.555555555555555;0.0;1012.68;0.0;Partly Cloudy
1547463600;29.0;23.0;0.7;SE;6.111111111111111;0.0;1012.68;0.0;Partly Cloudy
1547467200;29.0;23.0;0.7;SE;6.111111111111111;0.0;1012.68;0.0;Mostly Cloudy
1547470800;29.0;23.0;0.7;SE;5.555555555555555;0.0;1012.68;0.0;Mostly Cloudy
1547474400;29.0;23.0;0.7;SE;6.666666666666666;0.0;1012.68;0.0;Partly Cloudy
1547478000;29.0;23.0;0.7;SSE;6.666666666666666;0.0;1011.68;0.0;Partly Cloudy
1547481600;29.0;22.0;0.66;SSE;6.111111111111111;0.0;1010.68;0.0;Fair
1547485200;29.0;23.0;0.7;SSE;7.222222222222222;0.0;1010.68;0.0;Fair
1547488800;28.0;22.0;0.7;SSE;6.666666666666666;0.0;1010.68;0.0;Partly Cloudy
1547492400;27.0;22.0;0.74;SSE;7.222222222222222;0.0;1010.68;0.0;Partly Cloudy
1547496000;27.0;22.0;0.74;SE;5.555555555555555;0.0;1011.68;0.0;Partly Cloudy
1547499600;27.0;21.0;0.7;SSE;5.277777777777778;0.0;1011.68;0.0;Partly Cloudy
1547503200;27.0;22.0;0.74;SSE;5.277777777777778;0.0;1012.68;0.0;Partly Cloudy
1547506800;27.0;22.0;0.74;SE;4.166666666666667;0.0;1012.68;0.0;Partly Cloudy
1547510400;27.0;22.0;0.74;SSE;5.277777777777778;0.0;1013.68;0.0;Partly Cloudy
1547514000;26.0;22.0;0.78;SSE;5.277777777777778;0.0;1012.68;0.0;Partly Cloudy
1547690400;27.0;23.0;0.79;SSE;4.166666666666667;0.0;1012.68;0.0;Mostly Cloudy
1547694000;25.0;23.0;0.89;SSW;1.9444444444444444;0.0;1011.68;0.0;Mostly Cloudy
1547697600;25.0;24.0;0.94;SW;1.9444444444444444;0.0;1010.68;0.0;Mostly Cloudy
1547701200;25.0;23.0;0.89;SW;2.5;0.0;1010.68;0.0;Mostly Cloudy
1547704800;25.0;23.0;0.89;SSW;1.9444444444444444;0.0;1010.68;0.0;Mostly Cloudy
1547708400;25.0;23.0;0.89;SW;1.1111111111111112;0.0;1011.68;0.0;Partly Cloudy
1547712000;25.0;23.0;0.89;CALM;0.0;0.0;1011.68;0.0;Partly Cloudy
1547715600;25.0;24.0;0.94;W;1.1111111111111112;0.0;1012.68;0.0;Partly Cloudy
1547719200;27.0;24.0;0.84;SSW;2.5;0.0;1012.68;0.0;Partly Cloudy
1547722800;28.0;24.0;0.79;ESE;5.277777777777778;0.0;1012.68;0.0;Partly Cloudy
1547726400;29.0;24.0;0.74;ESE;4.166666666666667;0.0;1012.68;0.0;Mostly Cloudy
1547730000;30.0;24.0;0.7;ESE;4.166666666666667;0.0;1012.68;0.0;Partly Cloudy
1547733600;29.0;23.0;0.7;E;4.722222222222222;0.0;1012.68;0.0;Mostly Cloudy
1547737200;29.0;24.0;0.74;E;5.277777777777778;0.0;1010.68;0.0;Mostly Cloudy
1547740800;30.0;24.0;0.7;ESE;4.722222222222222;0.0;1010.68;0.0;Partly Cloudy
1547744400;29.0;23.0;0.7;SE;5.555555555555555;0.0;1009.68;0.0;Partly Cloudy
1547748000;28.0;23.0;0.74;ESE;5.277777777777778;0.0;1009.68;0.0;Partly Cloudy
1547751600;28.0;23.0;0.74;ESE;4.722222222222222;0.0;1009.68;0.0;Partly Cloudy
1547755200;28.0;23.0;0.74;SE;4.166666666666667;0.0;1009.68;0.0;Partly Cloudy
1547758800;27.0;23.0;0.79;ESE;5.277777777777778;0.0;1010.68;0.0;Showers in the Vicinity
1547762400;27.0;23.0;0.79;ESE;5.277777777777778;0.0;1011.68;0.0;Light Rain Shower
1547766000;27.0;23.0;0.79;SE;5.277777777777778;0.0;1012.68;0.0;Partly Cloudy
1547769600;27.0;23.0;0.79;ESE;3.611111111111111;0.0;1012.68;0.0;Partly Cloudy
1547773200;27.0;23.0;0.79;ESE;4.722222222222222;0.0;1012.68;0.0;Mostly Cloudy
1547776800;27.0;23.0;0.79;ESE;3.611111111111111;0.0;1011.68;0.0;Partly Cloudy
1547780400;26.0;22.0;0.78;SE;3.0555555555555554;0.0;1010.68;0.0;Partly Cloudy
1547784000;26.0;23.0;0.83;ENE;1.9444444444444444;0.0;1010.68;0.0;Partly Cloudy
1547787600;26.0;23.0;0.83;E;3.0555555555555554;0.0;1010.68;0.0;Partly Cloudy
1547791200;26.0;23.0;0.83;E;3.0555555555555554;0.0;1010.68;0.0;Partly Cloudy
1547794800;27.0;23.0;0.79;ESE;4.166666666666667;0.0;1010.68;0.0;Mostly Cloudy
1547798400;27.0;23.0;0.79;ESE;2.5;0.0;1011.68;0.0;Mostly Cloudy
1547802000;27.0;23.0;0.79;ESE;3.611111111111111;0.0;1011.68;0.0;Mostly Cloudy
1547805600;28.0;22.0;0.7;ESE;4.722222222222222;0.0;1012.68;0.0;Partly Cloudy
1547809200;28.0;23.0;0.74;SE;5.277777777777778;0.0;1012.68;0.0;Partly Cloudy
1547812800;29.0;22.0;0.66;ESE;4.722222222222222;0.0;1012.68;0.0;Fair
1547816400;29.0;23.0;0.7;ESE;5.277777777777778;0.0;1012.68;0.0;Fair
1547820000;30.0;23.0;0.66;ESE;5.277777777777778;0.0;1011.68;0.0;Partly Cloudy
1547823600;29.0;23.0;0.7;SE;5.277777777777778;0.0;1010.68;0.0;Fair
1547827200;29.0;22.0;0.66;ESE;6.111111111111111;0.0;1010.68;0.0;Fair
1547830800;29.0;22.0;0.66;ESE;5.555555555555555;0.0;1009.68;0.0;Fair
1547834400;29.0;22.0;0.66;ESE;6.111111111111111;0.0;1009.68;0.0;Fair
1547838000;28.0;22.0;0.7;SE;5.277777777777778;0.0;1009.68;0.0;Partly Cloudy
1547841600;28.0;22.0;0.7;SE;4.722222222222222;0.0;1010.68;0.0;Partly Cloudy
1547845200;27.0;23.0;0.79;SE;4.722222222222222;0.0;1010.68;0.0;Partly Cloudy
1547848800;27.0;22.0;0.74;SE;5.277777777777778;0.0;1011.68;0.0;Partly Cloudy
1547852400;27.0;22.0;0.74;SE;3.611111111111111;0.0;1012.68;0.0;Partly Cloudy
1547856000;27.0;23.0;0.79;ESE;4.166666666666667;0.0;1012.68;0.0;Partly Cloudy
1547859600;27.0;23.0;0.79;ESE;3.0555555555555554;9.166666666666666;1011.68;0.0;Partly Cloudy
1547863200;27.0;23.0;0.79;ESE;3.0555555555555554;0.0;1011.68;0.0;Partly Cloudy
1547866800;27.0;23.0;0.79;ESE;3.0555555555555554;0.0;1010.68;0.0;Partly Cloudy
1547870400;27.0;22.0;0.74;E;2.5;0.0;1010.68;0.0;Partly Cloudy
1547874000;27.0;23.0;0.79;SE;2.5;0.0;1009.68;0.0;Partly Cloudy
1547877600;27.0;23.0;0.79;ESE;3.0555555555555554;0.0;1009.68;0.0;Partly Cloudy
1547881200;27.0;22.0;0.74;E;2.5;0.0;1010.68;0.0;Partly Cloudy
1547884800;26.0;24.0;0.89;ESE;2.5;0.0;1011.68;0.0;Showers in the Vicinity
1547888400;28.0;23.0;0.74;ESE;3.0555555555555554;0.0;1011.68;0.0;Mostly Cloudy
1547892000;28.0;23.0;0.74;ESE;3.611111111111111;0.0;1012.68;0.0;Partly Cloudy
1547895600;29.0;23.0;0.7;SE;4.722222222222222;0.0;1012.68;0.0;Fair
1547899200;29.0;23.0;0.7;SE;4.722222222222222;0.0;1012.68;0.0;Partly Cloudy
1547902800;29.0;23.0;0.7;ESE;5.277777777777778;0.0;1012.68;0.0;Partly Cloudy
1547906400;29.0;23.0;0.7;ESE;4.722222222222222;0.0;1012.68;0.0;Partly Cloudy
1547910000;29.0;23.0;0.7;VAR;4.722222222222222;0.0;1011.68;0.0;Partly Cloudy
1547913600;30.0;24.0;0.7;SSE;4.722222222222222;0.0;1011.68;0.0;Partly Cloudy
1547917200;29.0;24.0;0.74;SE;5.555555555555555;0.0;1010.68;0.0;Partly Cloudy
1547920800;29.0;23.0;0.7;SE;5.555555555555555;0.0;1010.68;0.0;Partly Cloudy
1547924400;28.0;23.0;0.74;ESE;4.722222222222222;0.0;1010.68;0.0;Mostly Cloudy
1547928000;27.0;24.0;0.84;VAR;3.611111111111111;0.0;1011.68;0.0;Partly Cloudy
1547931600;27.0;23.0;0.79;SE;4.166666666666667;0.0;1011.68;0.0;Partly Cloudy
1547935200;27.0;24.0;0.84;ESE;5.277777777777778;0.0;1012.68;0.0;Partly Cloudy
1547938800;27.0;24.0;0.84;ESE;4.166666666666667;0.0;1012.68;0.0;Fair
1547942400;27.0;24.0;0.84;E;3.0555555555555554;0.0;1013.68;0.0;Fair
1547946000;28.0;24.0;0.79;E;4.166666666666667;0.0;1012.68;0.0;Mostly Cloudy
1548036000;27.0;23.0;0.79;ESE;4.722222222222222;0.0;1013.68;0.0;Mostly Cloudy
1548039600;27.0;23.0;0.79;ESE;5.555555555555555;0.0;1012.68;0.0;Partly Cloudy
1548043200;27.0;23.0;0.79;ESE;4.166666666666667;0.0;1012.68;0.0;Mostly Cloudy
1548046800;27.0;22.0;0.74;SE;6.111111111111111;0.0;1012.68;0.0;Mostly Cloudy
1548050400;27.0;22.0;0.74;SE;5.555555555555555;0.0;1011.68;0.0;Fair
1548054000;27.0;22.0;0.74;SE;4.722222222222222;0.0;1011.68;0.0;Partly Cloudy
1548057600;27.0;23.0;0.79;SE;5.555555555555555;0.0;1012.68;0.0;Partly Cloudy
1548061200;27.0;22.0;0.74;ESE;5.277777777777778;0.0;1013.68;0.0;Partly Cloudy
1548064800;28.0;22.0;0.7;ESE;6.666666666666666;0.0;1013.68;0.0;Partly Cloudy
1548068400;29.0;22.0;0.66;SE;6.111111111111111;0.0;1014.67;0.0;Fair
1548072000;29.0;21.0;0.62;ESE;6.666666666666666;0.0;1013.68;0.0;Partly Cloudy
1548075600;29.0;22.0;0.66;ESE;6.111111111111111;0.0;1013.68;0.0;Fair
1548079200;30.0;22.0;0.62;ESE;5.277777777777778;0.0;1013.68;0.0;Fair
1548082800;29.0;22.0;0.66;ESE;5.277777777777778;0.0;1012.68;0.0;Fair
1548086400;30.0;22.0;0.62;SE;6.111111111111111;0.0;1012.68;0.0;Partly Cloudy
1548090000;29.0;21.0;0.62;ESE;6.111111111111111;0.0;1011.68;0.0;Partly Cloudy
1548093600;29.0;22.0;0.66;SE;5.277777777777778;0.0;1011.68;0.0;Partly Cloudy
1548097200;28.0;21.0;0.66;SE;5.277777777777778;0.0;1011.68;0.0;Partly Cloudy
1548100800;27.0;22.0;0.74;SE;5.277777777777778;0.0;1012.68;0.0;Showers in the Vicinity
1548104400;27.0;21.0;0.7;SE;5.277777777777778;0.0;1012.68;0.0;Mostly Cloudy
1548108000;27.0;21.0;0.7;SE;4.166666666666667;0.0;1013.68;0.0;Partly Cloudy
1548111600;27.0;22.0;0.74;SE;4.166666666666667;0.0;1013.68;0.0;Partly Cloudy
1548115200;27.0;21.0;0.7;SE;4.722222222222222;0.0;1013.68;0.0;Fair
1548118800;27.0;21.0;0.7;SE;4.722222222222222;0.0;1013.68;0.0;Fair
1548122400;27.0;21.0;0.7;SE;3.0555555555555554;0.0;1012.68;0.0;Fair
1548126000;27.0;21.0;0.7;SE;4.722222222222222;0.0;1012.68;0.0;Fair
1548129600;26.0;21.0;0.74;SE;3.611111111111111;0.0;1011.68;0.0;Fair
1548133200;26.0;21.0;0.74;SE;3.611111111111111;0.0;1011.68;0.0;Fair
1548136800;25.0;21.0;0.78;WSW;1.9444444444444444;0.0;1011.68;0.0;Fair
1548140400;24.0;21.0;0.83;SW;1.6666666666666665;0.0;1011.68;0.0;Mostly Cloudy
1548144000;24.0;22.0;0.89;SSW;1.6666666666666665;7.222222222222222;1011.68;0.0;Mostly Cloudy
1548147600;25.0;22.0;0.83;WSW;1.1111111111111112;0.0;1012.68;0.0;Mostly Cloudy
1548151200;26.0;22.0;0.78;SSW;3.611111111111111;0.0;1012.68;0.0;Mostly Cloudy
1548154800;0.0;0.0;0.0;S;1.9444444444444444;0.0;1013.68;0.0;Light Rain
1548158400;25.0;23.0;0.89;NNE;3.0555555555555554;0.0;1013.68;0.0;Showers in the Vicinity
1548162000;0.0;0.0;0.0;SSE;3.0555555555555554;0.0;1013.68;0.0;Light Rain
1548165600;28.0;24.0;0.79;SE;3.611111111111111;0.0;0.0;0.0;Mostly Cloudy
1548169200;28.0;23.0;0.74;VAR;4.166666666666667;0.0;1011.68;0.0;Mostly Cloudy
1548172800;26.0;23.0;0.83;ESE;3.611111111111111;0.0;1011.68;0.0;Showers in the Vicinity
1548176400;28.0;23.0;0.74;SE;4.166666666666667;0.0;1010.68;0.0;Partly Cloudy
1548180000;28.0;23.0;0.74;SE;4.166666666666667;0.0;1010.68;0.0;Partly Cloudy
1548183600;25.0;23.0;0.89;E;2.5;0.0;1010.68;0.0;Showers in the Vicinity
1548187200;26.0;23.0;0.83;ESE;3.0555555555555554;0.0;1011.68;0.0;Partly Cloudy
1548190800;26.0;23.0;0.83;SE;2.5;0.0;1011.68;0.0;Partly Cloudy
1548194400;26.0;23.0;0.83;ESE;3.611111111111111;0.0;1012.68;0.0;Partly Cloudy
1548198000;27.0;23.0;0.79;CALM;0.0;0.0;1012.68;0.0;Partly Cloudy
1548201600;27.0;23.0;0.79;SE;2.5;0.0;1013.68;0.0;Mostly Cloudy
1548205200;27.0;23.0;0.79;SE;1.9444444444444444;0.0;1013.68;0.0;Mostly Cloudy
1548295200;27.0;22.0;0.74;E;4.722222222222222;0.0;1012.68;0.0;Partly Cloudy
1548298800;26.0;21.0;0.74;E;3.611111111111111;0.0;1011.68;0.0;Partly Cloudy
1548302400;26.0;22.0;0.78;E;2.5;0.0;1011.68;0.0;Partly Cloudy
1548306000;27.0;22.0;0.74;E;2.5;0.0;1011.68;0.0;Partly Cloudy
1548309600;25.0;23.0;0.89;E;2.5;0.0;1011.68;0.0;Light Rain
1548313200;26.0;23.0;0.83;ESE;2.5;0.0;1011.68;0.0;Mostly Cloudy
1548316800;27.0;22.0;0.74;ESE;3.0555555555555554;0.0;1011.68;0.0;Partly Cloudy
1548320400;27.0;22.0;0.74;ESE;3.0555555555555554;0.0;1012.68;0.0;Mostly Cloudy
1548324000;29.0;22.0;0.66;ESE;3.611111111111111;0.0;1012.68;0.0;Fair
1548327600;29.0;22.0;0.66;ESE;4.166666666666667;0.0;1013.68;0.0;Partly Cloudy
1548331200;29.0;23.0;0.7;SE;4.722222222222222;0.0;1012.68;0.0;Partly Cloudy
1548334800;29.0;22.0;0.66;ESE;4.166666666666667;0.0;1012.68;0.0;Partly Cloudy
1548338400;29.0;22.0;0.66;SE;4.166666666666667;0.0;1012.68;0.0;Partly Cloudy
1548342000;30.0;23.0;0.66;SE;4.722222222222222;0.0;1011.68;0.0;Fair
1548345600;29.0;23.0;0.7;ESE;4.722222222222222;0.0;1011.68;0.0;Partly Cloudy
1548349200;29.0;23.0;0.7;SE;5.277777777777778;0.0;1010.68;0.0;Partly Cloudy
1548352800;29.0;22.0;0.66;SE;5.555555555555555;0.0;1010.68;0.0;Partly Cloudy
1548356400;29.0;23.0;0.7;SE;6.111111111111111;0.0;1010.68;0.0;Partly Cloudy
1548360000;28.0;23.0;0.74;SSE;5.277777777777778;0.0;1011.68;0.0;Mostly Cloudy
1548363600;28.0;23.0;0.74;ESE;4.722222222222222;0.0;1011.68;0.0;Mostly Cloudy
1548367200;28.0;23.0;0.74;SE;4.166666666666667;0.0;1012.68;0.0;Mostly Cloudy
1548370800;27.0;23.0;0.79;SE;5.277777777777778;0.0;1012.68;0.0;Partly Cloudy
1548374400;27.0;23.0;0.79;SE;4.166666666666667;0.0;1012.68;0.0;Mostly Cloudy
1548378000;27.0;23.0;0.79;SE;5.277777777777778;0.0;1012.68;0.0;Partly Cloudy
1548381600;27.0;22.0;0.74;SE;4.166666666666667;0.0;1011.68;0.0;Partly Cloudy
1548385200;27.0;22.0;0.74;ESE;3.611111111111111;0.0;1011.68;0.0;Mostly Cloudy
1548388800;27.0;22.0;0.74;SE;5.555555555555555;0.0;1010.68;0.0;Mostly Cloudy
1548392400;27.0;22.0;0.74;SE;4.166666666666667;0.0;1010.68;0.0;Partly Cloudy
1548396000;26.0;22.0;0.78;SE;3.611111111111111;0.0;1010.68;0.0;Mostly Cloudy
1548399600;27.0;22.0;0.74;SE;3.611111111111111;0.0;1010.68;0.0;Partly Cloudy
1548403200;27.0;22.0;0.74;SE;4.166666666666667;0.0;1010.68;0.0;Mostly Cloudy
1548406800;27.0;22.0;0.74;SE;5.277777777777778;0.0;1011.68;0.0;Mostly Cloudy
1548410400;28.0;23.0;0.74;SE;4.722222222222222;0.0;1012.68;0.0;Mostly Cloudy
1548414000;30.0;23.0;0.66;SE;4.166666666666667;0.0;1012.68;0.0;Partly Cloudy
1548417600;29.0;23.0;0.7;ESE;4.722222222222222;0.0;1012.68;0.0;Partly Cloudy
1548421200;30.0;23.0;0.66;SE;5.555555555555555;0.0;1011.68;0.0;Partly Cloudy
1548424800;30.0;23.0;0.66;SSE;6.111111111111111;0.0;1011.68;0.0;Partly Cloudy
1548428400;30.0;23.0;0.66;SE;5.277777777777778;0.0;1010.68;0.0;Fair
1548432000;30.0;22.0;0.62;SSE;5.555555555555555;0.0;1010.68;0.0;Fair
1548435600;30.0;22.0;0.62;SSE;6.111111111111111;0.0;1010.68;0.0;Fair
1548439200;29.0;23.0;0.7;SSE;6.111111111111111;0.0;1010.68;0.0;Partly Cloudy
1548442800;28.0;23.0;0.74;SSE;6.666666666666666;0.0;1010.68;0.0;Partly Cloudy
1548446400;28.0;22.0;0.7;SSE;5.277777777777778;0.0;1011.68;0.0;Partly Cloudy
1548450000;27.0;22.0;0.74;SSE;6.111111111111111;0.0;1011.68;0.0;Partly Cloudy
1548453600;27.0;22.0;0.74;SSE;5.555555555555555;0.0;1011.68;0.0;Partly Cloudy
1548457200;27.0;22.0;0.74;SSE;4.722222222222222;0.0;1012.68;0.0;Fair
1548460800;27.0;23.0;0.79;SE;4.722222222222222;0.0;1012.68;0.0;Partly Cloudy
1548464400;27.0;23.0;0.79;SE;4.166666666666667;0.0;1012.68;0.0;Mostly Cloudy
1548554400;27.0;23.0;0.79;ESE;4.722222222222222;0.0;1012.68;0.0;Fair
1548558000;27.0;23.0;0.79;SE;4.166666666666667;0.0;1011.68;0.0;Mostly Cloudy
1548561600;27.0;22.0;0.74;ESE;4.722222222222222;0.0;1011.68;0.0;Fair
1548565200;27.0;22.0;0.74;ESE;4.166666666666667;0.0;1011.68;0.0;Partly Cloudy
1548568800;27.0;23.0;0.79;SE;4.166666666666667;0.0;1011.68;0.0;Mostly Cloudy
1548572400;27.0;22.0;0.74;SE;5.277777777777778;0.0;1011.68;0.0;Fair
1548576000;27.0;22.0;0.74;ESE;4.722222222222222;0.0;1012.68;0.0;Fair
1548579600;28.0;22.0;0.7;SE;4.722222222222222;0.0;1012.68;0.0;Fair
1548583200;29.0;22.0;0.66;SE;5.277777777777778;0.0;1013.68;0.0;Mostly Cloudy
1548586800;29.0;22.0;0.66;SE;4.722222222222222;0.0;1013.68;0.0;Fair
1548590400;29.0;22.0;0.66;SE;5.277777777777778;0.0;1013.68;0.0;Fair
1548594000;30.0;22.0;0.62;SE;6.111111111111111;0.0;1013.68;0.0;Partly Cloudy
1548597600;30.0;23.0;0.66;SE;5.555555555555555;0.0;1012.68;0.0;Partly Cloudy
1548601200;30.0;23.0;0.66;SE;5.277777777777778;0.0;1012.68;0.0;Fair
1548604800;30.0;22.0;0.62;SE;6.111111111111111;0.0;1011.68;0.0;Fair
1548608400;30.0;23.0;0.66;SE;6.111111111111111;0.0;1011.68;0.0;Fair
1548612000;29.0;22.0;0.66;SSE;6.666666666666666;0.0;1010.68;0.0;Fair
1548615600;29.0;21.0;0.62;SSE;6.666666666666666;0.0;1011.68;0.0;Fair
1548619200;28.0;21.0;0.66;SSE;6.111111111111111;0.0;1011.68;0.0;Fair
1548622800;27.0;21.0;0.7;SSE;5.555555555555555;0.0;1012.68;0.0;Fair
1548626400;27.0;22.0;0.74;SSE;5.555555555555555;0.0;1012.68;0.0;Fair
1548630000;27.0;22.0;0.74;SE;5.555555555555555;0.0;1013.68;0.0;Mostly Cloudy
1548633600;27.0;22.0;0.74;SSE;4.722222222222222;0.0;1013.68;0.0;Partly Cloudy
1548637200;27.0;23.0;0.79;SSE;3.0555555555555554;0.0;1013.68;0.0;Showers in the Vicinity
1548640800;27.0;23.0;0.79;SSE;4.166666666666667;0.0;1012.68;0.0;Partly Cloudy
1548644400;26.0;23.0;0.83;W;1.6666666666666665;0.0;1011.68;0.0;Mostly Cloudy
1548648000;25.0;23.0;0.89;VAR;1.1111111111111112;0.0;1011.68;0.0;Partly Cloudy
1548651600;25.0;22.0;0.83;SW;1.6666666666666665;0.0;1010.68;0.0;Partly Cloudy
1548655200;25.0;23.0;0.89;SW;1.9444444444444444;0.0;1011.68;0.0;Light Rain
1548658800;24.0;23.0;0.94;SSW;1.9444444444444444;0.0;1011.68;0.0;Light Rain
1548662400;24.0;23.0;0.94;WSW;1.6666666666666665;0.0;1011.68;0.0;Thunder
1548666000;25.0;23.0;0.89;SW;2.5;0.0;1011.68;0.0;Thunder
1548669600;25.0;23.0;0.89;SW;2.5;0.0;1012.68;0.0;Light Rain
1548670980;0.0;0.0;0.0;SW;3.0555555555555554;0.0;1012.68;0.0;Light Rain with Thunder
1548672300;0.0;0.0;0.0;SW;2.5;0.0;1013.68;0.0;T-Storm
1548673200;0.0;0.0;0.0;N;1.6666666666666665;0.0;1013.68;0.0;T-Storm
1548674340;23.0;23.0;1.0;NNE;3.611111111111111;0.0;1014.67;0.0;T-Storm
1548675000;0.0;0.0;0.0;ESE;3.0555555555555554;0.0;1014.67;0.0;Light Rain with Thunder
1548676800;23.0;21.0;0.88;ESE;3.0555555555555554;0.0;1014.67;0.0;Light Rain
1548680400;23.0;22.0;0.94;NNE;1.1111111111111112;0.0;1013.68;0.0;Light Rain
1548684000;23.0;22.0;0.94;S;3.611111111111111;0.0;1013.68;0.0;Mostly Cloudy
1548687600;24.0;22.0;0.89;SW;1.6666666666666665;0.0;1012.68;0.0;Mostly Cloudy
1548691200;24.0;22.0;0.89;WSW;2.5;0.0;1012.68;0.0;Mostly Cloudy
1548694800;26.0;23.0;0.83;CALM;0.0;0.0;1011.68;0.0;Showers in the Vicinity
1548698400;27.0;23.0;0.79;SSE;3.611111111111111;0.0;1010.68;0.0;Mostly Cloudy
1548702000;26.0;23.0;0.83;SSE;3.0555555555555554;0.0;1010.68;0.0;Mostly Cloudy
1548705600;26.0;23.0;0.83;SSE;3.611111111111111;0.0;1011.68;0.0;Showers in the Vicinity
1548709200;25.0;23.0;0.89;S;3.0555555555555554;0.0;1012.68;0.0;Mostly Cloudy
1548712800;25.0;23.0;0.89;SSW;2.5;0.0;1012.68;0.0;Showers in the Vicinity
1548713940;24.0;24.0;1.0;SSE;3.0555555555555554;0.0;1012.68;0.0;Light Rain
1548716400;25.0;24.0;0.94;CALM;0.0;0.0;1013.68;0.0;Showers in the Vicinity
1548717600;24.0;24.0;1.0;CALM;0.0;0.0;0.0;0.0;Light Rain
1548720000;24.0;23.0;0.94;SW;2.5;0.0;0.0;0.0;Light Rain
1548723600;24.0;23.0;0.94;SW;2.5;0.0;1013.68;0.0;Showers in the Vicinity
1548727200;24.0;23.0;0.94;CALM;0.0;0.0;1012.68;0.0;Light Rain
1548730800;24.0;23.0;0.94;CALM;0.0;0.0;1011.68;0.0;Showers in the Vicinity
1548734400;24.0;23.0;0.94;SSW;2.5;0.0;1011.68;0.0;Light Rain
1548738000;24.0;23.0;0.94;SSW;2.5;0.0;1010.68;0.0;Showers in the Vicinity
1548741600;23.0;23.0;1.0;CALM;0.0;0.0;1010.68;0.0;Mostly Cloudy
1548745200;23.0;22.0;0.94;SSW;2.5;0.0;1010.68;0.0;Partly Cloudy
1548748800;23.0;22.0;0.94;SSW;2.5;0.0;1011.68;0.0;Partly Cloudy
1548752400;25.0;23.0;0.89;CALM;0.0;0.0;1011.68;0.0;Mostly Cloudy
1548756000;26.0;23.0;0.83;S;4.166666666666667;0.0;1012.68;0.0;Partly Cloudy
1548759600;28.0;22.0;0.7;SSE;7.777777777777778;0.0;1012.68;0.0;Partly Cloudy
1548763200;29.0;22.0;0.66;SSE;7.777777777777778;0.0;1012.68;0.0;Partly Cloudy
1548766800;29.0;22.0;0.66;SE;7.777777777777778;0.0;1012.68;0.0;Fair
1548770400;29.0;22.0;0.66;SE;6.666666666666666;0.0;1012.68;0.0;Fair
1548774000;30.0;22.0;0.62;SSE;7.777777777777778;0.0;1011.68;0.0;Fair
1548777600;29.0;22.0;0.66;SSE;8.333333333333334;0.0;1010.68;0.0;Fair
1548781200;28.0;22.0;0.7;SSE;7.222222222222222;0.0;1010.68;0.0;Partly Cloudy
1548784800;28.0;22.0;0.7;SSE;6.111111111111111;0.0;1010.68;0.0;Partly Cloudy
1548788400;28.0;22.0;0.7;SSE;6.666666666666666;0.0;1010.68;0.0;Partly Cloudy
1548792000;27.0;22.0;0.74;SSE;7.222222222222222;0.0;1010.68;0.0;Partly Cloudy
1548795600;27.0;22.0;0.74;SSE;6.111111111111111;0.0;1011.68;0.0;Partly Cloudy
1548799200;27.0;22.0;0.74;SSE;6.111111111111111;0.0;1012.68;0.0;Fair
1548802800;27.0;21.0;0.7;SSE;6.111111111111111;0.0;1012.68;0.0;Fair
1548806400;27.0;22.0;0.74;SSE;6.666666666666666;0.0;1012.68;0.0;Fair
1548810000;27.0;22.0;0.74;SSE;6.111111111111111;0.0;1012.68;0.0;Fair
1548986400;27.0;23.0;0.79;ESE;3.0555555555555554;0.0;1011.68;0.0;Mostly Cloudy
1548990000;27.0;23.0;0.79;SE;4.722222222222222;0.0;1010.68;0.0;Partly Cloudy
1548993600;26.0;23.0;0.83;SE;3.0555555555555554;0.0;1010.68;0.0;Fair
1548997200;27.0;23.0;0.79;SE;3.611111111111111;0.0;1010.68;0.0;Partly Cloudy
1549000800;27.0;22.0;0.74;SE;3.0555555555555554;0.0;1010.68;0.0;Partly Cloudy
1549004400;26.0;22.0;0.78;SE;3.0555555555555554;0.0;1010.68;0.0;Partly Cloudy
1549008000;27.0;23.0;0.79;SE;3.0555555555555554;0.0;1011.68;0.0;Mostly Cloudy
1549011600;28.0;23.0;0.74;SE;4.722222222222222;0.0;1011.68;0.0;Mostly Cloudy
1549015200;28.0;23.0;0.74;SE;4.166666666666667;0.0;1012.68;0.0;Mostly Cloudy
1549018800;29.0;23.0;0.7;ESE;4.166666666666667;0.0;1012.68;0.0;Partly Cloudy
1549022400;29.0;24.0;0.74;SE;5.277777777777778;0.0;1012.68;0.0;Partly Cloudy
1549026000;29.0;23.0;0.7;SE;4.722222222222222;0.0;1012.68;0.0;Mostly Cloudy
1549029600;29.0;24.0;0.74;SE;4.722222222222222;0.0;1011.68;0.0;Fair
1549033200;30.0;23.0;0.66;E;4.166666666666667;0.0;1010.68;0.0;Fair
1549036800;29.0;23.0;0.7;SE;4.722222222222222;0.0;1010.68;0.0;Fair
1549040400;29.0;23.0;0.7;E;5.277777777777778;0.0;1010.68;0.0;Partly Cloudy
1549044000;29.0;23.0;0.7;ESE;4.166666666666667;0.0;1010.68;0.0;Partly Cloudy
1549047600;28.0;23.0;0.74;SE;4.722222222222222;0.0;1010.68;0.0;Partly Cloudy
1549051200;28.0;23.0;0.74;SE;5.277777777777778;0.0;1010.68;0.0;Mostly Cloudy
1549054800;27.0;23.0;0.79;SE;4.166666666666667;0.0;1011.68;0.0;Partly Cloudy
1549058400;27.0;23.0;0.79;SE;4.722222222222222;0.0;1012.68;0.0;Mostly Cloudy
1549062000;28.0;22.0;0.7;ESE;3.611111111111111;0.0;1012.68;0.0;Mostly Cloudy
1549065600;27.0;24.0;0.84;SSE;3.611111111111111;0.0;1012.68;0.0;Mostly Cloudy
1549069200;27.0;23.0;0.79;SE;4.722222222222222;0.0;1012.68;0.0;Partly Cloudy
1549072800;27.0;23.0;0.79;ESE;4.722222222222222;0.0;1011.68;0.0;Partly Cloudy
1549076400;27.0;23.0;0.79;SE;4.166666666666667;0.0;1010.68;0.0;Mostly Cloudy
1549080000;27.0;22.0;0.74;SE;4.722222222222222;0.0;1010.68;0.0;Partly Cloudy
1549083600;27.0;21.0;0.7;SE;4.166666666666667;0.0;1010.68;0.0;Partly Cloudy
1549087200;27.0;22.0;0.74;SE;4.166666666666667;0.0;1010.68;0.0;Partly Cloudy
1549090800;27.0;23.0;0.79;SE;3.611111111111111;0.0;1010.68;0.0;Partly Cloudy
1549094400;27.0;23.0;0.79;SE;3.611111111111111;0.0;1010.68;0.0;Partly Cloudy
1549098000;28.0;23.0;0.74;ESE;4.166666666666667;0.0;1011.68;0.0;Partly Cloudy
1549101600;28.0;23.0;0.74;ESE;5.277777777777778;0.0;1012.68;0.0;Partly Cloudy
1549105200;29.0;23.0;0.7;ESE;4.722222222222222;0.0;1012.68;0.0;Partly Cloudy
1549107540;27.0;24.0;0.84;ESE;4.722222222222222;0.0;1013.68;0.0;Light Rain Shower
1549108800;26.0;24.0;0.89;ESE;5.555555555555555;0.0;1012.68;0.0;Light Rain Shower
1549110300;28.0;25.0;0.84;SE;4.166666666666667;0.0;1012.68;0.0;Mostly Cloudy
1549112400;29.0;23.0;0.7;SE;4.166666666666667;0.0;1012.68;0.0;Showers in the Vicinity
1549116000;28.0;23.0;0.74;SE;4.722222222222222;0.0;1011.68;0.0;Mostly Cloudy
1549119600;29.0;24.0;0.74;SE;6.111111111111111;0.0;1010.68;0.0;Partly Cloudy
1549123200;29.0;24.0;0.74;SE;5.555555555555555;0.0;1010.68;0.0;Partly Cloudy
1549126800;29.0;24.0;0.74;SSE;5.555555555555555;0.0;1009.68;0.0;Mostly Cloudy
1549130400;29.0;23.0;0.7;SSE;5.277777777777778;0.0;1009.68;0.0;Partly Cloudy
1549134000;28.0;23.0;0.74;SSE;5.277777777777778;0.0;1009.68;0.0;Mostly Cloudy
1549137600;27.0;23.0;0.79;SSE;4.722222222222222;0.0;1010.68;0.0;Mostly Cloudy
1549141200;27.0;23.0;0.79;SSE;4.166666666666667;0.0;1010.68;0.0;Mostly Cloudy
1549144800;25.0;24.0;0.94;SSE;6.111111111111111;0.0;1011.68;0.0;Light Rain Shower
1549148400;26.0;24.0;0.89;SSE;4.722222222222222;0.0;1011.68;0.0;Mostly Cloudy
1549152000;26.0;24.0;0.89;S;5.277777777777778;0.0;1011.68;0.0;Mostly Cloudy
1549155600;26.0;24.0;0.89;SSE;4.166666666666667;0.0;1011.68;0.0;Showers in the Vicinity
1549245600;25.0;24.0;0.94;CALM;0.0;0.0;1010.68;0.0;Showers in the Vicinity
1549249200;25.0;24.0;0.94;CALM;0.0;0.0;1009.68;0.0;Light Rain
1549252800;25.0;24.0;0.94;SSE;2.5;0.0;1009.68;0.0;Mostly Cloudy
1549256400;25.0;24.0;0.94;S;2.5;0.0;1008.68;0.0;Mostly Cloudy
1549260000;25.0;24.0;0.94;CALM;0.0;0.0;1008.68;0.0;Partly Cloudy
1549263600;25.0;24.0;0.94;SW;2.5;0.0;1008.68;0.0;Partly Cloudy
1549267200;25.0;24.0;0.94;SW;3.0555555555555554;0.0;0.0;0.0;Showers in the Vicinity
1549270800;25.0;23.0;0.89;E;4.166666666666667;0.0;1010.68;0.0;Light Rain
1549274400;25.0;24.0;0.94;ENE;6.666666666666666;0.0;1010.68;0.0;Mostly Cloudy
1549278000;28.0;24.0;0.79;NE;1.6666666666666665;0.0;0.0;0.0;Showers in the Vicinity
1549281600;25.0;24.0;0.94;E;3.0555555555555554;0.0;1011.68;0.0;Light Rain
1549283160;25.0;24.0;0.94;N;1.6666666666666665;0.0;1010.68;0.0;Showers in the Vicinity
1549285200;26.0;25.0;0.94;ENE;1.6666666666666665;0.0;1010.68;0.0;Mostly Cloudy
1549288800;27.0;24.0;0.84;ENE;1.6666666666666665;0.0;1010.68;0.0;Mostly Cloudy
1549292400;28.0;24.0;0.79;E;1.9444444444444444;0.0;1009.68;0.0;Mostly Cloudy
1549296000;28.0;25.0;0.84;ESE;3.0555555555555554;0.0;1009.68;0.0;Mostly Cloudy
1549299600;28.0;25.0;0.84;SE;3.0555555555555554;0.0;1008.68;0.0;Partly Cloudy
1549303200;28.0;24.0;0.79;ESE;1.9444444444444444;0.0;1008.68;0.0;Mostly Cloudy
1549306800;27.0;25.0;0.89;E;3.611111111111111;0.0;1008.68;0.0;Mostly Cloudy
1549310400;27.0;25.0;0.89;ESE;1.9444444444444444;0.0;1009.68;0.0;Mostly Cloudy
1549314000;27.0;25.0;0.89;ESE;1.1111111111111112;0.0;1009.68;0.0;Partly Cloudy
1549317600;26.0;24.0;0.89;SE;2.5;0.0;1010.68;0.0;Partly Cloudy
1549321200;26.0;24.0;0.89;E;3.611111111111111;0.0;1011.68;0.0;Mostly Cloudy
1549324800;26.0;23.0;0.83;ENE;1.1111111111111112;0.0;1011.68;0.0;Partly Cloudy
1549328400;26.0;25.0;0.94;ENE;1.1111111111111112;0.0;1010.68;0.0;Partly Cloudy
1549764000;27.0;23.0;0.79;SE;4.722222222222222;0.0;1009.68;0.0;Mostly Cloudy
1549767600;27.0;23.0;0.79;SE;5.555555555555555;0.0;1009.68;0.0;Mostly Cloudy
1549771200;27.0;22.0;0.74;SE;5.555555555555555;0.0;1008.68;0.0;Mostly Cloudy
1549774800;27.0;23.0;0.79;SE;5.555555555555555;0.0;1008.68;0.0;Mostly Cloudy
1549778400;27.0;23.0;0.79;SE;5.555555555555555;0.0;1008.68;0.0;Partly Cloudy
1549782000;27.0;23.0;0.79;SSE;5.555555555555555;0.0;1008.68;0.0;Mostly Cloudy
1549785600;28.0;22.0;0.7;SE;6.666666666666666;0.0;1009.68;0.0;Mostly Cloudy
1549789200;28.0;23.0;0.74;SE;6.666666666666666;0.0;1009.68;0.0;Mostly Cloudy
1549792800;28.0;22.0;0.7;SE;6.111111111111111;0.0;1010.68;0.0;Mostly Cloudy
1549796400;29.0;22.0;0.66;SE;6.111111111111111;0.0;1010.68;0.0;Partly Cloudy
1549800000;30.0;23.0;0.66;SE;5.277777777777778;0.0;1010.68;0.0;Mostly Cloudy
1549803600;30.0;23.0;0.66;SSE;6.111111111111111;0.0;1010.68;0.0;Mostly Cloudy
1549807200;30.0;23.0;0.66;SE;7.777777777777778;0.0;1010.68;0.0;Mostly Cloudy
1549810800;29.0;23.0;0.7;SE;6.111111111111111;0.0;1009.68;0.0;Showers in the Vicinity
1549814400;30.0;23.0;0.66;SSE;6.666666666666666;0.0;1009.68;0.0;Partly Cloudy
1549818000;29.0;23.0;0.7;SSE;8.333333333333334;0.0;1009.68;0.0;Partly Cloudy
1549821600;29.0;22.0;0.66;SSE;7.222222222222222;0.0;1008.68;0.0;Fair
1549825200;28.0;23.0;0.74;SE;6.111111111111111;0.0;1009.68;0.0;Fair
1549828800;28.0;22.0;0.7;SSE;5.555555555555555;0.0;1010.68;0.0;Partly Cloudy
1549832400;28.0;22.0;0.7;SE;4.722222222222222;0.0;1010.68;0.0;Mostly Cloudy
1549836000;28.0;23.0;0.74;SE;5.555555555555555;0.0;1011.68;0.0;Partly Cloudy
1549839600;28.0;23.0;0.74;SE;4.166666666666667;0.0;1011.68;0.0;Partly Cloudy
1549843200;28.0;23.0;0.74;SE;4.722222222222222;0.0;1011.68;0.0;Mostly Cloudy
1549846800;27.0;23.0;0.79;SE;5.555555555555555;0.0;1011.68;0.0;Partly Cloudy
1549850400;27.0;23.0;0.79;SE;5.277777777777778;0.0;1010.68;0.0;Mostly Cloudy
1549854000;27.0;23.0;0.79;SE;4.722222222222222;0.0;1010.68;0.0;Mostly Cloudy
1549857600;27.0;23.0;0.79;SE;4.166666666666667;0.0;1009.68;0.0;Mostly Cloudy
1549861200;27.0;23.0;0.79;SE;4.166666666666667;0.0;1009.68;0.0;Mostly Cloudy
1549864800;27.0;23.0;0.79;SE;4.722222222222222;0.0;1009.68;0.0;Mostly Cloudy
1549868400;27.0;22.0;0.74;SE;4.166666666666667;0.0;1010.68;0.0;Partly Cloudy
1549872000;27.0;23.0;0.79;SE;4.166666666666667;0.0;1010.68;0.0;Mostly Cloudy
1549875600;28.0;23.0;0.74;SE;6.111111111111111;0.0;1011.68;0.0;Mostly Cloudy
1549879200;28.0;24.0;0.79;SE;5.277777777777778;0.0;1012.68;0.0;Partly Cloudy
1549882800;29.0;23.0;0.7;SE;6.666666666666666;0.0;1012.68;0.0;Mostly Cloudy
1549886400;29.0;23.0;0.7;SE;6.666666666666666;0.0;1012.68;0.0;Partly Cloudy
1549890000;30.0;24.0;0.7;SSE;7.777777777777778;0.0;1011.68;0.0;Mostly Cloudy
1549893600;29.0;23.0;0.7;SSE;7.777777777777778;0.0;1011.68;0.0;Mostly Cloudy
1549897200;29.0;24.0;0.74;SSE;8.333333333333334;0.0;1010.68;0.0;Mostly Cloudy
1549900800;30.0;23.0;0.66;SSE;8.333333333333334;0.0;1010.68;0.0;Mostly Cloudy
1549904400;29.0;23.0;0.7;SSE;7.222222222222222;0.0;1009.68;0.0;Mostly Cloudy
1549908000;28.0;22.0;0.7;SSE;6.666666666666666;0.0;1009.68;0.0;Mostly Cloudy
1549911600;28.0;22.0;0.7;SE;6.666666666666666;0.0;1009.68;0.0;Partly Cloudy
1549915200;27.0;22.0;0.74;SSE;5.277777777777778;0.0;1010.68;0.0;Partly Cloudy
1549918800;27.0;23.0;0.79;SE;6.111111111111111;0.0;1010.68;0.0;Partly Cloudy
1549922400;27.0;23.0;0.79;SE;4.722222222222222;0.0;1011.68;0.0;Mostly Cloudy
1549926000;27.0;23.0;0.79;SSE;4.722222222222222;0.0;1011.68;0.0;Mostly Cloudy
1549929600;27.0;23.0;0.79;SSE;5.277777777777778;0.0;1011.68;0.0;Mostly Cloudy
1549933200;27.0;23.0;0.79;SSE;6.666666666666666;0.0;1011.68;0.0;Mostly Cloudy
1549936800;27.0;23.0;0.79;SSE;6.111111111111111;0.0;1010.68;0.0;Mostly Cloudy
1549940400;27.0;23.0;0.79;SSE;6.111111111111111;0.0;1010.68;0.0;Partly Cloudy
1549944000;26.0;24.0;0.89;SSE;6.111111111111111;0.0;1009.68;0.0;Partly Cloudy
1549947600;27.0;23.0;0.79;SE;5.277777777777778;0.0;1009.68;0.0;Mostly Cloudy
1549951200;27.0;23.0;0.79;SSE;6.111111111111111;0.0;1009.68;0.0;Mostly Cloudy
1549954800;27.0;23.0;0.79;SSE;5.277777777777778;0.0;1009.68;0.0;Partly Cloudy
1549958400;27.0;22.0;0.74;SE;5.277777777777778;0.0;1010.68;0.0;Mostly Cloudy
1549962000;27.0;23.0;0.79;SE;5.277777777777778;0.0;1011.68;0.0;Partly Cloudy
1549965600;28.0;23.0;0.74;SSE;6.111111111111111;0.0;1011.68;0.0;Mostly Cloudy
1549969200;29.0;23.0;0.7;SSE;6.111111111111111;0.0;1011.68;0.0;Mostly Cloudy
1549972800;29.0;23.0;0.7;SSE;7.222222222222222;0.0;1011.68;0.0;Mostly Cloudy
1549976400;30.0;24.0;0.7;SSE;7.222222222222222;0.0;1011.68;0.0;Partly Cloudy
1549980000;30.0;24.0;0.7;SSE;7.222222222222222;0.0;1010.68;0.0;Mostly Cloudy
1549983600;29.0;23.0;0.7;SSE;7.222222222222222;0.0;1010.68;0.0;Mostly Cloudy
1549987200;29.0;23.0;0.7;SE;6.666666666666666;0.0;1009.68;0.0;Mostly Cloudy
1549990800;28.0;23.0;0.74;SSE;6.666666666666666;0.0;1009.68;0.0;Mostly Cloudy
1549994400;29.0;23.0;0.7;S;6.666666666666666;0.0;1008.68;0.0;Mostly Cloudy
1549998000;28.0;23.0;0.74;S;5.277777777777778;0.0;1009.68;0.0;Partly Cloudy
1550001600;28.0;23.0;0.74;SSE;5.555555555555555;0.0;1009.68;0.0;Mostly Cloudy
1550005200;28.0;24.0;0.79;S;4.722222222222222;0.0;1010.68;0.0;Showers in the Vicinity
1550008800;27.0;24.0;0.84;S;4.722222222222222;0.0;1010.68;0.0;Mostly Cloudy
1550012400;27.0;24.0;0.84;SSE;4.722222222222222;0.0;1011.68;0.0;Partly Cloudy
1550016000;27.0;24.0;0.84;SSE;5.277777777777778;0.0;1011.68;0.0;Showers in the Vicinity
1550019600;27.0;24.0;0.84;SSE;3.0555555555555554;0.0;1010.68;0.0;Mostly Cloudy
1550023200;26.0;24.0;0.89;ESE;4.722222222222222;0.0;1009.68;0.0;Showers in the Vicinity
1550026800;26.0;24.0;0.89;ESE;4.166666666666667;0.0;1009.68;0.0;Mostly Cloudy
1550030400;26.0;23.0;0.83;SE;4.166666666666667;0.0;1008.68;0.0;Mostly Cloudy
1550034000;27.0;24.0;0.84;SE;4.722222222222222;0.0;1008.68;0.0;Mostly Cloudy
1550037600;26.0;24.0;0.89;SE;4.166666666666667;0.0;1008.68;0.0;Mostly Cloudy
1550041200;27.0;24.0;0.84;SE;5.277777777777778;0.0;1009.68;0.0;Mostly Cloudy
1550044800;26.0;24.0;0.89;ESE;4.166666666666667;0.0;1009.68;0.0;Mostly Cloudy
1550048400;27.0;24.0;0.84;SE;5.277777777777778;0.0;1010.68;0.0;Showers in the Vicinity
1550052000;27.0;24.0;0.84;SE;3.611111111111111;0.0;1012.68;0.0;Mostly Cloudy
1550055600;28.0;24.0;0.79;ESE;4.166666666666667;0.0;1012.68;0.0;Mostly Cloudy
1550059200;26.0;24.0;0.89;SE;3.0555555555555554;0.0;1012.68;0.0;Light Rain
1550061060;26.0;24.0;0.89;ESE;4.166666666666667;0.0;1012.68;0.0;Thunder
1550062800;26.0;0.0;0.0;ESE;3.0555555555555554;0.0;1012.68;0.0;Showers in the Vicinity
1550066400;26.0;24.0;0.89;ENE;3.611111111111111;0.0;1011.68;0.0;Light Rain
1550070000;0.0;0.0;0.0;N;1.9444444444444444;0.0;1011.68;0.0;Light Rain
1550073600;24.0;23.0;0.94;WNW;1.9444444444444444;0.0;1009.68;0.0;Showers in the Vicinity
1550077200;25.0;24.0;0.94;NW;1.6666666666666665;0.0;1009.68;0.0;Mostly Cloudy
1550080800;25.0;24.0;0.94;W;1.1111111111111112;0.0;1008.68;0.0;Mostly Cloudy
1550084400;25.0;24.0;0.94;WNW;1.1111111111111112;0.0;1009.68;0.0;Mostly Cloudy
1550088000;25.0;24.0;0.94;NW;1.9444444444444444;0.0;1010.68;0.0;Mostly Cloudy
1550091600;25.0;23.0;0.89;NW;1.6666666666666665;0.0;1010.68;0.0;Fair
1550095200;25.0;24.0;0.94;WNW;1.1111111111111112;0.0;1011.68;0.0;Partly Cloudy
1550098800;24.0;23.0;0.94;NNW;2.5;0.0;1012.68;0.0;Fair
1550102400;24.0;23.0;0.94;NNW;1.9444444444444444;0.0;1012.68;0.0;Partly Cloudy
1550106000;24.0;23.0;0.94;NW;1.6666666666666665;0.0;0.0;0.0;Showers in the Vicinity
1550109600;24.0;23.0;0.94;WNW;1.1111111111111112;0.0;1011.68;0.0;Mostly Cloudy
1550113200;24.0;23.0;0.94;N;0.5555555555555556;0.0;1010.68;0.0;Fair
1550116800;24.0;23.0;0.94;NNW;1.9444444444444444;0.0;1010.68;0.0;Fair
1550120400;24.0;23.0;0.94;NW;1.1111111111111112;0.0;1010.68;0.0;Fair
1550124000;24.0;23.0;0.94;NNW;1.9444444444444444;0.0;1010.68;0.0;Fair
1550127600;24.0;23.0;0.94;NNW;1.1111111111111112;0.0;1010.68;0.0;Fair
1550131200;24.0;23.0;0.94;VAR;1.1111111111111112;0.0;1010.68;0.0;Fair
1550134800;25.0;23.0;0.89;NW;1.6666666666666665;0.0;1011.68;0.0;Fair
1550138400;28.0;24.0;0.79;N;1.6666666666666665;0.0;1011.68;0.0;Fair
1550142000;29.0;24.0;0.74;NE;1.9444444444444444;0.0;1011.68;0.0;Fair
1550145600;29.0;24.0;0.74;E;3.0555555555555554;0.0;1011.68;0.0;Partly Cloudy
1550149200;29.0;23.0;0.7;E;4.166666666666667;0.0;1011.68;0.0;Fair
1550152800;29.0;24.0;0.74;E;3.611111111111111;0.0;1010.68;0.0;Partly Cloudy
1550156400;30.0;24.0;0.7;E;3.611111111111111;0.0;1009.68;0.0;Fair
1550160000;30.0;24.0;0.7;E;4.166666666666667;0.0;1009.68;0.0;Fair
1550163600;29.0;24.0;0.74;E;4.166666666666667;0.0;1008.68;0.0;Fair
1550167200;29.0;24.0;0.74;E;4.166666666666667;0.0;1008.68;0.0;Fair
1550170800;29.0;24.0;0.74;E;3.0555555555555554;0.0;1009.68;0.0;Partly Cloudy
1550174400;28.0;24.0;0.79;E;3.0555555555555554;0.0;1010.68;0.0;Partly Cloudy
1550178000;28.0;25.0;0.84;E;2.5;0.0;1010.68;0.0;Mostly Cloudy
1550181600;28.0;25.0;0.84;ESE;3.0555555555555554;0.0;1011.68;0.0;Mostly Cloudy
1550185200;29.0;25.0;0.79;E;3.0555555555555554;0.0;1012.68;0.0;Mostly Cloudy
1550188800;28.0;24.0;0.79;E;3.611111111111111;0.0;1012.68;0.0;Mostly Cloudy
1550192400;28.0;24.0;0.79;E;2.5;0.0;1012.68;0.0;Mostly Cloudy
1550372400;27.0;25.0;0.89;ENE;0.5555555555555556;0.0;1010.68;0.0;Mostly Cloudy
1550376000;26.0;25.0;0.94;WSW;1.6666666666666665;0.0;1009.68;0.0;Mostly Cloudy
1550379600;26.0;25.0;0.94;WNW;1.9444444444444444;0.0;1008.68;0.0;Mostly Cloudy
1550383200;25.0;24.0;0.94;NNW;1.9444444444444444;0.0;1008.68;0.0;Mostly Cloudy
1550386800;25.0;24.0;0.94;CALM;0.0;0.0;1009.68;0.0;Mostly Cloudy
1550390400;26.0;24.0;0.89;CALM;0.0;0.0;1009.68;0.0;Partly Cloudy
1550394000;25.0;25.0;1.0;SSW;1.6666666666666665;0.0;1010.68;0.0;Mostly Cloudy
1550397600;26.0;25.0;0.94;SW;1.6666666666666665;0.0;1010.68;0.0;Mostly Cloudy
1550401200;27.0;24.0;0.84;E;1.6666666666666665;0.0;1011.68;0.0;Mostly Cloudy
1550404800;29.0;25.0;0.79;E;7.222222222222222;0.0;1011.68;0.0;Partly Cloudy
1550408400;29.0;25.0;0.79;E;3.611111111111111;0.0;1011.68;0.0;Partly Cloudy
1550412000;30.0;26.0;0.79;E;3.611111111111111;0.0;1011.68;0.0;Mostly Cloudy
1550415600;30.0;26.0;0.79;E;3.611111111111111;0.0;1011.68;0.0;Mostly Cloudy
1550419200;30.0;25.0;0.74;E;4.722222222222222;0.0;1010.68;0.0;Showers in the Vicinity
1550422800;30.0;25.0;0.74;E;5.277777777777778;0.0;1010.68;0.0;Partly Cloudy
1550426400;30.0;25.0;0.74;E;4.166666666666667;0.0;1009.68;0.0;Partly Cloudy
1550430000;29.0;24.0;0.74;E;2.5;0.0;1009.68;0.0;Mostly Cloudy
1550433600;28.0;25.0;0.84;E;3.611111111111111;0.0;1009.68;0.0;Mostly Cloudy
1550437200;28.0;25.0;0.84;E;3.0555555555555554;0.0;1009.68;0.0;Mostly Cloudy
1550440800;28.0;25.0;0.84;ESE;3.0555555555555554;0.0;1010.68;0.0;Partly Cloudy
1550444400;28.0;25.0;0.84;E;2.5;0.0;1011.68;0.0;Partly Cloudy
1550448000;28.0;25.0;0.84;ENE;1.9444444444444444;0.0;1011.68;0.0;Mostly Cloudy
1550451600;28.0;25.0;0.84;ESE;2.5;0.0;1012.68;0.0;Mostly Cloudy
1550455200;28.0;25.0;0.84;E;3.611111111111111;0.0;1012.68;0.0;Mostly Cloudy
1550458800;27.0;25.0;0.89;E;2.5;0.0;1011.68;0.0;Mostly Cloudy
1550462400;27.0;25.0;0.89;CALM;0.0;0.0;1011.68;0.0;Mostly Cloudy
1550466000;27.0;25.0;0.89;ESE;1.9444444444444444;0.0;1010.68;0.0;Mostly Cloudy
1550469600;27.0;25.0;0.89;ESE;2.5;0.0;1009.68;0.0;Partly Cloudy
1550473200;27.0;25.0;0.89;SE;2.5;0.0;1010.68;0.0;Mostly Cloudy
1550476800;27.0;25.0;0.89;ESE;3.611111111111111;0.0;1010.68;0.0;Partly Cloudy
1550480400;27.0;25.0;0.89;SE;3.611111111111111;0.0;1010.68;0.0;Partly Cloudy
1550484000;28.0;25.0;0.84;ESE;3.0555555555555554;0.0;1011.68;0.0;Mostly Cloudy
1550487600;29.0;25.0;0.79;ESE;4.166666666666667;0.0;1012.68;0.0;Mostly Cloudy
1550491200;29.0;25.0;0.79;SE;4.722222222222222;0.0;1012.68;0.0;Mostly Cloudy
1550494800;30.0;26.0;0.79;SE;5.277777777777778;0.0;1012.68;0.0;Mostly Cloudy
1550498400;30.0;26.0;0.79;ESE;5.277777777777778;0.0;1012.68;0.0;Mostly Cloudy
1550502000;30.0;25.0;0.74;ESE;5.555555555555555;0.0;1011.68;0.0;Mostly Cloudy
1550505600;31.0;26.0;0.75;ESE;4.166666666666667;0.0;1010.68;0.0;Mostly Cloudy
1550509200;30.0;25.0;0.74;E;4.166666666666667;0.0;1009.68;0.0;Partly Cloudy
1550512800;30.0;25.0;0.74;SE;5.277777777777778;0.0;1009.68;0.0;Partly Cloudy
1550516400;29.0;25.0;0.79;ESE;4.722222222222222;0.0;1009.68;0.0;Mostly Cloudy
1550520000;28.0;25.0;0.84;ESE;3.611111111111111;0.0;1009.68;0.0;Mostly Cloudy
1550523600;28.0;25.0;0.84;SE;4.166666666666667;0.0;1009.68;0.0;Partly Cloudy
1550527200;28.0;25.0;0.84;SE;4.166666666666667;0.0;1010.68;0.0;Partly Cloudy
1550530800;28.0;25.0;0.84;ESE;3.611111111111111;0.0;1011.68;0.0;Partly Cloudy
1550534400;28.0;25.0;0.84;SE;4.166666666666667;0.0;1012.68;0.0;Partly Cloudy
1550538000;28.0;25.0;0.84;ESE;3.0555555555555554;0.0;1012.68;0.0;Partly Cloudy
1550541600;28.0;25.0;0.84;SE;3.611111111111111;0.0;1012.68;0.0;Partly Cloudy
1550631600;27.0;23.0;0.79;SSE;3.0555555555555554;0.0;1010.68;0.0;Partly Cloudy
1550635200;26.0;23.0;0.83;VAR;1.6666666666666665;0.0;1010.68;0.0;Mostly Cloudy
1550638800;25.0;23.0;0.89;WNW;1.9444444444444444;0.0;1009.68;0.0;Mostly Cloudy
1550642400;25.0;23.0;0.89;CALM;0.0;0.0;1008.68;0.0;Fair
1550646000;24.0;23.0;0.94;WNW;1.1111111111111112;0.0;1009.68;0.0;Fair
1550649600;24.0;23.0;0.94;VAR;0.5555555555555556;0.0;1009.68;0.0;Partly Cloudy
1550653200;25.0;23.0;0.89;VAR;1.1111111111111112;0.0;1009.68;0.0;Partly Cloudy
1550656800;26.0;23.0;0.83;WSW;1.6666666666666665;0.0;1010.68;0.0;Partly Cloudy
1550660400;28.0;24.0;0.79;SSW;2.5;0.0;1010.68;0.0;Mostly Cloudy
1550664000;29.0;23.0;0.7;SE;3.611111111111111;0.0;1011.68;0.0;Partly Cloudy
1550667600;29.0;23.0;0.7;SE;4.166666666666667;0.0;1011.68;0.0;Partly Cloudy
1550671200;29.0;23.0;0.7;ESE;5.277777777777778;0.0;1010.68;0.0;Partly Cloudy
1550674800;30.0;23.0;0.66;E;3.611111111111111;0.0;1009.68;0.0;Partly Cloudy
1550678400;30.0;23.0;0.66;ESE;4.722222222222222;0.0;1009.68;0.0;Partly Cloudy
1550682000;29.0;23.0;0.7;SE;4.722222222222222;0.0;1008.68;0.0;Fair
1550685600;29.0;22.0;0.66;ESE;4.722222222222222;0.0;1007.68;0.0;Partly Cloudy
1550689200;29.0;22.0;0.66;SE;5.277777777777778;0.0;1007.68;0.0;Fair
1550692800;29.0;22.0;0.66;E;3.0555555555555554;0.0;1008.68;0.0;Mostly Cloudy
1550696400;28.0;23.0;0.74;SE;4.722222222222222;0.0;1008.68;0.0;Partly Cloudy
1550700000;29.0;22.0;0.66;ESE;3.0555555555555554;0.0;1009.68;0.0;Fair
1550703600;28.0;23.0;0.74;E;2.5;0.0;1009.68;0.0;Fair
1550707200;28.0;23.0;0.74;E;1.9444444444444444;0.0;1010.68;0.0;Fair
1550710800;27.0;23.0;0.79;E;3.0555555555555554;0.0;1010.68;0.0;Partly Cloudy
1550714400;27.0;22.0;0.74;E;3.0555555555555554;0.0;1010.68;0.0;Partly Cloudy
1550804400;28.0;23.0;0.74;ESE;3.0555555555555554;0.0;1011.68;0.0;Partly Cloudy
1550808000;27.0;23.0;0.79;SE;4.166666666666667;0.0;1010.68;0.0;Mostly Cloudy
1550811600;27.0;23.0;0.79;SE;2.5;0.0;1010.68;0.0;Partly Cloudy
1550815200;26.0;23.0;0.83;WSW;11.944444444444445;0.0;1010.68;0.0;Mostly Cloudy / Windy
1550818800;26.0;23.0;0.83;N;1.6666666666666665;0.0;1010.68;0.0;Partly Cloudy
1550822400;25.0;24.0;0.94;WSW;1.6666666666666665;0.0;1010.68;0.0;Showers in the Vicinity
1550826000;26.0;24.0;0.89;CALM;0.0;0.0;1011.68;0.0;Partly Cloudy
1550829600;27.0;24.0;0.84;CALM;0.0;0.0;1011.68;0.0;Partly Cloudy
1550833200;28.0;24.0;0.79;ENE;2.5;0.0;1012.68;0.0;Mostly Cloudy
1550836800;29.0;23.0;0.7;E;3.611111111111111;0.0;1012.68;0.0;Mostly Cloudy
1550840400;30.0;24.0;0.7;ESE;4.166666666666667;0.0;1012.68;0.0;Mostly Cloudy
1550844000;30.0;23.0;0.66;ESE;4.166666666666667;0.0;1011.68;0.0;Partly Cloudy
1550847600;30.0;24.0;0.7;E;4.166666666666667;0.0;1011.68;0.0;Partly Cloudy
1550851200;30.0;22.0;0.62;E;4.722222222222222;0.0;1010.68;0.0;Partly Cloudy
1550854800;30.0;23.0;0.66;E;4.166666666666667;0.0;1009.68;0.0;Partly Cloudy
1550858400;30.0;24.0;0.7;E;5.277777777777778;0.0;1009.68;0.0;Partly Cloudy
1550862000;30.0;24.0;0.7;E;4.722222222222222;0.0;1009.68;0.0;Mostly Cloudy
1550865600;29.0;23.0;0.7;E;4.166666666666667;0.0;1010.68;0.0;Mostly Cloudy
1550869200;29.0;24.0;0.74;E;3.611111111111111;0.0;1010.68;0.0;Mostly Cloudy
1550872800;28.0;23.0;0.74;E;2.5;0.0;1011.68;0.0;Fair
1550876400;28.0;24.0;0.79;E;2.5;0.0;1011.68;0.0;Partly Cloudy
1550880000;28.0;24.0;0.79;E;1.9444444444444444;0.0;1012.68;0.0;Partly Cloudy
1550883600;28.0;23.0;0.74;ESE;3.0555555555555554;0.0;1012.68;0.0;Fair
1550887200;28.0;24.0;0.79;E;2.5;0.0;1012.68;0.0;Fair
1550890800;28.0;24.0;0.79;E;1.9444444444444444;0.0;1011.68;0.0;Mostly Cloudy
1550894400;28.0;24.0;0.79;E;1.9444444444444444;0.0;1011.68;0.0;Mostly Cloudy
1550898000;28.0;24.0;0.79;SE;1.9444444444444444;0.0;1010.68;0.0;Mostly Cloudy
1550901600;26.0;24.0;0.89;SSW;1.6666666666666665;0.0;1009.68;0.0;Mostly Cloudy
1550905200;26.0;24.0;0.89;SSW;1.9444444444444444;0.0;1009.68;0.0;Mostly Cloudy
1550908800;28.0;24.0;0.79;ESE;2.5;0.0;1010.68;0.0;Mostly Cloudy
1550912400;28.0;24.0;0.79;ESE;2.5;0.0;1010.68;0.0;Mostly Cloudy
1550916000;29.0;24.0;0.74;ESE;2.5;0.0;1011.68;0.0;Mostly Cloudy
1550919600;29.0;24.0;0.74;ESE;3.611111111111111;0.0;1011.68;0.0;Mostly Cloudy
1550923200;29.0;24.0;0.74;SE;5.277777777777778;0.0;1011.68;0.0;Partly Cloudy
1550926800;29.0;24.0;0.74;ESE;4.722222222222222;0.0;1011.68;0.0;Partly Cloudy
1550930400;30.0;24.0;0.7;ESE;4.166666666666667;0.0;1011.68;0.0;Partly Cloudy
1550934000;30.0;24.0;0.7;SE;4.722222222222222;0.0;1010.68;0.0;Partly Cloudy
1550937600;29.0;23.0;0.7;E;5.277777777777778;0.0;1009.68;0.0;Partly Cloudy
1550941200;30.0;24.0;0.7;E;4.166666666666667;0.0;1008.68;0.0;Partly Cloudy
1550944800;30.0;23.0;0.66;E;4.166666666666667;0.0;1008.68;0.0;Partly Cloudy
1550948400;29.0;24.0;0.74;ESE;3.611111111111111;0.0;1008.68;0.0;Partly Cloudy
1550952000;29.0;23.0;0.7;ESE;4.166666666666667;0.0;1008.68;0.0;Partly Cloudy
1550955600;28.0;23.0;0.74;E;3.0555555555555554;0.0;1008.68;0.0;Partly Cloudy
1550959200;29.0;24.0;0.74;E;3.0555555555555554;0.0;1009.68;0.0;Mostly Cloudy
1550962800;28.0;23.0;0.74;E;4.166666666666667;0.0;1010.68;0.0;Partly Cloudy
1550966400;28.0;24.0;0.79;E;3.0555555555555554;0.0;1011.68;0.0;Partly Cloudy
1550970000;28.0;24.0;0.79;ENE;2.5;0.0;1011.68;0.0;Partly Cloudy
1550973600;28.0;23.0;0.74;ENE;2.5;0.0;1011.68;0.0;Partly Cloudy
1550977200;28.0;23.0;0.74;ENE;2.5;0.0;1010.68;0.0;Partly Cloudy
1550980800;28.0;24.0;0.79;ENE;2.5;0.0;1009.68;0.0;Partly Cloudy
1550984400;28.0;23.0;0.74;ENE;1.9444444444444444;0.0;1009.68;0.0;Partly Cloudy
1550988000;28.0;24.0;0.79;E;1.6666666666666665;0.0;1009.68;0.0;Fair
1550991600;28.0;24.0;0.79;E;1.9444444444444444;0.0;1008.68;0.0;Partly Cloudy
1550995200;26.0;24.0;0.89;NW;1.9444444444444444;0.0;1009.68;0.0;Partly Cloudy
1550998800;26.0;24.0;0.89;CALM;0.0;0.0;1009.68;0.0;Mostly Cloudy
1551002400;26.0;24.0;0.89;NNW;1.9444444444444444;0.0;1010.68;0.0;Mostly Cloudy
1551006000;27.0;24.0;0.84;WNW;1.6666666666666665;0.0;1010.68;0.0;Mostly Cloudy
1551009600;29.0;24.0;0.74;E;3.0555555555555554;0.0;1010.68;0.0;Partly Cloudy
1551013200;29.0;24.0;0.74;E;2.5;0.0;1011.68;0.0;Partly Cloudy
1551016800;29.0;24.0;0.74;ESE;3.0555555555555554;0.0;1011.68;0.0;Partly Cloudy
1551020400;30.0;24.0;0.7;E;3.611111111111111;0.0;1010.68;0.0;Partly Cloudy
1551024000;30.0;23.0;0.66;E;3.611111111111111;0.0;1009.68;0.0;Partly Cloudy
1551027600;30.0;23.0;0.66;E;3.0555555555555554;9.722222222222221;1008.68;0.0;Fair
1551031200;30.0;24.0;0.7;E;3.611111111111111;0.0;1007.68;0.0;Fair
1551034800;29.0;24.0;0.74;E;4.166666666666667;0.0;1007.68;0.0;Fair
1551038400;29.0;24.0;0.74;ENE;3.611111111111111;0.0;1007.68;0.0;Fair
1551042000;28.0;23.0;0.74;E;2.5;0.0;1007.68;0.0;Fair
1551045600;28.0;24.0;0.79;E;1.6666666666666665;0.0;1008.68;0.0;Partly Cloudy
1551049200;28.0;24.0;0.79;ENE;2.5;0.0;1009.68;0.0;Partly Cloudy
1551052800;28.0;24.0;0.79;NE;1.9444444444444444;0.0;1009.68;0.0;Fair
1551056400;28.0;24.0;0.79;ENE;1.9444444444444444;0.0;1009.68;0.0;Partly Cloudy
1551060000;28.0;24.0;0.79;ENE;1.9444444444444444;0.0;1009.68;0.0;Partly Cloudy
1551063600;28.0;24.0;0.79;NE;1.9444444444444444;0.0;1009.68;0.0;Partly Cloudy
1551067200;27.0;24.0;0.84;NE;1.9444444444444444;0.0;1008.68;0.0;Mostly Cloudy
1551070800;26.0;24.0;0.89;WNW;2.5;0.0;1008.68;0.0;Mostly Cloudy
1551074400;26.0;24.0;0.89;NW;1.1111111111111112;0.0;1007.68;0.0;Partly Cloudy
1551078000;25.0;23.0;0.89;NW;1.9444444444444444;0.0;1008.68;0.0;Mostly Cloudy
1551081600;25.0;23.0;0.89;NW;1.1111111111111112;0.0;1008.68;0.0;Partly Cloudy
1551085200;25.0;24.0;0.94;NW;0.5555555555555556;0.0;1009.68;0.0;Partly Cloudy
1551088800;27.0;24.0;0.84;CALM;0.0;0.0;1009.68;0.0;Fair
1551092400;29.0;24.0;0.74;CALM;0.0;0.0;1010.68;0.0;Partly Cloudy
1551096000;30.0;24.0;0.7;E;3.0555555555555554;0.0;1010.68;0.0;Partly Cloudy
1551099600;30.0;23.0;0.66;E;3.611111111111111;0.0;1011.68;0.0;Partly Cloudy
1551103200;30.0;24.0;0.7;ESE;4.166666666666667;0.0;1010.68;0.0;Mostly Cloudy
1551106800;31.0;24.0;0.66;E;3.611111111111111;0.0;1010.68;0.0;Partly Cloudy
1551110400;31.0;24.0;0.66;ESE;4.722222222222222;0.0;1009.68;0.0;Partly Cloudy
1551114000;31.0;24.0;0.66;ESE;4.166666666666667;0.0;1008.68;0.0;Partly Cloudy
1551117600;30.0;24.0;0.7;ESE;4.166666666666667;0.0;1008.68;0.0;Partly Cloudy
1551121200;29.0;24.0;0.74;E;4.166666666666667;0.0;1008.68;0.0;Partly Cloudy
1551124800;29.0;24.0;0.74;E;4.166666666666667;0.0;1008.68;0.0;Mostly Cloudy
1551128400;29.0;25.0;0.79;E;3.0555555555555554;0.0;1008.68;0.0;Mostly Cloudy
1551132000;29.0;24.0;0.74;ENE;3.0555555555555554;0.0;1009.68;0.0;Partly Cloudy
1551135600;29.0;24.0;0.74;NE;2.5;0.0;1010.68;0.0;Partly Cloudy
1551139200;28.0;24.0;0.79;ENE;2.5;0.0;1010.68;0.0;Partly Cloudy
1551142800;28.0;24.0;0.79;ENE;2.5;0.0;1010.68;0.0;Partly Cloudy
1551146400;28.0;24.0;0.79;ENE;1.9444444444444444;0.0;1010.68;0.0;Partly Cloudy
1551150000;28.0;24.0;0.79;NE;1.6666666666666665;0.0;1009.68;0.0;Mostly Cloudy
1551153600;28.0;24.0;0.79;NE;1.6666666666666665;0.0;1009.68;0.0;Partly Cloudy
1551157200;28.0;24.0;0.79;NE;1.6666666666666665;0.0;1008.68;0.0;Partly Cloudy
1551160800;26.0;24.0;0.89;NW;1.9444444444444444;0.0;1009.68;0.0;Partly Cloudy
1551164400;26.0;24.0;0.89;VAR;1.6666666666666665;0.0;1009.68;0.0;Partly Cloudy
1551168000;26.0;24.0;0.89;WNW;1.6666666666666665;0.0;1009.68;0.0;Partly Cloudy
1551171600;25.0;24.0;0.94;NW;1.9444444444444444;0.0;1010.68;0.0;Partly Cloudy
1551175200;26.0;24.0;0.89;NNW;4.722222222222222;0.0;1011.68;0.0;Partly Cloudy
1551178800;28.0;23.0;0.74;WSW;1.9444444444444444;0.0;1011.68;0.0;Partly Cloudy
1551182400;29.0;23.0;0.7;VAR;1.6666666666666665;0.0;1010.68;0.0;Fair
1551186000;31.0;23.0;0.62;ESE;3.0555555555555554;0.0;1010.68;0.0;Fair
1551189600;30.0;24.0;0.7;E;3.611111111111111;0.0;1010.68;0.0;Fair
1551193200;31.0;24.0;0.66;E;3.611111111111111;0.0;1009.68;0.0;Fair
1551196800;31.0;24.0;0.66;E;4.166666666666667;0.0;1009.68;0.0;Fair
1551200400;30.0;25.0;0.74;ESE;4.722222222222222;0.0;1008.68;0.0;Fair
1551204000;30.0;25.0;0.74;E;4.166666666666667;0.0;1008.68;0.0;Fair
1551207600;30.0;24.0;0.7;E;4.166666666666667;0.0;1008.68;0.0;Partly Cloudy
1551211200;29.0;25.0;0.79;E;3.611111111111111;0.0;1008.68;0.0;Mostly Cloudy
1551214800;29.0;24.0;0.74;E;3.611111111111111;0.0;1008.68;0.0;Mostly Cloudy
1551218400;29.0;24.0;0.74;E;3.611111111111111;8.61111111111111;1009.68;0.0;Partly Cloudy
1551222000;29.0;25.0;0.79;ENE;2.5;0.0;1010.68;0.0;Partly Cloudy
1551225600;28.0;25.0;0.84;ENE;2.5;0.0;1011.68;0.0;Showers in the Vicinity
1551229200;28.0;25.0;0.84;E;2.5;0.0;1011.68;0.0;Mostly Cloudy
1551232800;27.0;25.0;0.89;E;2.5;0.0;1011.68;0.0;Partly Cloudy
1551236400;27.0;24.0;0.84;ENE;2.5;0.0;1010.68;0.0;Mostly Cloudy
1551240000;28.0;24.0;0.79;ENE;2.5;0.0;1010.68;0.0;Partly Cloudy
1551243600;27.0;24.0;0.84;ENE;1.9444444444444444;0.0;1009.68;0.0;Mostly Cloudy
1551247200;27.0;24.0;0.84;E;1.9444444444444444;0.0;1009.68;0.0;Partly Cloudy
1551250800;27.0;24.0;0.84;E;1.9444444444444444;0.0;1009.68;0.0;Partly Cloudy
1551254400;27.0;24.0;0.84;E;2.5;0.0;1010.68;0.0;Partly Cloudy
1551258000;27.0;24.0;0.84;E;2.5;0.0;1010.68;0.0;Partly Cloudy
1551261600;28.0;24.0;0.79;ESE;3.0555555555555554;0.0;1010.68;0.0;Partly Cloudy
1551265200;29.0;24.0;0.74;ESE;4.166666666666667;0.0;1011.68;0.0;Mostly Cloudy
1551268800;29.0;24.0;0.74;ESE;3.611111111111111;0.0;1012.68;0.0;Partly Cloudy
1551272400;29.0;24.0;0.74;E;4.166666666666667;0.0;1012.68;0.0;Mostly Cloudy
1551276000;30.0;24.0;0.7;E;3.0555555555555554;0.0;1011.68;0.0;Partly Cloudy
1551279600;30.0;24.0;0.7;E;4.166666666666667;0.0;1011.68;0.0;Partly Cloudy
1551283200;30.0;24.0;0.7;ESE;4.166666666666667;0.0;1010.68;0.0;Partly Cloudy
1551286800;31.0;24.0;0.66;ESE;3.611111111111111;0.0;1009.68;0.0;Partly Cloudy
1551290400;30.0;24.0;0.7;E;4.166666666666667;0.0;1009.68;0.0;Partly Cloudy
1551294000;30.0;24.0;0.7;E;3.611111111111111;0.0;1009.68;0.0;Partly Cloudy
1551297600;29.0;24.0;0.74;ESE;3.611111111111111;0.0;1009.68;0.0;Partly Cloudy
1551301200;29.0;24.0;0.74;E;3.0555555555555554;0.0;1009.68;0.0;Mostly Cloudy
1551304800;28.0;23.0;0.74;E;3.0555555555555554;0.0;1010.68;0.0;Partly Cloudy
1551308400;29.0;24.0;0.74;ESE;2.5;0.0;1011.68;0.0;Mostly Cloudy
1551312000;28.0;23.0;0.74;E;2.5;0.0;1012.68;0.0;Partly Cloudy
1551315600;27.0;23.0;0.79;E;2.5;0.0;1012.68;0.0;Partly Cloudy
1551319200;27.0;23.0;0.79;ESE;2.5;0.0;1012.68;0.0;Partly Cloudy
1551322800;27.0;23.0;0.79;E;2.5;0.0;1011.68;0.0;Partly Cloudy
1551326400;27.0;23.0;0.79;ESE;3.0555555555555554;0.0;1010.68;0.0;Partly Cloudy
1551330000;27.0;23.0;0.79;E;2.5;0.0;1010.68;0.0;Partly Cloudy
1551333600;27.0;22.0;0.74;CALM;0.0;0.0;1010.68;0.0;Partly Cloudy
1551337200;27.0;23.0;0.79;E;1.9444444444444444;0.0;1010.68;0.0;Partly Cloudy
1551340800;27.0;23.0;0.79;CALM;0.0;0.0;1011.68;0.0;Partly Cloudy
1551344400;28.0;23.0;0.74;E;2.5;0.0;1011.68;0.0;Partly Cloudy
1551348000;28.0;23.0;0.74;E;2.5;0.0;1012.68;0.0;Mostly Cloudy
1551351600;29.0;24.0;0.74;ESE;2.5;0.0;1012.68;0.0;Partly Cloudy
1551355200;29.0;24.0;0.74;E;3.0555555555555554;0.0;1013.68;0.0;Partly Cloudy
1551358800;30.0;24.0;0.7;E;3.611111111111111;0.0;1012.68;0.0;Partly Cloudy
1551362400;29.0;24.0;0.74;ESE;4.166666666666667;0.0;1012.68;0.0;Mostly Cloudy
1551366000;29.0;24.0;0.74;ESE;4.166666666666667;0.0;1012.68;0.0;Mostly Cloudy
1551369600;29.0;23.0;0.7;SE;3.611111111111111;0.0;1011.68;0.0;Partly Cloudy
1551373200;30.0;24.0;0.7;ESE;3.0555555555555554;0.0;1011.68;0.0;Partly Cloudy
1551376800;30.0;23.0;0.66;ESE;3.0555555555555554;0.0;1010.68;0.0;Partly Cloudy
1551380400;29.0;24.0;0.74;SE;4.166666666666667;0.0;1010.68;0.0;Mostly Cloudy
1551384000;29.0;23.0;0.7;E;2.5;0.0;1010.68;0.0;Partly Cloudy
1551387600;29.0;23.0;0.7;E;3.0555555555555554;0.0;1010.68;0.0;Fair
1551391200;28.0;23.0;0.74;ESE;3.0555555555555554;0.0;1011.68;0.0;Fair
1551394800;28.0;24.0;0.79;E;3.0555555555555554;0.0;1011.68;0.0;Partly Cloudy
1551398400;28.0;24.0;0.79;E;3.0555555555555554;0.0;1012.68;0.0;Partly Cloudy
1551402000;28.0;24.0;0.79;E;2.5;0.0;1012.68;0.0;Fair
1551405600;28.0;23.0;0.74;E;1.9444444444444444;0.0;1012.68;0.0;Partly Cloudy
1551409200;28.0;23.0;0.74;E;3.0555555555555554;0.0;1012.68;0.0;Fair
1551412800;28.0;23.0;0.74;E;1.9444444444444444;0.0;1011.68;0.0;Fair
1551416400;28.0;23.0;0.74;ESE;2.5;0.0;1010.68;0.0;Fair
1551420000;27.0;24.0;0.84;VAR;1.1111111111111112;0.0;1010.68;0.0;Partly Cloudy
1551423600;28.0;23.0;0.74;ESE;2.5;0.0;1010.68;0.0;Partly Cloudy
1551427200;27.0;23.0;0.79;SE;1.6666666666666665;0.0;1010.68;0.0;Fair
1551430800;26.0;23.0;0.83;S;1.6666666666666665;0.0;1011.68;0.0;Mostly Cloudy
1551434400;27.0;24.0;0.84;SSW;1.9444444444444444;0.0;1012.68;0.0;Mostly Cloudy
1551438000;28.0;24.0;0.79;SSW;3.0555555555555554;0.0;1012.68;0.0;Mostly Cloudy
1551441600;29.0;24.0;0.74;ESE;5.277777777777778;0.0;1012.68;0.0;Mostly Cloudy
1551445200;28.0;25.0;0.84;SSE;3.611111111111111;0.0;1013.68;0.0;Mostly Cloudy
1551448800;29.0;24.0;0.74;ESE;4.722222222222222;0.0;1012.68;0.0;Mostly Cloudy
1551452400;29.0;24.0;0.74;ESE;4.722222222222222;0.0;1012.68;0.0;Mostly Cloudy
1551456000;29.0;23.0;0.7;ESE;5.555555555555555;0.0;1011.68;0.0;Mostly Cloudy
1551459600;30.0;24.0;0.7;ESE;3.0555555555555554;0.0;1010.68;0.0;Mostly Cloudy
1551463200;29.0;22.0;0.66;SE;5.277777777777778;0.0;1010.68;0.0;Partly Cloudy
1551466800;28.0;23.0;0.74;SE;4.166666666666667;0.0;1010.68;0.0;Mostly Cloudy
1551470400;26.0;22.0;0.78;SE;5.555555555555555;0.0;1010.68;0.0;Mostly Cloudy
1551474000;28.0;23.0;0.74;SE;3.611111111111111;0.0;1011.68;0.0;Mostly Cloudy
1551477600;28.0;24.0;0.79;ESE;3.0555555555555554;0.0;1011.68;0.0;Mostly Cloudy
1551481200;28.0;24.0;0.79;ESE;4.166666666666667;0.0;1012.68;0.0;Mostly Cloudy
1551484800;28.0;24.0;0.79;ESE;2.5;0.0;1012.68;0.0;Mostly Cloudy
1551488400;26.0;23.0;0.83;W;1.9444444444444444;0.0;1013.68;0.0;Mostly Cloudy
1551492000;26.0;23.0;0.83;WSW;1.6666666666666665;0.0;1012.68;0.0;Partly Cloudy
1551495600;25.0;23.0;0.89;WNW;1.6666666666666665;0.0;1012.68;0.0;Mostly Cloudy
1551499200;24.0;23.0;0.94;WSW;2.5;0.0;0.0;0.0;Mostly Cloudy
1551502800;24.0;23.0;0.94;W;1.6666666666666665;0.0;0.0;0.0;Mostly Cloudy
1551506400;24.0;23.0;0.94;VAR;1.6666666666666665;0.0;1010.68;0.0;Rain
1551510000;24.0;23.0;0.94;S;1.6666666666666665;0.0;1010.68;0.0;Mostly Cloudy
1551513600;24.0;23.0;0.94;SSW;1.6666666666666665;0.0;1010.68;0.0;Fair
1551517200;24.0;23.0;0.94;S;1.9444444444444444;0.0;1011.68;0.0;Partly Cloudy
1551520800;25.0;23.0;0.89;SSE;1.6666666666666665;0.0;1012.68;0.0;Light Rain
1551524400;26.0;24.0;0.89;NNW;0.5555555555555556;0.0;1013.68;0.0;Mostly Cloudy
1551528000;28.0;24.0;0.79;SSW;2.5;0.0;0.0;0.0;Showers in the Vicinity
1551531600;28.0;25.0;0.84;SSE;3.0555555555555554;0.0;1013.68;0.0;Partly Cloudy
1551535200;30.0;24.0;0.7;SE;5.277777777777778;0.0;1012.68;0.0;Partly Cloudy
1551538800;30.0;24.0;0.7;SE;5.277777777777778;0.0;1011.68;0.0;Mostly Cloudy
1551542400;29.0;25.0;0.79;ESE;4.166666666666667;0.0;1011.68;0.0;Mostly Cloudy
1551546000;30.0;24.0;0.7;SE;4.166666666666667;0.0;1010.68;0.0;Mostly Cloudy
1551549600;29.0;24.0;0.74;SE;5.555555555555555;0.0;1009.68;0.0;Mostly Cloudy
1551553200;29.0;24.0;0.74;SE;5.277777777777778;0.0;1010.68;0.0;Mostly Cloudy
1551556800;29.0;24.0;0.74;SE;4.722222222222222;0.0;1010.68;0.0;Mostly Cloudy
1551560400;28.0;23.0;0.74;SE;4.166666666666667;0.0;1010.68;0.0;Partly Cloudy
1551564000;28.0;23.0;0.74;SE;5.277777777777778;0.0;1010.68;0.0;Fair
1551567600;28.0;24.0;0.79;ESE;3.611111111111111;0.0;1011.68;0.0;Fair
1551571200;28.0;23.0;0.74;ESE;3.0555555555555554;0.0;1011.68;0.0;Partly Cloudy
1551574800;27.0;24.0;0.84;S;1.9444444444444444;0.0;1012.68;0.0;Partly Cloudy
1551575700;27.0;0.0;0.0;ENE;2.5;0.0;1012.68;0.0;Thunder
1551578400;26.0;23.0;0.83;ENE;1.6666666666666665;0.0;0.0;0.0;Mostly Cloudy
1551582000;27.0;23.0;0.79;E;1.9444444444444444;0.0;1011.68;0.0;Partly Cloudy
1551585600;26.0;23.0;0.83;E;3.0555555555555554;0.0;1010.68;0.0;Partly Cloudy
1551589200;26.0;23.0;0.83;NE;1.1111111111111112;0.0;1010.68;0.0;Partly Cloudy
1551592800;25.0;24.0;0.94;WNW;1.6666666666666665;0.0;1010.68;0.0;Mostly Cloudy
1551596400;25.0;23.0;0.89;W;1.6666666666666665;0.0;1010.68;0.0;Partly Cloudy
1551600000;24.0;23.0;0.94;NNW;1.1111111111111112;0.0;1010.68;0.0;Mostly Cloudy
1551603600;25.0;23.0;0.89;VAR;1.1111111111111112;0.0;1010.68;0.0;Mostly Cloudy
1551607200;25.0;23.0;0.89;W;1.9444444444444444;0.0;1011.68;0.0;Partly Cloudy
1551610800;26.0;24.0;0.89;WSW;1.6666666666666665;0.0;1012.68;0.0;Showers in the Vicinity
1551614400;27.0;24.0;0.84;WNW;1.6666666666666665;0.0;1012.68;0.0;Mostly Cloudy
1551618000;29.0;24.0;0.74;ENE;3.0555555555555554;0.0;1012.68;0.0;Mostly Cloudy
1551621600;29.0;23.0;0.7;ENE;3.611111111111111;0.0;0.0;0.0;Showers in the Vicinity
1551625200;27.0;24.0;0.84;ENE;3.611111111111111;0.0;1011.68;0.0;Mostly Cloudy
1551628800;27.0;24.0;0.84;ENE;4.166666666666667;0.0;1010.68;0.0;Mostly Cloudy
1551632400;26.0;23.0;0.83;NE;4.166666666666667;0.0;1010.68;0.0;Light Rain Shower
1551636000;25.0;22.0;0.83;NE;1.9444444444444444;0.0;1010.68;0.0;Light Rain Shower
1551639600;26.0;24.0;0.89;VAR;1.1111111111111112;0.0;0.0;0.0;Showers in the Vicinity
1551643200;26.0;24.0;0.89;NW;2.5;0.0;1010.68;0.0;Mostly Cloudy
1551646800;26.0;24.0;0.89;VAR;1.1111111111111112;0.0;1010.68;0.0;Showers in the Vicinity
1551650400;27.0;23.0;0.79;ENE;1.9444444444444444;0.0;1010.68;0.0;Partly Cloudy
1551654000;27.0;23.0;0.79;ENE;1.9444444444444444;0.0;1011.68;0.0;Partly Cloudy
1551657600;27.0;23.0;0.79;NE;1.9444444444444444;0.0;1011.68;0.0;Fair
1551661200;27.0;24.0;0.84;ENE;1.6666666666666665;0.0;1012.68;0.0;Partly Cloudy
1551664800;26.0;24.0;0.89;WNW;1.1111111111111112;0.0;1011.68;0.0;Showers in the Vicinity
1551754800;28.0;24.0;0.79;SE;3.611111111111111;0.0;1012.68;0.0;Mostly Cloudy
1551758400;28.0;24.0;0.79;SSE;4.722222222222222;0.0;1011.68;0.0;Mostly Cloudy
1551762000;28.0;24.0;0.79;SSE;4.722222222222222;0.0;1011.68;0.0;Mostly Cloudy
1551765600;25.0;23.0;0.89;S;2.5;0.0;1011.68;0.0;Light Rain with Thunder
1551769200;25.0;24.0;0.94;SSE;3.0555555555555554;0.0;1011.68;0.0;Light Rain with Thunder
1551772800;28.0;24.0;0.79;ESE;4.722222222222222;0.0;1011.68;0.0;Thunder
1551775200;28.0;24.0;0.79;ESE;5.277777777777778;0.0;1011.68;0.0;Partly Cloudy
1551776400;28.0;23.0;0.74;SE;5.555555555555555;0.0;1012.68;0.0;Partly Cloudy
1551780000;28.0;24.0;0.79;SE;4.722222222222222;0.0;1012.68;0.0;Partly Cloudy
1551783600;29.0;24.0;0.74;SE;6.666666666666666;0.0;1013.68;0.0;Partly Cloudy
1551787200;29.0;23.0;0.7;ESE;5.555555555555555;0.0;1013.68;0.0;Partly Cloudy
1551790800;30.0;23.0;0.66;SE;6.666666666666666;0.0;1013.68;0.0;Partly Cloudy
1551794400;30.0;23.0;0.66;ESE;6.111111111111111;0.0;1013.68;0.0;Mostly Cloudy
1551798000;30.0;24.0;0.7;SE;6.111111111111111;0.0;1012.68;0.0;Partly Cloudy
1551801600;30.0;24.0;0.7;SE;7.222222222222222;0.0;1011.68;0.0;Partly Cloudy
1551805200;30.0;24.0;0.7;SE;5.555555555555555;0.0;1010.68;0.0;Partly Cloudy
1551808800;29.0;24.0;0.74;SE;5.555555555555555;0.0;1010.68;0.0;Fair
1551812400;30.0;23.0;0.66;SE;5.277777777777778;0.0;1009.68;0.0;Partly Cloudy
1551816000;29.0;23.0;0.7;SE;4.722222222222222;0.0;1010.68;0.0;Partly Cloudy
1551819600;29.0;23.0;0.7;SE;4.722222222222222;0.0;1010.68;0.0;Partly Cloudy
1551823200;28.0;23.0;0.74;SE;3.611111111111111;0.0;1011.68;0.0;Fair
1551826800;28.0;23.0;0.74;SE;4.166666666666667;0.0;1011.68;0.0;Partly Cloudy
1551830400;28.0;22.0;0.7;SE;4.166666666666667;0.0;1012.68;0.0;Fair
1551834000;28.0;22.0;0.7;SE;3.611111111111111;0.0;1012.68;0.0;Fair
1551837600;28.0;23.0;0.74;SE;3.611111111111111;0.0;1012.68;0.0;Partly Cloudy
1551841200;27.0;23.0;0.79;SE;3.611111111111111;0.0;1012.68;0.0;Partly Cloudy
1551844800;27.0;23.0;0.79;SE;2.5;0.0;1011.68;0.0;Partly Cloudy
1551848400;27.0;23.0;0.79;ESE;3.0555555555555554;0.0;1011.68;0.0;Partly Cloudy
1551852000;27.0;23.0;0.79;SE;4.166666666666667;0.0;1010.68;0.0;Fair
1551855600;27.0;23.0;0.79;SE;3.0555555555555554;0.0;1010.68;0.0;Partly Cloudy
1551859200;24.0;23.0;0.94;SSW;1.9444444444444444;0.0;1011.68;0.0;Partly Cloudy
1551862800;24.0;23.0;0.94;WSW;1.6666666666666665;0.0;0.0;0.0;Showers in the Vicinity
1551866400;26.0;24.0;0.89;SSE;3.0555555555555554;0.0;1012.68;0.0;Partly Cloudy
1551870000;28.0;23.0;0.74;SE;4.722222222222222;0.0;1012.68;0.0;Partly Cloudy
1551873600;29.0;24.0;0.74;SE;6.111111111111111;0.0;1013.68;0.0;Partly Cloudy
1551877200;29.0;23.0;0.7;SSE;6.111111111111111;0.0;1013.68;0.0;Mostly Cloudy
1551880800;29.0;24.0;0.74;SSE;6.111111111111111;0.0;1013.68;0.0;Mostly Cloudy
1551884400;30.0;23.0;0.66;SSE;5.555555555555555;0.0;1012.68;0.0;Partly Cloudy
1551888000;30.0;24.0;0.7;SSE;6.111111111111111;0.0;1011.68;0.0;Partly Cloudy
1551891600;29.0;24.0;0.74;SSE;7.222222222222222;0.0;1011.68;0.0;Fair
1551895200;29.0;24.0;0.74;SSE;6.111111111111111;0.0;1011.68;0.0;Partly Cloudy
1551898800;29.0;24.0;0.74;SSE;6.666666666666666;0.0;1011.68;0.0;Partly Cloudy
1551902400;28.0;23.0;0.74;S;6.111111111111111;0.0;1011.68;0.0;Mostly Cloudy
1551906000;28.0;22.0;0.7;SSE;5.555555555555555;0.0;1011.68;0.0;Mostly Cloudy
1551909600;28.0;23.0;0.74;SSE;4.722222222222222;0.0;1012.68;0.0;Fair
1551913200;28.0;24.0;0.79;SE;4.722222222222222;0.0;1012.68;0.0;Partly Cloudy
1551916800;27.0;23.0;0.79;SSE;4.722222222222222;0.0;1013.68;0.0;Partly Cloudy
1551920400;28.0;23.0;0.74;SE;3.0555555555555554;0.0;1013.68;0.0;Mostly Cloudy
1551924000;27.0;23.0;0.79;ESE;2.5;0.0;1013.68;0.0;Mostly Cloudy
1552100400;28.0;24.0;0.79;SE;4.166666666666667;0.0;1011.68;0.0;Mostly Cloudy
1552104000;28.0;24.0;0.79;SE;4.166666666666667;0.0;1011.68;0.0;Mostly Cloudy
1552107600;28.0;23.0;0.74;SE;4.166666666666667;0.0;1010.68;0.0;Partly Cloudy
1552111200;28.0;23.0;0.74;ESE;4.722222222222222;0.0;1010.68;0.0;Partly Cloudy
1552114800;27.0;23.0;0.79;ESE;4.166666666666667;0.0;1010.68;0.0;Partly Cloudy
1552118400;27.0;23.0;0.79;SE;4.722222222222222;0.0;1010.68;0.0;Partly Cloudy
1552122000;27.0;23.0;0.79;SE;3.611111111111111;0.0;1010.68;0.0;Partly Cloudy
1552125600;28.0;23.0;0.74;SE;6.111111111111111;0.0;1010.68;0.0;Mostly Cloudy
1552129200;29.0;23.0;0.7;SE;4.722222222222222;0.0;1011.68;0.0;Mostly Cloudy
1552132800;29.0;24.0;0.74;SE;5.277777777777778;0.0;1011.68;0.0;Mostly Cloudy
1552136400;30.0;23.0;0.66;ESE;5.555555555555555;0.0;1012.68;0.0;Partly Cloudy
1552140000;30.0;23.0;0.66;ESE;5.277777777777778;0.0;1012.68;0.0;Partly Cloudy
1552143600;30.0;23.0;0.66;ESE;5.277777777777778;0.0;1011.68;0.0;Mostly Cloudy
1552147200;30.0;24.0;0.7;SE;5.555555555555555;0.0;1010.68;0.0;Partly Cloudy
1552150800;30.0;23.0;0.66;SSE;5.555555555555555;0.0;1010.68;0.0;Partly Cloudy
1552154400;30.0;22.0;0.62;SE;5.277777777777778;0.0;1010.68;0.0;Fair
1552158000;29.0;23.0;0.7;ESE;4.722222222222222;0.0;1009.68;0.0;Fair
1552161600;29.0;23.0;0.7;SE;5.277777777777778;0.0;1010.68;0.0;Fair
1552165200;28.0;22.0;0.7;SE;4.166666666666667;0.0;1010.68;0.0;Fair
1552168800;28.0;22.0;0.7;ESE;3.0555555555555554;0.0;1010.68;0.0;Fair
1552172400;28.0;23.0;0.74;E;3.611111111111111;0.0;1011.68;0.0;Fair
1552176000;28.0;22.0;0.7;E;4.166666666666667;0.0;1011.68;0.0;Fair
1552179600;28.0;22.0;0.7;E;3.611111111111111;0.0;1011.68;0.0;Fair
1552183200;28.0;22.0;0.7;E;3.0555555555555554;0.0;1011.68;0.0;Fair
1552186800;28.0;22.0;0.7;ESE;3.0555555555555554;0.0;1010.68;0.0;Fair
1552190400;27.0;22.0;0.74;ESE;2.5;0.0;1010.68;0.0;Fair
1552194000;27.0;22.0;0.74;SE;3.611111111111111;0.0;1009.68;0.0;Fair
1552197600;25.0;22.0;0.83;SW;2.5;0.0;1009.68;0.0;Fair
1552201200;24.0;22.0;0.89;S;1.6666666666666665;0.0;1009.68;0.0;Partly Cloudy
1552204800;24.0;22.0;0.89;SSW;1.1111111111111112;0.0;1009.68;0.0;Partly Cloudy
1552208400;24.0;22.0;0.89;CALM;0.0;0.0;1010.68;0.0;Partly Cloudy
1552212000;25.0;22.0;0.83;CALM;0.0;0.0;1011.68;0.0;Partly Cloudy
1552215600;28.0;23.0;0.74;SSE;1.9444444444444444;0.0;1011.68;0.0;Partly Cloudy
1552219200;29.0;22.0;0.66;SE;3.0555555555555554;0.0;1012.68;0.0;Partly Cloudy
1552222800;30.0;22.0;0.62;ESE;3.0555555555555554;0.0;1012.68;0.0;Partly Cloudy
1552226400;30.0;23.0;0.66;SE;4.166666666666667;0.0;1011.68;0.0;Partly Cloudy
1552230000;29.0;22.0;0.66;SE;5.277777777777778;0.0;1011.68;0.0;Partly Cloudy
1552233600;30.0;22.0;0.62;ESE;4.722222222222222;0.0;1010.68;0.0;Partly Cloudy
1552237200;29.0;22.0;0.66;SE;4.722222222222222;0.0;1009.68;0.0;Partly Cloudy
1552240800;29.0;22.0;0.66;SE;4.166666666666667;0.0;1009.68;0.0;Partly Cloudy
1552244400;29.0;22.0;0.66;SE;4.166666666666667;0.0;1009.68;0.0;Partly Cloudy
1552248000;28.0;21.0;0.66;SE;3.0555555555555554;0.0;1009.68;0.0;Partly Cloudy
1552251600;28.0;22.0;0.7;SE;3.611111111111111;0.0;1009.68;0.0;Fair
1552255200;28.0;22.0;0.7;SE;2.5;0.0;1010.68;0.0;Fair
1552258800;27.0;22.0;0.74;SE;2.5;0.0;1011.68;0.0;Fair
1552262400;27.0;22.0;0.74;SE;3.611111111111111;0.0;1011.68;0.0;Fair
1552266000;27.0;22.0;0.74;ESE;3.611111111111111;0.0;1011.68;0.0;Partly Cloudy
1552269600;28.0;22.0;0.7;SE;2.5;0.0;1011.68;0.0;Partly Cloudy
1552273200;27.0;22.0;0.74;ESE;3.611111111111111;0.0;1010.68;0.0;Partly Cloudy
1552276800;27.0;22.0;0.74;ESE;2.5;0.0;1010.68;0.0;Partly Cloudy
1552280400;27.0;22.0;0.74;SE;2.5;0.0;1009.68;0.0;Partly Cloudy
1552284000;27.0;22.0;0.74;ESE;2.5;0.0;1008.68;0.0;Partly Cloudy
1552287600;27.0;22.0;0.74;ESE;1.9444444444444444;0.0;1009.68;0.0;Partly Cloudy
1552291200;26.0;22.0;0.78;VAR;1.1111111111111112;0.0;1009.68;0.0;Mostly Cloudy
1552294800;25.0;22.0;0.83;WNW;1.1111111111111112;0.0;1010.68;0.0;Partly Cloudy
1552298400;27.0;23.0;0.79;SW;1.6666666666666665;0.0;1010.68;0.0;Partly Cloudy
1552302000;29.0;23.0;0.7;ESE;3.0555555555555554;0.0;1011.68;0.0;Partly Cloudy
1552305600;29.0;23.0;0.7;ESE;3.611111111111111;0.0;1011.68;0.0;Mostly Cloudy
1552309200;29.0;23.0;0.7;VAR;4.166666666666667;0.0;1011.68;0.0;Mostly Cloudy
1552312800;30.0;23.0;0.66;SE;4.166666666666667;0.0;1011.68;0.0;Partly Cloudy
1552316400;30.0;23.0;0.66;SE;4.722222222222222;0.0;1010.68;0.0;Partly Cloudy
1552320000;30.0;24.0;0.7;SE;4.166666666666667;0.0;1009.68;0.0;Partly Cloudy
1552323600;30.0;24.0;0.7;SE;4.722222222222222;0.0;1009.68;0.0;Partly Cloudy
1552327200;30.0;24.0;0.7;SSE;4.722222222222222;0.0;1009.68;0.0;Partly Cloudy
1552330800;29.0;24.0;0.74;SSE;5.277777777777778;0.0;1009.68;0.0;Partly Cloudy
1552334400;29.0;24.0;0.74;SSE;4.722222222222222;0.0;1009.68;0.0;Partly Cloudy
1552338000;28.0;24.0;0.79;SE;4.166666666666667;0.0;1009.68;0.0;Partly Cloudy
1552341600;28.0;23.0;0.74;ESE;4.166666666666667;0.0;1010.68;0.0;Partly Cloudy
1552345200;28.0;24.0;0.79;ESE;3.0555555555555554;0.0;1010.68;0.0;Fair
1552348800;28.0;24.0;0.79;SE;4.166666666666667;0.0;1011.68;0.0;Partly Cloudy
1552352400;28.0;25.0;0.84;ESE;2.5;0.0;1011.68;0.0;Mostly Cloudy
1552356000;28.0;24.0;0.79;E;3.611111111111111;0.0;1011.68;0.0;Partly Cloudy
1552359600;28.0;24.0;0.79;E;3.611111111111111;0.0;1010.68;0.0;Mostly Cloudy
1552363200;28.0;24.0;0.79;E;3.0555555555555554;0.0;1009.68;0.0;Partly Cloudy
1552366800;28.0;24.0;0.79;ESE;3.0555555555555554;0.0;1009.68;0.0;Mostly Cloudy
1552370400;28.0;24.0;0.79;ESE;3.611111111111111;0.0;1008.68;0.0;Partly Cloudy
1552374000;28.0;24.0;0.79;ESE;3.0555555555555554;0.0;1008.68;0.0;Mostly Cloudy
1552377600;28.0;24.0;0.79;SE;4.166666666666667;12.777777777777777;1009.68;0.0;Light Rain
1552381200;27.0;24.0;0.84;SE;5.277777777777778;0.0;1009.68;0.0;Partly Cloudy
1552384800;28.0;25.0;0.84;SE;4.722222222222222;0.0;1009.68;0.0;Light Rain Shower
1552388400;29.0;25.0;0.79;ESE;5.277777777777778;0.0;1010.68;0.0;Partly Cloudy
1552392000;28.0;25.0;0.84;SE;4.166666666666667;0.0;0.0;0.0;Showers in the Vicinity
1552395600;30.0;25.0;0.74;ESE;4.166666666666667;0.0;1011.68;0.0;Partly Cloudy
1552399200;28.0;25.0;0.84;SE;4.722222222222222;0.0;1011.68;0.0;Rain
1552402800;26.0;25.0;0.94;VAR;3.611111111111111;0.0;1010.68;0.0;Light Rain
1552406400;27.0;25.0;0.89;SE;3.611111111111111;0.0;1010.68;0.0;Showers in the Vicinity
1552410000;29.0;24.0;0.74;SE;4.166666666666667;0.0;1010.68;0.0;Showers in the Vicinity
1552413600;29.0;24.0;0.74;SE;6.111111111111111;0.0;1009.68;0.0;Mostly Cloudy
1552417200;29.0;24.0;0.74;SE;5.555555555555555;0.0;1009.68;0.0;Showers in the Vicinity
1552420800;29.0;24.0;0.74;SE;4.166666666666667;0.0;1009.68;0.0;Showers in the Vicinity
1552424400;28.0;24.0;0.79;ESE;4.722222222222222;0.0;1010.68;0.0;Mostly Cloudy
1552428000;28.0;24.0;0.79;ESE;4.166666666666667;0.0;1010.68;0.0;Mostly Cloudy
1552431600;28.0;24.0;0.79;SE;3.611111111111111;0.0;1011.68;0.0;Mostly Cloudy
1552435200;28.0;24.0;0.79;SE;4.722222222222222;0.0;1011.68;0.0;Mostly Cloudy
1552438800;28.0;24.0;0.79;SE;4.166666666666667;0.0;1011.68;0.0;Mostly Cloudy
1552442400;28.0;24.0;0.79;SE;4.166666666666667;0.0;1011.68;0.0;Mostly Cloudy
1552532400;28.0;25.0;0.84;SE;4.166666666666667;0.0;1009.68;0.0;Mostly Cloudy
1552536000;27.0;25.0;0.89;ESE;4.166666666666667;0.0;1009.68;0.0;Showers in the Vicinity
1552539600;26.0;24.0;0.89;SE;3.611111111111111;0.0;1008.68;0.0;Light Rain
1552543200;27.0;25.0;0.89;SE;3.0555555555555554;0.0;1008.68;0.0;Mostly Cloudy
1552544400;27.0;25.0;0.89;ESE;3.0555555555555554;0.0;1008.68;0.0;Light Rain with Thunder
1552546800;28.0;25.0;0.84;ESE;2.5;0.0;1008.68;0.0;Thunder
1552550400;27.0;25.0;0.89;ESE;1.6666666666666665;0.0;1009.68;0.0;Thunder
1552554000;28.0;25.0;0.84;VAR;1.1111111111111112;0.0;1009.68;0.0;Mostly Cloudy
1552557600;28.0;25.0;0.84;SE;1.9444444444444444;0.0;1010.68;0.0;Mostly Cloudy
1552561200;29.0;24.0;0.74;SE;3.0555555555555554;0.0;1010.68;0.0;Partly Cloudy
1552564800;29.0;25.0;0.79;ESE;3.0555555555555554;0.0;1010.68;0.0;Mostly Cloudy
1552568400;29.0;25.0;0.79;SSE;5.277777777777778;0.0;1010.68;0.0;Mostly Cloudy
1552572000;30.0;25.0;0.74;SE;4.722222222222222;0.0;1010.68;0.0;Mostly Cloudy
1552575600;30.0;25.0;0.74;SSE;5.277777777777778;0.0;1009.68;0.0;Partly Cloudy
1552579200;30.0;25.0;0.74;SE;5.277777777777778;0.0;1009.68;0.0;Partly Cloudy
1552582800;31.0;25.0;0.7;SE;4.166666666666667;0.0;1008.68;0.0;Showers in the Vicinity
1552586400;29.0;25.0;0.79;SSE;5.277777777777778;0.0;1008.68;0.0;Partly Cloudy
1552590000;29.0;25.0;0.79;SE;4.722222222222222;0.0;1008.68;0.0;Partly Cloudy
1552593600;29.0;25.0;0.79;SE;5.277777777777778;0.0;1009.68;0.0;Partly Cloudy
1552597200;29.0;24.0;0.74;SE;5.555555555555555;0.0;1009.68;0.0;Partly Cloudy
1552600800;28.0;25.0;0.84;ESE;4.166666666666667;0.0;1009.68;0.0;Mostly Cloudy
1552604400;28.0;25.0;0.84;ESE;5.277777777777778;0.0;1010.68;0.0;Mostly Cloudy
1552608000;28.0;25.0;0.84;SE;4.722222222222222;0.0;1011.68;0.0;Mostly Cloudy
1552611600;27.0;24.0;0.84;SE;5.277777777777778;0.0;1010.68;0.0;Showers in the Vicinity
1552615200;27.0;24.0;0.84;SE;3.611111111111111;0.0;1010.68;0.0;Partly Cloudy
1552705200;28.0;23.0;0.74;SE;3.0555555555555554;0.0;1010.68;0.0;Partly Cloudy
1552708800;27.0;22.0;0.74;SE;3.611111111111111;0.0;1009.68;0.0;Partly Cloudy
1552712400;27.0;23.0;0.79;SE;3.0555555555555554;0.0;1008.68;0.0;Partly Cloudy
1552716000;27.0;23.0;0.79;SE;2.5;0.0;1008.68;0.0;Partly Cloudy
1552719600;26.0;23.0;0.83;SW;1.9444444444444444;0.0;1008.68;0.0;Partly Cloudy
1552723200;25.0;23.0;0.89;SSW;1.9444444444444444;0.0;1008.68;0.0;Mostly Cloudy
1552726800;25.0;23.0;0.89;SW;1.6666666666666665;0.0;1009.68;0.0;Partly Cloudy
1552730400;26.0;23.0;0.83;SW;1.9444444444444444;0.0;1009.68;0.0;Mostly Cloudy
1552734000;29.0;23.0;0.7;ESE;4.722222222222222;0.0;1010.68;0.0;Mostly Cloudy
1552737600;29.0;22.0;0.66;SE;4.166666666666667;0.0;1010.68;0.0;Partly Cloudy
1552741200;30.0;23.0;0.66;ESE;4.722222222222222;0.0;1010.68;0.0;Partly Cloudy
1552744800;31.0;23.0;0.62;ESE;4.722222222222222;0.0;1010.68;0.0;Partly Cloudy
1552748400;30.0;23.0;0.66;SE;5.277777777777778;0.0;1010.68;0.0;Partly Cloudy
1552752000;30.0;23.0;0.66;ESE;4.722222222222222;0.0;1009.68;0.0;Partly Cloudy
1552755600;30.0;23.0;0.66;VAR;4.166666666666667;0.0;1009.68;0.0;Partly Cloudy
1552759200;29.0;23.0;0.7;ESE;4.166666666666667;0.0;1009.68;0.0;Partly Cloudy
1552762800;29.0;23.0;0.7;SE;3.611111111111111;0.0;1008.68;0.0;Fair
1552766400;28.0;22.0;0.7;ESE;3.611111111111111;0.0;1009.68;0.0;Fair
1552770000;29.0;22.0;0.66;SE;2.5;0.0;1009.68;0.0;Fair
1552773600;28.0;23.0;0.74;ESE;3.0555555555555554;0.0;1010.68;0.0;Fair
1552777200;28.0;22.0;0.7;SE;2.5;0.0;1010.68;0.0;Fair
1552780800;28.0;23.0;0.74;SE;3.611111111111111;0.0;1010.68;0.0;Fair
1552784400;28.0;23.0;0.74;SE;3.0555555555555554;0.0;1011.68;0.0;Fair
1552788000;27.0;23.0;0.79;SE;2.5;0.0;1010.68;0.0;Fair
1552791600;27.0;23.0;0.79;SE;2.5;0.0;1010.68;0.0;Fair
1552795200;27.0;23.0;0.79;ESE;1.9444444444444444;0.0;1009.68;0.0;Partly Cloudy
1552798800;26.0;23.0;0.83;VAR;0.5555555555555556;0.0;1009.68;0.0;Partly Cloudy
1552802400;25.0;23.0;0.89;WSW;1.9444444444444444;0.0;1009.68;0.0;Fair
1552806000;25.0;23.0;0.89;VAR;1.1111111111111112;0.0;1009.68;0.0;Fair
1552809600;24.0;22.0;0.89;VAR;1.1111111111111112;0.0;1009.68;0.0;Partly Cloudy
1552813200;24.0;22.0;0.89;NNW;1.6666666666666665;0.0;1010.68;0.0;Fair
1552816800;26.0;23.0;0.83;VAR;1.1111111111111112;0.0;1011.68;0.0;Fair
1552820400;28.0;24.0;0.79;VAR;1.1111111111111112;0.0;1011.68;0.0;Fair
1552824000;29.0;23.0;0.7;SE;3.611111111111111;0.0;1011.68;0.0;Partly Cloudy
1552827600;30.0;22.0;0.62;SSE;3.611111111111111;0.0;1011.68;0.0;Partly Cloudy
1552831200;31.0;22.0;0.58;ESE;4.166666666666667;0.0;1011.68;0.0;Partly Cloudy
1552834800;29.0;23.0;0.7;SE;5.277777777777778;0.0;1010.68;0.0;Partly Cloudy
1552838400;29.0;24.0;0.74;ESE;5.277777777777778;0.0;1009.68;0.0;Partly Cloudy
1552842000;30.0;24.0;0.7;SE;5.277777777777778;0.0;1008.68;0.0;Partly Cloudy
1552845600;29.0;24.0;0.74;ESE;5.277777777777778;0.0;1008.68;0.0;Partly Cloudy
1552849200;29.0;24.0;0.74;ESE;4.722222222222222;0.0;1008.68;0.0;Partly Cloudy
1552852800;29.0;24.0;0.74;SE;5.277777777777778;0.0;1008.68;0.0;Fair
1552856400;28.0;23.0;0.74;ESE;3.0555555555555554;0.0;1008.68;0.0;Fair
1552860000;29.0;24.0;0.74;ESE;2.5;0.0;1009.68;0.0;Partly Cloudy
1552863600;28.0;24.0;0.79;SE;3.611111111111111;0.0;1010.68;0.0;Fair
1552867200;28.0;24.0;0.79;ESE;4.166666666666667;0.0;1010.68;0.0;Fair
1552870800;28.0;24.0;0.79;ESE;3.0555555555555554;0.0;1011.68;0.0;Mostly Cloudy
1552874400;28.0;25.0;0.84;ESE;3.0555555555555554;0.0;1010.68;0.0;Showers in the Vicinity
1553137200;26.0;24.0;0.89;NNW;3.0555555555555554;0.0;1007.68;0.0;Fair
1553140800;26.0;24.0;0.89;N;3.0555555555555554;0.0;1007.68;0.0;Fair
1553144400;26.0;24.0;0.89;N;2.5;0.0;1006.69;0.0;Fair
1553148000;25.0;24.0;0.94;NW;1.9444444444444444;0.0;1007.68;0.0;Fair
1553151600;25.0;24.0;0.94;NNW;2.5;0.0;1007.68;0.0;Fair
1553155200;25.0;24.0;0.94;NNW;3.0555555555555554;0.0;1007.68;0.0;Fair
1553158800;26.0;24.0;0.89;NNW;3.0555555555555554;0.0;1007.68;0.0;Fair
1553162400;27.0;24.0;0.84;NNW;4.722222222222222;0.0;1008.68;0.0;Fair
1553166000;29.0;24.0;0.74;NNW;5.555555555555555;0.0;1009.68;0.0;Partly Cloudy
1553169600;30.0;23.0;0.66;NNW;5.277777777777778;0.0;1009.68;0.0;Mostly Cloudy
1553173200;31.0;23.0;0.62;NNW;4.722222222222222;0.0;1009.68;0.0;Mostly Cloudy
1553176800;32.0;23.0;0.59;N;4.722222222222222;0.0;1009.68;0.0;Mostly Cloudy
1553180400;31.0;24.0;0.66;ENE;4.722222222222222;0.0;1008.68;0.0;Mostly Cloudy
1553184000;31.0;24.0;0.66;ENE;5.555555555555555;0.0;1007.68;0.0;Mostly Cloudy
1553187600;32.0;24.0;0.62;ENE;6.111111111111111;0.0;1006.69;0.0;Mostly Cloudy
1553191200;31.0;25.0;0.7;NE;5.555555555555555;0.0;1006.69;0.0;Fair
1553194800;31.0;25.0;0.7;NE;5.555555555555555;0.0;1006.69;0.0;Fair
1553198400;30.0;25.0;0.74;NE;4.166666666666667;0.0;1006.69;0.0;Fair
1553202000;29.0;24.0;0.74;NE;4.722222222222222;0.0;1007.68;0.0;Fair
1553205600;29.0;25.0;0.79;NNE;4.166666666666667;0.0;1008.68;0.0;Fair
1553209200;29.0;24.0;0.74;NNE;3.611111111111111;0.0;1009.68;0.0;Fair
1553212800;29.0;25.0;0.79;N;3.611111111111111;0.0;1009.68;0.0;Partly Cloudy
1553216400;27.0;25.0;0.89;NW;2.5;0.0;1010.68;0.0;Fair
1553220000;27.0;25.0;0.89;NW;2.5;0.0;1009.68;0.0;Fair
1553223600;26.0;24.0;0.89;NW;1.9444444444444444;0.0;1009.68;0.0;Fair
1553227200;26.0;24.0;0.89;NW;1.9444444444444444;0.0;1008.68;0.0;Fair
1553230800;26.0;24.0;0.89;NW;3.0555555555555554;0.0;1008.68;0.0;Fair
1553234400;26.0;24.0;0.89;NW;2.5;0.0;1007.68;0.0;Fair
1553238000;26.0;24.0;0.89;NW;1.9444444444444444;7.222222222222222;1008.68;0.0;Fair
1553241600;26.0;24.0;0.89;NNW;1.6666666666666665;0.0;1008.68;0.0;Fair
1553245200;26.0;24.0;0.89;NW;1.9444444444444444;0.0;1009.68;0.0;Fair
1553248800;27.0;24.0;0.84;NW;2.5;0.0;1009.68;0.0;Fair
1553252400;29.0;24.0;0.74;NNW;4.166666666666667;0.0;1010.68;0.0;Fair
1553256000;30.0;23.0;0.66;NNW;1.9444444444444444;0.0;1010.68;0.0;Partly Cloudy
1553259600;31.0;23.0;0.62;N;1.6666666666666665;0.0;1010.68;0.0;Partly Cloudy
1553263200;32.0;23.0;0.59;ENE;4.166666666666667;0.0;1010.68;0.0;Partly Cloudy
1553266800;32.0;25.0;0.66;ENE;4.722222222222222;0.0;1009.68;0.0;Partly Cloudy
1553270400;32.0;23.0;0.59;ENE;6.111111111111111;0.0;1008.68;0.0;Fair
1553274000;31.0;24.0;0.66;NE;4.722222222222222;0.0;1008.68;0.0;Fair
1553277600;31.0;25.0;0.7;NE;5.277777777777778;0.0;1007.68;0.0;Fair
1553281200;30.0;25.0;0.74;ENE;4.722222222222222;0.0;1007.68;0.0;Fair
1553284800;29.0;25.0;0.79;ENE;3.611111111111111;0.0;1007.68;0.0;Fair
1553288400;29.0;25.0;0.79;NE;3.611111111111111;0.0;1008.68;0.0;Fair
1553292000;29.0;25.0;0.79;ENE;3.0555555555555554;0.0;1009.68;0.0;Partly Cloudy
1553295600;29.0;25.0;0.79;NE;3.0555555555555554;0.0;0.0;0.0;Thunder in the Vicinity
1553299200;29.0;25.0;0.79;NE;3.0555555555555554;0.0;0.0;0.0;Thunder in the Vicinity
1553302800;28.0;24.0;0.79;ENE;2.5;0.0;1011.68;0.0;Partly Cloudy
1553306400;28.0;25.0;0.84;NE;1.9444444444444444;0.0;1011.68;0.0;Partly Cloudy
1553569200;28.0;23.0;0.74;SE;1.9444444444444444;0.0;1010.68;0.0;Fair
1553572800;28.0;24.0;0.79;ESE;2.5;0.0;1009.68;0.0;Fair
1553576400;27.0;23.0;0.79;WSW;1.6666666666666665;0.0;1008.68;0.0;Partly Cloudy
1553580000;25.0;24.0;0.94;S;1.9444444444444444;0.0;1008.68;0.0;Showers in the Vicinity
1553583600;25.0;24.0;0.94;S;1.6666666666666665;0.0;1008.68;0.0;Showers in the Vicinity
1553587200;25.0;24.0;0.94;WSW;1.6666666666666665;0.0;1008.68;0.0;Mostly Cloudy
1553590800;25.0;24.0;0.94;VAR;1.1111111111111112;0.0;1009.68;0.0;Partly Cloudy
1553594400;26.0;24.0;0.89;SSW;1.6666666666666665;0.0;1009.68;0.0;Partly Cloudy
1553598000;27.0;25.0;0.89;S;1.9444444444444444;0.0;1010.68;0.0;Light Rain
1553601600;28.0;26.0;0.89;VAR;1.1111111111111112;0.0;0.0;0.0;Showers in the Vicinity
1553605200;28.0;24.0;0.79;E;1.9444444444444444;0.0;1010.68;0.0;Mostly Cloudy
1553608800;30.0;25.0;0.74;ESE;4.166666666666667;0.0;1009.68;0.0;Partly Cloudy
1553612400;30.0;24.0;0.7;ESE;5.277777777777778;0.0;1009.68;0.0;Mostly Cloudy
1553616000;30.0;25.0;0.74;SE;5.555555555555555;0.0;1008.68;0.0;Showers in the Vicinity
1553619000;26.0;24.0;0.89;ENE;6.666666666666666;13.88888888888889;1008.68;0.0;Light Rain
1553619600;25.0;24.0;0.94;ENE;6.111111111111111;13.88888888888889;1008.68;0.0;Light Rain
1553623200;26.0;24.0;0.89;E;4.722222222222222;9.722222222222221;0.0;0.0;Showers in the Vicinity
1553626800;27.0;23.0;0.79;ENE;3.611111111111111;0.0;1008.68;0.0;Mostly Cloudy
1553630400;27.0;23.0;0.79;N;1.6666666666666665;0.0;1009.68;0.0;Mostly Cloudy
1553634000;27.0;24.0;0.84;N;1.6666666666666665;0.0;1009.68;0.0;Mostly Cloudy
1553637600;26.0;24.0;0.89;W;1.6666666666666665;0.0;1009.68;0.0;Mostly Cloudy
1553641200;26.0;24.0;0.89;S;1.9444444444444444;0.0;1010.68;0.0;Mostly Cloudy
1553644800;27.0;23.0;0.79;ENE;1.6666666666666665;0.0;1011.68;0.0;Fair
1553648400;28.0;24.0;0.79;E;1.9444444444444444;0.0;1011.68;0.0;Partly Cloudy
1553652000;26.0;24.0;0.89;W;1.6666666666666665;0.0;1011.68;0.0;Mostly Cloudy
1553742000;25.0;24.0;0.94;W;2.5;0.0;0.0;0.0;Thunder in the Vicinity
1553745600;24.0;0.0;0.0;NW;2.5;0.0;1011.68;0.0;Thunder
1553749200;24.0;23.0;0.94;WSW;1.6666666666666665;0.0;1011.68;0.0;Thunder
1553752800;25.0;24.0;0.94;VAR;1.1111111111111112;0.0;1010.68;0.0;Light Rain
1553756400;24.0;24.0;1.0;VAR;1.1111111111111112;0.0;1010.68;0.0;Showers in the Vicinity
1553760000;24.0;23.0;0.94;SSW;1.6666666666666665;0.0;0.0;0.0;Showers in the Vicinity
1553763600;24.0;24.0;1.0;S;1.6666666666666665;0.0;1011.68;0.0;Mostly Cloudy
1553767200;26.0;24.0;0.89;SSW;1.9444444444444444;0.0;1011.68;0.0;Partly Cloudy
1553770800;27.0;25.0;0.89;SSW;2.5;0.0;1012.68;0.0;Showers in the Vicinity
1553774400;28.0;24.0;0.79;SSE;4.722222222222222;0.0;1012.68;0.0;Mostly Cloudy
1553778000;29.0;24.0;0.74;SE;4.722222222222222;0.0;1012.68;0.0;Mostly Cloudy
1553781600;30.0;24.0;0.7;SSE;7.222222222222222;0.0;1011.68;0.0;Mostly Cloudy
1553785200;30.0;25.0;0.74;SSE;7.777777777777778;0.0;1011.68;0.0;Mostly Cloudy
1553788800;30.0;23.0;0.66;SSE;7.222222222222222;0.0;1011.68;0.0;Mostly Cloudy
1553792400;29.0;24.0;0.74;SSE;6.111111111111111;0.0;1010.68;0.0;Mostly Cloudy
1553796000;28.0;24.0;0.79;SSE;6.111111111111111;0.0;0.0;0.0;Showers in the Vicinity
1553799600;28.0;24.0;0.79;S;6.111111111111111;0.0;0.0;0.0;Showers in the Vicinity
1553803200;28.0;23.0;0.74;SSE;6.666666666666666;0.0;1010.68;0.0;Mostly Cloudy
1553806800;28.0;23.0;0.74;SSE;5.555555555555555;0.0;1010.68;0.0;Partly Cloudy
1553810400;28.0;23.0;0.74;SSE;6.111111111111111;0.0;1011.68;0.0;Partly Cloudy
1553814000;28.0;23.0;0.74;SSE;5.555555555555555;0.0;1012.68;0.0;Fair
1553817600;27.0;23.0;0.79;SSE;5.277777777777778;0.0;1012.68;0.0;Fair
1553821200;27.0;23.0;0.79;SSE;5.277777777777778;0.0;1012.68;0.0;Fair
1553824800;28.0;23.0;0.74;S;4.166666666666667;0.0;1012.68;0.0;Fair
1553914800;26.0;25.0;0.94;WSW;1.6666666666666665;0.0;1010.68;0.0;Fair
1553918400;26.0;25.0;0.94;SW;1.6666666666666665;0.0;1010.68;0.0;Light Rain
1553922000;25.0;25.0;1.0;VAR;0.5555555555555556;0.0;1009.68;0.0;Light Rain
1553925600;25.0;25.0;1.0;SW;1.9444444444444444;0.0;1009.68;0.0;Partly Cloudy
1553929200;25.0;24.0;0.94;S;1.9444444444444444;0.0;1009.68;0.0;Mostly Cloudy
1553932800;25.0;24.0;0.94;SSW;1.6666666666666665;0.0;1009.68;0.0;Partly Cloudy
1553936400;25.0;24.0;0.94;W;1.1111111111111112;0.0;1010.68;0.0;Partly Cloudy
1553940000;26.0;24.0;0.89;S;1.6666666666666665;0.0;1010.68;0.0;Partly Cloudy
1553943600;28.0;25.0;0.84;SSW;2.5;0.0;1011.68;0.0;Partly Cloudy
1553947200;30.0;25.0;0.74;SSE;3.611111111111111;0.0;1011.68;0.0;Partly Cloudy
1553950800;29.0;24.0;0.74;SE;3.611111111111111;0.0;1011.68;0.0;Mostly Cloudy
1553954400;30.0;25.0;0.74;SE;4.166666666666667;0.0;1010.68;0.0;Partly Cloudy
1553958000;30.0;25.0;0.74;SSE;6.111111111111111;0.0;1010.68;0.0;Partly Cloudy
1553961600;29.0;25.0;0.79;SE;4.722222222222222;0.0;1009.68;0.0;Partly Cloudy
1553965200;29.0;25.0;0.79;SSE;5.555555555555555;0.0;1008.68;0.0;Partly Cloudy
1553968800;29.0;25.0;0.79;SE;5.277777777777778;0.0;1008.68;0.0;Partly Cloudy
1553972400;28.0;25.0;0.84;S;6.111111111111111;0.0;1008.68;0.0;Light Rain
1553976000;26.0;24.0;0.89;SSW;2.5;0.0;0.0;0.0;Showers in the Vicinity
1553979600;26.0;24.0;0.89;S;3.0555555555555554;0.0;0.0;0.0;Showers in the Vicinity
1553983200;27.0;24.0;0.84;SE;4.722222222222222;0.0;1010.68;0.0;Light Rain Shower
1553986800;25.0;24.0;0.94;VAR;1.1111111111111112;0.0;0.0;0.0;Light Rain
1553990400;0.0;0.0;0.0;SSW;1.9444444444444444;0.0;1011.68;0.0;Light Rain
1553994000;0.0;0.0;0.0;SSW;6.111111111111111;0.0;1012.68;0.0;Heavy Rain
1553996400;24.0;24.0;1.0;SW;1.9444444444444444;0.0;1011.68;0.0;Light Rain
1553997600;24.0;24.0;1.0;WSW;1.9444444444444444;0.0;0.0;0.0;Showers in the Vicinity
1554087600;26.0;24.0;0.89;SW;1.9444444444444444;0.0;1011.68;0.0;Mostly Cloudy
1554091200;26.0;24.0;0.89;VAR;0.5555555555555556;0.0;1010.68;0.0;Mostly Cloudy
1554094800;25.0;24.0;0.94;SSW;1.9444444444444444;0.0;1009.68;0.0;Mostly Cloudy
1554098400;25.0;24.0;0.94;SSW;3.0555555555555554;0.0;1008.68;0.0;Mostly Cloudy
1554102000;25.0;24.0;0.94;SSW;3.0555555555555554;0.0;1008.68;0.0;Mostly Cloudy
1554105600;25.0;24.0;0.94;SSW;1.1111111111111112;0.0;1009.68;0.0;Partly Cloudy
1554109200;26.0;24.0;0.89;S;3.0555555555555554;0.0;1009.68;0.0;Mostly Cloudy
1554112800;26.0;24.0;0.89;S;2.5;0.0;1010.68;0.0;Mostly Cloudy
1554116400;26.0;24.0;0.89;SSW;1.1111111111111112;0.0;1011.68;0.0;Mostly Cloudy
1554120000;27.0;25.0;0.89;SSW;2.5;0.0;1011.68;0.0;Mostly Cloudy
1554123600;28.0;25.0;0.84;SSW;2.5;0.0;1011.68;0.0;Cloudy
1554125880;25.0;23.0;0.89;ENE;5.555555555555555;0.0;0.0;0.0;Light Rain Shower
1554127200;0.0;0.0;0.0;NE;5.277777777777778;0.0;1012.68;0.0;Light Rain Shower
1554128400;24.0;24.0;1.0;VAR;1.9444444444444444;0.0;0.0;0.0;Light Rain Shower
1554130800;25.0;24.0;0.94;N;3.611111111111111;0.0;1011.68;0.0;Mostly Cloudy
1554134400;25.0;24.0;0.94;NW;2.5;0.0;1010.68;0.0;Cloudy
1554138000;26.0;24.0;0.89;NNE;1.6666666666666665;0.0;1009.68;0.0;Mostly Cloudy
1554141600;27.0;23.0;0.79;NNE;0.5555555555555556;0.0;1009.68;0.0;Mostly Cloudy
1554145200;27.0;24.0;0.84;NE;1.9444444444444444;0.0;1009.68;0.0;Partly Cloudy
1554148800;27.0;23.0;0.79;E;1.6666666666666665;0.0;1009.68;0.0;Partly Cloudy
1554152400;26.0;24.0;0.89;N;1.1111111111111112;0.0;1010.68;0.0;Partly Cloudy
1554156000;26.0;24.0;0.89;N;1.1111111111111112;0.0;1010.68;0.0;Partly Cloudy
1554159600;26.0;24.0;0.89;NNW;1.6666666666666665;0.0;1010.68;0.0;Partly Cloudy
1554163200;25.0;24.0;0.94;CALM;0.0;0.0;1011.68;0.0;Fair
1554166800;25.0;24.0;0.94;NW;1.1111111111111112;0.0;1011.68;0.0;Partly Cloudy
1554170400;25.0;24.0;0.94;N/A;0.0;0.0;1011.68;0.0;Fair
1554346800;26.0;25.0;0.94;NNE;0.5555555555555556;0.0;1009.68;0.0;Partly Cloudy
1554347100;26.0;24.0;0.89;N;1.1111111111111112;0.0;1009.68;0.0;Light Rain
1554350400;25.0;25.0;1.0;W;2.5;0.0;1009.68;0.0;Partly Cloudy
1554354000;25.0;24.0;0.94;NW;1.1111111111111112;0.0;1008.68;0.0;Partly Cloudy
1554357600;25.0;24.0;0.94;NW;1.6666666666666665;0.0;1008.68;0.0;Partly Cloudy
1554361200;25.0;24.0;0.94;SW;0.5555555555555556;0.0;1008.68;0.0;Partly Cloudy
1554364800;25.0;24.0;0.94;CALM;0.0;0.0;1008.68;0.0;Partly Cloudy
1554368400;25.0;24.0;0.94;NW;1.6666666666666665;0.0;1008.68;0.0;Partly Cloudy
1554372000;26.0;24.0;0.89;WNW;1.9444444444444444;0.0;1009.68;0.0;Fair
1554375600;28.0;24.0;0.79;VAR;1.9444444444444444;0.0;1010.68;0.0;Fair
1554379200;29.0;24.0;0.74;VAR;1.1111111111111112;0.0;1010.68;0.0;Partly Cloudy
1554382800;30.0;24.0;0.7;NE;3.0555555555555554;0.0;1010.68;0.0;Partly Cloudy
1554386400;30.0;23.0;0.66;ENE;3.611111111111111;0.0;1009.68;0.0;Partly Cloudy
1554390000;30.0;20.0;0.55;E;3.0555555555555554;0.0;1009.68;0.0;Fair
1554393600;30.0;24.0;0.7;E;3.611111111111111;0.0;1008.68;0.0;Fair
1554397200;30.0;24.0;0.7;E;4.166666666666667;0.0;1007.68;0.0;Fair
1554400800;30.0;24.0;0.7;E;3.611111111111111;0.0;1007.68;0.0;Fair
1554404400;30.0;24.0;0.7;E;3.611111111111111;0.0;1007.68;0.0;Fair
1554408000;29.0;24.0;0.74;E;1.9444444444444444;0.0;1007.68;0.0;Fair
1554411600;29.0;23.0;0.7;ENE;2.5;0.0;1008.68;0.0;Fair
1554415200;28.0;24.0;0.79;ENE;3.0555555555555554;0.0;1008.68;0.0;Fair
1554418800;29.0;24.0;0.74;ENE;1.9444444444444444;0.0;1009.68;0.0;Fair
1554422400;28.0;24.0;0.79;ENE;1.9444444444444444;0.0;1010.68;0.0;Fair
1554426000;28.0;24.0;0.79;E;1.9444444444444444;0.0;1010.68;0.0;Fair
1554429600;28.0;24.0;0.79;E;1.6666666666666665;0.0;1010.68;0.0;Fair
1554433200;28.0;24.0;0.79;ENE;1.6666666666666665;0.0;1010.68;0.0;Fair
1554436800;28.0;24.0;0.79;VAR;1.1111111111111112;0.0;1009.68;0.0;Fair
1554440400;26.0;24.0;0.89;VAR;1.1111111111111112;0.0;1009.68;0.0;Fair
1554444000;25.0;24.0;0.94;NNW;1.6666666666666665;0.0;1009.68;0.0;Partly Cloudy
1554447600;25.0;24.0;0.94;WNW;1.1111111111111112;0.0;1008.68;0.0;Fair
1554451200;25.0;24.0;0.94;VAR;1.1111111111111112;0.0;1009.68;0.0;Partly Cloudy
1554454800;26.0;24.0;0.89;WSW;1.6666666666666665;0.0;1009.68;0.0;Partly Cloudy
1554458400;27.0;24.0;0.84;VAR;1.1111111111111112;0.0;1010.68;0.0;Partly Cloudy
1554462000;29.0;23.0;0.7;ESE;3.611111111111111;0.0;1011.68;0.0;Partly Cloudy
1554465600;29.0;24.0;0.74;SE;4.166666666666667;0.0;1011.68;0.0;Partly Cloudy
1554469200;30.0;24.0;0.7;SE;3.611111111111111;0.0;1011.68;0.0;Fair
1554472800;30.0;24.0;0.7;E;3.611111111111111;0.0;1011.68;0.0;Fair
1554476400;30.0;24.0;0.7;SSE;4.722222222222222;0.0;1010.68;0.0;Fair
1554480000;30.0;24.0;0.7;ESE;4.722222222222222;0.0;1009.68;0.0;Partly Cloudy
1554483600;30.0;24.0;0.7;ESE;4.722222222222222;0.0;1008.68;0.0;Partly Cloudy
1554487200;30.0;24.0;0.7;SE;5.277777777777778;0.0;1008.68;0.0;Fair
1554490800;29.0;24.0;0.74;SE;6.111111111111111;0.0;1008.68;0.0;Fair
1554494400;29.0;24.0;0.74;SE;5.277777777777778;0.0;1008.68;0.0;Fair
1554498000;28.0;23.0;0.74;SE;4.722222222222222;0.0;1009.68;0.0;Fair
1554501600;29.0;24.0;0.74;SE;3.0555555555555554;0.0;1010.68;0.0;Partly Cloudy
1554505200;28.0;23.0;0.74;SE;3.611111111111111;0.0;1010.68;0.0;Fair
1554508800;28.0;24.0;0.79;ESE;3.0555555555555554;0.0;1011.68;0.0;Partly Cloudy
1554512400;28.0;24.0;0.79;SE;4.166666666666667;0.0;1011.68;0.0;Partly Cloudy
1554516000;28.0;24.0;0.79;SE;3.611111111111111;0.0;1011.68;0.0;Partly Cloudy
1554692400;25.0;24.0;0.94;SW;1.6666666666666665;0.0;1011.68;0.0;Partly Cloudy
1554696000;25.0;24.0;0.94;SSW;1.1111111111111112;0.0;1010.68;0.0;Fair
1554699600;24.0;24.0;1.0;CALM;0.0;0.0;1010.68;0.0;Fair
1554703200;24.0;23.0;0.94;VAR;0.5555555555555556;0.0;1010.68;0.0;Partly Cloudy
1554706800;24.0;24.0;1.0;W;0.5555555555555556;0.0;1010.68;0.0;Partly Cloudy
1554710400;24.0;23.0;0.94;CALM;0.0;0.0;1010.68;0.0;Fair
1554714000;24.0;23.0;0.94;CALM;0.0;0.0;1010.68;0.0;Partly Cloudy
1554717600;25.0;24.0;0.94;WNW;1.6666666666666665;0.0;1011.68;0.0;Mostly Cloudy
1554721200;27.0;24.0;0.84;SW;1.1111111111111112;0.0;1012.68;0.0;Mostly Cloudy
1554724800;29.0;25.0;0.79;E;1.6666666666666665;0.0;1012.68;0.0;Partly Cloudy
1554728400;30.0;24.0;0.7;E;4.166666666666667;0.0;1012.68;0.0;Partly Cloudy
1554732000;30.0;25.0;0.74;E;3.611111111111111;0.0;1011.68;0.0;Partly Cloudy
1554735600;30.0;25.0;0.74;ESE;4.722222222222222;9.722222222222221;1010.68;0.0;Partly Cloudy
1554739200;30.0;24.0;0.7;E;4.166666666666667;0.0;1009.68;0.0;Partly Cloudy
1554742800;30.0;24.0;0.7;E;4.166666666666667;0.0;1008.68;0.0;Partly Cloudy
1554746400;30.0;24.0;0.7;E;4.166666666666667;0.0;1008.68;0.0;Partly Cloudy
1554750000;29.0;24.0;0.74;ESE;4.166666666666667;0.0;1008.68;0.0;Partly Cloudy
1554753600;29.0;24.0;0.74;ESE;3.0555555555555554;0.0;1009.68;0.0;Partly Cloudy
1554757200;27.0;23.0;0.79;SE;1.9444444444444444;0.0;1009.68;0.0;Showers in the Vicinity
1554759900;28.0;24.0;0.79;ESE;3.0555555555555554;0.0;0.0;0.0;Thunder
1554760800;28.0;0.0;0.0;ESE;2.5;0.0;1010.68;0.0;Thunder
1554764400;29.0;24.0;0.74;E;3.0555555555555554;0.0;1010.68;0.0;Fair
1554768000;28.0;24.0;0.79;E;3.611111111111111;0.0;1011.68;0.0;Fair
1554771600;28.0;24.0;0.79;ESE;3.611111111111111;0.0;1011.68;0.0;Partly Cloudy
1554775200;28.0;24.0;0.79;E;2.5;0.0;1011.68;0.0;Partly Cloudy
1554778800;28.0;24.0;0.79;ESE;1.9444444444444444;0.0;1011.68;0.0;Partly Cloudy
1554782400;26.0;24.0;0.89;SW;3.0555555555555554;0.0;1010.68;0.0;Partly Cloudy
1554786000;25.0;23.0;0.89;SW;1.9444444444444444;0.0;1010.68;0.0;Partly Cloudy
1554789600;24.0;23.0;0.94;SW;1.9444444444444444;0.0;1009.68;0.0;Partly Cloudy
1554793200;24.0;23.0;0.94;WNW;1.6666666666666665;0.0;1010.68;0.0;Partly Cloudy
1554796800;24.0;23.0;0.94;N;1.1111111111111112;0.0;1010.68;0.0;Fair
1554800400;24.0;23.0;0.94;CALM;0.0;0.0;1010.68;0.0;Fair
1554804000;26.0;24.0;0.89;SSW;1.1111111111111112;0.0;1011.68;0.0;Fair
1554807600;28.0;24.0;0.79;VAR;1.1111111111111112;0.0;1011.68;0.0;Fair
1554811200;29.0;24.0;0.74;ESE;3.0555555555555554;0.0;1011.68;0.0;Fair
1554814800;29.0;25.0;0.79;VAR;3.0555555555555554;0.0;1011.68;0.0;Partly Cloudy
1554818400;30.0;24.0;0.7;ESE;2.5;0.0;1010.68;0.0;Mostly Cloudy
1554822000;30.0;24.0;0.7;E;4.722222222222222;0.0;1009.68;0.0;Partly Cloudy
1554825600;30.0;24.0;0.7;ENE;4.166666666666667;0.0;1008.68;0.0;Partly Cloudy
1554829200;29.0;23.0;0.7;E;3.611111111111111;0.0;1008.68;0.0;Fair
1554832800;30.0;23.0;0.66;E;4.166666666666667;0.0;1007.68;0.0;Fair
1554836400;30.0;24.0;0.7;E;3.0555555555555554;0.0;1008.68;0.0;Fair
1554840000;29.0;24.0;0.74;E;3.0555555555555554;0.0;1008.68;0.0;Fair
1554843600;29.0;24.0;0.74;E;3.0555555555555554;0.0;1008.68;0.0;Fair
1554847200;28.0;24.0;0.79;E;2.5;0.0;1009.68;0.0;Fair
1554850800;28.0;24.0;0.79;ENE;1.9444444444444444;0.0;1009.68;0.0;Partly Cloudy
1554854400;28.0;24.0;0.79;E;2.5;0.0;1010.68;0.0;Partly Cloudy
1554858000;28.0;23.0;0.74;ENE;2.5;0.0;1010.68;0.0;Partly Cloudy
1554861600;28.0;24.0;0.79;ENE;1.9444444444444444;0.0;1010.68;0.0;Partly Cloudy
1554865200;28.0;24.0;0.79;NE;1.6666666666666665;0.0;1009.68;0.0;Fair
1554868800;26.0;24.0;0.89;NW;1.1111111111111112;0.0;1009.68;0.0;Showers in the Vicinity
1554872400;26.0;24.0;0.89;NNW;2.5;0.0;1009.68;0.0;Partly Cloudy
1554876000;26.0;24.0;0.89;S;2.5;0.0;1008.68;0.0;Light Rain
1554879600;25.0;24.0;0.94;NW;1.6666666666666665;0.0;1008.68;0.0;Fair
1554883200;25.0;24.0;0.94;NW;1.6666666666666665;0.0;1009.68;0.0;Fair
1554886800;25.0;24.0;0.94;NW;1.9444444444444444;0.0;1010.68;0.0;Mostly Cloudy
1554890400;26.0;24.0;0.89;NW;1.6666666666666665;0.0;1010.68;0.0;Partly Cloudy
1554894000;28.0;24.0;0.79;VAR;1.1111111111111112;0.0;1011.68;0.0;Partly Cloudy
1554897600;29.0;24.0;0.74;E;3.0555555555555554;0.0;1011.68;0.0;Partly Cloudy
1554901200;30.0;23.0;0.66;E;4.166666666666667;0.0;1011.68;0.0;Partly Cloudy
1554904800;30.0;23.0;0.66;E;4.166666666666667;0.0;1010.68;0.0;Fair
1554908400;30.0;23.0;0.66;ENE;3.611111111111111;0.0;1009.68;0.0;Fair
1554912000;30.0;23.0;0.66;E;4.166666666666667;0.0;1009.68;0.0;Fair
1554915600;30.0;23.0;0.66;ESE;3.611111111111111;0.0;1008.68;0.0;Fair
1554919200;29.0;23.0;0.7;ESE;4.722222222222222;0.0;1008.68;0.0;Fair
1554922800;29.0;22.0;0.66;SE;4.166666666666667;0.0;1008.68;0.0;Fair
1554926400;29.0;23.0;0.7;ESE;3.611111111111111;0.0;1008.68;0.0;Fair
1554930000;28.0;23.0;0.74;E;3.0555555555555554;0.0;1008.68;0.0;Fair
1554933600;29.0;23.0;0.7;E;3.0555555555555554;0.0;1009.68;0.0;Partly Cloudy
1554937200;29.0;24.0;0.74;E;3.0555555555555554;0.0;1010.68;0.0;Partly Cloudy
1554940800;28.0;23.0;0.74;E;2.5;0.0;1010.68;0.0;Partly Cloudy
1554944400;28.0;23.0;0.74;ESE;3.0555555555555554;0.0;1011.68;0.0;Partly Cloudy
1554948000;28.0;23.0;0.74;ESE;2.5;0.0;1010.68;0.0;Mostly Cloudy
1554951600;28.0;24.0;0.79;ESE;3.0555555555555554;0.0;1010.68;0.0;Partly Cloudy
1554955200;28.0;24.0;0.79;SE;3.611111111111111;0.0;1009.68;0.0;Mostly Cloudy
1554958800;28.0;24.0;0.79;ESE;3.611111111111111;0.0;1009.68;0.0;Mostly Cloudy
1554962400;28.0;24.0;0.79;ESE;3.0555555555555554;0.0;1009.68;0.0;Mostly Cloudy
1554966000;28.0;24.0;0.79;SE;3.611111111111111;0.0;1009.68;0.0;Partly Cloudy
1554969600;28.0;24.0;0.79;SE;3.0555555555555554;0.0;1009.68;0.0;Mostly Cloudy
1554973200;28.0;24.0;0.79;SE;3.0555555555555554;0.0;1010.68;0.0;Partly Cloudy
1554976800;29.0;24.0;0.74;SE;4.166666666666667;0.0;1010.68;0.0;Mostly Cloudy
1554980400;29.0;24.0;0.74;SE;5.277777777777778;0.0;1011.68;0.0;Partly Cloudy
1554984000;28.0;24.0;0.79;ESE;4.722222222222222;0.0;1011.68;0.0;Mostly Cloudy
1554987600;29.0;24.0;0.74;ESE;3.0555555555555554;0.0;1011.68;0.0;Partly Cloudy
1554991200;29.0;24.0;0.74;ESE;4.166666666666667;0.0;1010.68;0.0;Partly Cloudy
1554994800;29.0;24.0;0.74;ESE;3.0555555555555554;0.0;1010.68;0.0;Mostly Cloudy
1554998400;29.0;24.0;0.74;SE;4.722222222222222;0.0;1009.68;0.0;Mostly Cloudy
1555002000;29.0;24.0;0.74;E;4.722222222222222;0.0;1009.68;0.0;Mostly Cloudy
1555005600;29.0;24.0;0.74;E;3.611111111111111;0.0;1009.68;0.0;Mostly Cloudy
1555009200;29.0;24.0;0.74;E;3.611111111111111;0.0;1009.68;0.0;Mostly Cloudy
1555012800;29.0;24.0;0.74;E;3.611111111111111;0.0;1009.68;0.0;Mostly Cloudy
1555016400;28.0;24.0;0.79;ESE;1.9444444444444444;0.0;1010.68;0.0;Partly Cloudy
1555020000;28.0;24.0;0.79;SE;1.9444444444444444;0.0;1010.68;0.0;Partly Cloudy
1555023600;28.0;24.0;0.79;ESE;2.5;0.0;1011.68;0.0;Fair
1555027200;28.0;24.0;0.79;SE;2.5;0.0;1011.68;0.0;Fair
1555030800;28.0;24.0;0.79;ESE;2.5;0.0;1011.68;0.0;Partly Cloudy
1555034400;28.0;24.0;0.79;E;2.5;0.0;1011.68;0.0;Mostly Cloudy
1555038000;28.0;24.0;0.79;E;1.6666666666666665;0.0;1011.68;0.0;Mostly Cloudy
1555041600;28.0;24.0;0.79;E;1.6666666666666665;0.0;1010.68;0.0;Mostly Cloudy
1555045200;26.0;24.0;0.89;VAR;1.6666666666666665;0.0;1009.68;0.0;Partly Cloudy
1555048800;26.0;24.0;0.89;W;1.1111111111111112;0.0;1009.68;0.0;Partly Cloudy
1555052400;26.0;24.0;0.89;SSE;1.1111111111111112;0.0;1009.68;0.0;Showers in the Vicinity
1555056000;25.0;24.0;0.94;CALM;0.0;0.0;1010.68;0.0;Mostly Cloudy
1555059600;26.0;24.0;0.89;WSW;1.1111111111111112;0.0;1010.68;0.0;Mostly Cloudy
1555063200;26.0;24.0;0.89;SW;2.5;0.0;1011.68;0.0;Mostly Cloudy
1555066800;27.0;25.0;0.89;N;1.9444444444444444;0.0;0.0;0.0;Showers in the Vicinity
1555070400;26.0;24.0;0.89;E;3.611111111111111;0.0;1012.68;0.0;Light Rain with Thunder
1555071660;24.0;23.0;0.94;E;2.5;0.0;1013.68;0.0;Heavy T-Storm
1555074000;24.0;23.0;0.94;SSE;4.166666666666667;0.0;0.0;0.0;Light Rain with Thunder
1555077600;24.0;24.0;1.0;SSE;3.0555555555555554;0.0;1012.68;0.0;Light Rain
1555081200;24.0;23.0;0.94;S;1.9444444444444444;0.0;1011.68;0.0;Rain
1555084800;25.0;24.0;0.94;NW;1.9444444444444444;0.0;1010.68;0.0;Light Rain
1555088400;25.0;24.0;0.94;WNW;1.6666666666666665;0.0;1009.68;0.0;Light Rain
1555092000;0.0;0.0;0.0;CALM;0.0;0.0;1009.68;0.0;Showers in the Vicinity
1555095600;0.0;0.0;0.0;WSW;0.5555555555555556;0.0;1009.68;0.0;Showers in the Vicinity
1555099200;26.0;24.0;0.89;SW;1.1111111111111112;0.0;1009.68;0.0;Mostly Cloudy
1555102800;25.0;24.0;0.94;WSW;1.6666666666666665;0.0;1009.68;0.0;Partly Cloudy
1555106400;25.0;24.0;0.94;NW;1.6666666666666665;0.0;1010.68;0.0;Partly Cloudy
1555110000;25.0;24.0;0.94;CALM;0.0;0.0;1011.68;0.0;Fair
1555113600;25.0;24.0;0.94;SSW;1.6666666666666665;0.0;1011.68;0.0;Fair
1555117200;25.0;24.0;0.94;CALM;0.0;0.0;1011.68;0.0;Fair
1555120800;25.0;24.0;0.94;SW;1.6666666666666665;0.0;1011.68;0.0;Fair
1555297200;27.0;22.0;0.74;SE;1.9444444444444444;0.0;1010.68;0.0;Fair
1555300800;26.0;22.0;0.78;ESE;1.6666666666666665;0.0;1010.68;0.0;Fair
1555304400;24.0;22.0;0.89;NNW;1.6666666666666665;0.0;1009.68;0.0;Fair
1555308000;23.0;22.0;0.94;VAR;1.1111111111111112;0.0;1009.68;0.0;Fair
1555311600;23.0;22.0;0.94;NW;1.1111111111111112;0.0;1009.68;0.0;Fair
1555315200;23.0;22.0;0.94;VAR;1.1111111111111112;0.0;1009.68;0.0;Fair
1555318800;23.0;22.0;0.94;NNW;1.6666666666666665;0.0;1010.68;0.0;Fair
1555322400;26.0;23.0;0.83;NW;0.5555555555555556;0.0;1010.68;0.0;Fair
1555326000;28.0;23.0;0.74;SW;1.9444444444444444;0.0;1011.68;0.0;Fair
1555329600;29.0;23.0;0.7;SE;2.5;0.0;1011.68;0.0;Fair
1555333200;30.0;23.0;0.66;SE;2.5;0.0;1011.68;0.0;Fair
1555336800;30.0;23.0;0.66;SE;3.0555555555555554;0.0;1011.68;0.0;Fair
1555340400;30.0;23.0;0.66;SE;3.611111111111111;0.0;1010.68;0.0;Fair
1555344000;30.0;24.0;0.7;ESE;4.722222222222222;0.0;1009.68;0.0;Partly Cloudy
1555347600;30.0;24.0;0.7;ESE;4.166666666666667;0.0;1009.68;0.0;Partly Cloudy
1555351200;30.0;24.0;0.7;SE;4.166666666666667;0.0;1009.68;0.0;Fair
1555354800;29.0;24.0;0.74;SE;3.611111111111111;0.0;1009.68;0.0;Fair
1555358400;29.0;24.0;0.74;VAR;2.5;0.0;1009.68;0.0;Fair
1555362000;28.0;24.0;0.79;E;1.9444444444444444;0.0;1009.68;0.0;Fair
1555365600;28.0;23.0;0.74;SE;3.0555555555555554;0.0;1010.68;0.0;Fair
1555369200;28.0;23.0;0.74;ESE;1.6666666666666665;0.0;1010.68;0.0;Fair
1555372800;28.0;23.0;0.74;SE;2.5;0.0;1011.68;0.0;Partly Cloudy
1555376400;28.0;22.0;0.7;ESE;1.6666666666666665;0.0;1011.68;0.0;Fair
1555380000;28.0;22.0;0.7;VAR;1.1111111111111112;0.0;1011.68;0.0;Fair
1555470000;28.0;23.0;0.74;E;2.5;0.0;1010.68;0.0;Fair
1555473600;28.0;24.0;0.79;ESE;1.9444444444444444;0.0;1009.68;0.0;Fair
1555477200;26.0;23.0;0.83;SW;1.9444444444444444;0.0;1008.68;0.0;Fair
1555480800;26.0;23.0;0.83;SW;1.1111111111111112;0.0;1008.68;0.0;Partly Cloudy
1555484400;25.0;23.0;0.89;VAR;0.5555555555555556;0.0;1008.68;0.0;Partly Cloudy
1555488000;25.0;23.0;0.89;VAR;0.5555555555555556;0.0;1009.68;0.0;Mostly Cloudy
1555489200;24.0;23.0;0.94;VAR;1.1111111111111112;0.0;1009.68;0.0;Rain Shower
1555491600;24.0;24.0;1.0;CALM;0.0;0.0;1009.68;0.0;Light Rain Shower
1555495200;26.0;24.0;0.89;SE;2.5;0.0;1010.68;0.0;Mostly Cloudy
1555498800;28.0;23.0;0.74;SSW;1.1111111111111112;0.0;1010.68;0.0;Mostly Cloudy
1555502400;29.0;24.0;0.74;SE;3.611111111111111;0.0;1010.68;0.0;Mostly Cloudy
1555506000;29.0;25.0;0.79;SSE;4.166666666666667;0.0;1011.68;0.0;Mostly Cloudy
1555509600;30.0;24.0;0.7;SSE;4.166666666666667;0.0;1010.68;0.0;Mostly Cloudy
1555513200;30.0;23.0;0.66;SE;4.166666666666667;0.0;1009.68;0.0;Mostly Cloudy
1555516800;30.0;25.0;0.74;SE;4.166666666666667;0.0;1009.68;0.0;Mostly Cloudy
1555520400;30.0;24.0;0.7;ESE;3.611111111111111;0.0;1008.68;0.0;Partly Cloudy
1555524000;30.0;24.0;0.7;SE;4.166666666666667;0.0;1008.68;0.0;Partly Cloudy
1555527600;29.0;23.0;0.7;ESE;3.611111111111111;0.0;1008.68;0.0;Partly Cloudy
1555531200;29.0;23.0;0.7;E;2.5;0.0;1009.68;0.0;Partly Cloudy
1555534800;28.0;23.0;0.74;E;3.0555555555555554;0.0;1009.68;0.0;Partly Cloudy
1555538400;28.0;23.0;0.74;E;1.9444444444444444;0.0;1009.68;0.0;Fair
1555542000;28.0;23.0;0.74;E;1.6666666666666665;0.0;1010.68;0.0;Fair
1555545600;28.0;23.0;0.74;ENE;1.6666666666666665;0.0;1011.68;0.0;Fair
1555549200;28.0;27.0;0.94;E;1.6666666666666665;0.0;1011.68;0.0;Partly Cloudy
1555552800;27.0;23.0;0.79;N;6.666666666666666;0.0;1011.68;0.0;Partly Cloudy
1555815600;27.0;23.0;0.79;ENE;1.6666666666666665;0.0;1010.68;0.0;Partly Cloudy
1555819200;25.0;23.0;0.89;NW;1.9444444444444444;0.0;1010.68;0.0;Partly Cloudy
1555822800;25.0;23.0;0.89;NNW;1.1111111111111112;0.0;1009.68;0.0;Light Rain
1555826400;25.0;24.0;0.94;N;1.1111111111111112;0.0;1009.68;0.0;Partly Cloudy
1555830000;24.0;23.0;0.94;SSW;1.1111111111111112;0.0;1009.68;0.0;Partly Cloudy
1555833600;24.0;23.0;0.94;W;1.1111111111111112;0.0;1010.68;0.0;Partly Cloudy
1555837200;24.0;23.0;0.94;SSW;0.5555555555555556;0.0;1010.68;0.0;Partly Cloudy
1555840800;24.0;23.0;0.94;CALM;0.0;0.0;1010.68;0.0;Fair
1555844400;26.0;23.0;0.83;SSW;1.6666666666666665;0.0;1010.68;0.0;Fair
1555848000;29.0;23.0;0.7;SSE;3.0555555555555554;0.0;1011.68;0.0;Partly Cloudy
1555851600;29.0;23.0;0.7;SE;3.611111111111111;0.0;1011.68;0.0;Partly Cloudy
1555855200;29.0;23.0;0.7;SSE;4.166666666666667;0.0;1010.68;0.0;Partly Cloudy
1555858800;29.0;22.0;0.66;SSE;3.0555555555555554;0.0;1010.68;0.0;Partly Cloudy
1555862400;29.0;22.0;0.66;SSE;3.611111111111111;0.0;1009.68;0.0;Fair
1555866000;30.0;23.0;0.66;SSE;5.277777777777778;0.0;1007.68;0.0;Fair
1555869600;29.0;21.0;0.62;SSE;5.555555555555555;0.0;1007.68;0.0;Fair
1555873200;29.0;23.0;0.7;SSE;5.555555555555555;0.0;1007.68;0.0;Fair
1555876800;28.0;23.0;0.74;SE;3.0555555555555554;0.0;1008.68;0.0;Partly Cloudy
1555880400;28.0;23.0;0.74;SSE;4.166666666666667;0.0;1008.68;0.0;Partly Cloudy
1555884000;28.0;24.0;0.79;SE;3.611111111111111;0.0;1009.68;0.0;Partly Cloudy
1555887600;28.0;24.0;0.79;ESE;3.611111111111111;0.0;1010.68;0.0;Partly Cloudy
1555891200;28.0;23.0;0.74;SE;3.611111111111111;0.0;1010.68;0.0;Partly Cloudy
1555894800;27.0;23.0;0.79;ESE;1.9444444444444444;0.0;1010.68;0.0;Light Rain
1555898400;28.0;23.0;0.74;SE;2.5;0.0;1010.68;0.0;Partly Cloudy
1555902000;27.0;23.0;0.79;S;1.6666666666666665;0.0;1010.68;0.0;Partly Cloudy
1555905600;26.0;23.0;0.83;SSW;1.1111111111111112;0.0;1010.68;0.0;Partly Cloudy
1555909200;25.0;23.0;0.89;SW;1.9444444444444444;0.0;1009.68;0.0;Partly Cloudy
1555912800;24.0;23.0;0.94;SSW;1.1111111111111112;0.0;1009.68;0.0;Fair
1555916400;24.0;23.0;0.94;SSW;1.1111111111111112;0.0;1009.68;0.0;Partly Cloudy
1555920000;24.0;23.0;0.94;CALM;0.0;0.0;1009.68;0.0;Partly Cloudy
1555923600;25.0;23.0;0.89;CALM;0.0;0.0;1010.68;0.0;Partly Cloudy
1555927200;26.0;23.0;0.83;SW;1.9444444444444444;0.0;1010.68;0.0;Partly Cloudy
1555930800;27.0;24.0;0.84;SSW;2.5;0.0;1011.68;0.0;Partly Cloudy
1555934400;28.0;24.0;0.79;VAR;3.0555555555555554;0.0;1011.68;0.0;Partly Cloudy
1555938000;29.0;23.0;0.7;VAR;3.611111111111111;0.0;1011.68;0.0;Partly Cloudy
1555941600;30.0;24.0;0.7;SSE;3.611111111111111;0.0;1010.68;0.0;Partly Cloudy
1555945200;30.0;24.0;0.7;SE;4.722222222222222;0.0;1009.68;0.0;Partly Cloudy
1555948800;30.0;24.0;0.7;SSE;4.722222222222222;0.0;1008.68;0.0;Partly Cloudy
1555952400;29.0;23.0;0.7;SE;3.611111111111111;0.0;1008.68;0.0;Partly Cloudy
1555956000;29.0;24.0;0.74;SSE;5.277777777777778;0.0;1008.68;0.0;Partly Cloudy
1555959600;30.0;24.0;0.7;SE;4.166666666666667;0.0;1008.68;0.0;Partly Cloudy
1555963200;29.0;23.0;0.7;SE;4.166666666666667;0.0;1008.68;0.0;Partly Cloudy
1555966800;28.0;23.0;0.74;SE;3.611111111111111;0.0;1009.68;0.0;Partly Cloudy
1555970400;27.0;25.0;0.89;SSE;4.722222222222222;0.0;1009.68;0.0;Showers in the Vicinity
1555974000;28.0;25.0;0.84;SE;2.5;0.0;1009.68;0.0;Partly Cloudy
1555977600;28.0;24.0;0.79;E;2.5;0.0;1010.68;0.0;Partly Cloudy
1555981200;28.0;25.0;0.84;E;1.9444444444444444;0.0;0.0;0.0;Showers in the Vicinity
1555984800;28.0;24.0;0.79;ESE;2.5;0.0;1010.68;0.0;Partly Cloudy
1555988400;28.0;24.0;0.79;ESE;1.9444444444444444;0.0;1010.68;0.0;Partly Cloudy
1555992000;28.0;24.0;0.79;ESE;1.6666666666666665;0.0;1009.68;0.0;Partly Cloudy
1555995600;26.0;24.0;0.89;SW;1.9444444444444444;0.0;1009.68;0.0;Partly Cloudy
1555999200;25.0;24.0;0.94;WSW;1.9444444444444444;0.0;1009.68;0.0;Partly Cloudy
1556002800;25.0;23.0;0.89;S;2.5;0.0;0.0;0.0;Showers in the Vicinity
1556006400;25.0;24.0;0.94;WNW;1.1111111111111112;0.0;1009.68;0.0;Partly Cloudy
1556010000;25.0;24.0;0.94;WSW;2.5;0.0;0.0;0.0;Showers in the Vicinity
1556013600;25.0;24.0;0.94;SW;2.5;0.0;1011.68;0.0;Mostly Cloudy
1556017200;27.0;25.0;0.89;SSW;1.6666666666666665;0.0;1011.68;0.0;Showers in the Vicinity
1556020800;29.0;25.0;0.79;VAR;1.6666666666666665;0.0;1012.68;0.0;Mostly Cloudy
1556024400;29.0;25.0;0.79;SSE;3.611111111111111;0.0;1012.68;0.0;Mostly Cloudy
1556028000;29.0;26.0;0.84;SSE;4.166666666666667;0.0;0.0;0.0;Showers in the Vicinity
1556031600;30.0;25.0;0.74;ESE;4.722222222222222;0.0;1010.68;0.0;Partly Cloudy
1556035200;30.0;25.0;0.74;E;5.277777777777778;0.0;1010.68;0.0;Partly Cloudy
1556038800;31.0;24.0;0.66;VAR;5.277777777777778;0.0;1009.68;0.0;Partly Cloudy
1556042400;30.0;24.0;0.7;ESE;4.722222222222222;0.0;1009.68;0.0;Partly Cloudy
1556046000;30.0;25.0;0.74;ESE;5.277777777777778;0.0;1009.68;0.0;Partly Cloudy
1556049600;28.0;25.0;0.84;SSE;5.277777777777778;0.0;1010.68;0.0;Partly Cloudy
1556053200;27.0;25.0;0.89;SSE;5.555555555555555;0.0;1010.68;0.0;Partly Cloudy
1556056800;28.0;24.0;0.79;SE;0.5555555555555556;0.0;1010.68;0.0;Partly Cloudy
1556060400;28.0;25.0;0.84;ESE;3.611111111111111;0.0;1011.68;0.0;Partly Cloudy
1556064000;28.0;25.0;0.84;SE;5.277777777777778;0.0;1011.68;0.0;Partly Cloudy
1556067600;27.0;25.0;0.89;SE;4.166666666666667;0.0;1011.68;0.0;Partly Cloudy
1556071200;28.0;23.0;0.74;SE;5.277777777777778;0.0;1011.68;0.0;Partly Cloudy
1556420400;27.0;22.0;0.74;SSE;3.611111111111111;0.0;1010.68;0.0;Partly Cloudy
1556424000;27.0;23.0;0.79;SSE;3.611111111111111;0.0;1009.68;0.0;Fair
1556427600;25.0;23.0;0.89;SSW;2.5;0.0;1009.68;0.0;Partly Cloudy
1556431200;25.0;23.0;0.89;SSW;2.5;0.0;1008.68;0.0;Partly Cloudy
1556434800;25.0;22.0;0.83;SW;2.5;0.0;1008.68;0.0;Partly Cloudy
1556438400;25.0;22.0;0.83;SW;1.9444444444444444;0.0;1009.68;0.0;Partly Cloudy
1556442000;25.0;23.0;0.89;SSW;2.5;0.0;1009.68;0.0;Partly Cloudy
1556445600;26.0;23.0;0.83;SSW;3.0555555555555554;0.0;1010.68;0.0;Partly Cloudy
1556449200;29.0;22.0;0.66;SSE;5.277777777777778;0.0;1011.68;0.0;Mostly Cloudy
1556452800;29.0;22.0;0.66;SE;6.111111111111111;0.0;1011.68;0.0;Partly Cloudy
1556456400;30.0;23.0;0.66;SSE;6.666666666666666;0.0;1012.68;0.0;Mostly Cloudy
1556460000;30.0;23.0;0.66;SSE;6.111111111111111;0.0;1011.68;0.0;Partly Cloudy
1556463600;30.0;23.0;0.66;SSE;6.666666666666666;0.0;1010.68;0.0;Partly Cloudy
1556467200;29.0;23.0;0.7;SSE;7.222222222222222;0.0;1009.68;0.0;Partly Cloudy
1556470800;29.0;23.0;0.7;SSE;7.222222222222222;0.0;1009.68;0.0;Partly Cloudy
1556474400;30.0;23.0;0.66;SSE;6.666666666666666;0.0;1009.68;0.0;Partly Cloudy
1556478000;29.0;23.0;0.7;SSE;7.222222222222222;0.0;1009.68;0.0;Partly Cloudy
1556481600;28.0;23.0;0.74;SSE;5.555555555555555;0.0;1009.68;0.0;Partly Cloudy
1556485200;28.0;23.0;0.74;SSE;5.277777777777778;0.0;1009.68;0.0;Partly Cloudy
1556488800;28.0;24.0;0.79;SE;3.611111111111111;0.0;1010.68;0.0;Fair
1556492400;28.0;24.0;0.79;SE;4.166666666666667;0.0;1010.68;0.0;Partly Cloudy
1556496000;28.0;24.0;0.79;SE;4.166666666666667;0.0;1011.68;0.0;Partly Cloudy
1556499600;28.0;24.0;0.79;SE;3.611111111111111;0.0;1010.68;0.0;Partly Cloudy
1556503200;28.0;24.0;0.79;SE;3.0555555555555554;0.0;1010.68;0.0;Partly Cloudy
1556593200;27.0;24.0;0.84;SE;1.9444444444444444;0.0;1011.68;0.0;Rain Shower
1556593920;25.0;24.0;0.94;W;2.5;0.0;0.0;0.0;Light Rain Shower
1556596800;25.0;24.0;0.94;WSW;1.6666666666666665;0.0;1010.68;0.0;Showers in the Vicinity
1556600400;25.0;24.0;0.94;SW;1.9444444444444444;0.0;1010.68;0.0;Showers in the Vicinity
1556604000;25.0;24.0;0.94;SW;2.5;0.0;1010.68;0.0;Partly Cloudy
1556607600;25.0;24.0;0.94;SW;1.6666666666666665;0.0;1010.68;0.0;Showers in the Vicinity
1556611200;25.0;24.0;0.94;VAR;1.1111111111111112;0.0;1010.68;0.0;Showers in the Vicinity
1556614800;25.0;24.0;0.94;VAR;1.1111111111111112;0.0;1011.68;0.0;Showers in the Vicinity
1556618400;25.0;24.0;0.94;NW;1.6666666666666665;0.0;0.0;0.0;Showers in the Vicinity
1556622000;25.0;24.0;0.94;SE;1.6666666666666665;0.0;1012.68;0.0;Mostly Cloudy
1556625600;26.0;24.0;0.89;CALM;0.0;0.0;1012.68;0.0;Mostly Cloudy
1556629200;28.0;25.0;0.84;SE;1.6666666666666665;0.0;0.0;0.0;Showers in the Vicinity
1556632800;30.0;26.0;0.79;SE;3.0555555555555554;0.0;1012.68;0.0;Partly Cloudy
1556636400;30.0;25.0;0.74;SE;6.666666666666666;0.0;1011.68;0.0;Partly Cloudy
1556640000;30.0;24.0;0.7;ESE;3.611111111111111;0.0;1010.68;0.0;Partly Cloudy
1556643600;30.0;25.0;0.74;ESE;4.166666666666667;0.0;1009.68;0.0;Fair
1556647200;30.0;25.0;0.74;E;3.611111111111111;0.0;1009.68;0.0;Fair
1556650800;29.0;25.0;0.79;E;3.611111111111111;0.0;1009.68;0.0;Partly Cloudy
1556654400;29.0;25.0;0.79;E;3.611111111111111;0.0;1009.68;0.0;Partly Cloudy
1556658000;29.0;24.0;0.74;ENE;3.0555555555555554;0.0;1010.68;0.0;Partly Cloudy
1556661600;29.0;24.0;0.74;E;3.0555555555555554;0.0;1010.68;0.0;Partly Cloudy
1556665200;29.0;24.0;0.74;E;2.5;0.0;1011.68;0.0;Partly Cloudy
1556668800;28.0;24.0;0.79;E;2.5;0.0;1011.68;0.0;Fair
1556672400;28.0;25.0;0.84;ESE;3.0555555555555554;0.0;1011.68;0.0;Partly Cloudy
1556676000;27.0;25.0;0.89;ENE;1.9444444444444444;0.0;1011.68;0.0;Light Rain
1556679600;28.0;25.0;0.84;E;1.9444444444444444;0.0;1011.68;0.0;Light Rain
1556683200;28.0;24.0;0.79;E;1.1111111111111112;0.0;1010.68;0.0;Partly Cloudy
1556686800;28.0;24.0;0.79;E;1.9444444444444444;0.0;1010.68;0.0;Partly Cloudy
1556690400;28.0;25.0;0.84;E;2.5;0.0;1010.68;0.0;Mostly Cloudy
1556692800;27.0;25.0;0.89;E;3.0555555555555554;0.0;1010.68;0.0;Rain Shower
1556694000;26.0;25.0;0.94;ESE;1.6666666666666665;0.0;1010.68;0.0;Light Rain Shower
1556697600;27.0;25.0;0.89;E;3.0555555555555554;0.0;1010.68;0.0;Light Rain
1556701200;28.0;24.0;0.79;E;2.5;0.0;1011.68;0.0;Partly Cloudy
1556704800;28.0;24.0;0.79;E;3.0555555555555554;0.0;1011.68;0.0;Partly Cloudy
1556708400;29.0;24.0;0.74;E;3.0555555555555554;0.0;1012.68;0.0;Partly Cloudy
1556712000;29.0;24.0;0.74;E;3.0555555555555554;0.0;1012.68;0.0;Partly Cloudy
1556715600;30.0;24.0;0.7;E;3.0555555555555554;0.0;1012.68;0.0;Partly Cloudy
1556719200;30.0;25.0;0.74;ESE;4.166666666666667;0.0;1012.68;0.0;Partly Cloudy
1556722800;30.0;24.0;0.7;E;5.277777777777778;0.0;1011.68;0.0;Partly Cloudy
1556726400;30.0;24.0;0.7;E;4.166666666666667;0.0;1010.68;0.0;Partly Cloudy
1556730000;30.0;24.0;0.7;ESE;4.166666666666667;0.0;1009.68;0.0;Partly Cloudy
1556733600;29.0;24.0;0.74;ESE;4.722222222222222;0.0;1009.68;0.0;Partly Cloudy
1556737200;29.0;23.0;0.7;ESE;3.611111111111111;0.0;1009.68;0.0;Partly Cloudy
1556740800;29.0;22.0;0.66;ESE;3.0555555555555554;0.0;1009.68;0.0;Fair
1556744400;28.0;24.0;0.79;ESE;3.0555555555555554;0.0;1010.68;0.0;Fair
1556748000;28.0;23.0;0.74;ESE;3.0555555555555554;0.0;1011.68;0.0;Partly Cloudy
1556751600;28.0;23.0;0.74;E;2.5;0.0;1011.68;0.0;Partly Cloudy
1556755200;28.0;23.0;0.74;E;3.0555555555555554;0.0;1012.68;0.0;Partly Cloudy
1556758800;28.0;23.0;0.74;ESE;2.5;0.0;1012.68;0.0;Partly Cloudy
1556762400;28.0;23.0;0.74;E;2.5;0.0;1012.68;0.0;Partly Cloudy
1556766000;28.0;23.0;0.74;ESE;3.0555555555555554;0.0;1011.68;0.0;Partly Cloudy
1556769600;28.0;23.0;0.74;ESE;2.5;0.0;1010.68;0.0;Partly Cloudy
1556773200;27.0;23.0;0.79;SE;2.5;0.0;1009.68;0.0;Partly Cloudy
1556776800;27.0;23.0;0.79;E;1.6666666666666665;0.0;1010.68;0.0;Partly Cloudy
1556780400;25.0;23.0;0.89;NNW;1.1111111111111112;0.0;1010.68;0.0;Partly Cloudy
1556784000;24.0;23.0;0.94;W;1.6666666666666665;0.0;1010.68;0.0;Partly Cloudy
1556787600;25.0;23.0;0.89;NNW;1.6666666666666665;0.0;1010.68;0.0;Partly Cloudy
1556791200;27.0;23.0;0.79;NW;0.5555555555555556;0.0;1011.68;0.0;Partly Cloudy
1556794800;29.0;23.0;0.7;SE;4.166666666666667;0.0;1012.68;0.0;Partly Cloudy
1556798400;29.0;23.0;0.7;E;3.611111111111111;0.0;1012.68;0.0;Partly Cloudy
1556802000;29.0;23.0;0.7;ESE;4.722222222222222;0.0;1012.68;0.0;Partly Cloudy
1556805600;29.0;23.0;0.7;ESE;4.722222222222222;0.0;1012.68;0.0;Partly Cloudy
1556809200;30.0;23.0;0.66;ESE;4.166666666666667;0.0;1011.68;0.0;Partly Cloudy
1556812800;30.0;23.0;0.66;SE;5.277777777777778;0.0;1010.68;0.0;Partly Cloudy
1556816400;29.0;22.0;0.66;ESE;4.166666666666667;0.0;1009.68;0.0;Partly Cloudy
1556820000;29.0;23.0;0.7;ESE;4.722222222222222;0.0;1009.68;0.0;Partly Cloudy
1556823600;29.0;22.0;0.66;ESE;4.166666666666667;0.0;1009.68;0.0;Partly Cloudy
1556827200;28.0;22.0;0.7;ESE;3.611111111111111;0.0;1010.68;0.0;Partly Cloudy
1556830800;28.0;21.0;0.66;SE;3.611111111111111;0.0;1010.68;0.0;Partly Cloudy
1556834400;28.0;22.0;0.7;ESE;3.611111111111111;0.0;1011.68;0.0;Partly Cloudy
1556838000;28.0;22.0;0.7;ESE;3.611111111111111;0.0;1011.68;0.0;Partly Cloudy
1556841600;28.0;21.0;0.66;ESE;3.611111111111111;0.0;1012.68;0.0;Partly Cloudy
1556845200;28.0;21.0;0.66;E;3.0555555555555554;0.0;1012.68;0.0;Partly Cloudy
1556848800;28.0;21.0;0.66;ESE;3.0555555555555554;0.0;1012.68;0.0;Partly Cloudy
1556852400;28.0;21.0;0.66;ESE;3.0555555555555554;0.0;1012.68;0.0;Fair
1556856000;27.0;21.0;0.7;SE;3.0555555555555554;0.0;1011.68;0.0;Fair
1556859600;27.0;22.0;0.74;SE;3.611111111111111;0.0;1011.68;0.0;Fair
1556863200;27.0;21.0;0.7;SE;3.611111111111111;0.0;1011.68;0.0;Fair
1556866800;25.0;21.0;0.78;SSW;1.9444444444444444;0.0;1010.68;0.0;Fair
1556870400;24.0;21.0;0.83;SW;1.6666666666666665;0.0;1010.68;0.0;Partly Cloudy
1556874000;25.0;22.0;0.83;S;2.5;0.0;1011.68;0.0;Fair
1556877600;28.0;21.0;0.66;SE;3.611111111111111;0.0;1011.68;0.0;Fair
1556881200;29.0;22.0;0.66;SE;5.277777777777778;0.0;1012.68;0.0;Fair
1556884800;29.0;22.0;0.66;ESE;5.277777777777778;0.0;1013.68;0.0;Fair
1556888400;30.0;22.0;0.62;ESE;5.277777777777778;0.0;1013.68;0.0;Partly Cloudy
1556892000;30.0;21.0;0.58;ESE;5.277777777777778;0.0;1012.68;0.0;Partly Cloudy
1556895600;30.0;22.0;0.62;SSE;6.111111111111111;0.0;1011.68;0.0;Partly Cloudy
1556899200;30.0;22.0;0.62;SE;5.555555555555555;0.0;1010.68;0.0;Partly Cloudy
1556902800;30.0;22.0;0.62;SE;4.722222222222222;0.0;1010.68;0.0;Partly Cloudy
1556906400;29.0;22.0;0.66;SE;5.277777777777778;0.0;1010.68;0.0;Fair
1556910000;29.0;22.0;0.66;SSE;5.277777777777778;0.0;1010.68;0.0;Fair
1556913600;28.0;21.0;0.66;ESE;3.611111111111111;0.0;1010.68;0.0;Fair
1556917200;28.0;22.0;0.7;ESE;3.0555555555555554;0.0;1010.68;0.0;Fair
1556920800;28.0;22.0;0.7;SE;3.0555555555555554;0.0;1011.68;0.0;Fair
1556924400;27.0;22.0;0.74;SSE;3.611111111111111;0.0;1012.68;0.0;Fair
1556928000;28.0;22.0;0.7;SSE;4.722222222222222;0.0;1012.68;0.0;Partly Cloudy
1556931600;28.0;22.0;0.7;SSE;5.277777777777778;0.0;1012.68;0.0;Partly Cloudy
1556935200;27.0;22.0;0.74;SSE;5.277777777777778;0.0;1012.68;0.0;Partly Cloudy
1557025200;28.0;22.0;0.7;SE;4.722222222222222;0.0;1010.68;0.0;Fair
1557028800;28.0;22.0;0.7;SE;5.277777777777778;0.0;1010.68;0.0;Partly Cloudy
1557032400;28.0;23.0;0.74;SSE;6.111111111111111;0.0;1009.68;0.0;Partly Cloudy
1557036000;26.0;23.0;0.83;SSE;6.666666666666666;0.0;1009.68;0.0;Partly Cloudy
1557039600;27.0;23.0;0.79;SSE;6.666666666666666;0.0;1010.68;0.0;Partly Cloudy
1557043200;27.0;23.0;0.79;SE;6.666666666666666;0.0;1010.68;0.0;Mostly Cloudy
1557046800;28.0;22.0;0.7;SE;6.111111111111111;0.0;1010.68;0.0;Mostly Cloudy
1557050400;28.0;22.0;0.7;SE;7.222222222222222;0.0;1011.68;0.0;Partly Cloudy
1557054000;29.0;22.0;0.66;SE;6.666666666666666;0.0;1012.68;0.0;Partly Cloudy
1557057600;29.0;21.0;0.62;SE;6.111111111111111;0.0;1012.68;0.0;Partly Cloudy
1557061200;30.0;22.0;0.62;SSE;7.222222222222222;0.0;1012.68;0.0;Partly Cloudy
1557064800;30.0;22.0;0.62;SSE;7.222222222222222;0.0;1011.68;0.0;Partly Cloudy
1557068400;30.0;23.0;0.66;SSE;7.222222222222222;0.0;1011.68;0.0;Partly Cloudy
1557072000;30.0;23.0;0.66;SSE;6.666666666666666;0.0;1010.68;0.0;Fair
1557075600;29.0;22.0;0.66;SE;7.777777777777778;0.0;1010.68;0.0;Partly Cloudy
1557079200;29.0;22.0;0.66;SE;6.666666666666666;0.0;1009.68;0.0;Fair
1557082800;28.0;22.0;0.7;SSE;7.222222222222222;0.0;1009.68;0.0;Partly Cloudy
1557086400;28.0;22.0;0.7;SSE;5.555555555555555;0.0;1010.68;0.0;Partly Cloudy
1557090000;28.0;22.0;0.7;SE;5.555555555555555;0.0;1010.68;0.0;Partly Cloudy
1557093600;28.0;22.0;0.7;SSE;5.277777777777778;0.0;1011.68;0.0;Partly Cloudy
1557097200;28.0;22.0;0.7;SSE;5.555555555555555;0.0;1011.68;0.0;Mostly Cloudy
1557100800;28.0;21.0;0.66;SE;4.722222222222222;0.0;1012.68;0.0;Partly Cloudy
1557104400;28.0;21.0;0.66;SE;4.722222222222222;0.0;1012.68;0.0;Partly Cloudy
1557108000;28.0;21.0;0.66;SE;4.722222222222222;0.0;1012.68;0.0;Partly Cloudy
1557111600;28.0;22.0;0.7;SSE;5.277777777777778;0.0;1011.68;0.0;Partly Cloudy
1557115200;26.0;22.0;0.78;SW;2.5;0.0;1011.68;0.0;Partly Cloudy
1557118800;25.0;21.0;0.78;SSW;1.6666666666666665;0.0;1011.68;0.0;Partly Cloudy
1557122400;24.0;21.0;0.83;SSW;1.9444444444444444;0.0;1010.68;0.0;Partly Cloudy
1557126000;24.0;21.0;0.83;SSW;1.9444444444444444;0.0;1010.68;0.0;Partly Cloudy
1557129600;23.0;21.0;0.88;SW;1.6666666666666665;0.0;1011.68;0.0;Partly Cloudy
1557133200;23.0;21.0;0.88;SSW;1.1111111111111112;0.0;1011.68;0.0;Partly Cloudy
1557136800;25.0;21.0;0.78;SW;1.9444444444444444;0.0;1012.68;0.0;Fair
1557140400;27.0;22.0;0.74;S;3.0555555555555554;0.0;1012.68;0.0;Partly Cloudy
1557144000;29.0;22.0;0.66;SSE;5.555555555555555;0.0;1012.68;0.0;Partly Cloudy
1557147600;29.0;22.0;0.66;SSE;6.111111111111111;0.0;1012.68;0.0;Partly Cloudy
1557151200;29.0;21.0;0.62;SSE;6.111111111111111;0.0;1012.8;0.0;Partly Cloudy
1557154800;29.0;21.0;0.62;SSE;5.555555555555555;0.0;1011.8;0.0;Partly Cloudy
1557158400;28.0;21.0;0.66;SSE;7.222222222222222;0.0;1011.8;0.0;Mostly Cloudy
1557162000;29.0;21.0;0.62;SE;5.555555555555555;0.0;1010.8;0.0;Mostly Cloudy
1557165600;28.0;21.0;0.66;SSE;5.555555555555555;0.0;1010.8;0.0;Mostly Cloudy
1557169200;28.0;21.0;0.66;SSE;5.555555555555555;0.0;1010.8;0.0;Mostly Cloudy
1557172800;28.0;20.0;0.62;SSE;6.111111111111111;0.0;1011.8;0.0;Mostly Cloudy
1557176400;27.0;21.0;0.7;SSE;5.277777777777778;0.0;1011.8;0.0;Mostly Cloudy
1557180000;27.0;21.0;0.7;S;4.166666666666667;0.0;1011.8;0.0;Partly Cloudy
1557183600;27.0;21.0;0.7;SSE;6.111111111111111;0.0;1012.8;0.0;Partly Cloudy
1557187200;27.0;21.0;0.7;SSE;4.722222222222222;0.0;1012.8;0.0;Partly Cloudy
1557190800;27.0;22.0;0.74;SSE;5.277777777777778;0.0;1012.8;0.0;Partly Cloudy
1557194400;26.0;21.0;0.74;SSW;2.5;0.0;1012.8;0.0;Mostly Cloudy
1557802800;27.0;23.0;0.79;ESE;1.1111111111111112;0.0;1011.8;0.0;Fair
1557806400;25.0;23.0;0.89;NW;1.6666666666666665;0.0;1010.8;0.0;Fair
1557810000;25.0;23.0;0.89;SW;0.5555555555555556;0.0;1010.8;0.0;Partly Cloudy
1557813600;25.0;23.0;0.89;CALM;0.0;0.0;1010.8;0.0;Partly Cloudy
1557817200;24.0;23.0;0.94;NNW;1.1111111111111112;0.0;1010.8;0.0;Partly Cloudy
1557820800;24.0;23.0;0.94;NW;1.6666666666666665;0.0;1010.8;0.0;Partly Cloudy
1557824400;24.0;23.0;0.94;CALM;0.0;0.0;1011.8;0.0;Partly Cloudy
1557828000;26.0;23.0;0.83;WNW;0.5555555555555556;0.0;1012.8;0.0;Partly Cloudy
1557831600;28.0;23.0;0.74;VAR;1.1111111111111112;0.0;1012.8;0.0;Partly Cloudy
1557835200;28.0;22.0;0.7;VAR;0.5555555555555556;0.0;1012.8;0.0;Partly Cloudy
1557838800;29.0;23.0;0.7;VAR;1.9444444444444444;0.0;1012.8;0.0;Fair
1557842400;29.0;22.0;0.66;ESE;2.5;0.0;1011.8;0.0;Partly Cloudy
1557846000;30.0;22.0;0.62;SE;3.611111111111111;0.0;1011.8;0.0;Fair
1557849600;30.0;22.0;0.62;SE;4.166666666666667;0.0;1010.8;0.0;Fair
1557853200;30.0;22.0;0.62;ESE;3.0555555555555554;0.0;1009.8;0.0;Fair
1557856800;29.0;23.0;0.7;SE;4.722222222222222;0.0;1008.8;0.0;Fair
1557860400;29.0;23.0;0.7;SE;4.166666666666667;0.0;1009.8;0.0;Fair
1557864000;28.0;23.0;0.74;ESE;3.611111111111111;0.0;1009.8;0.0;Fair
1557867600;28.0;23.0;0.74;ESE;3.0555555555555554;0.0;1009.8;0.0;Partly Cloudy
1557871200;28.0;23.0;0.74;ESE;3.0555555555555554;0.0;1010.8;0.0;Partly Cloudy
1557874800;28.0;23.0;0.74;SE;3.0555555555555554;0.0;1010.8;0.0;Mostly Cloudy
1557878400;28.0;23.0;0.74;ESE;2.5;0.0;1011.8;0.0;Partly Cloudy
1557882000;28.0;23.0;0.74;E;3.0555555555555554;0.0;1011.8;0.0;Fair
1557885600;28.0;24.0;0.79;E;1.9444444444444444;0.0;1010.8;0.0;Fair
1557889200;27.0;23.0;0.79;ENE;1.1111111111111112;0.0;1010.8;0.0;Partly Cloudy
1557892800;26.0;24.0;0.89;WNW;1.6666666666666665;0.0;1009.8;0.0;Partly Cloudy
1557896400;25.0;24.0;0.94;VAR;1.1111111111111112;0.0;1009.8;0.0;Partly Cloudy
1557900000;25.0;23.0;0.89;CALM;0.0;0.0;1009.8;0.0;Partly Cloudy
1557903600;25.0;23.0;0.89;CALM;0.0;0.0;1009.8;0.0;Partly Cloudy
1557907200;25.0;23.0;0.89;NNW;1.6666666666666665;0.0;1010.8;0.0;Partly Cloudy
1557910800;24.0;23.0;0.94;CALM;0.0;0.0;1010.8;0.0;Partly Cloudy
1557914400;26.0;23.0;0.83;W;1.6666666666666665;0.0;1011.8;0.0;Partly Cloudy
1557918000;27.0;24.0;0.84;NNW;1.6666666666666665;0.0;1012.8;0.0;Partly Cloudy
1557921600;28.0;23.0;0.74;VAR;1.1111111111111112;0.0;1012.8;0.0;Showers in the Vicinity
1557925200;30.0;23.0;0.66;E;3.0555555555555554;0.0;1012.8;0.0;Showers in the Vicinity
1557928800;30.0;24.0;0.7;E;4.166666666666667;0.0;1011.8;0.0;Partly Cloudy
1557932400;30.0;24.0;0.7;E;4.166666666666667;0.0;0.0;0.0;Showers in the Vicinity
1557936000;29.0;23.0;0.7;ENE;4.166666666666667;0.0;1009.8;0.0;Partly Cloudy
1557939600;30.0;23.0;0.66;ENE;4.166666666666667;0.0;1009.8;0.0;Fair
1557943200;29.0;23.0;0.7;E;4.166666666666667;0.0;1008.8;0.0;Fair
1557946800;29.0;23.0;0.7;ENE;3.0555555555555554;0.0;1008.8;0.0;Fair
1557950400;28.0;23.0;0.74;E;3.0555555555555554;0.0;1009.8;0.0;Partly Cloudy
1557954000;28.0;23.0;0.74;E;2.5;0.0;1009.8;0.0;Partly Cloudy
1557957600;28.0;23.0;0.74;ENE;2.5;0.0;1009.8;0.0;Partly Cloudy
1557961200;28.0;23.0;0.74;ENE;2.5;0.0;1010.8;0.0;Partly Cloudy
1557964800;28.0;23.0;0.74;E;3.0555555555555554;0.0;1010.8;0.0;Partly Cloudy
1557968400;28.0;23.0;0.74;ENE;1.9444444444444444;0.0;1011.8;0.0;Mostly Cloudy
1557972000;28.0;23.0;0.74;ENE;1.9444444444444444;0.0;1011.8;0.0;Partly Cloudy
1557975600;27.0;22.0;0.74;ENE;1.6666666666666665;0.0;1010.8;0.0;Partly Cloudy
1557979200;25.0;23.0;0.89;NW;1.6666666666666665;0.0;1010.8;0.0;Fair
1557982800;25.0;23.0;0.89;NW;1.1111111111111112;0.0;1009.8;0.0;Partly Cloudy
1557986400;25.0;23.0;0.89;CALM;0.0;0.0;1009.8;0.0;Partly Cloudy
1557990000;25.0;23.0;0.89;NW;1.1111111111111112;0.0;1010.8;0.0;Partly Cloudy
1557993600;24.0;22.0;0.89;NW;1.6666666666666665;0.0;1010.8;0.0;Partly Cloudy
1557997200;24.0;22.0;0.89;VAR;1.1111111111111112;0.0;1011.8;0.0;Partly Cloudy
1558000800;26.0;23.0;0.83;CALM;0.0;0.0;1011.8;0.0;Partly Cloudy
1558004400;28.0;24.0;0.79;SSW;2.5;0.0;1012.8;0.0;Partly Cloudy
1558008000;29.0;24.0;0.74;ENE;2.5;0.0;1012.8;0.0;Partly Cloudy
1558011600;30.0;23.0;0.66;E;3.0555555555555554;0.0;1012.8;0.0;Partly Cloudy
1558015200;29.0;23.0;0.7;ESE;4.722222222222222;0.0;1011.8;0.0;Partly Cloudy
1558018800;30.0;24.0;0.7;E;4.166666666666667;0.0;1010.8;0.0;Partly Cloudy
1558022400;30.0;23.0;0.66;ESE;4.166666666666667;0.0;1010.8;0.0;Partly Cloudy
1558026000;30.0;23.0;0.66;VAR;3.611111111111111;0.0;1009.8;0.0;Partly Cloudy
1558029600;29.0;23.0;0.7;E;4.166666666666667;0.0;1008.8;0.0;Partly Cloudy
1558033200;29.0;23.0;0.7;E;4.166666666666667;0.0;1009.8;0.0;Partly Cloudy
1558036800;28.0;23.0;0.74;ESE;3.0555555555555554;0.0;1009.8;0.0;Partly Cloudy
1558040400;28.0;23.0;0.74;E;3.0555555555555554;0.0;1009.8;0.0;Partly Cloudy
1558044000;28.0;23.0;0.74;E;3.0555555555555554;0.0;1010.8;0.0;Partly Cloudy
1558047600;28.0;23.0;0.74;E;3.0555555555555554;0.0;1010.8;0.0;Fair
1558051200;28.0;23.0;0.74;E;3.611111111111111;0.0;1011.8;0.0;Partly Cloudy
1558054800;28.0;23.0;0.74;E;3.0555555555555554;0.0;1011.8;0.0;Partly Cloudy
1558058400;28.0;23.0;0.74;E;1.9444444444444444;0.0;1011.8;0.0;Partly Cloudy
1558062000;28.0;23.0;0.74;E;3.0555555555555554;0.0;1011.8;0.0;Partly Cloudy
1558065600;28.0;23.0;0.74;E;1.9444444444444444;0.0;1010.8;0.0;Partly Cloudy
1558069200;27.0;23.0;0.79;ENE;1.6666666666666665;0.0;1010.8;0.0;Partly Cloudy
1558072800;25.0;23.0;0.89;E;1.6666666666666665;0.0;1009.8;0.0;Partly Cloudy
1558076400;25.0;23.0;0.89;SW;1.9444444444444444;0.0;1009.8;0.0;Partly Cloudy
1558080000;25.0;23.0;0.89;SW;1.6666666666666665;0.0;1010.8;0.0;Partly Cloudy
1558083600;25.0;24.0;0.94;VAR;1.1111111111111112;0.0;1010.8;0.0;Partly Cloudy
1558087200;28.0;23.0;0.74;E;1.1111111111111112;0.0;1010.8;0.0;Mostly Cloudy
1558090800;28.0;22.0;0.7;ESE;3.611111111111111;0.0;1011.8;0.0;Mostly Cloudy
1558094400;29.0;23.0;0.7;SE;4.166666666666667;0.0;1012.8;0.0;Partly Cloudy
1558098000;29.0;23.0;0.7;ESE;3.611111111111111;0.0;1012.8;0.0;Partly Cloudy
1558101600;29.0;23.0;0.7;ESE;4.166666666666667;0.0;1011.8;0.0;Partly Cloudy
1558105200;30.0;23.0;0.66;ESE;4.166666666666667;0.0;1010.8;0.0;Partly Cloudy
1558108800;29.0;23.0;0.7;ESE;4.722222222222222;0.0;1010.8;0.0;Fair
1558112400;29.0;22.0;0.66;ESE;5.277777777777778;0.0;1009.8;0.0;Fair
1558116000;29.0;22.0;0.66;ESE;5.277777777777778;0.0;1009.8;0.0;Partly Cloudy
1558119600;29.0;22.0;0.66;ESE;4.722222222222222;0.0;1009.8;0.0;Fair
1558123200;28.0;21.0;0.66;ESE;3.611111111111111;0.0;1009.8;0.0;Fair
1558126800;28.0;21.0;0.66;ESE;3.0555555555555554;0.0;1009.8;0.0;Fair
1558130400;28.0;20.0;0.62;E;2.5;0.0;1010.8;0.0;Fair
1558134000;28.0;22.0;0.7;SE;3.611111111111111;0.0;1010.8;0.0;Fair
1558137600;28.0;22.0;0.7;E;3.611111111111111;0.0;1011.8;0.0;Fair
1558141200;28.0;22.0;0.7;E;2.5;0.0;1011.8;0.0;Partly Cloudy
1558144800;27.0;22.0;0.74;SE;2.5;0.0;1011.8;0.0;Partly Cloudy
1558148400;27.0;22.0;0.74;SE;2.5;0.0;1011.8;0.0;Partly Cloudy
1558152000;25.0;22.0;0.83;S;1.9444444444444444;0.0;1011.8;0.0;Partly Cloudy
1558155600;25.0;22.0;0.83;WSW;1.1111111111111112;0.0;1010.8;0.0;Partly Cloudy
1558159200;24.0;21.0;0.83;SW;1.1111111111111112;0.0;1010.8;0.0;Partly Cloudy
1558162800;24.0;21.0;0.83;CALM;0.0;0.0;1010.8;0.0;Fair
1558166400;23.0;20.0;0.83;CALM;0.0;0.0;1010.8;0.0;Partly Cloudy
1558170000;24.0;21.0;0.83;NW;1.1111111111111112;0.0;1010.8;0.0;Fair
1558173600;25.0;22.0;0.83;W;1.1111111111111112;0.0;1011.8;0.0;Fair
1558177200;28.0;23.0;0.74;VAR;1.1111111111111112;0.0;1012.8;0.0;Fair
1558180800;29.0;23.0;0.7;SE;2.5;0.0;1012.8;0.0;Partly Cloudy
1558184400;30.0;23.0;0.66;SE;3.0555555555555554;0.0;1012.8;0.0;Partly Cloudy
1558188000;29.0;23.0;0.7;SE;3.611111111111111;0.0;1012.8;0.0;Partly Cloudy
1558191600;30.0;23.0;0.66;SE;3.611111111111111;0.0;1011.8;0.0;Partly Cloudy
1558195200;30.0;23.0;0.66;SE;4.722222222222222;0.0;1010.8;0.0;Partly Cloudy
1558198800;29.0;23.0;0.7;SSE;5.277777777777778;0.0;1009.8;0.0;Partly Cloudy
1558202400;29.0;24.0;0.74;SSE;5.277777777777778;0.0;1009.8;0.0;Partly Cloudy
1558206000;29.0;23.0;0.7;SE;3.611111111111111;0.0;1009.8;0.0;Partly Cloudy
1558209600;28.0;24.0;0.79;SSE;4.166666666666667;0.0;1009.8;0.0;Partly Cloudy
1558213200;28.0;24.0;0.79;SE;4.722222222222222;0.0;1010.8;0.0;Partly Cloudy
1558216800;28.0;23.0;0.74;SE;2.5;0.0;1010.8;0.0;Mostly Cloudy
1558220400;28.0;23.0;0.74;SE;3.611111111111111;0.0;1011.8;0.0;Mostly Cloudy
1558224000;0.0;0.0;0.0;SSE;2.5;0.0;1011.8;0.0;Light Rain
1558227600;26.0;24.0;0.89;S;1.9444444444444444;0.0;1011.8;0.0;Partly Cloudy
1558231200;26.0;24.0;0.89;S;0.5555555555555556;0.0;1011.8;0.0;Partly Cloudy
1558321200;25.0;22.0;0.83;CALM;0.0;0.0;1011.8;0.0;Partly Cloudy
1558324800;25.0;23.0;0.89;W;1.6666666666666665;0.0;1011.8;0.0;Partly Cloudy
1558328400;25.0;23.0;0.89;WSW;1.6666666666666665;0.0;1010.8;0.0;Partly Cloudy
1558332000;24.0;23.0;0.94;W;1.6666666666666665;0.0;1010.8;0.0;Partly Cloudy
1558335600;24.0;22.0;0.89;CALM;0.0;0.0;1010.8;0.0;Partly Cloudy
1558339200;24.0;22.0;0.89;WSW;1.1111111111111112;0.0;1010.8;0.0;Partly Cloudy
1558342800;24.0;23.0;0.94;WSW;1.1111111111111112;0.0;1010.8;0.0;Partly Cloudy
1558346400;25.0;23.0;0.89;SW;1.1111111111111112;0.0;1011.8;0.0;Partly Cloudy
1558350000;27.0;24.0;0.84;S;1.9444444444444444;0.0;1012.8;0.0;Partly Cloudy
1558353600;29.0;24.0;0.74;S;4.166666666666667;0.0;1012.8;0.0;Partly Cloudy
1558357200;29.0;24.0;0.74;SSE;3.611111111111111;0.0;1012.8;0.0;Partly Cloudy
1558360800;29.0;24.0;0.74;SE;3.0555555555555554;0.0;1011.8;0.0;Showers in the Vicinity
1558364400;29.0;24.0;0.74;SE;4.166666666666667;0.0;0.0;0.0;Showers in the Vicinity
1558368000;29.0;23.0;0.7;S;4.722222222222222;0.0;1010.8;0.0;Partly Cloudy
1558371600;29.0;24.0;0.74;S;3.611111111111111;0.0;1009.8;0.0;Partly Cloudy
1558375200;28.0;24.0;0.79;SSE;5.555555555555555;0.0;1009.8;0.0;Partly Cloudy
1558378800;0.0;0.0;0.0;ESE;3.611111111111111;0.0;1009.8;0.0;Light Rain
1558382400;0.0;0.0;0.0;E;4.166666666666667;0.0;1009.8;0.0;Showers in the Vicinity
1558386000;26.0;24.0;0.89;ESE;5.555555555555555;0.0;0.0;0.0;Showers in the Vicinity
1558389600;25.0;23.0;0.89;SSE;3.611111111111111;0.0;1011.8;0.0;Light Rain
1558393200;25.0;23.0;0.89;SE;4.722222222222222;0.0;1011.8;0.0;Showers in the Vicinity
1558395300;24.0;24.0;1.0;SSE;3.0555555555555554;0.0;1011.8;0.0;Light Rain
1558396800;25.0;24.0;0.94;SSE;2.5;0.0;1011.8;0.0;Light Rain
1558400400;25.0;24.0;0.94;SSE;2.5;0.0;1011.8;0.0;Light Rain
1558404000;0.0;0.0;0.0;ESE;1.6666666666666665;0.0;1012.8;0.0;Light Rain
1558580400;27.0;22.0;0.74;SE;3.611111111111111;0.0;1011.8;0.0;Partly Cloudy
1558584000;26.0;22.0;0.78;S;1.9444444444444444;0.0;1010.8;0.0;Fair
1558587600;26.0;23.0;0.83;W;1.1111111111111112;0.0;1010.8;0.0;Fair
1558591200;25.0;23.0;0.89;WSW;1.9444444444444444;0.0;1010.8;0.0;Fair
1558592460;24.0;23.0;0.94;CALM;0.0;0.0;1010.8;0.0;Light Rain Shower
1558594800;24.0;23.0;0.94;WSW;1.9444444444444444;0.0;0.0;0.0;Light Rain Shower
1558598400;24.0;23.0;0.94;W;1.6666666666666665;0.0;1010.8;0.0;Mostly Cloudy
1558602000;24.0;23.0;0.94;CALM;0.0;0.0;1011.8;0.0;Partly Cloudy
1558605600;26.0;23.0;0.83;SW;2.5;0.0;1011.8;0.0;Mostly Cloudy
1558609200;27.0;24.0;0.84;SSW;1.9444444444444444;0.0;1012.8;0.0;Partly Cloudy
1558612800;28.0;24.0;0.79;SSE;4.166666666666667;0.0;1012.8;0.0;Partly Cloudy
1558616400;29.0;22.0;0.66;SSE;4.722222222222222;0.0;1012.8;0.0;Fair
1558620000;30.0;22.0;0.62;SSE;5.277777777777778;0.0;1012.8;0.0;Fair
1558623600;30.0;23.0;0.66;SE;5.555555555555555;0.0;1011.8;0.0;Fair
1558627200;29.0;23.0;0.7;SE;6.111111111111111;0.0;1010.8;0.0;Fair
1558630800;30.0;23.0;0.66;SSE;6.666666666666666;0.0;1009.8;0.0;Fair
1558634400;29.0;24.0;0.74;SSE;6.666666666666666;0.0;1009.8;0.0;Fair
1558638000;28.0;23.0;0.74;SSE;7.222222222222222;0.0;1009.8;0.0;Fair
1558641600;28.0;23.0;0.74;SSE;6.111111111111111;0.0;1010.8;0.0;Fair
1558645200;28.0;24.0;0.79;SSE;5.555555555555555;0.0;1010.8;0.0;Mostly Cloudy
1558648800;27.0;24.0;0.84;SSE;5.555555555555555;0.0;1011.8;0.0;Mostly Cloudy
1558652400;27.0;23.0;0.79;SE;4.722222222222222;0.0;1011.8;0.0;Partly Cloudy
1558656000;28.0;24.0;0.79;SE;4.166666666666667;0.0;1011.8;0.0;Mostly Cloudy
1558659600;27.0;24.0;0.84;SE;3.611111111111111;0.0;1011.8;0.0;Partly Cloudy
1558663200;27.0;24.0;0.84;SE;2.5;0.0;1011.8;0.0;Partly Cloudy
1559044800;29.0;23.0;0.7;ESE;3.611111111111111;0.0;1012.8;0.0;Partly Cloudy
1559048400;30.0;24.0;0.7;VAR;4.722222222222222;0.0;1012.8;0.0;Partly Cloudy
1559052000;29.0;23.0;0.7;ESE;5.277777777777778;0.0;1012.8;0.0;Partly Cloudy
1559055600;30.0;22.0;0.62;ESE;4.722222222222222;0.0;1011.8;0.0;Partly Cloudy
1559059200;30.0;23.0;0.66;ESE;4.166666666666667;0.0;1010.8;0.0;Partly Cloudy
1559062800;29.0;22.0;0.66;E;4.166666666666667;0.0;1009.8;0.0;Partly Cloudy
1559066400;29.0;22.0;0.66;E;4.722222222222222;0.0;1009.8;0.0;Fair
1559070000;29.0;22.0;0.66;ESE;4.722222222222222;0.0;1009.8;0.0;Partly Cloudy
1559073600;28.0;22.0;0.7;ESE;4.166666666666667;0.0;1010.8;0.0;Fair
1559077200;28.0;22.0;0.7;ESE;3.0555555555555554;0.0;1010.8;0.0;Partly Cloudy
1559080800;28.0;23.0;0.74;E;1.9444444444444444;0.0;1011.8;0.0;Fair
1559084400;28.0;23.0;0.74;E;2.5;0.0;1011.8;0.0;Fair
1559088000;28.0;23.0;0.74;E;1.9444444444444444;0.0;1012.8;0.0;Partly Cloudy
1559091600;28.0;22.0;0.7;E;3.0555555555555554;0.0;1012.8;0.0;Partly Cloudy
1559095200;28.0;22.0;0.7;E;3.611111111111111;0.0;1012.8;0.0;Partly Cloudy
1559530800;25.0;21.0;0.78;SSW;1.6666666666666665;0.0;1013.8;0.0;Partly Cloudy
1559534400;24.0;21.0;0.83;SW;2.5;0.0;1013.8;0.0;Partly Cloudy
1559538000;24.0;21.0;0.83;SW;2.5;0.0;1012.8;0.0;Partly Cloudy
1559541600;24.0;21.0;0.83;SSW;1.6666666666666665;0.0;1012.8;0.0;Partly Cloudy
1559545200;23.0;21.0;0.88;S;1.6666666666666665;0.0;1012.8;0.0;Partly Cloudy
1559548800;23.0;21.0;0.88;SSW;3.0555555555555554;0.0;1012.8;0.0;Partly Cloudy
1559552400;24.0;21.0;0.83;SW;3.0555555555555554;0.0;1012.8;0.0;Partly Cloudy
1559556000;25.0;22.0;0.83;SSW;3.0555555555555554;0.0;1013.8;0.0;Partly Cloudy
1559559600;29.0;23.0;0.7;ESE;4.722222222222222;0.0;1014.8;0.0;Partly Cloudy
1559563200;30.0;22.0;0.62;ESE;5.277777777777778;0.0;1015.79;0.0;Partly Cloudy
1559566800;30.0;22.0;0.62;ESE;5.555555555555555;0.0;1015.79;0.0;Fair
1559570400;29.0;22.0;0.66;ESE;5.555555555555555;0.0;1015.79;0.0;Partly Cloudy
1559574000;30.0;22.0;0.62;ESE;6.111111111111111;0.0;1014.8;0.0;Partly Cloudy
1559577600;30.0;22.0;0.62;SE;6.111111111111111;0.0;1013.8;0.0;Partly Cloudy
1559581200;29.0;22.0;0.66;SE;6.666666666666666;0.0;1012.8;0.0;Partly Cloudy
1559584800;29.0;23.0;0.7;SE;5.555555555555555;0.0;1012.8;0.0;Partly Cloudy
1559588400;27.0;23.0;0.79;ESE;6.666666666666666;0.0;1012.8;0.0;Partly Cloudy
1559592000;27.0;21.0;0.7;ESE;4.722222222222222;0.0;1012.8;0.0;Mostly Cloudy
1559595600;27.0;21.0;0.7;SE;3.611111111111111;0.0;1013.8;0.0;Fair
1559599200;27.0;22.0;0.74;ESE;4.166666666666667;0.0;1013.8;0.0;Mostly Cloudy
1559602800;27.0;22.0;0.74;SE;4.166666666666667;0.0;1014.8;0.0;Mostly Cloudy
1559606400;25.0;22.0;0.83;E;4.166666666666667;0.0;1015.79;0.0;Mostly Cloudy
1559610000;24.0;23.0;0.94;E;1.9444444444444444;0.0;0.0;0.0;Showers in the Vicinity
1559611500;23.0;22.0;0.94;ESE;3.611111111111111;0.0;1015.79;0.0;Rain
1559613600;23.0;22.0;0.94;VAR;1.1111111111111112;0.0;1015.79;0.0;Light Rain
1559617200;23.0;22.0;0.94;VAR;1.1111111111111112;0.0;1015.79;0.0;Light Rain
1559620800;23.0;22.0;0.94;S;3.0555555555555554;0.0;1014.8;0.0;Light Rain
1559624400;23.0;22.0;0.94;WSW;1.6666666666666665;0.0;1014.8;0.0;Light Rain
1559628000;23.0;21.0;0.88;W;1.9444444444444444;0.0;1013.8;0.0;Partly Cloudy
1559631600;23.0;21.0;0.88;WNW;1.6666666666666665;0.0;1013.8;0.0;Partly Cloudy
1559635200;23.0;21.0;0.88;VAR;1.1111111111111112;0.0;1013.8;0.0;Partly Cloudy
1559638800;23.0;21.0;0.88;NW;1.1111111111111112;0.0;1013.8;0.0;Partly Cloudy
1559642400;24.0;22.0;0.89;SSW;1.6666666666666665;0.0;1014.8;0.0;Showers in the Vicinity
1559646000;26.0;23.0;0.83;SSW;3.0555555555555554;0.0;1015.79;0.0;Partly Cloudy
1559649600;27.0;22.0;0.74;S;3.611111111111111;0.0;1015.79;0.0;Partly Cloudy
1559651220;27.0;23.0;0.79;SSE;3.611111111111111;10.277777777777777;1015.79;0.0;Light Rain Shower
1559653200;25.0;23.0;0.89;S;5.277777777777778;0.0;1015.79;0.0;Showers in the Vicinity
1559656800;29.0;24.0;0.74;SSE;5.555555555555555;0.0;1015.79;0.0;Partly Cloudy
1559660400;29.0;22.0;0.66;SSE;5.277777777777778;0.0;1014.8;0.0;Fair
1559664000;29.0;23.0;0.7;SE;5.555555555555555;0.0;1014.8;0.0;Partly Cloudy
1559667600;29.0;23.0;0.7;SE;5.555555555555555;0.0;1012.8;0.0;Partly Cloudy
1559671200;29.0;23.0;0.7;SSE;6.111111111111111;0.0;1012.8;0.0;Fair
1559674800;28.0;23.0;0.74;SSE;6.111111111111111;0.0;1012.8;0.0;Fair
1559678400;27.0;22.0;0.74;SSE;6.111111111111111;0.0;1013.8;0.0;Fair
1559682000;28.0;22.0;0.7;SSE;5.277777777777778;0.0;1013.8;0.0;Fair
1559685600;28.0;22.0;0.7;SSE;3.611111111111111;0.0;1013.8;0.0;Fair
1559689200;27.0;22.0;0.74;SSE;4.722222222222222;0.0;1014.8;0.0;Partly Cloudy
1559692800;27.0;22.0;0.74;SSE;4.166666666666667;0.0;1014.8;0.0;Fair
1559696400;25.0;22.0;0.83;SSW;1.9444444444444444;0.0;1014.8;0.0;Fair
1559700000;25.0;22.0;0.83;SW;1.9444444444444444;0.0;1015.79;0.0;Partly Cloudy
1559962800;27.0;21.0;0.7;ESE;3.0555555555555554;0.0;1013.8;0.0;Partly Cloudy
1559966400;26.0;21.0;0.74;SE;3.0555555555555554;0.0;1012.8;0.0;Fair
1559970000;25.0;21.0;0.78;SSW;2.5;0.0;1012.8;0.0;Fair
1559973600;24.0;21.0;0.83;SSW;2.5;0.0;1012.8;0.0;Partly Cloudy
1559977200;24.0;21.0;0.83;S;2.5;0.0;1012.8;0.0;Partly Cloudy
1559980800;23.0;21.0;0.88;S;1.9444444444444444;0.0;1012.8;0.0;Showers in the Vicinity
1559984400;23.0;21.0;0.88;SSW;1.6666666666666665;0.0;1012.8;0.0;Partly Cloudy
1559988000;24.0;22.0;0.89;SW;1.6666666666666665;0.0;1013.8;0.0;Partly Cloudy
1559991600;25.0;23.0;0.89;SSW;1.9444444444444444;0.0;1014.8;0.0;Partly Cloudy
1559995200;29.0;23.0;0.7;SE;4.166666666666667;0.0;1014.8;0.0;Partly Cloudy
1559998800;29.0;22.0;0.66;SE;4.722222222222222;0.0;1014.8;0.0;Partly Cloudy
1560002400;29.0;21.0;0.62;SE;5.277777777777778;0.0;1013.8;0.0;Partly Cloudy
1560006000;29.0;23.0;0.7;SE;5.277777777777778;0.0;1013.8;0.0;Partly Cloudy
1560009600;29.0;22.0;0.66;SE;5.277777777777778;0.0;1012.8;0.0;Partly Cloudy
1560013200;29.0;22.0;0.66;SE;6.111111111111111;0.0;1012.8;0.0;Partly Cloudy
1560016800;29.0;22.0;0.66;SE;5.277777777777778;0.0;1012.8;0.0;Partly Cloudy
1560020400;28.0;22.0;0.7;SSE;6.111111111111111;0.0;1012.8;0.0;Partly Cloudy
1560024000;27.0;22.0;0.74;SSE;6.111111111111111;0.0;1012.8;0.0;Partly Cloudy
1560027600;27.0;22.0;0.74;SE;4.722222222222222;0.0;1013.8;0.0;Partly Cloudy
1560031200;27.0;21.0;0.7;SSE;5.277777777777778;0.0;1013.8;0.0;Fair
1560034800;27.0;22.0;0.74;SSE;4.722222222222222;0.0;1013.8;0.0;Fair
1560038400;27.0;22.0;0.74;SSE;5.277777777777778;0.0;1014.8;0.0;Fair
1560042000;27.0;22.0;0.74;SSE;4.722222222222222;0.0;1014.8;0.0;Partly Cloudy
1560045600;27.0;22.0;0.74;SE;4.166666666666667;0.0;1014.8;0.0;Partly Cloudy
1560394800;24.0;23.0;0.94;ESE;6.666666666666666;13.333333333333332;0.0;0.0;Rain Shower
1560398400;0.0;0.0;0.0;ENE;2.5;0.0;1012.8;0.0;Light Rain
1560400620;24.0;23.0;0.94;SE;5.555555555555555;0.0;0.0;0.0;Heavy Rain Shower
1560402000;24.0;23.0;0.94;SSE;4.722222222222222;0.0;1012.8;0.0;Rain
1560405600;0.0;0.0;0.0;E;3.0555555555555554;0.0;1011.8;0.0;Light Rain
1560409200;26.0;23.0;0.83;ENE;3.0555555555555554;0.0;0.0;0.0;Mostly Cloudy
1560412800;26.0;23.0;0.83;ESE;1.9444444444444444;0.0;1012.8;0.0;Mostly Cloudy
1560416400;25.0;23.0;0.89;SE;3.611111111111111;0.0;1012.8;0.0;Showers in the Vicinity
1560417600;25.0;23.0;0.89;SE;4.722222222222222;0.0;1013.8;0.0;Showers in the Vicinity
1560420000;25.0;0.0;0.0;SSE;3.0555555555555554;0.0;1013.8;0.0;Showers in the Vicinity
1560421680;24.0;23.0;0.94;E;5.555555555555555;0.0;1014.8;0.0;Heavy Rain
1560423600;24.0;23.0;0.94;ENE;3.0555555555555554;0.0;1014.8;0.0;Heavy Rain
1560424800;0.0;0.0;0.0;E;3.611111111111111;0.0;1014.8;0.0;Light Rain
1560427200;0.0;0.0;0.0;SSW;1.9444444444444444;0.0;1014.8;0.0;Light Rain
1560428700;24.0;22.0;0.89;S;4.166666666666667;0.0;1014.8;0.0;Rain
1560430800;0.0;0.0;0.0;SSW;1.6666666666666665;0.0;1014.8;0.0;Light Rain
1560434400;0.0;0.0;0.0;ENE;3.0555555555555554;0.0;1014.8;0.0;Light Rain
1560435600;23.0;23.0;1.0;ENE;1.9444444444444444;0.0;1014.8;0.0;Rain
1560438000;23.0;22.0;0.94;E;3.0555555555555554;0.0;1014.8;0.0;Rain
1560441600;23.0;22.0;0.94;E;3.611111111111111;8.61111111111111;0.0;0.0;Rain
1560443700;23.0;23.0;1.0;ENE;1.9444444444444444;0.0;1013.8;0.0;Light Rain
1560445200;24.0;23.0;0.94;E;1.6666666666666665;0.0;1013.8;0.0;Light Rain
1560446880;25.0;21.0;0.78;ESE;3.611111111111111;0.0;1012.8;0.0;Light Rain
1560448800;0.0;0.0;0.0;SSE;1.6666666666666665;0.0;1012.8;0.0;Light Rain
1560452400;25.0;24.0;0.94;VAR;1.9444444444444444;0.0;1012.8;0.0;Light Rain
1560456000;24.0;23.0;0.94;WNW;2.5;0.0;1012.8;0.0;Rain
1560459600;24.0;22.0;0.89;SSE;6.666666666666666;0.0;1013.8;0.0;Rain
1560463200;24.0;23.0;0.94;SE;5.555555555555555;0.0;1014.8;0.0;Rain
1560466800;23.0;21.0;0.88;E;2.5;0.0;1015.79;0.0;Rain
1560470400;23.0;22.0;0.94;S;2.5;0.0;1014.8;0.0;Rain
1560474000;23.0;23.0;1.0;N;3.0555555555555554;8.333333333333334;1014.8;0.0;Rain
1560475800;26.0;22.0;0.78;ESE;3.0555555555555554;0.0;1014.8;0.0;Mostly Cloudy
1560477600;27.0;23.0;0.79;SE;4.722222222222222;0.0;1014.8;0.0;Cloudy
1560481200;24.0;23.0;0.94;SE;7.222222222222222;13.333333333333332;1014.8;0.0;Light Rain
1560484800;27.0;22.0;0.74;SE;7.222222222222222;12.222222222222221;1013.8;0.0;Cloudy
1560488400;27.0;22.0;0.74;SE;6.111111111111111;0.0;1013.8;0.0;Mostly Cloudy
1560492000;26.0;22.0;0.78;SSE;6.111111111111111;0.0;1012.8;0.0;Cloudy
1560495600;26.0;21.0;0.74;SE;5.555555555555555;0.0;1013.8;0.0;Cloudy
1560499200;27.0;22.0;0.74;SSE;6.666666666666666;0.0;1013.8;0.0;Cloudy
1560502800;26.0;21.0;0.74;SE;5.555555555555555;0.0;1013.8;0.0;Fair
1560506400;27.0;21.0;0.7;SE;4.722222222222222;0.0;1014.8;0.0;Fair
1560510000;28.0;22.0;0.7;SE;4.722222222222222;0.0;1015.79;0.0;Partly Cloudy
1560513600;28.0;22.0;0.7;SE;5.555555555555555;0.0;1015.79;0.0;Partly Cloudy
1560517200;29.0;22.0;0.66;SE;5.555555555555555;0.0;1015.79;0.0;Partly Cloudy
1560520800;29.0;22.0;0.66;SE;5.555555555555555;0.0;1015.79;0.0;Partly Cloudy
1560524400;29.0;22.0;0.66;SE;6.111111111111111;0.0;1014.8;0.0;Fair
1560528000;29.0;22.0;0.66;SSE;6.666666666666666;0.0;1014.8;0.0;Fair
1560531600;29.0;22.0;0.66;SSE;6.111111111111111;0.0;1013.8;0.0;Fair
1560535200;28.0;22.0;0.7;SSE;6.666666666666666;0.0;1013.8;0.0;Partly Cloudy
1560538800;27.0;22.0;0.74;SSE;6.111111111111111;0.0;1013.8;0.0;Partly Cloudy
1560542400;27.0;21.0;0.7;SSE;6.666666666666666;0.0;1013.8;0.0;Fair
1560546000;26.0;21.0;0.74;SSE;7.222222222222222;0.0;1014.8;0.0;Fair
1560549600;26.0;21.0;0.74;SSE;6.111111111111111;0.0;1014.8;0.0;Partly Cloudy
1560553200;27.0;21.0;0.7;SSE;6.666666666666666;0.0;1015.79;0.0;Fair
1560556800;27.0;21.0;0.7;SSE;6.666666666666666;0.0;1015.79;0.0;Fair
1560560400;27.0;22.0;0.74;SSE;5.555555555555555;0.0;1015.79;0.0;Partly Cloudy
1560564000;27.0;21.0;0.7;SSE;7.222222222222222;0.0;1015.79;0.0;Partly Cloudy
1560567600;26.0;20.0;0.69;SSE;5.555555555555555;0.0;1014.8;0.0;Fair
1560571200;26.0;21.0;0.74;SSE;5.555555555555555;0.0;1013.8;0.0;Partly Cloudy
1560574800;26.0;22.0;0.78;SSE;5.555555555555555;0.0;1013.8;0.0;Partly Cloudy
1560578400;25.0;23.0;0.89;SSE;8.61111111111111;0.0;1012.8;0.0;Partly Cloudy
1560582000;26.0;22.0;0.78;SSE;6.666666666666666;0.0;1012.8;0.0;Partly Cloudy
1560585600;25.0;22.0;0.83;SSE;7.222222222222222;0.0;1013.8;0.0;Partly Cloudy
1560589200;26.0;22.0;0.78;SSE;7.222222222222222;0.0;1013.8;0.0;Partly Cloudy
1560592800;26.0;22.0;0.78;SSE;7.222222222222222;0.0;1014.8;0.0;Partly Cloudy
1560596400;27.0;22.0;0.74;SSE;7.777777777777778;0.0;1015.79;0.0;Mostly Cloudy
1560600000;27.0;22.0;0.74;SE;8.333333333333334;0.0;0.0;0.0;Showers in the Vicinity
1560603600;27.0;22.0;0.74;SSE;8.61111111111111;0.0;1015.79;0.0;Mostly Cloudy
1560607200;29.0;23.0;0.7;SSE;8.61111111111111;0.0;1015.79;0.0;Mostly Cloudy
1560610800;28.0;22.0;0.7;SSE;9.166666666666666;0.0;1014.8;0.0;Partly Cloudy / Windy
1560614400;29.0;23.0;0.7;SSE;8.61111111111111;0.0;1013.8;0.0;Mostly Cloudy
1560618000;28.0;22.0;0.7;SSE;10.277777777777777;0.0;1012.8;0.0;Mostly Cloudy / Windy
1560621600;27.0;22.0;0.74;SSE;9.166666666666666;0.0;1012.8;0.0;Cloudy / Windy
1560625200;27.0;22.0;0.74;S;7.777777777777778;0.0;0.0;0.0;Light Rain Shower
1560628800;26.0;22.0;0.78;S;4.722222222222222;0.0;1013.8;0.0;Mostly Cloudy
1560632400;27.0;22.0;0.74;SSE;7.222222222222222;0.0;1013.8;0.0;Mostly Cloudy
1560636000;25.0;23.0;0.89;SW;3.0555555555555554;0.0;1014.8;0.0;Partly Cloudy
1560639600;27.0;22.0;0.74;SSE;5.555555555555555;0.0;1014.8;0.0;Partly Cloudy
1560643200;27.0;21.0;0.7;SSE;6.111111111111111;0.0;1014.8;0.0;Mostly Cloudy
1560646800;27.0;22.0;0.74;SE;5.277777777777778;0.0;0.0;0.0;Light Rain Shower
1560650400;26.0;23.0;0.83;ESE;6.111111111111111;0.0;1014.8;0.0;Showers in the Vicinity
1560654000;26.0;23.0;0.83;SE;5.277777777777778;0.0;1014.8;0.0;Showers in the Vicinity
1560657600;26.0;22.0;0.78;ESE;5.555555555555555;0.0;1013.8;0.0;Showers in the Vicinity
1560661200;25.0;22.0;0.83;SE;4.166666666666667;0.0;1013.8;0.0;Mostly Cloudy
1560663900;24.0;23.0;0.94;SE;5.277777777777778;0.0;1012.8;0.0;Light Rain Shower
1560664800;24.0;22.0;0.89;SE;6.666666666666666;0.0;0.0;0.0;Light Rain Shower
1560668400;23.0;22.0;0.94;SE;6.666666666666666;0.0;1012.8;0.0;Showers in the Vicinity
1560672000;24.0;22.0;0.89;SE;6.666666666666666;0.0;0.0;0.0;Light Rain Shower
1560675600;22.0;22.0;1.0;SSE;6.666666666666666;11.944444444444445;1013.8;0.0;Light Rain Shower
1560679200;23.0;22.0;0.94;S;4.722222222222222;0.0;1014.8;0.0;Mostly Cloudy
1560682800;24.0;22.0;0.89;S;4.722222222222222;0.0;1015.79;0.0;Showers in the Vicinity
1560683460;24.0;22.0;0.89;S;4.722222222222222;0.0;1015.79;0.0;Light Rain
1560686400;24.0;23.0;0.94;S;5.277777777777778;0.0;1015.79;0.0;Light Rain
1560690000;23.0;22.0;0.94;S;7.222222222222222;0.0;1015.79;0.0;Light Rain
1560693600;23.0;22.0;0.94;SSW;5.277777777777778;0.0;1014.8;0.0;Rain
1560695700;23.0;22.0;0.94;S;7.222222222222222;0.0;1014.8;0.0;Rain
1560697200;23.0;22.0;0.94;S;6.666666666666666;0.0;1014.8;0.0;Heavy Rain
1560698160;23.0;23.0;1.0;S;7.222222222222222;0.0;1013.8;0.0;Heavy Rain
1560700800;23.0;23.0;1.0;S;5.277777777777778;0.0;1013.8;0.0;Light Rain
1560701940;23.0;22.0;0.94;S;6.111111111111111;0.0;1012.8;0.0;Light Rain
1560704400;23.0;22.0;0.94;SSW;6.666666666666666;0.0;1012.8;0.0;Light Rain
1560708000;23.0;22.0;0.94;S;6.111111111111111;0.0;1012.8;0.0;Light Rain
1560711600;23.0;22.0;0.94;SSW;5.555555555555555;0.0;1012.8;0.0;Light Rain
1560715200;23.0;22.0;0.94;SW;3.611111111111111;0.0;1013.8;0.0;Light Rain
1560718800;23.0;22.0;0.94;SSW;5.555555555555555;0.0;1013.8;0.0;Light Rain
1560720300;23.0;22.0;0.94;SSW;4.166666666666667;0.0;1013.8;0.0;Rain
1560722400;22.0;22.0;1.0;SSE;3.611111111111111;0.0;1014.8;0.0;Rain
1560726000;22.0;22.0;1.0;SSW;4.166666666666667;0.0;1014.8;0.0;Light Rain
1560727500;22.0;22.0;1.0;SW;3.0555555555555554;0.0;1014.8;0.0;Light Rain
1560729600;22.0;22.0;1.0;SW;3.0555555555555554;0.0;1015.79;0.0;Mostly Cloudy
1560733200;22.0;22.0;1.0;SW;2.5;0.0;1015.79;0.0;Mostly Cloudy
1560734400;0.0;0.0;0.0;SW;1.6666666666666665;0.0;1015.79;0.0;Light Rain
1560736800;22.0;22.0;1.0;SW;1.6666666666666665;0.0;1014.8;0.0;Rain
1560740400;22.0;22.0;1.0;WSW;1.1111111111111112;0.0;1014.8;0.0;Rain
1560744000;22.0;22.0;1.0;SW;1.6666666666666665;0.0;1013.8;0.0;Rain
1560747600;22.0;22.0;1.0;VAR;1.1111111111111112;0.0;1012.8;0.0;Rain
1560751200;22.0;22.0;1.0;W;11.944444444444445;0.0;1012.8;0.0;Rain / Windy
1560754800;22.0;22.0;1.0;W;1.6666666666666665;0.0;1012.8;0.0;Rain
1560758400;22.0;22.0;1.0;WSW;1.6666666666666665;0.0;1013.8;0.0;Rain
1560762000;22.0;22.0;1.0;SSW;1.9444444444444444;0.0;1013.8;0.0;Rain
1560765600;23.0;22.0;0.94;S;1.6666666666666665;0.0;1014.8;0.0;Rain
1560769200;23.0;23.0;1.0;W;1.6666666666666665;0.0;1015.79;0.0;Rain
1560772800;24.0;22.0;0.89;VAR;1.6666666666666665;0.0;1014.8;0.0;Light Rain
1560776400;25.0;24.0;0.94;NE;1.9444444444444444;0.0;0.0;0.0;Mostly Cloudy
1560780000;26.0;24.0;0.89;N;2.5;0.0;1014.8;0.0;Mostly Cloudy
1560781740;24.0;22.0;0.89;ENE;6.666666666666666;11.944444444444445;1014.8;0.0;Heavy Rain
1560783600;23.0;23.0;1.0;E;1.9444444444444444;0.0;1014.8;0.0;Rain
1560787200;24.0;23.0;0.94;NE;1.9444444444444444;0.0;1013.8;0.0;Rain
1560790800;24.0;23.0;0.94;NE;1.1111111111111112;0.0;1012.8;0.0;Light Rain
1560794400;26.0;0.0;0.0;NNW;1.6666666666666665;0.0;1012.8;0.0;Showers in the Vicinity
1560798000;26.0;24.0;0.89;WNW;1.9444444444444444;0.0;1012.8;0.0;Showers in the Vicinity
1560799800;24.0;23.0;0.94;SE;5.555555555555555;10.833333333333334;1013.8;0.0;Rain
1560801600;23.0;23.0;1.0;SE;6.666666666666666;0.0;1013.8;0.0;Light Rain
1560802800;24.0;22.0;0.89;VAR;1.1111111111111112;0.0;1013.8;0.0;Light Rain
1560805200;0.0;0.0;0.0;E;3.0555555555555554;0.0;1013.8;0.0;Light Rain
1560808800;24.0;22.0;0.89;VAR;1.1111111111111112;0.0;1013.8;0.0;Showers in the Vicinity
1560812400;25.0;23.0;0.89;SE;2.5;0.0;1014.8;0.0;Light Rain
1560816000;24.0;23.0;0.94;NW;1.9444444444444444;0.0;0.0;0.0;Showers in the Vicinity
1560819600;24.0;23.0;0.94;SE;5.555555555555555;0.0;1015.79;0.0;Light Rain
1560821400;24.0;23.0;0.94;SE;4.722222222222222;0.0;1015.79;0.0;Light Rain
1560823200;24.0;23.0;0.94;E;3.0555555555555554;0.0;1015.79;0.0;Showers in the Vicinity
1560913200;25.0;20.0;0.74;SSE;5.277777777777778;0.0;1015.79;0.0;Partly Cloudy
1560916800;25.0;20.0;0.74;SSE;4.166666666666667;0.0;1014.8;0.0;Partly Cloudy
1560920400;24.0;20.0;0.78;SSW;2.5;0.0;1014.8;0.0;Partly Cloudy
1560924000;23.0;20.0;0.83;SW;1.6666666666666665;0.0;1014.8;0.0;Partly Cloudy
1560927600;22.0;20.0;0.88;SW;1.1111111111111112;0.0;1013.8;0.0;Partly Cloudy
1560931200;22.0;20.0;0.88;W;1.1111111111111112;0.0;1014.8;0.0;Partly Cloudy
1560934800;22.0;20.0;0.88;W;1.1111111111111112;0.0;1014.8;0.0;Fair
1560938400;23.0;20.0;0.83;NNE;1.9444444444444444;0.0;1015.79;0.0;Fair
1560942000;25.0;21.0;0.78;SSW;3.0555555555555554;0.0;1015.79;0.0;Fair
1560945600;27.0;21.0;0.7;SSW;5.277777777777778;0.0;1015.79;0.0;Fair
1560949200;28.0;21.0;0.66;S;6.666666666666666;0.0;1015.79;0.0;Partly Cloudy
1560952800;28.0;21.0;0.66;SSE;7.777777777777778;0.0;1015.79;0.0;Partly Cloudy
1560956400;28.0;22.0;0.7;SSE;7.777777777777778;0.0;1014.8;0.0;Partly Cloudy
1560960000;28.0;22.0;0.7;S;7.222222222222222;0.0;1014.8;0.0;Partly Cloudy
1560963600;28.0;22.0;0.7;SSE;6.666666666666666;0.0;1013.8;0.0;Partly Cloudy
1560967200;27.0;21.0;0.7;SSE;6.666666666666666;0.0;1013.8;0.0;Partly Cloudy
1560970800;25.0;21.0;0.78;S;6.111111111111111;0.0;1014.8;0.0;Partly Cloudy
1560974400;25.0;22.0;0.83;SSW;2.5;0.0;1014.8;0.0;Partly Cloudy
1560978000;25.0;22.0;0.83;SSW;3.0555555555555554;0.0;1014.8;0.0;Fair
1560981600;24.0;21.0;0.83;SSW;3.0555555555555554;0.0;1014.8;0.0;Fair
1560985200;23.0;22.0;0.94;S;3.611111111111111;0.0;1015.79;0.0;Showers in the Vicinity
1560988800;23.0;22.0;0.94;SW;2.5;0.0;1015.79;0.0;Mostly Cloudy
1560992400;23.0;22.0;0.94;SW;3.0555555555555554;0.0;1016.79;0.0;Mostly Cloudy
1560996000;23.0;22.0;0.94;SW;2.5;0.0;1015.79;0.0;Mostly Cloudy
1561086000;26.0;21.0;0.74;SSE;5.555555555555555;0.0;1016.79;0.0;Partly Cloudy
1561089600;26.0;22.0;0.78;SSE;5.555555555555555;0.0;1016.79;0.0;Partly Cloudy
1561093200;24.0;21.0;0.83;SW;3.0555555555555554;0.0;1016.79;0.0;Partly Cloudy
1561096800;24.0;21.0;0.83;S;3.0555555555555554;0.0;1015.79;0.0;Partly Cloudy
1561100400;26.0;21.0;0.74;SSE;6.666666666666666;0.0;1015.79;0.0;Partly Cloudy
1561104000;26.0;20.0;0.69;SSE;7.222222222222222;0.0;1015.79;0.0;Partly Cloudy
1561107600;26.0;21.0;0.74;SSE;7.222222222222222;0.0;1016.79;0.0;Partly Cloudy
1561111200;26.0;21.0;0.74;SSE;7.777777777777778;0.0;1016.79;0.0;Mostly Cloudy
1561114800;28.0;21.0;0.66;SSE;8.61111111111111;0.0;1017.79;0.0;Partly Cloudy
1561118400;28.0;22.0;0.7;SSE;8.333333333333334;0.0;1017.79;0.0;Partly Cloudy
1561122000;28.0;22.0;0.7;SSE;8.61111111111111;0.0;1017.79;0.0;Partly Cloudy
1561125600;29.0;22.0;0.66;SSE;8.61111111111111;0.0;1017.79;0.0;Partly Cloudy
1561129200;28.0;22.0;0.7;SSE;8.61111111111111;0.0;1016.79;0.0;Partly Cloudy
1561132800;29.0;22.0;0.66;SSE;8.333333333333334;0.0;1016.79;0.0;Partly Cloudy
1561136400;28.0;22.0;0.7;SSE;8.333333333333334;0.0;1015.79;0.0;Partly Cloudy
1561140000;28.0;21.0;0.66;SSE;8.61111111111111;0.0;1015.79;0.0;Partly Cloudy
1561143600;27.0;21.0;0.7;SSE;7.777777777777778;0.0;1016.79;0.0;Partly Cloudy
1561147200;27.0;20.0;0.65;SSE;7.777777777777778;0.0;1016.79;0.0;Partly Cloudy
1561150800;26.0;21.0;0.74;SSE;7.222222222222222;0.0;1016.79;0.0;Partly Cloudy
1561154400;26.0;21.0;0.74;S;6.666666666666666;0.0;1016.79;0.0;Partly Cloudy
1561158000;26.0;21.0;0.74;S;6.111111111111111;0.0;1017.79;0.0;Partly Cloudy
1561161600;26.0;21.0;0.74;SSE;7.222222222222222;0.0;1017.79;0.0;Partly Cloudy
1561165200;27.0;21.0;0.7;SSE;7.222222222222222;0.0;1017.79;0.0;Partly Cloudy
1561168800;27.0;21.0;0.7;SE;6.111111111111111;0.0;1017.79;0.0;Partly Cloudy
1561258800;26.0;20.0;0.69;SE;4.166666666666667;0.0;1016.79;0.0;Partly Cloudy
1561262400;26.0;21.0;0.74;SE;3.611111111111111;0.0;1016.79;0.0;Partly Cloudy
1561266000;26.0;21.0;0.74;SE;3.611111111111111;0.0;1015.79;0.0;Partly Cloudy
1561269600;26.0;21.0;0.74;SE;3.0555555555555554;0.0;1015.79;0.0;Partly Cloudy
1561273200;26.0;21.0;0.74;SE;2.5;0.0;1015.79;0.0;Partly Cloudy
1561276800;25.0;21.0;0.78;ESE;1.9444444444444444;0.0;1015.79;0.0;Partly Cloudy
1561280400;26.0;20.0;0.69;SE;4.166666666666667;0.0;1015.79;0.0;Partly Cloudy
1561284000;25.0;21.0;0.78;S;3.0555555555555554;0.0;1015.79;0.0;Partly Cloudy
1561287600;26.0;22.0;0.78;SSW;1.9444444444444444;0.0;1016.79;0.0;Partly Cloudy
1561291200;28.0;21.0;0.66;SE;4.722222222222222;0.0;1016.79;0.0;Partly Cloudy
1561294800;29.0;21.0;0.62;ESE;5.277777777777778;0.0;1016.79;0.0;Partly Cloudy
1561298400;28.0;21.0;0.66;SE;4.722222222222222;0.0;1015.79;0.0;Partly Cloudy
1561302000;29.0;21.0;0.62;ESE;5.277777777777778;0.0;1015.79;0.0;Partly Cloudy
1561305600;29.0;21.0;0.62;ESE;5.277777777777778;0.0;1014.8;0.0;Partly Cloudy
1561309200;28.0;21.0;0.66;SE;5.555555555555555;0.0;1013.8;0.0;Partly Cloudy
1561312800;28.0;23.0;0.74;SSE;7.222222222222222;0.0;1013.8;0.0;Mostly Cloudy
1561316400;26.0;20.0;0.69;SSE;6.111111111111111;0.0;1013.8;0.0;Mostly Cloudy
1561320000;26.0;20.0;0.69;SSE;5.555555555555555;0.0;1014.8;0.0;Partly Cloudy
1561323600;26.0;21.0;0.74;SSE;4.722222222222222;0.0;1014.8;0.0;Partly Cloudy
1561327200;26.0;21.0;0.74;SE;4.166666666666667;0.0;1014.8;0.0;Partly Cloudy
1561330800;27.0;20.0;0.65;SE;3.611111111111111;0.0;1014.8;0.0;Partly Cloudy
1561334400;26.0;21.0;0.74;SE;3.611111111111111;0.0;1015.79;0.0;Partly Cloudy
1561338000;26.0;21.0;0.74;SE;3.611111111111111;0.0;1015.79;0.0;Partly Cloudy
1561341600;24.0;21.0;0.83;SSW;1.9444444444444444;0.0;1014.8;0.0;Fair
1561431600;24.0;22.0;0.89;VAR;1.1111111111111112;0.0;1012.8;0.0;Partly Cloudy
1561435200;23.0;21.0;0.88;SW;1.9444444444444444;0.0;1012.8;0.0;Partly Cloudy
1561438800;23.0;22.0;0.94;SSW;2.5;0.0;1012.8;0.0;Partly Cloudy
1561442400;23.0;22.0;0.94;WSW;2.5;0.0;1012.8;0.0;Fair
1561446000;23.0;22.0;0.94;SSW;1.6666666666666665;0.0;1012.8;0.0;Light Rain
1561449600;22.0;21.0;0.94;SW;1.6666666666666665;0.0;1012.8;0.0;Partly Cloudy
1561453200;22.0;21.0;0.94;WSW;1.6666666666666665;0.0;1012.8;0.0;Partly Cloudy
1561456800;23.0;22.0;0.94;SW;1.1111111111111112;0.0;1013.8;0.0;Partly Cloudy
1561460400;25.0;22.0;0.83;SSW;2.5;0.0;1013.8;0.0;Fair
1561464000;27.0;21.0;0.7;S;3.0555555555555554;0.0;1014.8;0.0;Partly Cloudy
1561467600;27.0;21.0;0.7;S;4.166666666666667;0.0;1013.8;0.0;Partly Cloudy
1561471200;28.0;19.0;0.58;SE;5.555555555555555;0.0;1013.8;0.0;Partly Cloudy
1561474800;28.0;21.0;0.66;SSE;5.277777777777778;0.0;1012.8;0.0;Partly Cloudy
1561478400;28.0;20.0;0.62;ESE;4.166666666666667;0.0;1012.8;0.0;Partly Cloudy
1561482000;28.0;20.0;0.62;SSE;5.277777777777778;0.0;1011.8;0.0;Partly Cloudy
1561485600;28.0;20.0;0.62;SE;4.722222222222222;0.0;1011.8;0.0;Partly Cloudy
1561489200;27.0;20.0;0.65;SE;5.277777777777778;0.0;1011.8;0.0;Partly Cloudy
1561492800;27.0;20.0;0.65;SE;4.166666666666667;0.0;1012.8;0.0;Fair
1561496400;27.0;20.0;0.65;SE;5.277777777777778;0.0;1012.8;0.0;Fair
1561500000;26.0;20.0;0.69;SE;4.722222222222222;0.0;1013.8;0.0;Fair
1561503600;26.0;21.0;0.74;SE;3.0555555555555554;0.0;1013.8;0.0;Fair
1561507200;26.0;20.0;0.69;SE;3.611111111111111;0.0;1014.8;0.0;Fair
1561510800;26.0;20.0;0.69;SE;3.611111111111111;0.0;1014.8;0.0;Fair
1561514400;26.0;21.0;0.74;SE;4.166666666666667;0.0;1014.8;0.0;Partly Cloudy
1561518000;24.0;21.0;0.83;SSW;1.6666666666666665;0.0;1014.8;0.0;Mostly Cloudy
1561521600;24.0;21.0;0.83;SW;2.5;0.0;1013.8;0.0;Partly Cloudy
1561525200;23.0;21.0;0.88;VAR;1.1111111111111112;0.0;1013.8;0.0;Partly Cloudy
1561528800;22.0;20.0;0.88;S;1.1111111111111112;0.0;1012.8;0.0;Partly Cloudy
1561532400;23.0;21.0;0.88;S;1.6666666666666665;0.0;1013.8;0.0;Partly Cloudy
1561536000;22.0;20.0;0.88;SSW;1.6666666666666665;0.0;1013.8;0.0;Partly Cloudy
1561539600;22.0;20.0;0.88;CALM;0.0;0.0;1013.8;0.0;Mostly Cloudy
1561543200;23.0;21.0;0.88;VAR;1.1111111111111112;0.0;1014.8;0.0;Showers in the Vicinity
1561543800;23.0;21.0;0.88;SSE;1.9444444444444444;0.0;0.0;0.0;Light Rain Shower
1561546800;23.0;22.0;0.94;SSW;1.6666666666666665;0.0;1015.79;0.0;Light Rain Shower
1561547640;24.0;22.0;0.89;WSW;1.9444444444444444;0.0;1015.79;0.0;Showers in the Vicinity
1561550400;25.0;23.0;0.89;WSW;2.5;0.0;0.0;0.0;Showers in the Vicinity
1561554000;26.0;23.0;0.83;S;2.5;0.0;1015.79;0.0;Showers in the Vicinity
1561557600;26.0;22.0;0.78;S;2.5;0.0;1014.8;0.0;Mostly Cloudy
1561561200;28.0;23.0;0.74;E;4.722222222222222;0.0;1014.8;0.0;Mostly Cloudy
1561564800;28.0;22.0;0.7;E;3.611111111111111;0.0;1013.8;0.0;Mostly Cloudy
1561568400;28.0;22.0;0.7;VAR;3.0555555555555554;0.0;1013.8;0.0;Mostly Cloudy
1561572000;28.0;21.0;0.66;ESE;5.277777777777778;0.0;1013.8;0.0;Showers in the Vicinity
1561575600;27.0;23.0;0.79;E;3.611111111111111;0.0;1013.8;0.0;Mostly Cloudy
1561579200;26.0;23.0;0.83;SE;3.611111111111111;0.0;1013.8;0.0;Mostly Cloudy
1561582800;25.0;22.0;0.83;SSW;2.5;0.0;1013.8;0.0;Partly Cloudy
1561586400;24.0;22.0;0.89;S;2.5;0.0;1014.8;0.0;Partly Cloudy
1561590000;24.0;22.0;0.89;SSW;2.5;0.0;1014.8;0.0;Fair
1561593600;24.0;22.0;0.89;SSW;3.0555555555555554;0.0;1014.8;0.0;Partly Cloudy
1561597200;23.0;22.0;0.94;SSW;2.5;0.0;1014.8;0.0;Partly Cloudy
1561600800;23.0;22.0;0.94;SW;2.5;0.0;1014.8;0.0;Partly Cloudy
1561950000;24.0;23.0;0.94;SSW;1.9444444444444444;0.0;1013.8;0.0;Partly Cloudy
1561953600;25.0;23.0;0.89;E;1.6666666666666665;0.0;1012.8;0.0;Mostly Cloudy
1561954800;24.0;22.0;0.89;ESE;2.5;0.0;1012.8;0.0;Rain
1561957200;25.0;22.0;0.83;E;4.166666666666667;0.0;1011.8;0.0;Light Rain
1561960800;25.0;23.0;0.89;SE;3.0555555555555554;0.0;1011.8;0.0;Partly Cloudy
1561964400;23.0;22.0;0.94;ESE;3.611111111111111;0.0;1011.8;0.0;Light Rain
1561968000;24.0;22.0;0.89;E;4.722222222222222;0.0;1012.8;0.0;Light Rain
1561971600;24.0;22.0;0.89;ENE;1.1111111111111112;0.0;1012.8;0.0;Mostly Cloudy
1561975200;24.0;22.0;0.89;SE;4.166666666666667;0.0;1013.8;0.0;Mostly Cloudy
1561977360;24.0;22.0;0.89;ESE;6.111111111111111;0.0;0.0;0.0;Light Rain
1561978800;24.0;22.0;0.89;ESE;4.166666666666667;0.0;0.0;0.0;Light Rain
1561982400;25.0;22.0;0.83;NE;1.1111111111111112;0.0;1014.8;0.0;Mostly Cloudy
1561986000;27.0;23.0;0.79;E;2.5;0.0;1013.8;0.0;Mostly Cloudy
1561989600;27.0;23.0;0.79;ESE;3.0555555555555554;0.0;1014.8;0.0;Mostly Cloudy
1561993200;29.0;22.0;0.66;ESE;5.277777777777778;0.0;1012.8;0.0;Partly Cloudy
1561996800;28.0;21.0;0.66;ESE;4.722222222222222;0.0;1011.8;0.0;Partly Cloudy
1562000400;28.0;21.0;0.66;E;4.722222222222222;0.0;1011.8;0.0;Partly Cloudy
1562004000;28.0;22.0;0.7;ESE;3.611111111111111;0.0;1010.8;0.0;Partly Cloudy
1562007600;27.0;21.0;0.7;SE;4.166666666666667;0.0;1010.8;0.0;Partly Cloudy
1562011200;27.0;21.0;0.7;ESE;3.0555555555555554;0.0;1011.8;0.0;Partly Cloudy
1562014800;27.0;21.0;0.7;SE;4.166666666666667;0.0;1011.8;0.0;Partly Cloudy
1562018400;26.0;21.0;0.74;SE;3.0555555555555554;0.0;1011.8;0.0;Partly Cloudy
1562022000;26.0;21.0;0.74;SE;2.5;0.0;1012.8;0.0;Partly Cloudy
1562025600;26.0;21.0;0.74;ESE;3.611111111111111;0.0;1012.8;0.0;Partly Cloudy
1562029200;26.0;21.0;0.74;SE;3.0555555555555554;0.0;1012.8;0.0;Mostly Cloudy
1562032800;26.0;21.0;0.74;SE;3.611111111111111;0.0;1012.8;0.0;Partly Cloudy
1562036400;24.0;21.0;0.83;CALM;0.0;0.0;1012.8;0.0;Fair
1562040000;24.0;21.0;0.83;WNW;1.6666666666666665;0.0;1011.8;0.0;Partly Cloudy
1562043600;23.0;21.0;0.88;NW;1.6666666666666665;0.0;1011.8;0.0;Partly Cloudy
1562047200;22.0;21.0;0.94;WNW;1.9444444444444444;0.0;1011.8;0.0;Partly Cloudy
1562050800;22.0;21.0;0.94;N;1.6666666666666665;0.0;1011.8;0.0;Partly Cloudy
1562054400;22.0;21.0;0.94;N;1.6666666666666665;0.0;1011.8;0.0;Partly Cloudy
1562058000;22.0;21.0;0.94;CALM;0.0;0.0;1011.8;0.0;Partly Cloudy
1562061600;23.0;21.0;0.88;CALM;0.0;0.0;1011.8;0.0;Partly Cloudy
1562065200;25.0;22.0;0.83;NW;1.1111111111111112;0.0;1012.8;0.0;Partly Cloudy
1562068800;27.0;21.0;0.7;WNW;1.1111111111111112;0.0;1012.8;0.0;Fair
1562072400;28.0;21.0;0.66;ESE;3.0555555555555554;0.0;1012.8;0.0;Partly Cloudy
1562076000;27.0;22.0;0.74;ESE;3.611111111111111;0.0;1013.8;0.0;Partly Cloudy
1562079600;28.0;22.0;0.7;ESE;3.611111111111111;0.0;1011.8;0.0;Partly Cloudy
1562083200;27.0;22.0;0.74;ESE;3.0555555555555554;0.0;1010.8;0.0;Partly Cloudy
1562086800;28.0;22.0;0.7;ESE;2.5;0.0;1009.8;0.0;Mostly Cloudy
1562090400;27.0;21.0;0.7;ESE;3.0555555555555554;0.0;1009.8;0.0;Partly Cloudy
1562094000;27.0;22.0;0.74;E;3.0555555555555554;0.0;1009.8;0.0;Partly Cloudy
1562097600;27.0;22.0;0.74;ESE;3.0555555555555554;0.0;1009.8;0.0;Partly Cloudy
1562101200;27.0;23.0;0.79;ESE;3.611111111111111;0.0;1009.8;0.0;Mostly Cloudy
1562104800;26.0;23.0;0.83;E;3.611111111111111;0.0;0.0;0.0;Mostly Cloudy
1562108400;26.0;23.0;0.83;E;3.0555555555555554;0.0;1011.8;0.0;Mostly Cloudy
1562112000;26.0;22.0;0.78;E;2.5;0.0;1011.8;0.0;Mostly Cloudy
1562115600;25.0;22.0;0.83;E;4.166666666666667;0.0;1011.8;0.0;Partly Cloudy
1562119200;23.0;21.0;0.88;ESE;3.611111111111111;0.0;1011.8;0.0;Light Rain
1562295600;26.0;23.0;0.83;E;2.5;0.0;1013.8;0.0;Mostly Cloudy
1562299200;26.0;23.0;0.83;ENE;1.6666666666666665;0.0;1013.8;0.0;Mostly Cloudy
1562302800;26.0;23.0;0.83;ENE;1.9444444444444444;0.0;1012.8;0.0;Mostly Cloudy
1562306400;26.0;23.0;0.83;E;1.6666666666666665;0.0;1012.8;0.0;Light Rain
1562310000;26.0;23.0;0.83;ENE;1.9444444444444444;0.0;1013.8;0.0;Mostly Cloudy
1562313600;26.0;23.0;0.83;E;1.9444444444444444;0.0;1013.8;0.0;Partly Cloudy
1562317200;26.0;22.0;0.78;ENE;2.5;0.0;1013.8;0.0;Partly Cloudy
1562320800;27.0;22.0;0.74;ENE;4.166666666666667;0.0;1014.8;0.0;Fair
1562324400;28.0;22.0;0.7;E;3.0555555555555554;0.0;1015.79;0.0;Fair
1562328000;28.0;22.0;0.7;E;4.166666666666667;0.0;1015.79;0.0;Partly Cloudy
1562331600;29.0;22.0;0.66;ENE;4.166666666666667;0.0;1015.79;0.0;Partly Cloudy
1562335200;28.0;22.0;0.7;E;4.166666666666667;0.0;1015.79;0.0;Partly Cloudy
1562338800;28.0;22.0;0.7;E;4.166666666666667;0.0;1014.8;0.0;Fair
1562342400;29.0;22.0;0.66;E;3.0555555555555554;0.0;1014.8;0.0;Fair
1562346000;29.0;22.0;0.66;E;3.0555555555555554;0.0;1013.8;0.0;Fair
1562349600;28.0;22.0;0.7;ENE;3.611111111111111;0.0;1013.8;0.0;Fair
1562353200;28.0;22.0;0.7;ENE;3.611111111111111;0.0;1013.8;0.0;Fair
1562356800;28.0;22.0;0.7;ENE;1.9444444444444444;0.0;1013.8;0.0;Partly Cloudy
1562360400;27.0;22.0;0.74;E;2.5;0.0;1014.8;0.0;Partly Cloudy
1562364000;27.0;21.0;0.7;E;2.5;0.0;1014.8;0.0;Partly Cloudy
1562367600;27.0;21.0;0.7;E;2.5;0.0;1014.8;0.0;Fair
1562371200;27.0;22.0;0.74;E;1.9444444444444444;0.0;1014.8;0.0;Fair
1562374800;27.0;21.0;0.7;E;1.9444444444444444;0.0;1015.79;0.0;Fair
1562378400;26.0;21.0;0.74;E;1.9444444444444444;0.0;1015.79;0.0;Fair
1562382000;26.0;21.0;0.74;E;1.9444444444444444;0.0;1014.8;0.0;Partly Cloudy
1562385600;26.0;22.0;0.78;ENE;1.9444444444444444;0.0;1014.8;0.0;Partly Cloudy
1562389200;23.0;22.0;0.94;NW;1.6666666666666665;0.0;1014.8;0.0;Mostly Cloudy
1562392800;23.0;22.0;0.94;NW;0.5555555555555556;0.0;1013.8;0.0;Mostly Cloudy
1562396400;23.0;22.0;0.94;NNW;1.1111111111111112;0.0;1013.8;0.0;Partly Cloudy
1562400000;22.0;21.0;0.94;NNW;1.6666666666666665;0.0;1013.8;0.0;Partly Cloudy
1562403600;22.0;21.0;0.94;NNW;1.6666666666666665;0.0;1014.8;0.0;Partly Cloudy
1562407200;23.0;21.0;0.88;NNW;1.9444444444444444;0.0;1014.8;0.0;Partly Cloudy
1562410800;25.0;22.0;0.83;NW;1.9444444444444444;0.0;1014.8;0.0;Partly Cloudy
1562414400;27.0;22.0;0.74;NE;4.166666666666667;0.0;1014.8;0.0;Mostly Cloudy
1562418000;28.0;21.0;0.66;NE;3.611111111111111;0.0;1015.79;0.0;Partly Cloudy
1562421600;29.0;21.0;0.62;NE;4.166666666666667;0.0;1014.8;0.0;Partly Cloudy
1562425200;29.0;21.0;0.62;NE;3.0555555555555554;0.0;1013.8;0.0;Partly Cloudy
1562428800;29.0;22.0;0.66;E;3.611111111111111;0.0;1013.8;0.0;Fair
1562432400;28.0;22.0;0.7;ENE;4.166666666666667;0.0;1012.8;0.0;Fair
1562436000;28.0;22.0;0.7;ENE;3.611111111111111;0.0;1012.8;0.0;Fair
1562439600;28.0;22.0;0.7;ENE;3.611111111111111;0.0;1012.8;0.0;Fair
1562443200;27.0;21.0;0.7;ENE;3.0555555555555554;0.0;1012.8;0.0;Fair
1562446800;27.0;21.0;0.7;ENE;1.9444444444444444;0.0;1012.8;0.0;Fair
1562450400;26.0;22.0;0.78;ENE;1.6666666666666665;0.0;1012.8;0.0;Fair
1562454000;26.0;22.0;0.78;ENE;1.9444444444444444;0.0;1013.8;0.0;Fair
1562457600;26.0;22.0;0.78;ENE;2.5;0.0;1014.8;0.0;Fair
1562461200;26.0;21.0;0.74;NE;1.9444444444444444;0.0;1014.8;0.0;Fair
1562464800;26.0;21.0;0.74;NE;1.6666666666666665;0.0;1014.8;0.0;Fair
1562554800;26.0;21.0;0.74;SE;3.0555555555555554;0.0;1015.79;0.0;Partly Cloudy
1562558400;24.0;22.0;0.89;CALM;0.0;0.0;1015.79;0.0;Partly Cloudy
1562562000;24.0;22.0;0.89;SW;2.5;0.0;1015.79;0.0;Partly Cloudy
1562565600;23.0;21.0;0.88;SW;1.6666666666666665;0.0;1014.8;0.0;Partly Cloudy
1562569200;23.0;22.0;0.94;WSW;1.6666666666666665;0.0;1014.8;0.0;Partly Cloudy
1562572800;23.0;22.0;0.94;WSW;1.9444444444444444;0.0;1015.79;0.0;Showers in the Vicinity
1562576400;23.0;22.0;0.94;SW;1.6666666666666665;0.0;0.0;0.0;Light Rain
1562580000;23.0;22.0;0.94;SW;1.6666666666666665;0.0;1016.79;0.0;Partly Cloudy
1562583600;24.0;23.0;0.94;SSW;1.9444444444444444;0.0;1016.79;0.0;Partly Cloudy
1562587200;26.0;23.0;0.83;S;3.0555555555555554;0.0;1016.79;0.0;Mostly Cloudy
1562590800;28.0;22.0;0.7;SSE;6.111111111111111;0.0;1017.79;0.0;Partly Cloudy
1562594400;28.0;22.0;0.7;SSE;7.777777777777778;0.0;1016.79;0.0;Partly Cloudy
1562598000;28.0;22.0;0.7;SSE;7.222222222222222;0.0;1016.79;0.0;Partly Cloudy
1562601600;28.0;22.0;0.7;SSE;7.777777777777778;0.0;1015.79;0.0;Mostly Cloudy
1562605200;28.0;22.0;0.7;SSE;7.222222222222222;0.0;1014.8;0.0;Partly Cloudy
1562608800;28.0;21.0;0.66;SSE;7.777777777777778;0.0;1014.8;0.0;Partly Cloudy
1562612400;27.0;22.0;0.74;SSE;7.222222222222222;0.0;1014.8;0.0;Partly Cloudy
1562616000;25.0;21.0;0.78;S;5.277777777777778;0.0;1014.8;0.0;Partly Cloudy
1562619600;25.0;20.0;0.74;S;6.111111111111111;0.0;1015.79;0.0;Fair
1562623200;24.0;21.0;0.83;SSW;3.0555555555555554;0.0;1015.79;0.0;Fair
1562626800;24.0;21.0;0.83;SW;2.5;0.0;1016.79;0.0;Fair
1562630400;24.0;21.0;0.83;SW;2.5;0.0;1016.79;0.0;Mostly Cloudy
1562634000;24.0;21.0;0.83;SSE;1.6666666666666665;0.0;1016.79;0.0;Mostly Cloudy
1562637600;23.0;21.0;0.88;SW;1.9444444444444444;0.0;1016.79;0.0;Partly Cloudy
1562900400;26.0;21.0;0.74;SE;3.611111111111111;0.0;1013.8;0.0;Partly Cloudy
1562904000;26.0;21.0;0.74;SE;3.611111111111111;0.0;1012.8;0.0;Partly Cloudy
1562907600;26.0;20.0;0.69;ESE;2.5;0.0;1012.8;0.0;Partly Cloudy
1562911200;25.0;20.0;0.74;SE;3.0555555555555554;0.0;1012.8;0.0;Fair
1562914800;26.0;21.0;0.74;SE;2.5;0.0;1012.8;0.0;Fair
1562918400;25.0;21.0;0.78;ESE;2.5;0.0;1012.8;0.0;Fair
1562922000;26.0;21.0;0.74;ESE;3.611111111111111;0.0;1012.8;0.0;Partly Cloudy
1562925600;26.0;21.0;0.74;ESE;4.166666666666667;0.0;1013.8;0.0;Partly Cloudy
1562929200;28.0;22.0;0.7;ESE;4.166666666666667;0.0;1014.8;0.0;Partly Cloudy
1562932800;27.0;21.0;0.7;SE;5.555555555555555;0.0;1014.8;0.0;Partly Cloudy
1562936400;28.0;21.0;0.66;SE;4.166666666666667;0.0;1014.8;0.0;Partly Cloudy
1562940000;28.0;21.0;0.66;SE;5.555555555555555;0.0;1014.8;0.0;Partly Cloudy
1562943600;28.0;21.0;0.66;SE;5.277777777777778;0.0;1013.8;0.0;Partly Cloudy
1562947200;28.0;21.0;0.66;SE;5.555555555555555;0.0;1012.8;0.0;Partly Cloudy
1562950800;27.0;21.0;0.7;SSE;6.111111111111111;0.0;1012.8;0.0;Partly Cloudy
1562954400;27.0;21.0;0.7;SE;5.277777777777778;0.0;1011.8;0.0;Partly Cloudy
1562958000;27.0;21.0;0.7;SSE;5.277777777777778;0.0;1012.8;0.0;Partly Cloudy
1562961600;27.0;21.0;0.7;SSE;4.722222222222222;0.0;1012.8;0.0;Partly Cloudy
1562965200;27.0;21.0;0.7;ESE;3.611111111111111;0.0;1013.8;0.0;Partly Cloudy
1562968800;26.0;21.0;0.74;SE;3.0555555555555554;0.0;1013.8;0.0;Fair
1562972400;26.0;21.0;0.74;SE;4.166666666666667;0.0;1013.8;0.0;Fair
1562976000;26.0;21.0;0.74;SE;4.722222222222222;0.0;1014.8;0.0;Partly Cloudy
1562979600;26.0;21.0;0.74;SSE;3.611111111111111;0.0;1014.8;0.0;Fair
1562983200;26.0;21.0;0.74;SE;3.611111111111111;0.0;1013.8;0.0;Fair
1562986800;23.0;22.0;0.94;E;1.6666666666666665;0.0;1013.8;0.0;Light Rain
1562990400;23.0;22.0;0.94;WSW;1.6666666666666665;0.0;1012.8;0.0;Partly Cloudy
1562994000;23.0;22.0;0.94;SW;1.6666666666666665;0.0;1012.8;0.0;Partly Cloudy
1562997600;23.0;22.0;0.94;SW;2.5;0.0;1012.8;0.0;Partly Cloudy
1563000000;23.0;22.0;0.94;NE;3.0555555555555554;0.0;1013.8;0.0;Rain
1563001200;22.0;21.0;0.94;NE;3.0555555555555554;0.0;1012.8;0.0;Rain
1563004800;23.0;22.0;0.94;W;1.9444444444444444;0.0;1013.8;0.0;Light Rain
1563008400;23.0;22.0;0.94;S;2.5;0.0;1013.8;0.0;Light Rain
1563012000;24.0;22.0;0.89;SW;1.9444444444444444;0.0;1013.8;0.0;Partly Cloudy
1563015600;24.0;22.0;0.89;SW;1.9444444444444444;0.0;1014.8;0.0;Showers in the Vicinity
1563017100;24.0;22.0;0.89;NE;1.6666666666666665;0.0;0.0;0.0;Light Rain
1563019200;23.0;21.0;0.88;NE;2.5;0.0;0.0;0.0;Light Rain
1563022800;25.0;22.0;0.83;WSW;1.6666666666666665;0.0;1014.8;0.0;Mostly Cloudy
1563026400;25.0;22.0;0.83;S;3.611111111111111;0.0;1014.8;0.0;Mostly Cloudy
1563030000;25.0;23.0;0.89;S;2.5;0.0;0.0;0.0;Light Rain
1563033600;27.0;22.0;0.74;SSE;1.6666666666666665;0.0;1013.8;0.0;Partly Cloudy
1563037200;28.0;22.0;0.7;SE;3.0555555555555554;0.0;1012.8;0.0;Partly Cloudy
1563040800;27.0;22.0;0.74;SE;3.611111111111111;0.0;1012.8;0.0;Partly Cloudy
1563044400;25.0;23.0;0.89;SSE;6.111111111111111;0.0;1012.8;0.0;Partly Cloudy
1563048000;25.0;22.0;0.83;SSE;6.666666666666666;0.0;1013.8;0.0;Mostly Cloudy
1563051600;24.0;23.0;0.94;S;3.611111111111111;0.0;1013.8;0.0;Mostly Cloudy
1563055200;23.0;22.0;0.94;SSW;3.0555555555555554;0.0;1014.8;0.0;Mostly Cloudy
1563058800;23.0;22.0;0.94;SSW;3.611111111111111;0.0;1014.8;0.0;Light Rain
1563062400;23.0;22.0;0.94;SSW;2.5;0.0;0.0;0.0;Showers in the Vicinity
1563066000;23.0;22.0;0.94;SSW;2.5;0.0;1014.8;0.0;Showers in the Vicinity
1563069600;23.0;22.0;0.94;SSW;3.0555555555555554;0.0;1013.8;0.0;Showers in the Vicinity
1563073200;23.0;22.0;0.94;SSW;3.0555555555555554;0.0;1013.8;0.0;Light Rain
1563076800;22.0;22.0;1.0;SSW;3.0555555555555554;0.0;1012.8;0.0;Light Rain
1563080400;22.0;21.0;0.94;S;1.9444444444444444;0.0;1012.8;0.0;Showers in the Vicinity
1563084000;0.0;0.0;0.0;SSE;1.6666666666666665;0.0;1012.8;0.0;Light Rain
1563087600;23.0;22.0;0.94;SE;0.5555555555555556;0.0;1012.8;0.0;Light Rain
1563091200;23.0;22.0;0.94;SW;1.6666666666666665;0.0;1012.8;0.0;Showers in the Vicinity
1563094800;0.0;0.0;0.0;S;1.6666666666666665;0.0;1013.8;0.0;Light Rain
1563098400;23.0;22.0;0.94;VAR;1.9444444444444444;0.0;1013.8;0.0;Light Rain
1563102000;23.0;22.0;0.94;SW;3.0555555555555554;0.0;0.0;0.0;Light Rain
1563105600;25.0;23.0;0.89;ESE;7.222222222222222;0.0;1014.8;0.0;Showers in the Vicinity
1563109200;26.0;23.0;0.83;S;3.611111111111111;0.0;1014.8;0.0;Cloudy
1563112800;25.0;22.0;0.83;SSE;6.111111111111111;0.0;1013.8;0.0;Light Rain
1563113940;24.0;22.0;0.89;SE;5.277777777777778;0.0;1013.8;0.0;Light Rain
1563116400;24.0;22.0;0.89;SE;5.277777777777778;0.0;1013.8;0.0;Light Rain
1563120000;24.0;23.0;0.94;S;5.277777777777778;12.777777777777777;1012.8;0.0;Cloudy
1563120600;24.0;23.0;0.94;S;3.611111111111111;0.0;1011.8;0.0;Cloudy
1563123600;25.0;23.0;0.89;SSW;2.5;0.0;1011.8;0.0;Showers in the Vicinity
1563127200;26.0;23.0;0.83;S;6.111111111111111;0.0;1011.8;0.0;Showers in the Vicinity
1563130800;26.0;22.0;0.78;SE;5.555555555555555;0.0;1011.8;0.0;Mostly Cloudy
1563134400;24.0;22.0;0.89;SSE;6.666666666666666;0.0;1012.8;0.0;Light Rain
1563138000;22.0;21.0;0.94;SSW;3.611111111111111;0.0;1012.8;0.0;Light Rain
1563141600;25.0;22.0;0.83;SSE;4.166666666666667;0.0;1012.8;0.0;Mostly Cloudy
1563145200;27.0;22.0;0.74;SE;3.611111111111111;0.0;1013.8;0.0;Mostly Cloudy
1563148800;26.0;21.0;0.74;SE;4.722222222222222;0.0;1013.8;0.0;Mostly Cloudy
1563152400;25.0;22.0;0.83;ESE;4.166666666666667;0.0;0.0;0.0;Showers in the Vicinity
1563156000;26.0;21.0;0.74;SE;5.277777777777778;0.0;1013.8;0.0;Partly Cloudy
1563246000;23.0;19.0;0.78;SW;1.6666666666666665;0.0;1013.8;0.0;Partly Cloudy
1563249600;22.0;19.0;0.83;SSW;0.5555555555555556;0.0;1012.8;0.0;Fair
1563253200;21.0;19.0;0.88;NW;1.1111111111111112;0.0;1012.8;0.0;Partly Cloudy
1563256800;21.0;19.0;0.88;W;0.5555555555555556;0.0;1012.8;0.0;Fair
1563260400;21.0;19.0;0.88;CALM;0.0;0.0;1012.8;0.0;Fair
1563264000;21.0;19.0;0.88;VAR;1.1111111111111112;0.0;1012.8;0.0;Fair
1563267600;21.0;19.0;0.88;SSW;1.1111111111111112;0.0;1012.8;0.0;Partly Cloudy
1563271200;22.0;20.0;0.88;SW;1.6666666666666665;0.0;1013.8;0.0;Partly Cloudy
1563274800;24.0;21.0;0.83;SSW;1.9444444444444444;0.0;1014.8;0.0;Partly Cloudy
1563278400;25.0;21.0;0.78;VAR;1.1111111111111112;0.0;1014.8;0.0;Mostly Cloudy
1563282000;27.0;21.0;0.7;SSE;4.166666666666667;0.0;1014.8;0.0;Partly Cloudy
1563285600;27.0;22.0;0.74;SSE;5.277777777777778;0.0;1014.8;0.0;Partly Cloudy
1563289200;28.0;21.0;0.66;SSE;6.666666666666666;0.0;1013.8;0.0;Partly Cloudy
1563292800;28.0;20.0;0.62;SE;6.111111111111111;0.0;1013.8;0.0;Fair
1563296400;28.0;21.0;0.66;SE;6.111111111111111;0.0;1012.8;0.0;Fair
1563300000;27.0;20.0;0.65;SSE;5.555555555555555;0.0;1012.8;0.0;Fair
1563303600;27.0;19.0;0.61;SE;5.555555555555555;0.0;1012.8;0.0;Fair
1563307200;26.0;20.0;0.69;SSE;5.277777777777778;0.0;1013.8;0.0;Fair
1563310800;26.0;20.0;0.69;SSE;4.722222222222222;0.0;1013.8;0.0;Fair
1563314400;25.0;19.0;0.69;SSE;4.166666666666667;0.0;1013.8;0.0;Fair
1563318000;25.0;19.0;0.69;SE;3.0555555555555554;0.0;1014.8;0.0;Fair
1563321600;25.0;19.0;0.69;SSE;3.611111111111111;0.0;1014.8;0.0;Fair
1563325200;24.0;19.0;0.73;SSW;1.9444444444444444;0.0;1014.8;0.0;Fair
1563328800;23.0;19.0;0.78;SSW;1.6666666666666665;0.0;1014.8;0.0;Fair
1563332400;23.0;19.0;0.78;SW;1.9444444444444444;0.0;1014.8;0.0;Fair
1563336000;22.0;19.0;0.83;SW;1.1111111111111112;0.0;1014.8;0.0;Fair
1563339600;21.0;19.0;0.88;CALM;0.0;0.0;1013.8;0.0;Fair
1563343200;21.0;19.0;0.88;SW;1.1111111111111112;0.0;1013.8;0.0;Fair
1563346800;22.0;19.0;0.83;WNW;1.6666666666666665;0.0;1013.8;0.0;Fair
1563350400;21.0;19.0;0.88;N;1.1111111111111112;0.0;1014.8;0.0;Fair
1563354000;21.0;19.0;0.88;CALM;0.0;0.0;1014.8;0.0;Fair
1563357600;22.0;20.0;0.88;SW;1.6666666666666665;0.0;1014.8;0.0;Fair
1563361200;24.0;21.0;0.83;SSW;2.5;0.0;1015.79;0.0;Fair
1563364800;26.0;22.0;0.78;S;3.0555555555555554;0.0;1015.79;0.0;Partly Cloudy
1563368400;27.0;22.0;0.74;SSE;5.555555555555555;0.0;1015.79;0.0;Partly Cloudy
1563372000;27.0;21.0;0.7;SSE;5.277777777777778;0.0;1015.79;0.0;Partly Cloudy
1563375600;28.0;21.0;0.66;SSE;5.555555555555555;0.0;1014.8;0.0;Partly Cloudy
1563379200;27.0;22.0;0.74;SSE;6.111111111111111;0.0;1013.8;0.0;Partly Cloudy
1563382800;27.0;23.0;0.79;SSE;6.111111111111111;0.0;1013.8;0.0;Partly Cloudy
1563386400;28.0;22.0;0.7;SSE;6.111111111111111;0.0;1013.8;0.0;Partly Cloudy
1563390000;27.0;21.0;0.7;SSE;6.111111111111111;0.0;1013.8;0.0;Partly Cloudy
1563393600;26.0;21.0;0.74;SSE;5.555555555555555;0.0;1013.8;0.0;Partly Cloudy
1563397200;26.0;21.0;0.74;SE;4.722222222222222;0.0;1013.8;0.0;Partly Cloudy
1563400800;26.0;21.0;0.74;SSE;5.555555555555555;0.0;1014.8;0.0;Partly Cloudy
1563404400;26.0;21.0;0.74;SSE;3.611111111111111;0.0;1015.79;0.0;Partly Cloudy
1563408000;25.0;22.0;0.83;SSE;3.0555555555555554;0.0;1015.79;0.0;Mostly Cloudy
1563411600;25.0;22.0;0.83;SSE;5.277777777777778;0.0;1016.79;0.0;Partly Cloudy
1563415200;26.0;21.0;0.74;S;6.111111111111111;0.0;1015.79;0.0;Partly Cloudy
1563418800;25.0;21.0;0.78;SSE;5.277777777777778;0.0;1015.79;0.0;Partly Cloudy
1563422400;25.0;20.0;0.74;SSE;5.277777777777778;0.0;1015.79;0.0;Partly Cloudy
1563426000;23.0;21.0;0.88;SW;1.6666666666666665;0.0;1015.79;0.0;Partly Cloudy
1563429600;23.0;20.0;0.83;SSW;3.0555555555555554;0.0;1014.8;0.0;Partly Cloudy
1563433200;22.0;20.0;0.88;SE;1.1111111111111112;0.0;1015.79;0.0;Partly Cloudy
1563436800;22.0;20.0;0.88;SSW;2.5;0.0;1015.79;0.0;Partly Cloudy
1563440400;22.0;20.0;0.88;SSW;2.5;0.0;1015.79;0.0;Partly Cloudy
1563444000;22.0;20.0;0.88;SW;4.166666666666667;0.0;1016.79;0.0;Partly Cloudy
1563447600;24.0;21.0;0.83;SSW;5.277777777777778;0.0;1016.79;0.0;Partly Cloudy
1563451200;26.0;21.0;0.74;S;5.277777777777778;0.0;1017.79;0.0;Partly Cloudy
1563454800;28.0;19.0;0.58;S;7.777777777777778;0.0;1016.79;0.0;Partly Cloudy
1563458400;28.0;18.0;0.54;S;8.333333333333334;0.0;1016.79;0.0;Fair
1563462000;29.0;20.0;0.58;SSE;8.333333333333334;0.0;1016.79;0.0;Partly Cloudy
1563465600;28.0;21.0;0.66;S;8.61111111111111;0.0;1015.79;0.0;Partly Cloudy
1563469200;28.0;20.0;0.62;SSE;8.333333333333334;0.0;1014.8;0.0;Partly Cloudy
1563472800;28.0;19.0;0.58;S;7.777777777777778;0.0;1014.8;0.0;Fair
1563476400;27.0;19.0;0.61;S;7.222222222222222;0.0;1014.8;0.0;Fair
1563480000;26.0;20.0;0.69;S;7.222222222222222;0.0;1014.8;0.0;Fair
1563483600;26.0;19.0;0.65;S;7.222222222222222;0.0;1015.79;0.0;Partly Cloudy
1563487200;26.0;20.0;0.69;SSE;7.777777777777778;0.0;1015.79;0.0;Mostly Cloudy
1563490800;26.0;19.0;0.65;SSE;8.333333333333334;0.0;1016.79;0.0;Partly Cloudy
1563494400;23.0;21.0;0.88;SSE;7.222222222222222;12.222222222222221;1016.79;0.0;Light Rain
1563498000;25.0;22.0;0.83;S;4.722222222222222;0.0;1016.79;0.0;Mostly Cloudy
1563501600;24.0;21.0;0.83;SSW;3.611111111111111;0.0;1016.79;0.0;Mostly Cloudy
1563505200;22.0;21.0;0.94;W;1.9444444444444444;0.0;1016.79;0.0;Light Rain
1563508800;24.0;22.0;0.89;SSE;5.277777777777778;0.0;1015.79;0.0;Light Rain
1563512400;23.0;22.0;0.94;S;3.611111111111111;0.0;1015.79;0.0;Mostly Cloudy
1563516000;24.0;22.0;0.89;SSE;7.777777777777778;0.0;1015.79;0.0;Showers in the Vicinity
1563519600;24.0;22.0;0.89;S;4.722222222222222;0.0;1015.79;0.0;Mostly Cloudy
1563523200;23.0;21.0;0.88;S;3.0555555555555554;0.0;1015.79;0.0;Mostly Cloudy
1563526800;24.0;22.0;0.89;S;6.111111111111111;0.0;1015.79;0.0;Mostly Cloudy
1563530400;26.0;22.0;0.78;SE;5.555555555555555;0.0;1016.79;0.0;Showers in the Vicinity
1563534000;25.0;21.0;0.78;SE;6.666666666666666;0.0;1016.79;0.0;Partly Cloudy
1563537600;27.0;23.0;0.79;SE;5.277777777777778;0.0;1016.79;0.0;Partly Cloudy
1563541200;28.0;22.0;0.7;SSE;6.111111111111111;0.0;1016.79;0.0;Partly Cloudy
1563544800;27.0;23.0;0.79;SSE;7.222222222222222;0.0;1016.79;0.0;Partly Cloudy
1563548400;25.0;23.0;0.89;SE;5.277777777777778;12.222222222222221;1015.79;0.0;Light Rain Shower
1563552000;26.0;23.0;0.83;SE;4.166666666666667;9.722222222222221;1015.79;0.0;Showers in the Vicinity
1563553320;27.0;22.0;0.74;SSE;8.333333333333334;0.0;1014.8;0.0;Mostly Cloudy
1563555600;27.0;22.0;0.74;SSE;8.61111111111111;0.0;0.0;0.0;Showers in the Vicinity
1563559200;27.0;22.0;0.74;SSE;8.333333333333334;0.0;1014.8;0.0;Partly Cloudy
1563562800;27.0;22.0;0.74;SSE;7.777777777777778;0.0;1014.8;0.0;Partly Cloudy
1563566400;26.0;22.0;0.78;SE;6.111111111111111;0.0;1014.8;0.0;Partly Cloudy
1563570000;25.0;22.0;0.83;SSE;7.777777777777778;0.0;1015.79;0.0;Partly Cloudy
1563573600;25.0;22.0;0.83;SSE;7.222222222222222;0.0;1015.79;0.0;Fair
1563577200;25.0;22.0;0.83;SSE;7.222222222222222;0.0;1015.79;0.0;Fair
1563580800;25.0;21.0;0.78;SSE;7.222222222222222;0.0;1015.79;0.0;Mostly Cloudy
1563584400;25.0;22.0;0.83;SE;6.111111111111111;0.0;1015.79;0.0;Mostly Cloudy
1563588000;24.0;21.0;0.83;SSE;6.666666666666666;0.0;1015.79;0.0;Showers in the Vicinity
1563678000;24.0;22.0;0.89;SSE;3.0555555555555554;0.0;1014.8;0.0;Cloudy
1563681600;23.0;22.0;0.94;ESE;3.0555555555555554;0.0;1013.8;0.0;Cloudy
1563685200;23.0;22.0;0.94;NE;1.6666666666666665;0.0;1013.8;0.0;Cloudy
1563688800;23.0;22.0;0.94;W;1.9444444444444444;0.0;1013.8;0.0;Cloudy
1563692400;22.0;21.0;0.94;ESE;5.277777777777778;10.833333333333334;1013.8;0.0;Light Rain Shower
1563696000;24.0;21.0;0.83;ESE;4.166666666666667;0.0;1013.8;0.0;Cloudy
1563699600;24.0;22.0;0.89;E;4.166666666666667;0.0;1013.8;0.0;Cloudy
1563701820;23.0;21.0;0.88;E;4.166666666666667;12.222222222222221;1014.8;0.0;Rain Shower
1563703200;23.0;22.0;0.94;ESE;3.611111111111111;0.0;1014.8;0.0;Mostly Cloudy
1563706800;25.0;22.0;0.83;ESE;3.611111111111111;0.0;1015.79;0.0;Light Rain
1563710400;24.0;22.0;0.89;E;3.611111111111111;0.0;1015.79;0.0;Light Rain
1563714000;26.0;22.0;0.78;SE;5.555555555555555;0.0;1015.79;0.0;Showers in the Vicinity
1563717600;27.0;22.0;0.74;ESE;6.666666666666666;0.0;1015.79;0.0;Showers in the Vicinity
1563721200;27.0;21.0;0.7;SE;7.777777777777778;0.0;1014.8;0.0;Showers in the Vicinity
1563724800;27.0;22.0;0.74;SE;8.333333333333334;0.0;1014.8;0.0;Mostly Cloudy
1563728400;27.0;21.0;0.7;SE;7.777777777777778;0.0;1013.8;0.0;Mostly Cloudy
1563732000;27.0;21.0;0.7;SSE;8.333333333333334;0.0;1013.8;0.0;Partly Cloudy
1563735600;27.0;21.0;0.7;SE;7.777777777777778;0.0;1013.8;0.0;Partly Cloudy
1563739200;26.0;20.0;0.69;SSE;7.777777777777778;0.0;1013.8;0.0;Partly Cloudy
1563742800;26.0;20.0;0.69;SSE;7.222222222222222;0.0;1013.8;0.0;Partly Cloudy
1563746400;26.0;20.0;0.69;SSE;6.666666666666666;0.0;1014.8;0.0;Partly Cloudy
1563750000;26.0;20.0;0.69;SSE;7.222222222222222;0.0;1014.8;0.0;Partly Cloudy
1563753600;25.0;21.0;0.78;SSE;7.222222222222222;0.0;1014.8;0.0;Partly Cloudy
1563757200;25.0;20.0;0.74;SSE;7.777777777777778;0.0;1015.79;0.0;Partly Cloudy
1563760800;25.0;20.0;0.74;S;6.111111111111111;0.0;1014.8;0.0;Partly Cloudy
1563850800;24.0;22.0;0.89;SSE;7.777777777777778;0.0;1014.8;0.0;Showers in the Vicinity
1563853200;22.0;22.0;1.0;ESE;6.111111111111111;0.0;1014.8;0.0;Rain
1563854400;22.0;21.0;0.94;SE;5.555555555555555;0.0;1014.8;0.0;Light Rain
1563858000;23.0;21.0;0.88;SSE;4.722222222222222;0.0;1013.8;0.0;Showers in the Vicinity
1563861600;23.0;22.0;0.94;VAR;3.0555555555555554;0.0;1013.8;0.0;Light Rain
1563865200;23.0;21.0;0.88;E;3.0555555555555554;0.0;1014.8;0.0;Showers in the Vicinity
1563866400;23.0;22.0;0.94;ESE;4.166666666666667;0.0;1014.8;0.0;Rain
1563868800;22.0;21.0;0.94;SE;5.277777777777778;0.0;1014.8;0.0;Light Rain
1563872400;22.0;21.0;0.94;S;3.611111111111111;0.0;1014.8;0.0;Showers in the Vicinity
1563876000;22.0;21.0;0.94;SSW;1.6666666666666665;0.0;1014.8;0.0;Light Rain
1563879600;23.0;21.0;0.88;SE;4.166666666666667;0.0;1015.79;0.0;Showers in the Vicinity
1563883200;23.0;22.0;0.94;SE;4.722222222222222;0.0;1016.79;0.0;Light Rain
1563886800;26.0;23.0;0.83;SE;4.166666666666667;0.0;1015.79;0.0;Partly Cloudy
1563890400;26.0;22.0;0.78;SE;5.277777777777778;0.0;1015.79;0.0;Mostly Cloudy
1563894000;27.0;21.0;0.7;ESE;5.555555555555555;0.0;1014.8;0.0;Partly Cloudy
1563897600;27.0;22.0;0.74;SSE;5.555555555555555;0.0;1013.8;0.0;Partly Cloudy
1563900000;24.0;22.0;0.89;ESE;3.611111111111111;0.0;1013.8;0.0;Light Rain Shower
1563901200;24.0;22.0;0.89;SE;4.722222222222222;0.0;1013.8;0.0;Light Rain Shower
1563904800;25.0;22.0;0.83;SE;5.277777777777778;0.0;1013.8;0.0;Mostly Cloudy
1563908400;25.0;22.0;0.83;SE;6.666666666666666;0.0;1013.8;0.0;Mostly Cloudy
1563912000;25.0;22.0;0.83;SE;6.666666666666666;0.0;1013.8;0.0;Partly Cloudy
1563915600;24.0;22.0;0.89;SSE;6.111111111111111;0.0;1013.8;0.0;Showers in the Vicinity
1563915900;24.0;22.0;0.89;SE;7.777777777777778;0.0;1013.8;0.0;Light Rain
1563917220;23.0;0.0;0.0;SE;3.0555555555555554;0.0;1013.8;0.0;Showers in the Vicinity
1563919200;23.0;22.0;0.94;SSE;4.722222222222222;0.0;1013.8;0.0;Showers in the Vicinity
1563922800;23.0;22.0;0.94;S;3.611111111111111;0.0;1014.8;0.0;Showers in the Vicinity
1563926400;23.0;22.0;0.94;SSW;3.611111111111111;0.0;1014.8;0.0;Mostly Cloudy
1563930000;0.0;0.0;0.0;SSW;2.5;0.0;1014.8;0.0;Light Rain
1563933600;22.0;21.0;0.94;SSW;3.611111111111111;0.0;1014.8;0.0;Rain
1564110000;23.0;21.0;0.88;SE;3.0555555555555554;0.0;1015.79;0.0;Partly Cloudy
1564113600;22.0;21.0;0.94;SSE;8.61111111111111;13.88888888888889;1014.8;0.0;Light Rain
1564117200;23.0;20.0;0.83;SSE;4.166666666666667;0.0;1014.8;0.0;Showers in the Vicinity
1564120800;25.0;21.0;0.78;SE;5.277777777777778;0.0;1014.8;0.0;Partly Cloudy
1564124400;24.0;20.0;0.78;SE;5.555555555555555;0.0;1014.8;0.0;Showers in the Vicinity
1564128000;25.0;21.0;0.78;SSE;3.611111111111111;0.0;1014.8;0.0;Partly Cloudy
1564131600;23.0;21.0;0.88;WNW;1.1111111111111112;0.0;0.0;0.0;Showers in the Vicinity
1564135200;23.0;22.0;0.94;SW;1.9444444444444444;0.0;1015.79;0.0;Partly Cloudy
1564138800;27.0;22.0;0.74;SE;4.722222222222222;0.0;1016.79;0.0;Light Rain Shower
1564142400;0.0;0.0;0.0;SSW;3.611111111111111;0.0;1016.79;0.0;Showers in the Vicinity
1564146000;27.0;22.0;0.74;SE;4.722222222222222;0.0;1016.79;0.0;Mostly Cloudy
1564149600;28.0;22.0;0.7;ESE;5.555555555555555;0.0;0.0;0.0;Showers in the Vicinity
1564153200;28.0;22.0;0.7;SE;6.111111111111111;0.0;1015.79;0.0;Light Rain Shower
1564156800;27.0;23.0;0.79;SE;6.666666666666666;0.0;0.0;0.0;Showers in the Vicinity
1564160400;0.0;0.0;0.0;S;5.555555555555555;0.0;1014.8;0.0;Showers in the Vicinity
1564164000;25.0;22.0;0.83;S;7.777777777777778;0.0;1014.8;0.0;Showers in the Vicinity
1564167600;23.0;22.0;0.94;S;6.666666666666666;0.0;0.0;0.0;Light Rain
1564171200;24.0;22.0;0.89;SSW;3.0555555555555554;0.0;0.0;0.0;Light Rain
1564171920;23.0;22.0;0.94;S;3.611111111111111;0.0;0.0;0.0;Light Rain
1564174800;23.0;22.0;0.94;S;2.5;0.0;1015.79;0.0;Mostly Cloudy
1564178400;23.0;21.0;0.88;SSW;2.5;0.0;1015.79;0.0;Partly Cloudy
1564182000;24.0;21.0;0.83;SSW;2.5;0.0;1016.79;0.0;Partly Cloudy
1564185600;23.0;21.0;0.88;SSW;3.0555555555555554;0.0;1016.79;0.0;Partly Cloudy
1564189200;22.0;21.0;0.94;SSW;1.9444444444444444;0.0;1017.79;0.0;Partly Cloudy
1564192800;25.0;22.0;0.83;SE;6.111111111111111;0.0;1016.79;0.0;Partly Cloudy
1564196400;23.0;21.0;0.88;SSW;2.5;0.0;1016.79;0.0;Mostly Cloudy
1564200000;23.0;21.0;0.88;SW;2.5;0.0;1015.79;0.0;Mostly Cloudy
1564203600;22.0;21.0;0.94;SSW;1.1111111111111112;0.0;1015.79;0.0;Mostly Cloudy
1564207200;22.0;21.0;0.94;SW;3.0555555555555554;0.0;1015.79;0.0;Mostly Cloudy
1564210800;22.0;21.0;0.94;SW;3.611111111111111;0.0;1015.79;0.0;Partly Cloudy
1564214400;22.0;21.0;0.94;SSW;1.9444444444444444;0.0;1015.79;0.0;Mostly Cloudy
1564218000;22.0;21.0;0.94;SW;2.5;0.0;1015.79;0.0;Partly Cloudy
1564221600;22.0;21.0;0.94;SW;2.5;0.0;1016.79;0.0;Light Rain Shower
1564225200;24.0;22.0;0.89;SW;3.0555555555555554;0.0;1016.79;0.0;Mostly Cloudy
1564228800;26.0;22.0;0.78;SE;5.555555555555555;0.0;1016.79;0.0;Mostly Cloudy
1564232400;25.0;22.0;0.83;SSE;7.222222222222222;0.0;1016.79;0.0;Light Rain Shower
1564234800;24.0;21.0;0.83;SE;5.555555555555555;0.0;1016.79;0.0;Light Rain Shower
1564236000;24.0;22.0;0.89;SE;3.611111111111111;0.0;1016.79;0.0;Light Rain
1564239600;25.0;22.0;0.83;S;4.166666666666667;0.0;1015.79;0.0;Mostly Cloudy
1564243200;27.0;23.0;0.79;SSE;4.722222222222222;0.0;1014.8;0.0;Showers in the Vicinity
1564246800;27.0;23.0;0.79;SE;5.277777777777778;0.0;1014.8;0.0;Light Rain Shower
1564250400;24.0;22.0;0.89;ESE;6.111111111111111;0.0;0.0;0.0;Light Rain
1564252440;24.0;22.0;0.89;SSE;5.555555555555555;0.0;0.0;0.0;Light Rain
1564254000;24.0;23.0;0.94;SE;5.555555555555555;0.0;0.0;0.0;Light Rain
1564255440;23.0;22.0;0.94;SE;4.722222222222222;0.0;0.0;0.0;Rain
1564257600;23.0;22.0;0.94;SSE;3.611111111111111;0.0;0.0;0.0;Light Rain
1564261200;24.0;22.0;0.89;SSE;7.777777777777778;0.0;1014.8;0.0;Showers in the Vicinity
1564264800;24.0;22.0;0.89;SE;6.111111111111111;0.0;1015.79;0.0;Mostly Cloudy
1564268400;24.0;22.0;0.89;ESE;3.611111111111111;0.0;1015.79;0.0;Partly Cloudy
1564272000;24.0;22.0;0.89;E;4.722222222222222;0.0;1016.79;0.0;Partly Cloudy
1564275600;25.0;22.0;0.83;ESE;2.5;0.0;1015.79;0.0;Partly Cloudy
1564279200;23.0;21.0;0.88;S;3.611111111111111;0.0;0.0;0.0;Light Rain
1564282800;22.0;21.0;0.94;SW;3.611111111111111;0.0;0.0;0.0;Light Rain
1564286400;23.0;21.0;0.88;SE;5.277777777777778;0.0;0.0;0.0;Light Rain
1564290000;23.0;21.0;0.88;ESE;3.611111111111111;0.0;1014.8;0.0;Partly Cloudy
1564293600;25.0;20.0;0.74;SE;4.722222222222222;0.0;1013.8;0.0;Partly Cloudy
1564297200;25.0;21.0;0.78;SE;4.166666666666667;0.0;1013.8;0.0;Partly Cloudy
1564300800;25.0;20.0;0.74;SE;5.277777777777778;0.0;1014.8;0.0;Partly Cloudy
1564304400;25.0;20.0;0.74;SE;3.611111111111111;0.0;1014.8;0.0;Partly Cloudy
1564308000;24.0;21.0;0.83;S;2.5;0.0;1014.8;0.0;Partly Cloudy
1564309200;22.0;21.0;0.94;SSW;4.166666666666667;0.0;1015.79;0.0;Light Rain
1564311600;22.0;21.0;0.94;SSE;8.61111111111111;0.0;1016.79;0.0;Light Rain
1564315200;22.0;20.0;0.88;ESE;6.111111111111111;0.0;0.0;0.0;Light Rain
1564318800;24.0;0.0;0.0;E;2.5;0.0;1016.79;0.0;Showers in the Vicinity
1564322400;26.0;22.0;0.78;SSE;4.722222222222222;0.0;1015.79;0.0;Mostly Cloudy
1564326000;28.0;22.0;0.7;ESE;4.166666666666667;0.0;1014.8;0.0;Showers in the Vicinity
1564329600;27.0;22.0;0.74;SSE;5.555555555555555;0.0;0.0;0.0;Showers in the Vicinity
1564333200;26.0;21.0;0.74;S;7.222222222222222;0.0;1013.8;0.0;Mostly Cloudy
1564336800;27.0;22.0;0.74;SSE;6.666666666666666;0.0;0.0;0.0;Showers in the Vicinity
1564340400;26.0;21.0;0.74;SSE;6.111111111111111;0.0;1013.8;0.0;Showers in the Vicinity
1564344000;25.0;21.0;0.78;SSE;6.666666666666666;0.0;1013.8;0.0;Partly Cloudy
1564347600;25.0;21.0;0.78;SSE;6.666666666666666;0.0;1013.8;0.0;Partly Cloudy
1564351200;25.0;21.0;0.78;SSW;4.722222222222222;0.0;1014.8;0.0;Partly Cloudy
1564354800;25.0;20.0;0.74;SSE;6.111111111111111;0.0;1014.8;0.0;Partly Cloudy
1564358400;24.0;21.0;0.83;S;3.611111111111111;0.0;1014.8;0.0;Partly Cloudy
1564362000;23.0;20.0;0.83;SW;1.9444444444444444;0.0;1015.79;0.0;Partly Cloudy
1564365600;23.0;21.0;0.88;S;5.277777777777778;0.0;1015.79;0.0;Mostly Cloudy
1564369200;22.0;21.0;0.94;SSW;1.9444444444444444;0.0;1014.8;0.0;Partly Cloudy
1564372800;22.0;20.0;0.88;SW;1.6666666666666665;0.0;1014.8;0.0;Partly Cloudy
1564376400;22.0;21.0;0.94;WSW;1.1111111111111112;0.0;1013.8;0.0;Light Rain Shower
1564380000;22.0;21.0;0.94;SW;2.5;0.0;1013.8;0.0;Cloudy
1564383600;22.0;21.0;0.94;SSW;3.0555555555555554;0.0;1013.8;0.0;Mostly Cloudy
1564387200;21.0;21.0;1.0;CALM;0.0;0.0;1013.8;0.0;Partly Cloudy
1564390800;21.0;20.0;0.94;SW;1.6666666666666665;0.0;1014.8;0.0;Partly Cloudy
1564394400;22.0;21.0;0.94;SSW;3.0555555555555554;0.0;1014.8;0.0;Mostly Cloudy
1564398000;25.0;21.0;0.78;S;4.166666666666667;0.0;1015.79;0.0;Partly Cloudy
1564401600;26.0;20.0;0.69;S;6.111111111111111;0.0;1015.79;0.0;Partly Cloudy
1564405200;26.0;21.0;0.74;SSE;7.222222222222222;0.0;1016.79;0.0;Partly Cloudy
1564408800;27.0;21.0;0.7;SSE;7.777777777777778;0.0;1015.79;0.0;Partly Cloudy
1564412400;26.0;21.0;0.74;SE;3.611111111111111;0.0;1014.8;0.0;Partly Cloudy
1564416000;25.0;21.0;0.78;SE;4.166666666666667;0.0;1014.8;0.0;Cloudy
1564419600;27.0;21.0;0.7;SSE;6.111111111111111;0.0;1013.8;0.0;Partly Cloudy
1564423200;27.0;21.0;0.7;SSE;6.111111111111111;0.0;1012.8;0.0;Fair
1564426800;26.0;20.0;0.69;SE;6.111111111111111;0.0;1013.8;0.0;Fair
1564430400;26.0;20.0;0.69;SSE;5.555555555555555;0.0;1013.8;0.0;Partly Cloudy
1564434000;25.0;20.0;0.74;S;4.722222222222222;0.0;1013.8;0.0;Partly Cloudy
1564437600;25.0;20.0;0.74;S;3.0555555555555554;0.0;1014.8;0.0;Partly Cloudy
1564441200;24.0;20.0;0.78;SW;1.9444444444444444;0.0;1014.8;0.0;Partly Cloudy
1564444800;23.0;20.0;0.83;SW;2.5;0.0;1015.79;0.0;Fair
1564448400;23.0;20.0;0.83;S;2.5;0.0;1015.79;0.0;Mostly Cloudy
1564452000;22.0;20.0;0.88;S;1.9444444444444444;0.0;1015.79;0.0;Partly Cloudy
1564455600;22.0;20.0;0.88;S;1.9444444444444444;0.0;1014.8;0.0;Mostly Cloudy
1564459200;22.0;21.0;0.94;S;1.6666666666666665;0.0;1014.8;0.0;Mostly Cloudy
1564462800;22.0;20.0;0.88;SSW;1.1111111111111112;0.0;1013.8;0.0;Partly Cloudy
1564466400;21.0;20.0;0.94;SSW;1.1111111111111112;0.0;1013.8;0.0;Mostly Cloudy
1564470000;22.0;20.0;0.88;SW;1.9444444444444444;0.0;1013.8;0.0;Partly Cloudy
1564473600;21.0;20.0;0.94;SW;1.6666666666666665;0.0;1013.8;0.0;Fair
1564477200;21.0;20.0;0.94;VAR;1.1111111111111112;0.0;1014.8;0.0;Fair
1564480800;23.0;21.0;0.88;VAR;1.1111111111111112;0.0;1014.8;0.0;Fair
1564484400;24.0;21.0;0.83;SSW;2.5;0.0;1015.79;0.0;Partly Cloudy
1564488000;25.0;22.0;0.83;SSW;3.0555555555555554;0.0;1015.79;0.0;Partly Cloudy
1564491600;25.0;22.0;0.83;SE;3.0555555555555554;0.0;1015.79;0.0;Cloudy
1564495200;26.0;23.0;0.83;SSE;5.555555555555555;0.0;1015.79;0.0;Mostly Cloudy
1564498800;26.0;23.0;0.83;SE;6.111111111111111;0.0;1014.8;0.0;Mostly Cloudy
1564502400;24.0;23.0;0.94;SE;6.111111111111111;0.0;0.0;0.0;Light Rain Shower
1564506000;26.0;23.0;0.83;SSE;4.722222222222222;0.0;1013.8;0.0;Partly Cloudy
1564509600;26.0;22.0;0.78;ESE;5.277777777777778;0.0;1012.8;0.0;Partly Cloudy
1564513200;25.0;22.0;0.83;SE;5.277777777777778;10.277777777777777;1013.8;0.0;Light Rain
1564516800;25.0;22.0;0.83;SE;3.0555555555555554;0.0;1013.8;0.0;Mostly Cloudy
1564518060;24.0;23.0;0.94;SSE;4.722222222222222;0.0;0.0;0.0;Light Rain
1564520400;25.0;22.0;0.83;SE;4.722222222222222;0.0;1013.8;0.0;Mostly Cloudy
1564524000;24.0;22.0;0.89;SE;6.111111111111111;0.0;1014.8;0.0;Partly Cloudy
1564525500;23.0;22.0;0.94;SSE;4.722222222222222;0.0;0.0;0.0;Light Rain
1564527600;23.0;22.0;0.94;SE;5.277777777777778;0.0;1014.8;0.0;Showers in the Vicinity
1564531200;23.0;22.0;0.94;S;3.0555555555555554;0.0;1015.79;0.0;Partly Cloudy
1564534800;23.0;22.0;0.94;SE;5.555555555555555;0.0;1015.79;0.0;Light Rain
1564538400;24.0;22.0;0.89;SE;5.555555555555555;0.0;1015.79;0.0;Light Rain
1564628400;0.0;0.0;0.0;SSW;3.0555555555555554;0.0;1014.8;0.0;Light Rain
1564632000;22.0;21.0;0.94;SW;1.9444444444444444;0.0;0.0;0.0;Mostly Cloudy
1564635600;0.0;0.0;0.0;SW;1.9444444444444444;0.0;1012.8;0.0;Light Rain
1564639200;21.0;21.0;1.0;VAR;1.1111111111111112;0.0;1012.8;0.0;Mostly Cloudy
1564642800;0.0;0.0;0.0;WSW;1.6666666666666665;0.0;1012.8;0.0;Light Rain
1564646400;21.0;21.0;1.0;SW;1.9444444444444444;0.0;1012.8;0.0;Mostly Cloudy
1564650000;22.0;0.0;0.0;SSW;1.6666666666666665;0.0;1012.8;0.0;Showers in the Vicinity
1564653600;22.0;21.0;0.94;WSW;2.5;0.0;0.0;0.0;Mostly Cloudy
1564657200;24.0;22.0;0.89;SSW;1.6666666666666665;0.0;1013.8;0.0;Cloudy
1564660800;26.0;23.0;0.83;S;2.5;0.0;1014.8;0.0;Mostly Cloudy
1564664400;27.0;22.0;0.74;SE;3.0555555555555554;0.0;1014.8;0.0;Partly Cloudy
1564668000;26.0;22.0;0.78;SE;4.722222222222222;0.0;1014.8;0.0;Partly Cloudy
1564671600;27.0;22.0;0.74;ESE;4.166666666666667;0.0;1013.8;0.0;Partly Cloudy
1564675200;26.0;23.0;0.83;SSE;3.611111111111111;0.0;1012.8;0.0;Partly Cloudy
1564678800;27.0;23.0;0.79;SSE;4.166666666666667;0.0;1012.8;0.0;Partly Cloudy
1564682400;27.0;23.0;0.79;SE;4.166666666666667;0.0;1011.8;0.0;Mostly Cloudy
1564686000;26.0;22.0;0.78;SSE;4.722222222222222;0.0;1012.8;0.0;Mostly Cloudy
1564689600;24.0;22.0;0.89;S;5.277777777777778;0.0;1012.8;0.0;Light Rain
1564690500;24.0;23.0;0.94;SSE;5.277777777777778;0.0;0.0;0.0;Rain
1564693200;24.0;23.0;0.94;E;1.9444444444444444;0.0;0.0;0.0;Showers in the Vicinity
1564696800;0.0;0.0;0.0;SSE;1.6666666666666665;0.0;1013.8;0.0;Light Rain
1564700400;24.0;22.0;0.89;N;0.5555555555555556;0.0;1014.8;0.0;Showers in the Vicinity
1564704000;24.0;23.0;0.94;SE;1.6666666666666665;0.0;1014.8;0.0;Showers in the Vicinity
1564707600;23.0;22.0;0.94;VAR;1.6666666666666665;0.0;1014.8;0.0;Light Rain
1564710000;23.0;22.0;0.94;SE;2.5;0.0;1015.79;0.0;Rain
1564711200;23.0;22.0;0.94;ENE;2.5;0.0;1014.8;0.0;Rain
1564714800;23.0;22.0;0.94;SE;5.277777777777778;0.0;1014.8;0.0;Light Rain
1564718400;23.0;22.0;0.94;S;4.166666666666667;0.0;1013.8;0.0;Light Rain
1564722000;23.0;22.0;0.94;S;3.611111111111111;0.0;1013.8;0.0;Light Rain
1564725600;23.0;22.0;0.94;SSE;5.277777777777778;0.0;1013.8;0.0;Light Rain
1564729200;22.0;21.0;0.94;SE;4.166666666666667;0.0;1013.8;0.0;Light Rain
1564732800;22.0;22.0;1.0;S;1.9444444444444444;0.0;1013.8;0.0;Light Rain
1564736400;22.0;22.0;1.0;S;3.611111111111111;0.0;1014.8;0.0;Light Rain
1564740000;23.0;21.0;0.88;SW;1.9444444444444444;0.0;1014.8;0.0;Light Rain
1564741140;24.0;22.0;0.89;SE;3.611111111111111;0.0;1014.8;0.0;Mostly Cloudy
1564743600;26.0;22.0;0.78;ESE;4.722222222222222;0.0;1014.8;0.0;Mostly Cloudy
1564747200;26.0;22.0;0.78;ESE;4.166666666666667;0.0;1015.79;0.0;Mostly Cloudy
1564750800;27.0;22.0;0.74;ESE;4.166666666666667;0.0;1015.79;0.0;Mostly Cloudy
1564754400;26.0;21.0;0.74;ESE;5.277777777777778;0.0;1015.79;0.0;Partly Cloudy
1564758000;27.0;21.0;0.7;ESE;6.111111111111111;0.0;1014.8;0.0;Fair
1564761600;27.0;21.0;0.7;ESE;6.111111111111111;0.0;1014.8;0.0;Fair
1564765200;27.0;21.0;0.7;ESE;5.277777777777778;0.0;1013.8;0.0;Partly Cloudy
1564768800;27.0;22.0;0.74;ESE;4.722222222222222;0.0;1013.8;0.0;Mostly Cloudy
1564772400;26.0;21.0;0.74;SE;5.555555555555555;0.0;1013.8;0.0;Mostly Cloudy
1564776000;26.0;21.0;0.74;SE;5.277777777777778;0.0;1013.8;0.0;Mostly Cloudy
1564779600;26.0;20.0;0.69;SE;4.166666666666667;0.0;1014.8;0.0;Mostly Cloudy
1564783200;26.0;20.0;0.69;SE;4.722222222222222;0.0;1014.8;0.0;Mostly Cloudy
1564786800;25.0;20.0;0.74;SE;5.277777777777778;0.0;1014.8;0.0;Partly Cloudy
1564790400;25.0;20.0;0.74;SSE;4.722222222222222;0.0;1014.8;0.0;Fair
1564794000;25.0;20.0;0.74;SE;3.611111111111111;0.0;1015.79;0.0;Partly Cloudy
1564797600;25.0;21.0;0.78;SSE;4.722222222222222;0.0;1014.8;0.0;Partly Cloudy
1564801200;25.0;20.0;0.74;SSE;5.277777777777778;0.0;1014.8;0.0;Fair
1564804800;25.0;20.0;0.74;SE;3.611111111111111;0.0;1014.8;0.0;Fair
1564808400;24.0;19.0;0.73;SE;8.333333333333334;0.0;1014.8;0.0;Fair
1564812000;24.0;19.0;0.73;SE;3.611111111111111;0.0;1013.8;0.0;Fair
1564815600;23.0;19.0;0.78;SSW;1.9444444444444444;0.0;1014.8;0.0;Fair
1564819200;22.0;20.0;0.88;SW;1.9444444444444444;0.0;1014.8;0.0;Partly Cloudy
1564822800;22.0;20.0;0.88;SW;1.6666666666666665;0.0;1014.8;0.0;Partly Cloudy
1564826400;23.0;20.0;0.83;SSW;1.9444444444444444;0.0;1014.8;0.0;Fair
1564830000;25.0;21.0;0.78;S;2.5;0.0;1015.79;0.0;Partly Cloudy
1564833600;26.0;22.0;0.78;S;4.166666666666667;0.0;1015.79;0.0;Partly Cloudy
1564837200;27.0;22.0;0.74;SSE;3.611111111111111;0.0;1015.79;0.0;Mostly Cloudy
1564840800;28.0;21.0;0.66;SE;5.555555555555555;0.0;1015.79;0.0;Partly Cloudy
1564844400;27.0;20.0;0.65;SE;5.555555555555555;0.0;1014.8;0.0;Partly Cloudy
1564848000;27.0;20.0;0.65;SSE;7.222222222222222;0.0;1014.8;0.0;Mostly Cloudy
1564851600;27.0;21.0;0.7;SSE;6.666666666666666;0.0;1013.8;0.0;Mostly Cloudy
1564855200;26.0;21.0;0.74;SSE;6.666666666666666;0.0;1013.8;0.0;Partly Cloudy
1564858800;24.0;21.0;0.83;S;5.277777777777778;0.0;1013.8;0.0;Mostly Cloudy
1564862400;24.0;21.0;0.83;SSE;4.722222222222222;0.0;1014.8;0.0;Light Rain Shower
1564866000;25.0;21.0;0.78;SE;4.166666666666667;0.0;0.0;0.0;Showers in the Vicinity
1564869600;25.0;20.0;0.74;SE;5.277777777777778;0.0;1014.8;0.0;Mostly Cloudy
1564873200;25.0;21.0;0.78;SE;4.722222222222222;0.0;1014.8;0.0;Partly Cloudy
1564876800;25.0;21.0;0.78;SE;4.166666666666667;0.0;1015.79;0.0;Mostly Cloudy
1564880400;25.0;21.0;0.78;SE;3.0555555555555554;0.0;1015.79;0.0;Partly Cloudy
1564884000;25.0;21.0;0.78;SE;3.611111111111111;0.0;1015.79;0.0;Partly Cloudy
1565060400;25.0;21.0;0.78;SE;6.111111111111111;0.0;1018.79;0.0;Partly Cloudy
1565064000;24.0;21.0;0.83;SE;7.777777777777778;13.333333333333332;1017.79;0.0;Partly Cloudy
1565067600;25.0;20.0;0.74;SE;7.222222222222222;0.0;1017.79;0.0;Partly Cloudy
1565071200;25.0;21.0;0.78;SE;7.777777777777778;12.777777777777777;1017.79;0.0;Partly Cloudy
1565074800;24.0;20.0;0.78;SE;7.777777777777778;0.0;1017.79;0.0;Partly Cloudy
1565078400;24.0;20.0;0.78;SSE;6.666666666666666;0.0;1017.79;0.0;Partly Cloudy
1565082000;25.0;20.0;0.74;SSE;7.222222222222222;0.0;1017.79;0.0;Partly Cloudy
1565084760;25.0;20.0;0.74;SE;6.666666666666666;0.0;1018.79;0.0;Light Rain
1565085600;24.0;20.0;0.78;SE;6.111111111111111;0.0;1018.79;0.0;Mostly Cloudy
1565089200;25.0;19.0;0.69;SE;8.333333333333334;13.333333333333332;1018.79;0.0;Showers in the Vicinity
1565092800;25.0;21.0;0.78;SSE;7.777777777777778;0.0;0.0;0.0;Showers in the Vicinity
1565096400;25.0;22.0;0.83;SSE;8.333333333333334;0.0;0.0;0.0;Showers in the Vicinity
1565100000;26.0;21.0;0.74;SSE;7.777777777777778;0.0;1019.79;0.0;Partly Cloudy
1565103600;27.0;22.0;0.74;SE;7.777777777777778;0.0;1018.79;0.0;Partly Cloudy
1565107200;27.0;22.0;0.74;SE;8.333333333333334;0.0;1017.79;0.0;Partly Cloudy
1565110800;27.0;21.0;0.7;SE;8.333333333333334;0.0;1017.79;0.0;Partly Cloudy
1565114400;27.0;21.0;0.7;SSE;8.61111111111111;0.0;1016.79;0.0;Partly Cloudy
1565118000;26.0;20.0;0.69;SE;6.666666666666666;0.0;1017.79;0.0;Fair
1565121600;25.0;19.0;0.69;SE;6.666666666666666;0.0;1017.79;0.0;Partly Cloudy
1565125200;23.0;21.0;0.88;SE;5.555555555555555;0.0;1017.79;0.0;Light Rain
1565128800;24.0;22.0;0.89;SSE;4.166666666666667;0.0;1017.79;0.0;Mostly Cloudy
1565132400;25.0;21.0;0.78;SE;5.555555555555555;0.0;1017.79;0.0;Partly Cloudy
1565136000;24.0;21.0;0.83;SE;6.666666666666666;0.0;1018.79;0.0;Showers in the Vicinity
1565139600;25.0;21.0;0.78;ESE;4.722222222222222;0.0;1018.79;0.0;Mostly Cloudy
1565143200;25.0;21.0;0.78;SE;5.555555555555555;0.0;1018.79;0.0;Mostly Cloudy
1565665200;22.0;21.0;0.94;VAR;1.1111111111111112;0.0;1015.79;0.0;Showers in the Vicinity
1565668800;22.0;20.0;0.88;SW;2.5;0.0;1014.8;0.0;Light Rain
1565672400;22.0;20.0;0.88;S;1.1111111111111112;0.0;1014.8;0.0;Partly Cloudy
1565676000;21.0;19.0;0.88;WSW;1.9444444444444444;0.0;1014.8;0.0;Partly Cloudy
1565679600;21.0;19.0;0.88;S;1.6666666666666665;0.0;1013.8;0.0;Partly Cloudy
1565683200;21.0;19.0;0.88;VAR;1.1111111111111112;0.0;1014.8;0.0;Partly Cloudy
1565686800;21.0;19.0;0.88;S;1.6666666666666665;0.0;1014.8;0.0;Fair
1565690400;22.0;20.0;0.88;SSW;1.6666666666666665;0.0;1015.79;0.0;Partly Cloudy
1565694000;24.0;21.0;0.83;SSW;3.611111111111111;0.0;1015.79;0.0;Fair
1565697600;26.0;21.0;0.74;S;4.166666666666667;0.0;1016.79;0.0;Partly Cloudy
1565701200;27.0;21.0;0.7;S;6.111111111111111;0.0;1015.79;0.0;Partly Cloudy
1565704800;27.0;20.0;0.65;SSE;6.111111111111111;0.0;1015.79;0.0;Partly Cloudy
1565708400;27.0;20.0;0.65;SSE;6.111111111111111;0.0;1014.8;0.0;Partly Cloudy
1565712000;26.0;21.0;0.74;SSE;7.777777777777778;0.0;1013.8;0.0;Partly Cloudy
1565715600;26.0;22.0;0.78;SSE;6.666666666666666;0.0;1013.8;0.0;Partly Cloudy
1565719200;26.0;21.0;0.74;SSE;6.111111111111111;0.0;1013.8;0.0;Partly Cloudy
1565722800;26.0;21.0;0.74;SSE;5.555555555555555;0.0;1013.8;0.0;Fair
1565726400;25.0;21.0;0.78;SSE;5.277777777777778;0.0;1013.8;0.0;Fair
1565730000;25.0;21.0;0.78;SSE;4.722222222222222;0.0;1013.8;0.0;Fair
1565733600;25.0;22.0;0.83;SE;4.166666666666667;0.0;1014.8;0.0;Mostly Cloudy
1565737200;25.0;21.0;0.78;SE;3.611111111111111;0.0;1015.79;0.0;Mostly Cloudy
1565740800;24.0;22.0;0.89;SE;4.166666666666667;0.0;1015.79;0.0;Mostly Cloudy
1565744400;24.0;22.0;0.89;SE;4.722222222222222;0.0;1015.79;0.0;Mostly Cloudy
1565746020;24.0;22.0;0.89;SE;4.722222222222222;0.0;1015.79;0.0;Showers in the Vicinity
1565748000;23.0;21.0;0.88;SE;4.722222222222222;0.0;1015.79;0.0;Showers in the Vicinity
1565748540;22.0;21.0;0.94;SE;3.611111111111111;0.0;1015.79;0.0;Light Rain
1565838000;23.0;21.0;0.88;SSW;3.611111111111111;0.0;1016.79;0.0;Mostly Cloudy
1565841600;22.0;21.0;0.94;SW;3.0555555555555554;0.0;1015.79;0.0;Light Rain
1565845200;22.0;21.0;0.94;S;3.611111111111111;0.0;1015.79;0.0;Showers in the Vicinity
1565848800;22.0;21.0;0.94;SSW;3.0555555555555554;0.0;1015.79;0.0;Showers in the Vicinity
1565852400;22.0;21.0;0.94;SSW;3.611111111111111;0.0;1015.79;0.0;Showers in the Vicinity
1565856000;22.0;21.0;0.94;SW;3.0555555555555554;0.0;1016.79;0.0;Partly Cloudy
1565859600;22.0;21.0;0.94;VAR;1.1111111111111112;0.0;1016.79;0.0;Partly Cloudy
1565863200;23.0;21.0;0.88;SSW;3.0555555555555554;0.0;1017.79;0.0;Mostly Cloudy
1565866800;23.0;21.0;0.88;SSW;3.0555555555555554;0.0;1017.79;0.0;Showers in the Vicinity
1565870400;25.0;22.0;0.83;SSW;3.0555555555555554;0.0;1018.79;0.0;Showers in the Vicinity
1565874000;27.0;22.0;0.74;SSE;7.777777777777778;0.0;1018.79;0.0;Partly Cloudy
1565877600;27.0;21.0;0.7;SSE;8.333333333333334;0.0;1018.79;0.0;Partly Cloudy
1565881200;28.0;22.0;0.7;SSE;7.777777777777778;0.0;1017.79;0.0;Showers in the Vicinity
1565884800;26.0;22.0;0.78;S;7.222222222222222;0.0;1017.79;0.0;Showers in the Vicinity
1565888400;28.0;22.0;0.7;SSE;7.777777777777778;0.0;1016.79;0.0;Partly Cloudy
1565892000;26.0;22.0;0.78;SE;6.111111111111111;0.0;1016.79;0.0;Partly Cloudy
1565895600;25.0;21.0;0.78;S;7.222222222222222;0.0;1016.79;0.0;Showers in the Vicinity
1565899200;25.0;21.0;0.78;S;7.777777777777778;0.0;1016.79;0.0;Partly Cloudy
1565902800;25.0;21.0;0.78;S;7.222222222222222;0.0;1016.79;0.0;Partly Cloudy
1565906400;25.0;21.0;0.78;S;6.111111111111111;0.0;1016.79;0.0;Partly Cloudy
1565910000;24.0;21.0;0.83;S;6.666666666666666;0.0;1016.79;0.0;Partly Cloudy
1565913600;24.0;22.0;0.89;S;4.722222222222222;0.0;1017.79;0.0;Partly Cloudy
1565917200;23.0;22.0;0.94;S;4.166666666666667;0.0;1017.79;0.0;Light Rain
1565920800;23.0;21.0;0.88;SSW;3.611111111111111;0.0;1017.79;0.0;Light Rain
1565921220;22.0;21.0;0.94;SSE;1.9444444444444444;0.0;1017.79;0.0;Rain Shower
1566010800;26.0;21.0;0.74;ESE;4.722222222222222;0.0;1016.79;0.0;Partly Cloudy
1566014400;25.0;21.0;0.78;ESE;5.555555555555555;0.0;1015.79;0.0;Partly Cloudy
1566018000;25.0;21.0;0.78;SE;4.722222222222222;0.0;1014.8;0.0;Partly Cloudy
1566021600;25.0;21.0;0.78;SE;4.722222222222222;0.0;1014.8;0.0;Partly Cloudy
1566025200;25.0;21.0;0.78;ESE;4.722222222222222;0.0;1014.8;0.0;Partly Cloudy
1566028800;25.0;20.0;0.74;SE;6.666666666666666;0.0;1014.8;0.0;Partly Cloudy
1566032400;25.0;21.0;0.78;SE;6.111111111111111;0.0;1014.8;0.0;Partly Cloudy
1566036000;25.0;21.0;0.78;SE;5.555555555555555;0.0;1015.79;0.0;Partly Cloudy
1566039600;26.0;21.0;0.74;ESE;5.277777777777778;0.0;1015.79;0.0;Partly Cloudy
1566043200;27.0;21.0;0.7;ESE;7.222222222222222;0.0;1016.79;0.0;Partly Cloudy
1566046800;27.0;21.0;0.7;ESE;6.111111111111111;0.0;1016.79;0.0;Partly Cloudy
1566050400;28.0;20.0;0.62;ESE;7.222222222222222;0.0;1016.79;0.0;Partly Cloudy
1566054000;28.0;21.0;0.66;SE;6.666666666666666;0.0;1015.79;0.0;Partly Cloudy
1566057600;28.0;21.0;0.66;SE;6.666666666666666;0.0;1014.8;0.0;Partly Cloudy
1566061200;28.0;21.0;0.66;SSE;6.111111111111111;0.0;1013.8;0.0;Partly Cloudy
1566064800;27.0;20.0;0.65;SSE;6.666666666666666;0.0;1013.8;0.0;Fair
1566068400;27.0;20.0;0.65;SSE;6.666666666666666;0.0;1013.8;0.0;Fair
1566072000;26.0;21.0;0.74;SSE;6.666666666666666;0.0;1013.8;0.0;Fair
1566075600;26.0;21.0;0.74;SE;5.277777777777778;0.0;1013.8;0.0;Mostly Cloudy
1566079200;26.0;21.0;0.74;SE;5.277777777777778;0.0;1014.8;0.0;Mostly Cloudy
1566082800;26.0;22.0;0.78;SE;5.277777777777778;0.0;1014.8;0.0;Partly Cloudy
1566086400;25.0;21.0;0.78;SE;5.555555555555555;0.0;1015.79;0.0;Partly Cloudy
1566090000;25.0;21.0;0.78;SSE;6.111111111111111;0.0;1015.79;0.0;Mostly Cloudy
1566093600;25.0;21.0;0.78;SSE;5.277777777777778;0.0;1015.79;0.0;Mostly Cloudy
1566270000;25.0;20.0;0.74;ESE;4.722222222222222;0.0;1015.79;0.0;Partly Cloudy
1566273600;25.0;20.0;0.74;ESE;3.611111111111111;0.0;1015.79;0.0;Partly Cloudy
1566277200;25.0;20.0;0.74;SE;3.0555555555555554;0.0;1014.8;0.0;Fair
1566280800;24.0;20.0;0.78;SE;3.0555555555555554;0.0;1015.79;0.0;Partly Cloudy
1566284400;24.0;21.0;0.83;SSE;1.9444444444444444;0.0;1015.79;0.0;Mostly Cloudy
1566288000;23.0;21.0;0.88;SSE;3.0555555555555554;0.0;1015.79;0.0;Mostly Cloudy
1566291600;25.0;20.0;0.74;SE;3.611111111111111;0.0;1016.79;0.0;Partly Cloudy
1566295200;26.0;21.0;0.74;SE;4.166666666666667;0.0;1016.79;0.0;Partly Cloudy
1566298800;26.0;21.0;0.74;SE;4.722222222222222;0.0;1016.79;0.0;Partly Cloudy
1566302400;27.0;20.0;0.65;SE;6.111111111111111;0.0;1017.79;0.0;Partly Cloudy
1566306000;27.0;20.0;0.65;SE;5.555555555555555;0.0;1017.79;0.0;Partly Cloudy
1566309600;27.0;20.0;0.65;SE;6.111111111111111;0.0;1016.79;0.0;Partly Cloudy
1566313200;28.0;20.0;0.62;SE;5.277777777777778;0.0;1016.79;0.0;Partly Cloudy
1566316800;27.0;19.0;0.61;SE;5.555555555555555;0.0;1015.79;0.0;Partly Cloudy
1566320400;27.0;19.0;0.61;VAR;5.277777777777778;0.0;1015.79;0.0;Partly Cloudy
1566324000;27.0;19.0;0.61;SE;6.111111111111111;0.0;1014.8;0.0;Partly Cloudy
1566327600;26.0;19.0;0.65;SE;4.722222222222222;0.0;1015.79;0.0;Partly Cloudy
1566331200;26.0;19.0;0.65;SE;5.277777777777778;0.0;1015.79;0.0;Partly Cloudy
1566334800;25.0;20.0;0.74;SE;4.722222222222222;0.0;1015.79;0.0;Partly Cloudy
1566338400;25.0;20.0;0.74;SE;4.722222222222222;0.0;1015.79;0.0;Partly Cloudy
1566342000;25.0;19.0;0.69;SE;4.722222222222222;0.0;1016.79;0.0;Fair
1566345600;25.0;19.0;0.69;SE;5.277777777777778;0.0;1016.79;0.0;Fair
1566349200;25.0;19.0;0.69;SSE;5.277777777777778;0.0;1017.79;0.0;Fair
1566352800;25.0;19.0;0.69;SSE;5.277777777777778;0.0;1017.79;0.0;Fair
1566356400;25.0;19.0;0.69;SE;4.722222222222222;0.0;1016.79;0.0;Fair
1566360000;24.0;19.0;0.73;SSE;4.722222222222222;0.0;1016.79;0.0;Fair
1566363600;23.0;19.0;0.78;SW;1.9444444444444444;0.0;1015.79;0.0;Partly Cloudy
1566367200;22.0;19.0;0.83;SSW;1.6666666666666665;0.0;1015.79;0.0;Partly Cloudy
1566370800;22.0;19.0;0.83;S;1.6666666666666665;0.0;1015.79;0.0;Partly Cloudy
1566374400;22.0;19.0;0.83;S;1.6666666666666665;0.0;1016.79;0.0;Partly Cloudy
1566378000;22.0;19.0;0.83;S;1.9444444444444444;0.0;1016.79;0.0;Partly Cloudy
1566381600;23.0;20.0;0.83;SSW;1.6666666666666665;0.0;1016.79;0.0;Partly Cloudy
1566385200;25.0;20.0;0.74;S;2.5;0.0;1017.79;0.0;Partly Cloudy
1566388800;26.0;21.0;0.74;SSE;4.166666666666667;0.0;1017.79;0.0;Partly Cloudy
1566392400;27.0;20.0;0.65;SE;5.277777777777778;0.0;1017.79;0.0;Partly Cloudy
1566396000;27.0;20.0;0.65;SSE;5.555555555555555;0.0;1016.79;0.0;Partly Cloudy
1566399600;27.0;20.0;0.65;SSE;5.277777777777778;0.0;1015.79;0.0;Partly Cloudy
1566403200;27.0;20.0;0.65;SSE;5.555555555555555;0.0;1015.79;0.0;Partly Cloudy
1566406800;27.0;21.0;0.7;SSE;4.722222222222222;0.0;1014.8;0.0;Partly Cloudy
1566410400;27.0;20.0;0.65;SSE;5.555555555555555;0.0;1014.8;0.0;Partly Cloudy
1566414000;26.0;20.0;0.69;SSE;6.111111111111111;0.0;1014.8;0.0;Partly Cloudy
1566417600;26.0;21.0;0.74;SSE;5.555555555555555;0.0;1014.8;0.0;Partly Cloudy
1566421200;25.0;20.0;0.74;SSE;5.555555555555555;0.0;1014.8;0.0;Partly Cloudy
1566424800;25.0;20.0;0.74;S;5.277777777777778;0.0;1014.8;0.0;Partly Cloudy
1566428400;25.0;20.0;0.74;S;4.166666666666667;0.0;1015.79;0.0;Partly Cloudy
1566432000;24.0;20.0;0.78;SSW;3.0555555555555554;0.0;1015.79;0.0;Partly Cloudy
1566435600;23.0;20.0;0.83;SSW;3.0555555555555554;0.0;1015.79;0.0;Fair
1566439200;23.0;20.0;0.83;S;1.6666666666666665;0.0;1015.79;0.0;Fair
1566442800;22.0;20.0;0.88;S;1.1111111111111112;0.0;1015.79;0.0;Partly Cloudy
1566446400;22.0;20.0;0.88;W;1.1111111111111112;0.0;1015.79;0.0;Partly Cloudy
1566450000;22.0;19.0;0.83;SSW;1.6666666666666665;0.0;1014.8;0.0;Partly Cloudy
1566453600;21.0;19.0;0.88;SW;1.1111111111111112;0.0;1014.8;0.0;Fair
1566457200;21.0;19.0;0.88;SW;1.6666666666666665;0.0;1014.8;0.0;Partly Cloudy
1566460800;21.0;19.0;0.88;SW;1.9444444444444444;0.0;1014.8;0.0;Partly Cloudy
1566464400;21.0;19.0;0.88;CALM;0.0;0.0;1015.79;0.0;Partly Cloudy
1566468000;23.0;20.0;0.83;SSW;1.6666666666666665;0.0;1015.79;0.0;Partly Cloudy
1566471600;25.0;21.0;0.78;SSW;3.0555555555555554;0.0;1016.79;0.0;Partly Cloudy
1566475200;25.0;21.0;0.78;S;4.722222222222222;0.0;1016.79;0.0;Partly Cloudy
1566478800;26.0;21.0;0.74;SSW;4.722222222222222;0.0;1016.79;0.0;Partly Cloudy
1566482400;27.0;21.0;0.7;SSE;7.777777777777778;0.0;1015.79;0.0;Partly Cloudy
1566486000;24.0;22.0;0.89;SE;6.111111111111111;0.0;1015.79;0.0;Light Rain Shower
1566489600;26.0;21.0;0.74;SSE;5.277777777777778;0.0;1014.8;0.0;Partly Cloudy
1566493200;26.0;22.0;0.78;SSE;5.277777777777778;0.0;1014.8;0.0;Partly Cloudy
1566496800;25.0;22.0;0.83;S;4.166666666666667;0.0;1013.8;0.0;Showers in the Vicinity
1566500400;25.0;21.0;0.78;S;4.722222222222222;0.0;1013.8;0.0;Partly Cloudy
1566504000;26.0;22.0;0.78;SSE;5.555555555555555;0.0;1014.8;0.0;Partly Cloudy
1566507600;24.0;22.0;0.89;SSE;8.333333333333334;0.0;1014.8;0.0;Partly Cloudy
1566511200;24.0;22.0;0.89;SE;7.222222222222222;0.0;1015.79;0.0;Mostly Cloudy
1566514800;23.0;21.0;0.88;SSE;7.777777777777778;0.0;1016.79;0.0;Light Rain
1566518400;24.0;21.0;0.83;S;4.722222222222222;0.0;1016.79;0.0;Partly Cloudy
1566522000;23.0;21.0;0.88;SSW;2.5;0.0;1016.79;0.0;Partly Cloudy
1566525600;23.0;21.0;0.88;S;4.722222222222222;0.0;1016.79;0.0;Mostly Cloudy
1566526800;23.0;22.0;0.94;SSE;6.666666666666666;0.0;1016.79;0.0;Rain
1566529200;24.0;22.0;0.89;SSE;5.555555555555555;0.0;1016.79;0.0;Light Rain
1566532800;23.0;21.0;0.88;SSE;5.555555555555555;0.0;1015.79;0.0;Light Rain
1566536400;23.0;21.0;0.88;SW;2.5;0.0;1015.79;0.0;Partly Cloudy
1566540000;24.0;20.0;0.78;SSE;6.666666666666666;0.0;1015.79;0.0;Light Rain
1566543600;24.0;19.0;0.73;SSE;6.111111111111111;0.0;1015.79;0.0;Partly Cloudy
1566547200;25.0;20.0;0.74;SSE;5.555555555555555;0.0;1015.79;0.0;Partly Cloudy
1566550800;24.0;20.0;0.78;SSE;5.555555555555555;0.0;1016.79;0.0;Mostly Cloudy
1566554400;25.0;20.0;0.74;SE;3.611111111111111;0.0;1016.79;0.0;Mostly Cloudy
1566558000;26.0;20.0;0.69;SSE;6.666666666666666;0.0;1017.79;0.0;Partly Cloudy
1566561600;25.0;20.0;0.74;ESE;5.277777777777778;0.0;1017.79;0.0;Mostly Cloudy
1566565200;27.0;21.0;0.7;S;8.333333333333334;0.0;1017.79;0.0;Mostly Cloudy
1566568800;27.0;21.0;0.7;SSE;7.222222222222222;0.0;1016.79;0.0;Mostly Cloudy
1566572400;27.0;21.0;0.7;SSE;6.666666666666666;0.0;1015.79;0.0;Mostly Cloudy
1566576000;27.0;21.0;0.7;SSE;7.222222222222222;0.0;1015.79;0.0;Mostly Cloudy
1566579600;27.0;21.0;0.7;SSE;7.777777777777778;0.0;1014.8;0.0;Mostly Cloudy
1566583200;27.0;20.0;0.65;S;7.777777777777778;0.0;1014.8;0.0;Partly Cloudy
1566586800;27.0;20.0;0.65;S;6.666666666666666;0.0;1014.8;0.0;Mostly Cloudy
1566590400;26.0;20.0;0.69;S;7.777777777777778;0.0;1015.79;0.0;Mostly Cloudy
1566594000;23.0;21.0;0.88;S;7.777777777777778;0.0;1016.79;0.0;Showers in the Vicinity
1566597600;23.0;21.0;0.88;SE;7.777777777777778;0.0;1016.79;0.0;Light Rain
1566598440;22.0;21.0;0.94;S;6.666666666666666;0.0;1016.79;0.0;Showers in the Vicinity
1566601200;23.0;21.0;0.88;S;4.166666666666667;0.0;1016.79;0.0;Showers in the Vicinity
1566604800;22.0;21.0;0.94;SSW;3.0555555555555554;0.0;1016.79;0.0;Showers in the Vicinity
1566608400;22.0;21.0;0.94;S;4.166666666666667;0.0;1017.79;0.0;Light Rain Shower
1566612000;23.0;21.0;0.88;S;4.722222222222222;0.0;1016.79;0.0;Showers in the Vicinity
1566615600;22.0;21.0;0.94;SSW;3.611111111111111;0.0;1016.79;0.0;Mostly Cloudy
1566619200;22.0;21.0;0.94;SSW;3.0555555555555554;0.0;1015.79;0.0;Mostly Cloudy
1566622800;22.0;21.0;0.94;SW;1.6666666666666665;0.0;1015.79;0.0;Partly Cloudy
1566626400;22.0;21.0;0.94;SSW;1.6666666666666665;0.0;1015.79;0.0;Partly Cloudy
1566630000;22.0;21.0;0.94;SW;1.1111111111111112;0.0;1015.79;0.0;Partly Cloudy
1566633600;22.0;20.0;0.88;SSW;1.9444444444444444;0.0;1015.79;0.0;Light Rain Shower
1566637200;22.0;21.0;0.94;SSW;2.5;0.0;1016.79;0.0;Mostly Cloudy
1566640800;22.0;21.0;0.94;S;3.0555555555555554;0.0;1017.79;0.0;Mostly Cloudy
1566644400;24.0;22.0;0.89;SSW;3.611111111111111;0.0;1017.79;0.0;Partly Cloudy
1566648000;26.0;22.0;0.78;S;4.722222222222222;0.0;1017.79;0.0;Partly Cloudy
1566651600;26.0;22.0;0.78;S;7.222222222222222;0.0;1017.79;0.0;Mostly Cloudy
1566655200;27.0;22.0;0.74;SSE;6.666666666666666;0.0;1017.79;0.0;Mostly Cloudy
1566658800;27.0;21.0;0.7;SSE;7.222222222222222;0.0;1016.79;0.0;Partly Cloudy
1566662400;27.0;21.0;0.7;SSE;7.222222222222222;0.0;1015.79;0.0;Partly Cloudy
1566666000;27.0;22.0;0.74;SSE;6.666666666666666;0.0;1015.79;0.0;Partly Cloudy
1566669600;26.0;22.0;0.78;SSE;6.666666666666666;0.0;1015.79;0.0;Partly Cloudy
1566673200;26.0;22.0;0.78;SSE;6.111111111111111;0.0;1015.79;0.0;Showers in the Vicinity
1566676800;26.0;22.0;0.78;S;6.111111111111111;0.0;1015.79;0.0;Partly Cloudy
1566680400;26.0;22.0;0.78;SSE;6.111111111111111;0.0;1016.79;0.0;Partly Cloudy
1566684000;26.0;22.0;0.78;SSE;6.111111111111111;0.0;1016.79;0.0;Partly Cloudy
1566687600;25.0;22.0;0.83;SSE;5.555555555555555;0.0;1017.79;0.0;Partly Cloudy
1566691200;24.0;23.0;0.94;SSE;4.722222222222222;0.0;1017.79;0.0;Partly Cloudy
1566694800;25.0;22.0;0.83;SE;4.722222222222222;0.0;1017.79;0.0;Partly Cloudy
1566698400;25.0;23.0;0.89;SE;4.166666666666667;0.0;1017.79;0.0;Partly Cloudy
1566702000;25.0;22.0;0.83;SE;6.111111111111111;0.0;1016.79;0.0;Partly Cloudy
1566705600;25.0;22.0;0.83;SE;5.277777777777778;0.0;1016.79;0.0;Partly Cloudy
1566709200;25.0;21.0;0.78;SE;6.111111111111111;0.0;1016.79;0.0;Partly Cloudy
1566712800;25.0;22.0;0.83;SE;3.0555555555555554;0.0;1015.79;0.0;Partly Cloudy
1566716400;25.0;22.0;0.83;SE;4.722222222222222;0.0;1016.79;0.0;Partly Cloudy
1566720000;25.0;21.0;0.78;ESE;4.722222222222222;0.0;1016.79;0.0;Partly Cloudy
1566723600;25.0;22.0;0.83;SE;4.722222222222222;0.0;1016.79;0.0;Partly Cloudy
1566725580;23.0;21.0;0.88;E;4.722222222222222;10.277777777777777;1017.79;0.0;Light Rain
1566727200;23.0;21.0;0.88;ESE;6.111111111111111;0.0;1017.79;0.0;Light Rain
1566730800;25.0;22.0;0.83;SE;4.722222222222222;0.0;1018.79;0.0;Light Rain
1566734400;24.0;23.0;0.94;SE;5.277777777777778;0.0;1018.79;0.0;Light Rain
1566738000;26.0;23.0;0.83;SE;5.555555555555555;0.0;1018.79;0.0;Showers in the Vicinity
1566741600;27.0;23.0;0.79;ESE;3.611111111111111;0.0;1017.79;0.0;Mostly Cloudy
1566745200;27.0;22.0;0.74;SE;5.277777777777778;0.0;1016.79;0.0;Partly Cloudy
1566748800;27.0;22.0;0.74;SE;6.111111111111111;0.0;1015.79;0.0;Showers in the Vicinity
1566752400;27.0;22.0;0.74;SE;5.277777777777778;0.0;1015.79;0.0;Showers in the Vicinity
1566756000;27.0;22.0;0.74;SE;6.111111111111111;0.0;1015.79;0.0;Mostly Cloudy
1566759600;26.0;21.0;0.74;VAR;5.277777777777778;0.0;1015.79;0.0;Mostly Cloudy
1566763200;26.0;21.0;0.74;SE;5.277777777777778;0.0;1015.79;0.0;Mostly Cloudy
1566766800;26.0;21.0;0.74;SE;5.277777777777778;0.0;1016.79;0.0;Partly Cloudy
1566770400;26.0;21.0;0.74;SSE;6.111111111111111;0.0;1016.79;0.0;Partly Cloudy
1566774000;25.0;21.0;0.78;SSE;6.111111111111111;0.0;1017.79;0.0;Partly Cloudy
1566777600;25.0;21.0;0.78;SSE;6.666666666666666;0.0;1017.79;0.0;Mostly Cloudy
1566781200;25.0;21.0;0.78;SE;6.111111111111111;0.0;1017.79;0.0;Mostly Cloudy
1566784800;25.0;20.0;0.74;SSE;6.111111111111111;0.0;1017.79;0.0;Partly Cloudy
1566788400;25.0;21.0;0.78;SE;4.722222222222222;0.0;1016.79;0.0;Partly Cloudy
1566792000;25.0;21.0;0.78;SE;5.277777777777778;0.0;1015.79;0.0;Partly Cloudy
1566795600;24.0;22.0;0.89;SE;3.611111111111111;0.0;1015.79;0.0;Partly Cloudy
1566799200;25.0;22.0;0.83;SE;5.555555555555555;0.0;1015.79;0.0;Partly Cloudy
1566802800;25.0;22.0;0.83;SE;4.722222222222222;0.0;1015.79;0.0;Partly Cloudy
1566806400;23.0;21.0;0.88;SSE;7.777777777777778;0.0;1015.79;0.0;Light Rain Shower
1566810000;25.0;21.0;0.78;SSE;6.666666666666666;0.0;1015.79;0.0;Light Rain Shower
1566813600;24.0;21.0;0.83;SE;6.666666666666666;0.0;1016.79;0.0;Mostly Cloudy
1566814800;23.0;22.0;0.94;SE;5.555555555555555;0.0;1016.79;0.0;Light Rain Shower
1566817200;22.0;21.0;0.94;SE;5.277777777777778;0.0;1017.79;0.0;Light Rain Shower
1566820800;26.0;22.0;0.78;SSE;7.222222222222222;0.0;1017.79;0.0;Showers in the Vicinity
1566824400;27.0;22.0;0.74;SSE;7.222222222222222;0.0;1016.79;0.0;Showers in the Vicinity
1566828000;26.0;22.0;0.78;SSE;6.666666666666666;0.0;1016.79;0.0;Light Rain Shower
1566831600;26.0;22.0;0.78;SSE;9.166666666666666;0.0;1015.79;0.0;Partly Cloudy / Windy
1566835200;27.0;22.0;0.74;SSE;9.166666666666666;0.0;1015.79;0.0;Mostly Cloudy / Windy
1566838800;26.0;21.0;0.74;SSE;6.666666666666666;0.0;1014.8;0.0;Showers in the Vicinity
1566842400;25.0;22.0;0.83;S;5.555555555555555;0.0;1014.8;0.0;Light Rain
1566846000;25.0;22.0;0.83;S;4.722222222222222;0.0;1014.8;0.0;Mostly Cloudy
1566849600;25.0;21.0;0.78;SSE;6.111111111111111;0.0;1015.79;0.0;Showers in the Vicinity
1566853200;24.0;22.0;0.89;S;5.555555555555555;0.0;1015.79;0.0;Light Rain
1566856800;24.0;22.0;0.89;S;6.666666666666666;0.0;1016.79;0.0;Showers in the Vicinity
1566860400;24.0;22.0;0.89;S;6.666666666666666;0.0;1016.79;0.0;Showers in the Vicinity
1566864000;23.0;22.0;0.94;SSW;3.0555555555555554;0.0;1017.79;0.0;Light Rain
1566867600;23.0;22.0;0.94;SSW;3.611111111111111;0.0;1016.79;0.0;Mostly Cloudy
1566871200;23.0;21.0;0.88;SSW;3.0555555555555554;0.0;1016.79;0.0;Mostly Cloudy
1566874800;23.0;21.0;0.88;SSW;1.9444444444444444;0.0;1015.79;0.0;Mostly Cloudy
1566878400;25.0;21.0;0.78;SE;6.111111111111111;0.0;1015.79;0.0;Mostly Cloudy
1566882000;25.0;21.0;0.78;SE;6.111111111111111;0.0;1014.8;0.0;Mostly Cloudy
1566885600;25.0;20.0;0.74;SE;6.666666666666666;0.0;1014.8;0.0;Mostly Cloudy
1566889200;25.0;20.0;0.74;SE;5.555555555555555;0.0;1014.8;0.0;Partly Cloudy
1566892800;25.0;20.0;0.74;SE;6.111111111111111;0.0;1015.79;0.0;Partly Cloudy
1566896400;25.0;20.0;0.74;SE;5.277777777777778;0.0;1016.79;0.0;Partly Cloudy
1566900000;25.0;20.0;0.74;SE;6.666666666666666;0.0;1016.79;0.0;Partly Cloudy
1566903600;26.0;20.0;0.69;SE;6.666666666666666;0.0;1017.79;0.0;Partly Cloudy
1566907200;27.0;21.0;0.7;SE;6.666666666666666;0.0;1017.79;0.0;Partly Cloudy
1566910800;27.0;21.0;0.7;SE;7.222222222222222;0.0;1017.79;0.0;Mostly Cloudy
1566914400;27.0;21.0;0.7;SE;7.222222222222222;0.0;1017.79;0.0;Mostly Cloudy
1566918000;28.0;21.0;0.66;SE;7.222222222222222;0.0;1016.79;0.0;Partly Cloudy
1566921600;28.0;21.0;0.66;SE;6.111111111111111;0.0;1015.79;0.0;Partly Cloudy
1566925200;27.0;21.0;0.7;SSE;7.222222222222222;0.0;1015.79;0.0;Partly Cloudy
1566928800;27.0;21.0;0.7;SSE;7.222222222222222;0.0;1014.8;0.0;Partly Cloudy
1566932400;26.0;21.0;0.74;SSE;7.222222222222222;0.0;1015.79;0.0;Partly Cloudy
1566936000;26.0;21.0;0.74;SSE;7.222222222222222;0.0;1015.79;0.0;Partly Cloudy
1566939600;26.0;21.0;0.74;SSE;7.222222222222222;0.0;1015.79;0.0;Partly Cloudy
1566943200;24.0;19.0;0.73;SSE;8.61111111111111;0.0;1015.79;0.0;Showers in the Vicinity
1566946800;25.0;21.0;0.78;SSE;6.111111111111111;0.0;1016.79;0.0;Partly Cloudy
1566950400;25.0;21.0;0.78;S;6.666666666666666;0.0;1016.79;0.0;Mostly Cloudy
1566954000;25.0;20.0;0.74;SSE;6.111111111111111;0.0;1016.79;0.0;Partly Cloudy
1566957600;24.0;21.0;0.83;S;5.555555555555555;0.0;1016.79;0.0;Light Rain Shower
1566961200;24.0;21.0;0.83;S;6.111111111111111;0.0;1015.79;0.0;Showers in the Vicinity
1566964800;24.0;21.0;0.83;SSE;8.333333333333334;0.0;1015.79;0.0;Showers in the Vicinity
1566968400;23.0;20.0;0.83;S;3.611111111111111;0.0;1014.8;0.0;Showers in the Vicinity
1566972000;22.0;20.0;0.88;SSW;3.0555555555555554;0.0;1014.8;0.0;Partly Cloudy
1566975600;22.0;20.0;0.88;SSW;1.9444444444444444;0.0;1014.8;0.0;Light Rain Shower
1566979200;22.0;20.0;0.88;VAR;1.1111111111111112;0.0;1015.79;0.0;Light Rain Shower
1566982800;24.0;21.0;0.83;S;5.555555555555555;0.0;1015.79;0.0;Showers in the Vicinity
1566986400;25.0;21.0;0.78;S;5.277777777777778;0.0;1015.79;0.0;Partly Cloudy
1566990000;25.0;21.0;0.78;S;6.666666666666666;0.0;1016.79;0.0;Partly Cloudy
1566993600;26.0;22.0;0.78;SSE;7.222222222222222;0.0;1017.79;0.0;Showers in the Vicinity
1566997200;25.0;21.0;0.78;SSE;9.166666666666666;0.0;1017.79;0.0;Partly Cloudy / Windy
1567000800;25.0;20.0;0.74;SSE;9.166666666666666;0.0;1016.79;0.0;Mostly Cloudy / Windy
1567004400;26.0;19.0;0.65;S;7.222222222222222;0.0;1015.79;0.0;Mostly Cloudy
1567008000;26.0;20.0;0.69;S;7.222222222222222;12.222222222222221;1015.79;0.0;Partly Cloudy
1567011600;23.0;19.0;0.78;S;7.222222222222222;0.0;1015.79;0.0;Mostly Cloudy
1567015200;25.0;19.0;0.69;S;6.111111111111111;0.0;1014.8;0.0;Mostly Cloudy
1567018800;25.0;20.0;0.74;S;6.666666666666666;0.0;1014.8;0.0;Showers in the Vicinity
1567022400;25.0;18.0;0.65;SSE;5.555555555555555;0.0;1014.8;0.0;Mostly Cloudy
1567026000;25.0;19.0;0.69;SE;4.722222222222222;0.0;1014.8;0.0;Mostly Cloudy
1567029600;24.0;18.0;0.69;SSW;2.5;0.0;1015.79;0.0;Mostly Cloudy
1567033200;25.0;19.0;0.69;SSE;6.111111111111111;0.0;1015.79;0.0;Mostly Cloudy
1567036800;25.0;19.0;0.69;SSE;7.222222222222222;0.0;1015.79;0.0;Partly Cloudy
1567040400;25.0;19.0;0.69;SSE;6.111111111111111;0.0;1016.79;0.0;Mostly Cloudy
1567044000;25.0;18.0;0.65;SSE;6.666666666666666;0.0;1016.79;0.0;Partly Cloudy
1567047600;23.0;19.0;0.78;SSW;1.9444444444444444;0.0;1015.79;0.0;Partly Cloudy
1567051200;24.0;18.0;0.69;SSE;6.666666666666666;0.0;1014.8;0.0;Showers in the Vicinity
1567054800;25.0;18.0;0.65;SSE;5.277777777777778;0.0;1014.8;0.0;Partly Cloudy
1567058400;24.0;18.0;0.69;SE;4.722222222222222;0.0;1014.8;0.0;Partly Cloudy
1567062000;22.0;19.0;0.83;SW;2.5;0.0;1014.8;0.0;Partly Cloudy
1567065600;22.0;19.0;0.83;SW;1.9444444444444444;0.0;1014.8;0.0;Partly Cloudy
1567069200;22.0;19.0;0.83;SW;1.9444444444444444;0.0;1015.79;0.0;Partly Cloudy
1567072800;23.0;20.0;0.83;VAR;1.1111111111111112;0.0;1015.79;0.0;Partly Cloudy
1567076400;27.0;19.0;0.61;SE;6.111111111111111;0.0;1015.79;0.0;Partly Cloudy
1567080000;27.0;18.0;0.58;SE;6.111111111111111;0.0;1016.79;0.0;Partly Cloudy
1567083600;27.0;18.0;0.58;SE;6.666666666666666;0.0;1016.79;0.0;Partly Cloudy
1567087200;27.0;17.0;0.54;SE;5.555555555555555;0.0;1015.79;0.0;Partly Cloudy
1567090800;27.0;17.0;0.54;SSE;6.111111111111111;0.0;1015.79;0.0;Partly Cloudy
1567094400;27.0;17.0;0.54;SSE;5.277777777777778;0.0;1014.8;0.0;Fair
1567098000;27.0;18.0;0.58;S;6.111111111111111;0.0;1013.8;0.0;Fair
1567101600;27.0;17.0;0.54;SE;5.277777777777778;0.0;1013.8;0.0;Fair
1567105200;26.0;17.0;0.57;SSE;5.277777777777778;0.0;1013.8;0.0;Fair
1567108800;25.0;18.0;0.65;SSE;4.722222222222222;0.0;1013.8;0.0;Fair
1567112400;25.0;18.0;0.65;SSE;4.166666666666667;0.0;1014.8;0.0;Fair
1567116000;25.0;18.0;0.65;SE;4.166666666666667;0.0;1014.8;0.0;Fair
1567119600;25.0;19.0;0.69;SSE;4.722222222222222;0.0;1015.79;0.0;Fair
1567123200;24.0;20.0;0.78;SSE;4.166666666666667;0.0;1016.79;0.0;Fair
1567126800;23.0;19.0;0.78;SW;1.6666666666666665;0.0;1016.79;0.0;Partly Cloudy
1567130400;22.0;18.0;0.78;SW;1.9444444444444444;0.0;1016.79;0.0;Fair
1567134000;22.0;19.0;0.83;SSW;1.9444444444444444;0.0;1015.79;0.0;Fair
1567137600;21.0;18.0;0.83;SSW;1.6666666666666665;0.0;1015.79;0.0;Partly Cloudy
1567141200;21.0;18.0;0.83;VAR;1.1111111111111112;0.0;1014.8;0.0;Fair
1567144800;21.0;18.0;0.83;SSW;1.6666666666666665;0.0;1014.8;0.0;Partly Cloudy
1567148400;21.0;18.0;0.83;W;1.1111111111111112;0.0;1014.8;0.0;Partly Cloudy
1567152000;21.0;19.0;0.88;VAR;1.1111111111111112;0.0;1014.8;0.0;Partly Cloudy
1567155600;22.0;19.0;0.83;VAR;1.1111111111111112;0.0;1014.8;0.0;Partly Cloudy
1567159200;23.0;19.0;0.78;WSW;1.1111111111111112;0.0;1015.79;0.0;Partly Cloudy
1567162800;24.0;21.0;0.83;SSW;4.166666666666667;0.0;1016.79;0.0;Mostly Cloudy
1567166400;26.0;22.0;0.78;S;3.611111111111111;0.0;1016.79;0.0;Partly Cloudy
1567170000;27.0;22.0;0.74;SE;3.611111111111111;0.0;1016.79;0.0;Partly Cloudy
1567173600;27.0;21.0;0.7;ESE;6.111111111111111;0.0;1015.79;0.0;Showers in the Vicinity
1567177200;28.0;22.0;0.7;ESE;6.111111111111111;0.0;1015.79;0.0;Partly Cloudy
1567180800;27.0;20.0;0.65;SE;6.111111111111111;0.0;1014.8;0.0;Showers in the Vicinity
1567184400;27.0;21.0;0.7;SE;5.555555555555555;0.0;1013.8;0.0;Mostly Cloudy
1567188000;27.0;21.0;0.7;SE;5.277777777777778;0.0;1013.8;0.0;Mostly Cloudy
1567191600;27.0;20.0;0.65;SE;4.722222222222222;0.0;1013.8;0.0;Mostly Cloudy
1567195200;26.0;20.0;0.69;SE;4.166666666666667;0.0;1013.8;0.0;Mostly Cloudy
1567198800;26.0;20.0;0.69;SE;4.166666666666667;0.0;1014.8;0.0;Partly Cloudy
1567202400;26.0;20.0;0.69;ESE;3.611111111111111;0.0;1014.8;0.0;Partly Cloudy
1567206000;26.0;20.0;0.69;SE;4.166666666666667;0.0;1015.79;0.0;Partly Cloudy
1567209600;25.0;20.0;0.74;SE;4.722222222222222;0.0;1015.79;0.0;Partly Cloudy
1567213200;25.0;20.0;0.74;SE;3.611111111111111;0.0;1016.79;0.0;Partly Cloudy
1567216800;25.0;20.0;0.74;SE;4.166666666666667;0.0;1016.79;0.0;Partly Cloudy
1567220400;25.0;20.0;0.74;SE;3.611111111111111;0.0;1015.79;0.0;Partly Cloudy
1567224000;25.0;20.0;0.74;SE;4.722222222222222;0.0;1015.79;0.0;Partly Cloudy
1567227600;25.0;19.0;0.69;SE;4.166666666666667;0.0;1014.8;0.0;Partly Cloudy
1567231200;25.0;20.0;0.74;SE;3.611111111111111;0.0;1014.8;0.0;Partly Cloudy
1567234800;24.0;20.0;0.78;SSE;3.611111111111111;0.0;1014.8;0.0;Partly Cloudy
1567238400;24.0;21.0;0.83;ESE;3.0555555555555554;0.0;1014.8;0.0;Showers in the Vicinity
1567242000;25.0;21.0;0.78;SE;4.166666666666667;0.0;1015.79;0.0;Showers in the Vicinity
1567245600;26.0;20.0;0.69;SE;4.722222222222222;0.0;1015.79;0.0;Mostly Cloudy
1567249200;27.0;21.0;0.7;SE;5.277777777777778;0.0;1016.79;0.0;Mostly Cloudy
1567252800;27.0;22.0;0.74;SSE;5.555555555555555;0.0;1015.79;0.0;Partly Cloudy
1567256400;27.0;21.0;0.7;SSE;6.111111111111111;0.0;1016.79;0.0;Partly Cloudy
1567260000;27.0;21.0;0.7;SSE;5.555555555555555;0.0;1016.79;0.0;Partly Cloudy
1567263600;28.0;22.0;0.7;SE;6.111111111111111;0.0;1015.79;0.0;Partly Cloudy
1567267200;28.0;22.0;0.7;SE;6.111111111111111;0.0;1014.8;0.0;Partly Cloudy
1567270800;27.0;22.0;0.74;SSE;5.555555555555555;0.0;1013.8;0.0;Partly Cloudy
1567274400;27.0;21.0;0.7;SSE;6.111111111111111;0.0;1013.8;0.0;Showers in the Vicinity
1567278000;26.0;22.0;0.78;SSE;7.222222222222222;0.0;1013.8;0.0;Showers in the Vicinity
1567281600;24.0;22.0;0.89;ESE;3.0555555555555554;0.0;1013.8;0.0;Light Rain Shower
1567285200;25.0;22.0;0.83;S;5.277777777777778;0.0;1013.8;0.0;Showers in the Vicinity
1567288800;25.0;21.0;0.78;SSE;6.111111111111111;0.0;1014.8;0.0;Mostly Cloudy
1567292400;24.0;21.0;0.83;S;5.277777777777778;0.0;1014.8;0.0;Showers in the Vicinity
1567296000;23.0;22.0;0.94;SSE;4.722222222222222;0.0;1014.8;0.0;Showers in the Vicinity
1567299600;23.0;22.0;0.94;S;5.555555555555555;0.0;1015.79;0.0;Showers in the Vicinity
1567303200;24.0;21.0;0.83;SE;5.277777777777778;0.0;1014.8;0.0;Showers in the Vicinity
1567306800;24.0;22.0;0.89;S;4.166666666666667;0.0;1014.8;0.0;Showers in the Vicinity
1567310400;24.0;21.0;0.83;SSE;5.277777777777778;0.0;1013.8;0.0;Mostly Cloudy
1567314000;24.0;22.0;0.89;SSE;6.666666666666666;0.0;1013.8;0.0;Showers in the Vicinity
1567317600;23.0;22.0;0.94;S;3.611111111111111;0.0;1012.8;0.0;Showers in the Vicinity
1567321200;22.0;21.0;0.94;NNW;0.5555555555555556;0.0;1012.8;0.0;Showers in the Vicinity
1567324800;22.0;21.0;0.94;SE;3.0555555555555554;0.0;1013.8;0.0;Showers in the Vicinity
1567328400;23.0;21.0;0.88;S;1.6666666666666665;0.0;1013.8;0.0;Showers in the Vicinity
1567332000;23.0;21.0;0.88;SW;1.6666666666666665;0.0;1013.8;0.0;Showers in the Vicinity
1567335600;25.0;22.0;0.83;SSE;3.611111111111111;0.0;1014.8;0.0;Mostly Cloudy
1567339200;26.0;22.0;0.78;SE;4.722222222222222;0.0;1015.79;0.0;Mostly Cloudy
1567342800;27.0;22.0;0.74;ESE;4.166666666666667;0.0;1014.8;0.0;Fair
1567346400;28.0;23.0;0.74;ESE;4.166666666666667;0.0;1014.8;0.0;Mostly Cloudy
1567350000;26.0;23.0;0.83;SE;4.722222222222222;0.0;1013.8;0.0;Mostly Cloudy
1567353600;27.0;23.0;0.79;ESE;4.722222222222222;0.0;1012.8;0.0;Partly Cloudy
1567357200;27.0;23.0;0.79;ESE;5.277777777777778;0.0;1011.8;0.0;Partly Cloudy
1567360800;27.0;22.0;0.74;SE;4.722222222222222;0.0;1011.8;0.0;Mostly Cloudy
1567364400;26.0;23.0;0.83;SE;5.277777777777778;0.0;1011.8;0.0;Mostly Cloudy
1567368000;26.0;22.0;0.78;SE;5.277777777777778;0.0;1011.8;0.0;Partly Cloudy
1567371600;26.0;22.0;0.78;SE;3.611111111111111;0.0;1012.8;0.0;Mostly Cloudy
1567375200;26.0;22.0;0.78;SE;4.166666666666667;0.0;1012.8;0.0;Mostly Cloudy
1567378800;26.0;22.0;0.78;ESE;3.0555555555555554;0.0;1012.8;0.0;Mostly Cloudy
1567382400;24.0;22.0;0.89;ESE;4.722222222222222;0.0;1013.8;0.0;Light Rain Shower
1567386000;25.0;23.0;0.89;ESE;3.611111111111111;0.0;1013.8;0.0;Mostly Cloudy
1567389600;25.0;23.0;0.89;SE;4.166666666666667;0.0;1013.8;0.0;Partly Cloudy
1567393200;24.0;22.0;0.89;ESE;5.277777777777778;0.0;1013.8;0.0;Partly Cloudy
1567396800;23.0;22.0;0.94;ESE;4.722222222222222;0.0;1012.8;0.0;Partly Cloudy
1567400400;23.0;21.0;0.88;SE;2.5;0.0;1012.8;0.0;Mostly Cloudy
1567404000;23.0;22.0;0.94;S;2.5;0.0;1012.8;0.0;Mostly Cloudy
1567407600;23.0;22.0;0.94;SSW;1.9444444444444444;0.0;1012.8;0.0;Mostly Cloudy
1567411200;23.0;22.0;0.94;NW;1.1111111111111112;0.0;1012.8;0.0;Light Rain
1567414800;23.0;22.0;0.94;SE;5.277777777777778;0.0;1012.8;0.0;Mostly Cloudy
1567416840;23.0;22.0;0.94;SE;6.666666666666666;0.0;1013.8;0.0;Rain
1567418400;23.0;22.0;0.94;SE;5.555555555555555;0.0;1013.8;0.0;Light Rain
1567422000;24.0;23.0;0.94;SSE;2.5;0.0;1014.8;0.0;Light Rain
1567425600;26.0;22.0;0.78;E;4.166666666666667;0.0;1014.8;0.0;Mostly Cloudy
1567429200;27.0;22.0;0.74;E;3.611111111111111;0.0;1014.8;0.0;Mostly Cloudy
1567432800;27.0;22.0;0.74;E;5.277777777777778;0.0;1014.8;0.0;Mostly Cloudy
1567436400;28.0;23.0;0.74;E;4.166666666666667;0.0;1013.8;0.0;Mostly Cloudy
1567440000;28.0;22.0;0.7;ESE;5.555555555555555;0.0;1012.8;0.0;Partly Cloudy
1567443600;28.0;22.0;0.7;E;3.611111111111111;0.0;1012.8;0.0;Partly Cloudy
1567447200;27.0;22.0;0.74;ESE;5.277777777777778;0.0;1012.8;0.0;Partly Cloudy
1567450800;27.0;22.0;0.74;ESE;4.166666666666667;0.0;1012.8;0.0;Partly Cloudy
1567454400;26.0;22.0;0.78;SE;4.166666666666667;0.0;1012.8;0.0;Partly Cloudy
1567458000;26.0;22.0;0.78;SE;3.611111111111111;0.0;1013.8;0.0;Fair
1567461600;26.0;21.0;0.74;ESE;3.611111111111111;0.0;1013.8;0.0;Partly Cloudy
1567465200;26.0;22.0;0.78;ESE;2.5;0.0;1014.8;0.0;Mostly Cloudy
1567468800;26.0;22.0;0.78;ESE;3.611111111111111;0.0;1014.8;0.0;Partly Cloudy
1567472400;26.0;21.0;0.74;ESE;3.611111111111111;0.0;1014.8;0.0;Partly Cloudy
1567476000;26.0;21.0;0.74;ESE;3.611111111111111;0.0;1014.8;0.0;Partly Cloudy
1567479600;24.0;22.0;0.89;SE;4.722222222222222;0.0;1014.8;0.0;Light Rain Shower
1567483200;25.0;22.0;0.83;ESE;3.611111111111111;0.0;1013.8;0.0;Mostly Cloudy
1567486800;25.0;22.0;0.83;ESE;3.0555555555555554;0.0;1013.8;0.0;Mostly Cloudy
1567490400;25.0;21.0;0.78;ESE;4.166666666666667;0.0;1013.8;0.0;Mostly Cloudy
1567494000;25.0;21.0;0.78;ESE;4.166666666666667;0.0;1013.8;0.0;Mostly Cloudy
1567497600;25.0;20.0;0.74;ESE;3.611111111111111;0.0;1013.8;0.0;Partly Cloudy
1567501200;25.0;21.0;0.78;E;3.0555555555555554;0.0;1013.8;0.0;Mostly Cloudy
1567504800;26.0;21.0;0.74;E;3.0555555555555554;0.0;1014.8;0.0;Mostly Cloudy
1567508400;26.0;21.0;0.74;E;3.0555555555555554;0.0;1016.79;0.0;Mostly Cloudy
1567512000;27.0;22.0;0.74;E;4.722222222222222;0.0;1015.79;0.0;Mostly Cloudy
1567515600;27.0;21.0;0.7;E;4.722222222222222;0.0;1015.79;0.0;Mostly Cloudy
1567519200;27.0;22.0;0.74;E;5.277777777777778;0.0;1015.79;0.0;Mostly Cloudy
1567522800;28.0;22.0;0.7;E;4.722222222222222;0.0;1014.8;0.0;Mostly Cloudy
1567526400;28.0;22.0;0.7;ESE;4.722222222222222;0.0;1013.8;0.0;Partly Cloudy
1567530000;28.0;22.0;0.7;ESE;4.166666666666667;0.0;1013.8;0.0;Partly Cloudy
1567533600;27.0;21.0;0.7;E;5.277777777777778;0.0;1013.8;0.0;Partly Cloudy
1567537200;27.0;21.0;0.7;E;3.0555555555555554;0.0;1013.8;0.0;Partly Cloudy
1567540800;26.0;21.0;0.74;ESE;3.611111111111111;0.0;1013.8;0.0;Partly Cloudy
1567544400;26.0;21.0;0.74;ESE;3.0555555555555554;0.0;1014.8;0.0;Partly Cloudy
1567548000;26.0;21.0;0.74;ESE;3.0555555555555554;0.0;1014.8;0.0;Partly Cloudy
1567551600;25.0;20.0;0.74;SE;3.611111111111111;0.0;1014.8;0.0;Partly Cloudy
1567555200;25.0;21.0;0.78;SE;3.0555555555555554;0.0;1015.79;0.0;Partly Cloudy
1567558800;25.0;21.0;0.78;SE;2.5;0.0;1015.79;0.0;Fair
1567562400;25.0;21.0;0.78;SE;2.5;0.0;1015.79;0.0;Partly Cloudy
1567566000;25.0;21.0;0.78;SE;2.5;0.0;1014.8;0.0;Partly Cloudy
1567569600;25.0;21.0;0.78;SE;2.5;0.0;1014.8;0.0;Partly Cloudy
1567573200;25.0;22.0;0.83;SE;4.166666666666667;0.0;1014.8;0.0;Partly Cloudy
1567576800;24.0;22.0;0.89;SE;3.611111111111111;0.0;1014.8;0.0;Partly Cloudy
1567580400;24.0;21.0;0.83;ESE;4.722222222222222;0.0;1014.8;0.0;Partly Cloudy
1567584000;24.0;22.0;0.89;ESE;4.166666666666667;0.0;1014.8;0.0;Partly Cloudy
1567587600;25.0;21.0;0.78;ESE;4.166666666666667;0.0;1015.79;0.0;Mostly Cloudy
1567591200;23.0;21.0;0.88;ESE;5.277777777777778;0.0;1015.79;0.0;Light Rain
1567594800;23.0;22.0;0.94;SE;3.611111111111111;0.0;1016.79;0.0;Light Rain
1567595700;23.0;22.0;0.94;ESE;2.5;0.0;1016.79;0.0;Light Rain
1567598400;24.0;22.0;0.89;SSE;2.5;0.0;1016.79;0.0;Mostly Cloudy
1567602000;26.0;22.0;0.78;SE;3.611111111111111;0.0;1016.79;0.0;Mostly Cloudy
1567605600;25.0;21.0;0.78;E;4.722222222222222;0.0;1016.79;0.0;Light Rain
1567609200;26.0;22.0;0.78;E;3.0555555555555554;0.0;1015.79;0.0;Mostly Cloudy
1567612800;26.0;22.0;0.78;E;1.6666666666666665;0.0;1014.8;0.0;Showers in the Vicinity
1567616400;24.0;22.0;0.89;SSE;6.111111111111111;0.0;1014.8;0.0;Light Rain
1567620000;24.0;22.0;0.89;E;2.5;0.0;1014.8;0.0;Showers in the Vicinity
1567623600;24.0;22.0;0.89;SE;3.0555555555555554;0.0;1014.8;0.0;Light Rain
1567627200;24.0;22.0;0.89;ENE;1.9444444444444444;0.0;1014.8;0.0;Light Rain
1567630800;23.0;22.0;0.94;SSW;2.5;0.0;1014.8;0.0;Light Rain
1567634400;23.0;20.0;0.83;SSW;3.0555555555555554;0.0;1015.79;0.0;Showers in the Vicinity
1567638000;23.0;21.0;0.88;S;4.722222222222222;0.0;1015.79;0.0;Light Rain
1567641600;23.0;21.0;0.88;SW;0.5555555555555556;0.0;1016.79;0.0;Partly Cloudy
1567645200;23.0;21.0;0.88;SW;2.5;0.0;1016.79;0.0;Mostly Cloudy
1567648800;22.0;21.0;0.94;WSW;1.9444444444444444;0.0;1016.79;0.0;Mostly Cloudy
1567652400;23.0;21.0;0.88;S;1.6666666666666665;0.0;1015.79;0.0;Showers in the Vicinity
1567656000;22.0;21.0;0.94;VAR;1.1111111111111112;0.0;1015.79;0.0;Light Rain Shower
1567659600;22.0;21.0;0.94;WSW;1.6666666666666665;0.0;1014.8;0.0;Showers in the Vicinity
1567663200;22.0;21.0;0.94;SSE;1.6666666666666665;0.0;1014.8;0.0;Showers in the Vicinity
1567666800;22.0;22.0;1.0;VAR;1.1111111111111112;0.0;1014.8;0.0;Showers in the Vicinity
1567670400;22.0;21.0;0.94;SSW;2.5;0.0;1015.79;0.0;Mostly Cloudy
1567674000;22.0;21.0;0.94;S;1.6666666666666665;0.0;1015.79;0.0;Showers in the Vicinity
1567677600;23.0;22.0;0.94;SSW;1.9444444444444444;0.0;1015.79;0.0;Mostly Cloudy
1567681200;26.0;21.0;0.74;SE;4.722222222222222;0.0;1016.79;0.0;Mostly Cloudy
1567684800;27.0;22.0;0.74;SE;4.722222222222222;0.0;1016.79;0.0;Mostly Cloudy
1567688400;27.0;21.0;0.7;SSE;5.277777777777778;0.0;1016.79;0.0;Partly Cloudy
1567692000;27.0;22.0;0.74;SE;4.722222222222222;0.0;1015.79;0.0;Partly Cloudy
1567695600;27.0;22.0;0.74;SE;4.722222222222222;0.0;1014.8;0.0;Partly Cloudy
1567699200;27.0;21.0;0.7;SSE;6.111111111111111;0.0;1014.8;0.0;Partly Cloudy
1567702800;27.0;21.0;0.7;SSE;6.111111111111111;0.0;1013.8;0.0;Partly Cloudy
1567706400;26.0;22.0;0.78;SSE;6.666666666666666;0.0;1013.8;0.0;Partly Cloudy
1567710000;26.0;22.0;0.78;S;5.277777777777778;0.0;1014.8;0.0;Partly Cloudy
1567713600;26.0;22.0;0.78;SSE;6.111111111111111;0.0;1014.8;0.0;Partly Cloudy
1567717200;25.0;21.0;0.78;SSE;7.222222222222222;0.0;1014.8;0.0;Partly Cloudy
1567720800;25.0;21.0;0.78;S;4.722222222222222;0.0;1015.79;0.0;Partly Cloudy
1567724400;25.0;21.0;0.78;SSE;6.111111111111111;0.0;1015.79;0.0;Light Rain
1567728000;22.0;21.0;0.94;SSE;4.722222222222222;0.0;1016.79;0.0;Light Rain
1567731600;23.0;21.0;0.88;SSW;1.6666666666666665;0.0;1016.79;0.0;Partly Cloudy
1567735200;22.0;21.0;0.94;SSW;2.5;0.0;1016.79;0.0;Partly Cloudy
1567738800;22.0;21.0;0.94;WSW;1.6666666666666665;0.0;1015.79;0.0;Partly Cloudy
1567742400;22.0;21.0;0.94;SSW;3.0555555555555554;0.0;1015.79;0.0;Light Rain
1567746000;22.0;22.0;1.0;SSW;4.722222222222222;0.0;1014.8;0.0;Light Rain
1567749600;22.0;21.0;0.94;SSW;1.9444444444444444;0.0;1014.8;0.0;Partly Cloudy
1567753200;23.0;21.0;0.88;S;1.9444444444444444;0.0;1014.8;0.0;Partly Cloudy
1567756800;23.0;21.0;0.88;S;4.166666666666667;0.0;1014.8;0.0;Partly Cloudy
1567760400;22.0;21.0;0.94;S;4.166666666666667;0.0;1015.79;0.0;Showers in the Vicinity
1567764000;24.0;21.0;0.83;SE;5.277777777777778;0.0;1015.79;0.0;Partly Cloudy
1567767600;25.0;21.0;0.78;SSE;4.722222222222222;0.0;1016.79;0.0;Showers in the Vicinity
1567771200;25.0;22.0;0.83;SE;6.666666666666666;0.0;1016.79;0.0;Mostly Cloudy
1567774800;27.0;19.0;0.61;SSE;7.222222222222222;0.0;1016.79;0.0;Mostly Cloudy
1567778400;27.0;20.0;0.65;SSE;8.333333333333334;0.0;1016.79;0.0;Partly Cloudy
1567782000;27.0;20.0;0.65;SSE;8.333333333333334;0.0;1015.79;0.0;Partly Cloudy
1567785600;27.0;20.0;0.65;SSE;7.777777777777778;0.0;1014.8;0.0;Partly Cloudy
1567789200;27.0;21.0;0.7;SSE;10.277777777777777;0.0;1014.8;0.0;Partly Cloudy / Windy
1567792800;26.0;19.0;0.65;SSE;9.166666666666666;0.0;1013.8;0.0;Partly Cloudy / Windy
1567796400;26.0;20.0;0.69;S;8.333333333333334;0.0;1014.8;0.0;Mostly Cloudy
1567800000;25.0;20.0;0.74;S;7.222222222222222;0.0;1014.8;0.0;Partly Cloudy
1567803600;25.0;20.0;0.74;SSE;7.222222222222222;0.0;1015.79;0.0;Fair
1567807200;25.0;20.0;0.74;S;7.222222222222222;0.0;1015.79;0.0;Fair
1567810800;25.0;20.0;0.74;S;5.555555555555555;0.0;1016.79;0.0;Partly Cloudy
1567814400;25.0;20.0;0.74;SSE;6.666666666666666;0.0;1016.79;0.0;Partly Cloudy
1567818000;25.0;19.0;0.69;S;4.722222222222222;0.0;1016.79;0.0;Partly Cloudy
1567821600;23.0;20.0;0.83;SW;2.5;0.0;1016.79;0.0;Partly Cloudy
1567825200;22.0;20.0;0.88;SSW;1.9444444444444444;0.0;1015.79;0.0;Partly Cloudy
1567828800;22.0;20.0;0.88;SW;2.5;0.0;1015.79;0.0;Partly Cloudy
1567832400;22.0;20.0;0.88;SSW;1.9444444444444444;0.0;1015.79;0.0;Partly Cloudy
1567836000;22.0;20.0;0.88;SSW;1.6666666666666665;0.0;1015.79;0.0;Partly Cloudy
1567839600;22.0;20.0;0.88;SSW;2.5;0.0;1015.79;0.0;Partly Cloudy
1567843200;22.0;20.0;0.88;SSW;2.5;0.0;1015.79;0.0;Partly Cloudy
1567846800;22.0;21.0;0.94;SSW;4.166666666666667;0.0;1016.79;0.0;Mostly Cloudy
1567850400;23.0;22.0;0.94;S;3.611111111111111;0.0;1016.79;0.0;Light Rain
1567854000;24.0;22.0;0.89;SSE;7.777777777777778;0.0;1017.79;0.0;Light Rain
1567857600;25.0;22.0;0.83;SSE;9.166666666666666;0.0;1017.79;0.0;Light Rain / Windy
1567861200;26.0;22.0;0.78;SSE;8.61111111111111;0.0;1017.79;0.0;Partly Cloudy
1567864800;27.0;22.0;0.74;SSE;7.777777777777778;12.777777777777777;1016.79;0.0;Partly Cloudy
1567868400;27.0;22.0;0.74;SSE;8.333333333333334;0.0;1016.79;0.0;Mostly Cloudy
1567872000;25.0;23.0;0.89;S;8.333333333333334;0.0;1015.79;0.0;Partly Cloudy
1567875600;26.0;22.0;0.78;S;6.111111111111111;0.0;1014.8;0.0;Cloudy
1567876140;24.0;22.0;0.89;S;6.666666666666666;0.0;1014.8;0.0;Light Rain Shower
1567879200;25.0;22.0;0.83;S;6.666666666666666;0.0;1014.8;0.0;Showers in the Vicinity
1567881000;23.0;22.0;0.94;S;7.222222222222222;0.0;1015.79;0.0;Light Rain
1567882800;24.0;21.0;0.83;S;7.777777777777778;0.0;1015.79;0.0;Showers in the Vicinity
1567886400;25.0;21.0;0.78;SSE;7.222222222222222;0.0;1015.79;0.0;Showers in the Vicinity
1567890000;25.0;21.0;0.78;S;6.666666666666666;0.0;1016.79;0.0;Cloudy
1567893600;25.0;20.0;0.74;SSE;6.666666666666666;0.0;1016.79;0.0;Mostly Cloudy
1567897200;25.0;21.0;0.78;SSE;6.666666666666666;0.0;1016.79;0.0;Mostly Cloudy
1567900800;25.0;21.0;0.78;SSE;6.666666666666666;0.0;1017.79;0.0;Mostly Cloudy
1567904400;25.0;20.0;0.74;SE;6.666666666666666;0.0;1017.79;0.0;Mostly Cloudy
1567908000;25.0;20.0;0.74;SSE;6.666666666666666;0.0;1016.79;0.0;Mostly Cloudy
1567911600;25.0;21.0;0.78;SE;4.722222222222222;0.0;1016.79;0.0;Mostly Cloudy
1567915200;24.0;21.0;0.83;SE;4.722222222222222;0.0;1016.79;0.0;Partly Cloudy
1567918800;24.0;20.0;0.78;SSE;4.166666666666667;0.0;1015.79;0.0;Partly Cloudy
1567922400;23.0;20.0;0.83;SE;5.277777777777778;11.38888888888889;1015.79;0.0;Showers in the Vicinity
1567926000;24.0;20.0;0.78;SE;8.333333333333334;0.0;1016.79;0.0;Mostly Cloudy
1567929600;24.0;21.0;0.83;SSE;4.166666666666667;0.0;1016.79;0.0;Mostly Cloudy
1567933200;25.0;21.0;0.78;SE;4.166666666666667;0.0;1016.79;0.0;Partly Cloudy
1567936800;26.0;22.0;0.78;SSE;5.555555555555555;0.0;1017.79;0.0;Mostly Cloudy
1567940400;26.0;21.0;0.74;SSE;6.111111111111111;0.0;1018.79;0.0;Partly Cloudy
1567944000;25.0;21.0;0.78;SSE;6.666666666666666;0.0;1018.79;0.0;Mostly Cloudy
1567947600;26.0;19.0;0.65;SSE;6.111111111111111;0.0;1018.79;0.0;Mostly Cloudy
1567951200;26.0;21.0;0.74;S;6.666666666666666;0.0;1017.79;0.0;Partly Cloudy
1567954800;27.0;22.0;0.74;S;7.222222222222222;0.0;1017.79;0.0;Partly Cloudy
1567958400;25.0;22.0;0.83;SSE;6.111111111111111;0.0;1016.79;0.0;Light Rain
1567962000;26.0;23.0;0.83;SSE;7.222222222222222;0.0;1016.79;0.0;Showers in the Vicinity
1567965600;26.0;22.0;0.78;SSE;7.777777777777778;0.0;1015.79;0.0;Showers in the Vicinity
1567969200;26.0;21.0;0.74;SSE;5.277777777777778;0.0;1016.79;0.0;Mostly Cloudy
1567972800;24.0;22.0;0.89;S;7.777777777777778;0.0;1016.79;0.0;Mostly Cloudy
1567976400;24.0;21.0;0.83;S;4.722222222222222;0.0;1016.79;0.0;Cloudy
1567980000;24.0;21.0;0.83;S;3.0555555555555554;0.0;1016.79;0.0;Cloudy
1567983600;24.0;22.0;0.89;S;3.611111111111111;0.0;1017.79;0.0;Mostly Cloudy
1567987200;25.0;22.0;0.83;SSE;5.555555555555555;0.0;1017.79;0.0;Cloudy
1567990800;25.0;22.0;0.83;SSE;6.111111111111111;0.0;1017.79;0.0;Mostly Cloudy
1567994400;25.0;22.0;0.83;SSE;6.111111111111111;0.0;1017.79;0.0;Mostly Cloudy
1567998000;25.0;22.0;0.83;SSE;5.277777777777778;0.0;1016.79;0.0;Mostly Cloudy
1568001600;25.0;22.0;0.83;SSE;5.555555555555555;0.0;1015.79;0.0;Mostly Cloudy
1568005200;25.0;21.0;0.78;SE;5.277777777777778;0.0;1016.79;0.0;Partly Cloudy
1568008800;25.0;21.0;0.78;SSE;6.111111111111111;0.0;1016.79;0.0;Partly Cloudy
1568012400;25.0;21.0;0.78;SE;5.277777777777778;0.0;1015.79;0.0;Mostly Cloudy
1568016000;25.0;21.0;0.78;SE;3.611111111111111;0.0;1016.79;0.0;Partly Cloudy
1568019600;25.0;20.0;0.74;SE;5.277777777777778;0.0;1016.79;0.0;Mostly Cloudy
1568023200;25.0;21.0;0.78;SE;5.555555555555555;0.0;1016.79;0.0;Partly Cloudy
1568026800;26.0;21.0;0.74;SE;5.277777777777778;0.0;1017.79;0.0;Mostly Cloudy
1568030400;27.0;21.0;0.7;SE;7.222222222222222;0.0;1018.79;0.0;Mostly Cloudy
1568034000;27.0;21.0;0.7;SE;6.111111111111111;0.0;1017.79;0.0;Partly Cloudy
1568037600;27.0;21.0;0.7;SSE;6.666666666666666;0.0;1017.79;0.0;Partly Cloudy
1568041200;27.0;21.0;0.7;SE;6.666666666666666;0.0;1016.79;0.0;Mostly Cloudy
1568044800;28.0;21.0;0.66;ESE;6.111111111111111;0.0;1015.79;0.0;Partly Cloudy
1568048400;27.0;21.0;0.7;ESE;5.555555555555555;0.0;1015.79;0.0;Partly Cloudy
1568052000;27.0;21.0;0.7;ESE;4.722222222222222;0.0;1014.8;0.0;Partly Cloudy
1568055600;27.0;20.0;0.65;SE;5.277777777777778;0.0;1015.79;0.0;Partly Cloudy
1568059200;26.0;20.0;0.69;SE;4.166666666666667;0.0;1015.79;0.0;Partly Cloudy
1568062800;26.0;20.0;0.69;SE;3.611111111111111;0.0;1015.79;0.0;Partly Cloudy
1568066400;26.0;20.0;0.69;SE;4.722222222222222;0.0;1015.79;0.0;Partly Cloudy
1568070000;25.0;20.0;0.74;SE;4.722222222222222;0.0;1015.79;0.0;Partly Cloudy
1568073600;25.0;20.0;0.74;SE;4.722222222222222;0.0;1016.79;0.0;Partly Cloudy
1568077200;25.0;20.0;0.74;SE;3.0555555555555554;0.0;1016.79;0.0;Partly Cloudy
1568080800;25.0;20.0;0.74;ESE;4.166666666666667;0.0;1016.79;0.0;Partly Cloudy
1568084400;25.0;20.0;0.74;SE;3.0555555555555554;0.0;1015.79;0.0;Partly Cloudy
1568088000;25.0;20.0;0.74;SE;4.722222222222222;0.0;1015.79;0.0;Partly Cloudy
1568091600;25.0;20.0;0.74;SE;4.166666666666667;0.0;1014.8;0.0;Partly Cloudy
1568095200;25.0;20.0;0.74;ESE;3.611111111111111;0.0;1014.8;0.0;Partly Cloudy
1568098800;25.0;20.0;0.74;SE;4.166666666666667;0.0;1015.79;0.0;Partly Cloudy
1568102400;25.0;20.0;0.74;SE;4.166666666666667;0.0;1015.79;0.0;Partly Cloudy
1568106000;25.0;20.0;0.74;SE;5.277777777777778;0.0;1015.79;0.0;Fair
1568109600;26.0;20.0;0.69;SE;5.277777777777778;0.0;1016.79;0.0;Fair
1568113200;27.0;21.0;0.7;ESE;5.555555555555555;0.0;1016.79;0.0;Fair
1568116800;27.0;20.0;0.65;SE;5.277777777777778;0.0;1017.79;0.0;Fair
1568120400;28.0;21.0;0.66;ESE;4.722222222222222;0.0;1016.79;0.0;Fair
1568124000;28.0;21.0;0.66;ESE;5.277777777777778;0.0;1016.79;0.0;Fair
1568127600;28.0;21.0;0.66;ESE;5.277777777777778;0.0;1015.79;0.0;Fair
1568131200;29.0;21.0;0.62;ESE;4.166666666666667;0.0;1014.8;0.0;Fair
1568134800;28.0;21.0;0.66;SE;5.277777777777778;0.0;1014.8;0.0;Fair
1568138400;27.0;21.0;0.7;ESE;5.277777777777778;0.0;1013.8;0.0;Partly Cloudy
1568142000;27.0;21.0;0.7;ESE;3.611111111111111;0.0;1014.8;0.0;Fair
1568145600;26.0;21.0;0.74;SE;4.722222222222222;0.0;1014.8;0.0;Partly Cloudy
1568149200;26.0;21.0;0.74;SE;4.166666666666667;0.0;1014.8;0.0;Partly Cloudy
1568152800;25.0;21.0;0.78;SSE;4.722222222222222;0.0;1014.8;0.0;Partly Cloudy
1568156400;25.0;21.0;0.78;SE;4.166666666666667;0.0;1014.8;0.0;Partly Cloudy
1568160000;25.0;21.0;0.78;SSE;5.277777777777778;0.0;1015.79;0.0;Partly Cloudy
1568163600;25.0;21.0;0.78;SSE;5.277777777777778;0.0;1015.79;0.0;Fair
1568167200;25.0;21.0;0.78;SE;4.166666666666667;0.0;1015.79;0.0;Fair
1568170800;25.0;21.0;0.78;SSE;5.277777777777778;0.0;1014.8;0.0;Partly Cloudy
1568174400;25.0;20.0;0.74;SE;4.722222222222222;0.0;1014.8;0.0;Partly Cloudy
1568178000;25.0;20.0;0.74;SE;4.722222222222222;0.0;1013.8;0.0;Partly Cloudy
1568181600;25.0;20.0;0.74;SE;4.722222222222222;0.0;1013.8;0.0;Partly Cloudy
1568185200;25.0;21.0;0.78;SE;4.722222222222222;0.0;1013.8;0.0;Partly Cloudy
1568188800;25.0;21.0;0.78;ESE;4.166666666666667;0.0;1014.8;0.0;Mostly Cloudy
1568192400;26.0;21.0;0.74;ESE;2.5;0.0;1014.8;0.0;Fair
1568196000;26.0;20.0;0.69;ESE;4.166666666666667;0.0;1014.8;0.0;Partly Cloudy
1568199600;27.0;21.0;0.7;SE;4.166666666666667;0.0;1015.79;0.0;Partly Cloudy
1568203200;28.0;21.0;0.66;ESE;3.0555555555555554;0.0;1015.79;0.0;Partly Cloudy
1568206800;27.0;21.0;0.7;SE;4.166666666666667;0.0;1015.79;0.0;Mostly Cloudy
1568210400;26.0;23.0;0.83;ESE;3.611111111111111;0.0;1014.8;0.0;Mostly Cloudy
1568214000;26.0;23.0;0.83;SSE;6.111111111111111;0.0;1013.8;0.0;Light Rain Shower
1568217600;25.0;23.0;0.89;SE;5.555555555555555;0.0;1012.8;0.0;Partly Cloudy
1568221200;27.0;23.0;0.79;SE;5.555555555555555;0.0;1012.8;0.0;Mostly Cloudy
1568224800;26.0;23.0;0.83;SSE;7.222222222222222;0.0;1012.8;0.0;Partly Cloudy
1568228400;26.0;22.0;0.78;SE;6.111111111111111;0.0;1012.8;0.0;Mostly Cloudy
1568232000;26.0;22.0;0.78;SE;6.111111111111111;0.0;1012.8;0.0;Partly Cloudy
1568235600;26.0;21.0;0.74;SE;7.222222222222222;0.0;1013.8;0.0;Partly Cloudy
1568239200;26.0;21.0;0.74;SE;5.555555555555555;0.0;1013.8;0.0;Partly Cloudy
1568242800;26.0;21.0;0.74;SSE;6.111111111111111;0.0;1013.8;0.0;Mostly Cloudy
1568246400;26.0;21.0;0.74;SSE;6.666666666666666;0.0;1014.8;0.0;Mostly Cloudy
1568250000;26.0;21.0;0.74;SE;6.111111111111111;0.0;1014.8;0.0;Mostly Cloudy
1568253600;25.0;21.0;0.78;SSE;7.222222222222222;0.0;1014.8;0.0;Mostly Cloudy
1568257200;25.0;21.0;0.78;SE;6.111111111111111;0.0;1013.8;0.0;Mostly Cloudy
1568260800;24.0;22.0;0.89;SE;6.666666666666666;0.0;1012.8;0.0;Mostly Cloudy
1568264400;25.0;21.0;0.78;SE;4.722222222222222;0.0;1012.8;0.0;Mostly Cloudy
1568268000;25.0;22.0;0.83;SE;4.722222222222222;0.0;1012.8;0.0;Mostly Cloudy
1568271600;25.0;22.0;0.83;SSE;5.555555555555555;0.0;1012.8;0.0;Mostly Cloudy
1568275200;25.0;22.0;0.83;SE;5.277777777777778;0.0;1012.8;0.0;Mostly Cloudy
1568278800;25.0;21.0;0.78;SE;5.277777777777778;0.0;1013.8;0.0;Mostly Cloudy
1568282400;26.0;22.0;0.78;SE;5.277777777777778;0.0;1013.8;0.0;Partly Cloudy
1568286000;27.0;22.0;0.74;SE;5.555555555555555;0.0;1014.8;0.0;Partly Cloudy
1568289600;27.0;22.0;0.74;SE;5.555555555555555;0.0;1014.8;0.0;Mostly Cloudy
1568293200;27.0;23.0;0.79;SE;7.222222222222222;0.0;1014.8;0.0;Mostly Cloudy
1568296800;28.0;22.0;0.7;SE;6.666666666666666;0.0;1014.8;0.0;Mostly Cloudy
1568300400;28.0;21.0;0.66;SE;7.222222222222222;0.0;1013.8;0.0;Partly Cloudy
1568304000;28.0;21.0;0.66;SSE;7.777777777777778;0.0;1012.8;0.0;Fair
1568307600;28.0;21.0;0.66;SE;8.333333333333334;0.0;1012.8;0.0;Fair
1568311200;27.0;21.0;0.7;SSE;6.666666666666666;0.0;1012.8;0.0;Fair
1568314800;27.0;21.0;0.7;SE;5.555555555555555;0.0;1012.8;0.0;Fair
1568318400;26.0;21.0;0.74;SE;4.722222222222222;0.0;1012.8;0.0;Fair
1568322000;26.0;21.0;0.74;SE;5.277777777777778;0.0;1013.8;0.0;Fair
1568325600;26.0;21.0;0.74;SE;4.166666666666667;0.0;1013.8;0.0;Partly Cloudy
1568329200;26.0;21.0;0.74;SE;5.277777777777778;0.0;1014.8;0.0;Partly Cloudy
1568332800;26.0;21.0;0.74;SE;4.722222222222222;0.0;1015.79;0.0;Partly Cloudy
1568336400;26.0;21.0;0.74;SE;5.277777777777778;0.0;1015.79;0.0;Partly Cloudy
1568340000;26.0;21.0;0.74;SE;5.555555555555555;0.0;1015.79;0.0;Mostly Cloudy
1568343600;26.0;20.0;0.69;SE;5.277777777777778;0.0;1014.8;0.0;Partly Cloudy
1568347200;25.0;20.0;0.74;ESE;4.722222222222222;0.0;1013.8;0.0;Mostly Cloudy
1568350800;25.0;20.0;0.74;SE;4.722222222222222;0.0;1013.8;0.0;Partly Cloudy
1568354400;25.0;20.0;0.74;SE;5.277777777777778;0.0;1013.8;0.0;Partly Cloudy
1568358000;25.0;20.0;0.74;SE;4.166666666666667;0.0;1013.8;0.0;Partly Cloudy
1568361600;25.0;20.0;0.74;SE;4.166666666666667;0.0;1013.8;0.0;Partly Cloudy
1568365200;25.0;20.0;0.74;SE;3.611111111111111;0.0;1014.8;0.0;Fair
1568368800;26.0;21.0;0.74;SE;3.611111111111111;0.0;1014.8;0.0;Partly Cloudy
1568372400;27.0;21.0;0.7;ESE;3.611111111111111;0.0;1014.8;0.0;Partly Cloudy
1568376000;27.0;21.0;0.7;ESE;4.166666666666667;0.0;1015.79;0.0;Partly Cloudy
1568379600;27.0;21.0;0.7;SE;3.611111111111111;0.0;1015.79;0.0;Partly Cloudy
1568383200;27.0;21.0;0.7;ESE;4.166666666666667;0.0;1014.8;0.0;Partly Cloudy
1568386800;27.0;22.0;0.74;S;5.277777777777778;0.0;1013.8;0.0;Partly Cloudy
1568390400;27.0;21.0;0.7;SE;4.722222222222222;0.0;1013.8;0.0;Partly Cloudy
1568394000;27.0;21.0;0.7;SE;4.722222222222222;0.0;1012.8;0.0;Partly Cloudy
1568397600;27.0;22.0;0.74;SE;4.722222222222222;0.0;1011.8;0.0;Partly Cloudy
1568401200;27.0;21.0;0.7;ESE;4.722222222222222;0.0;1011.8;0.0;Fair
1568404800;26.0;21.0;0.74;SE;4.722222222222222;0.0;1012.8;0.0;Fair
1568408400;26.0;22.0;0.78;SE;3.0555555555555554;0.0;1012.8;0.0;Partly Cloudy
1568412000;26.0;21.0;0.74;SE;4.722222222222222;0.0;1013.8;0.0;Partly Cloudy
1568415600;26.0;21.0;0.74;SE;4.722222222222222;0.0;1013.8;0.0;Mostly Cloudy
1568419200;25.0;20.0;0.74;SE;4.722222222222222;0.0;1014.8;0.0;Partly Cloudy
1568422800;25.0;21.0;0.78;ESE;3.611111111111111;0.0;1014.8;0.0;Partly Cloudy
1568426400;26.0;21.0;0.74;ESE;3.0555555555555554;0.0;1014.8;0.0;Partly Cloudy
1568430000;25.0;21.0;0.78;SE;3.611111111111111;0.0;1013.8;0.0;Fair
1568433600;25.0;21.0;0.78;ESE;3.611111111111111;0.0;1013.8;0.0;Fair
1568437200;25.0;21.0;0.78;SE;4.166666666666667;0.0;1013.8;0.0;Partly Cloudy
1568440800;25.0;21.0;0.78;SE;3.611111111111111;0.0;1012.8;0.0;Partly Cloudy
1568444400;25.0;21.0;0.78;SE;3.611111111111111;0.0;1012.8;0.0;Fair
1568448000;25.0;21.0;0.78;SE;3.611111111111111;0.0;1013.8;0.0;Mostly Cloudy
1568451600;25.0;20.0;0.74;SE;4.166666666666667;0.0;1013.8;0.0;Partly Cloudy
1568455200;26.0;21.0;0.74;SE;4.166666666666667;0.0;1014.8;0.0;Partly Cloudy
1568458800;27.0;21.0;0.7;SE;5.277777777777778;0.0;1014.8;0.0;Partly Cloudy
1568462400;27.0;21.0;0.7;SE;5.555555555555555;0.0;1015.79;0.0;Partly Cloudy
1568466000;28.0;21.0;0.66;SSE;6.111111111111111;0.0;1014.8;0.0;Partly Cloudy
1568469600;28.0;21.0;0.66;SE;6.666666666666666;0.0;1014.8;0.0;Partly Cloudy
1568473200;28.0;21.0;0.66;SSE;7.222222222222222;0.0;1013.8;0.0;Partly Cloudy
1568476800;28.0;20.0;0.62;SSE;6.666666666666666;0.0;1012.8;0.0;Partly Cloudy
1568480400;27.0;21.0;0.7;SE;6.666666666666666;0.0;1012.8;0.0;Partly Cloudy
1568484000;27.0;21.0;0.7;SSE;6.666666666666666;0.0;1011.8;0.0;Partly Cloudy
1568487600;27.0;21.0;0.7;SSE;6.666666666666666;0.0;1011.8;0.0;Partly Cloudy
1568491200;26.0;21.0;0.74;SSE;5.555555555555555;0.0;1012.8;0.0;Partly Cloudy
1568494800;26.0;21.0;0.74;SSE;5.277777777777778;0.0;1012.8;0.0;Partly Cloudy
1568498400;25.0;20.0;0.74;SE;5.277777777777778;0.0;1013.8;0.0;Partly Cloudy
1568502000;25.0;20.0;0.74;SE;5.277777777777778;0.0;1013.8;0.0;Partly Cloudy
1568505600;25.0;20.0;0.74;SE;4.722222222222222;0.0;1014.8;0.0;Partly Cloudy
1568509200;26.0;20.0;0.69;SE;4.166666666666667;0.0;1014.8;0.0;Mostly Cloudy
1568512800;25.0;20.0;0.74;SE;4.166666666666667;0.0;1014.8;0.0;Partly Cloudy
1568516400;25.0;20.0;0.74;SE;4.166666666666667;0.0;1013.8;0.0;Partly Cloudy
1568520000;24.0;20.0;0.78;SSE;3.611111111111111;0.0;1013.8;0.0;Partly Cloudy
1568523600;24.0;20.0;0.78;S;3.0555555555555554;0.0;1012.8;0.0;Partly Cloudy
1568527200;23.0;20.0;0.83;SSW;2.5;0.0;1012.8;0.0;Mostly Cloudy
1568530800;23.0;20.0;0.83;SW;2.5;0.0;1013.8;0.0;Partly Cloudy
1568534400;22.0;20.0;0.88;SSW;1.9444444444444444;0.0;1013.8;0.0;Mostly Cloudy
1568538000;23.0;20.0;0.83;S;2.5;0.0;1013.8;0.0;Mostly Cloudy
1568541600;24.0;20.0;0.78;SW;3.0555555555555554;0.0;1014.8;0.0;Partly Cloudy
1568545200;26.0;21.0;0.74;S;3.611111111111111;0.0;1014.8;0.0;Mostly Cloudy
1568548800;26.0;21.0;0.74;SE;5.555555555555555;0.0;1015.79;0.0;Mostly Cloudy
1568552400;27.0;21.0;0.7;SSE;5.277777777777778;0.0;1014.8;0.0;Partly Cloudy
1568556000;28.0;21.0;0.66;SE;5.277777777777778;0.0;1014.8;0.0;Mostly Cloudy
1568559600;28.0;21.0;0.66;SE;5.277777777777778;0.0;1013.8;0.0;Partly Cloudy
1568563200;27.0;21.0;0.7;SE;5.555555555555555;0.0;1012.8;0.0;Partly Cloudy
1568566800;28.0;21.0;0.66;SE;5.555555555555555;0.0;1012.8;0.0;Partly Cloudy
1568570400;27.0;21.0;0.7;SSE;6.666666666666666;0.0;1011.8;0.0;Partly Cloudy
1568574000;27.0;21.0;0.7;SSE;5.555555555555555;0.0;1012.8;0.0;Partly Cloudy
1568577600;26.0;20.0;0.69;SSE;5.555555555555555;0.0;1012.8;0.0;Partly Cloudy
1568581200;25.0;20.0;0.74;SSE;5.555555555555555;0.0;1012.8;0.0;Partly Cloudy
1568584800;26.0;20.0;0.69;SSE;6.111111111111111;0.0;1013.8;0.0;Partly Cloudy
1568588400;26.0;20.0;0.69;SSE;5.277777777777778;0.0;1013.8;0.0;Partly Cloudy
1568592000;26.0;21.0;0.74;SSE;4.722222222222222;0.0;1013.8;0.0;Partly Cloudy
1568595600;25.0;21.0;0.78;ESE;3.0555555555555554;0.0;1014.8;0.0;Partly Cloudy
1568599200;25.0;21.0;0.78;SE;3.611111111111111;0.0;1013.8;0.0;Partly Cloudy
1568602800;24.0;20.0;0.78;ESE;5.277777777777778;0.0;1013.8;0.0;Showers in the Vicinity
1568606400;23.0;21.0;0.88;SSW;1.6666666666666665;0.0;1012.8;0.0;Mostly Cloudy
1568610000;24.0;21.0;0.83;ESE;4.722222222222222;0.0;1012.8;0.0;Light Rain Shower
1568613600;25.0;21.0;0.78;SE;4.166666666666667;0.0;1012.8;0.0;Mostly Cloudy
1568617200;25.0;20.0;0.74;SE;5.277777777777778;0.0;1012.8;0.0;Partly Cloudy
1568620800;25.0;19.0;0.69;SE;4.722222222222222;0.0;1012.8;0.0;Partly Cloudy
1568624400;25.0;21.0;0.78;SE;5.277777777777778;0.0;1013.8;0.0;Partly Cloudy
1568628000;25.0;21.0;0.78;SE;6.666666666666666;0.0;1014.8;0.0;Mostly Cloudy
1568631600;27.0;20.0;0.65;ESE;3.0555555555555554;0.0;1014.8;0.0;Mostly Cloudy
1568635200;26.0;20.0;0.69;ESE;5.555555555555555;0.0;1015.79;0.0;Mostly Cloudy
1568638800;28.0;19.0;0.58;ESE;5.555555555555555;0.0;1015.79;0.0;Partly Cloudy
1568642400;28.0;20.0;0.62;ESE;5.277777777777778;0.0;1014.8;0.0;Partly Cloudy
1568646000;28.0;19.0;0.58;SE;6.111111111111111;0.0;1013.8;0.0;Partly Cloudy
1568649600;28.0;19.0;0.58;SE;6.111111111111111;0.0;1012.8;0.0;Fair
1568653200;28.0;20.0;0.62;SSE;7.777777777777778;0.0;1012.8;0.0;Fair
1568656800;27.0;20.0;0.65;SSE;7.222222222222222;0.0;1012.8;0.0;Partly Cloudy
1568660400;27.0;21.0;0.7;SE;7.222222222222222;0.0;1012.8;0.0;Fair
1568664000;26.0;21.0;0.74;SSE;6.111111111111111;0.0;1012.8;0.0;Partly Cloudy
1568667600;26.0;20.0;0.69;SSE;6.111111111111111;0.0;1012.8;0.0;Partly Cloudy
1568671200;25.0;20.0;0.74;SSE;6.111111111111111;0.0;1013.8;0.0;Mostly Cloudy
1568674800;26.0;20.0;0.69;SE;5.555555555555555;0.0;1013.8;0.0;Partly Cloudy
1568678400;25.0;21.0;0.78;SE;5.555555555555555;0.0;1014.8;0.0;Mostly Cloudy
1568682000;25.0;21.0;0.78;SSE;5.277777777777778;0.0;1014.8;0.0;Partly Cloudy
1568685600;25.0;21.0;0.78;SE;5.555555555555555;0.0;1013.8;0.0;Partly Cloudy
1568689200;25.0;21.0;0.78;SE;4.722222222222222;0.0;1013.8;0.0;Mostly Cloudy
1568692800;25.0;21.0;0.78;SE;5.277777777777778;0.0;1012.8;0.0;Partly Cloudy
1568696400;25.0;21.0;0.78;SE;3.611111111111111;0.0;1012.8;0.0;Partly Cloudy
1568700000;25.0;21.0;0.78;ESE;4.166666666666667;0.0;1012.8;0.0;Partly Cloudy
1568703600;25.0;21.0;0.78;ESE;3.611111111111111;0.0;1012.8;0.0;Partly Cloudy
1568707200;25.0;21.0;0.78;SE;3.611111111111111;0.0;1012.8;0.0;Mostly Cloudy
1568710800;24.0;22.0;0.89;S;1.9444444444444444;0.0;1013.8;0.0;Partly Cloudy
1568714400;25.0;22.0;0.83;SSW;1.9444444444444444;0.0;1013.8;0.0;Partly Cloudy
1568718000;26.0;21.0;0.74;SE;4.166666666666667;0.0;1014.8;0.0;Mostly Cloudy
1568721600;25.0;22.0;0.83;ESE;5.277777777777778;0.0;1014.8;0.0;Partly Cloudy
1568725200;25.0;23.0;0.89;SE;4.722222222222222;0.0;1014.8;0.0;Light Rain
1568728800;26.0;22.0;0.78;E;5.277777777777778;0.0;1013.8;0.0;Mostly Cloudy
1568732400;24.0;22.0;0.89;SE;5.277777777777778;0.0;1013.8;0.0;Light Rain
1568736000;25.0;22.0;0.83;SSE;4.166666666666667;0.0;1012.8;0.0;Mostly Cloudy
1568737500;23.0;22.0;0.94;ESE;4.722222222222222;0.0;1012.8;0.0;Light Rain
1568739600;24.0;22.0;0.89;SE;3.0555555555555554;0.0;1011.8;0.0;Mostly Cloudy
1568742180;24.0;22.0;0.89;SSE;5.277777777777778;0.0;1011.8;0.0;Light Rain
1568743200;24.0;22.0;0.89;SSE;4.166666666666667;0.0;1011.8;0.0;Mostly Cloudy
1568746800;24.0;22.0;0.89;SSE;2.5;0.0;1011.8;0.0;Light Drizzle
1568750400;23.0;22.0;0.94;SSE;1.6666666666666665;0.0;1012.8;0.0;Mostly Cloudy
1568754000;24.0;22.0;0.89;ESE;2.5;0.0;1012.8;0.0;Mostly Cloudy
1568757600;23.0;22.0;0.94;SE;1.9444444444444444;0.0;1013.8;0.0;Light Drizzle
1568761200;23.0;22.0;0.94;SSW;1.1111111111111112;0.0;1013.8;0.0;Mostly Cloudy
1568764800;23.0;22.0;0.94;CALM;0.0;0.0;1013.8;0.0;Light Rain
1568768400;23.0;22.0;0.94;N;1.9444444444444444;0.0;1013.8;0.0;Showers in the Vicinity
1568772000;23.0;22.0;0.94;SE;1.1111111111111112;0.0;1013.8;0.0;Mostly Cloudy
1568775600;24.0;22.0;0.89;SE;2.5;0.0;1012.8;0.0;Mostly Cloudy
1568779200;24.0;22.0;0.89;SE;3.0555555555555554;0.0;1011.8;0.0;Mostly Cloudy
1568782800;24.0;22.0;0.89;SE;3.611111111111111;0.0;1011.8;0.0;Light Rain
1568786400;24.0;22.0;0.89;SE;6.111111111111111;0.0;1011.8;0.0;Showers in the Vicinity
1568790000;24.0;22.0;0.89;ESE;4.166666666666667;0.0;1011.8;0.0;Showers in the Vicinity
1568793600;25.0;21.0;0.78;E;3.0555555555555554;0.0;1011.8;0.0;Mostly Cloudy
1568797200;25.0;21.0;0.78;E;4.166666666666667;0.0;1012.8;0.0;Mostly Cloudy
1568800800;26.0;21.0;0.74;E;5.277777777777778;0.0;1012.8;0.0;Mostly Cloudy
1568804400;26.0;20.0;0.69;E;4.722222222222222;0.0;1013.8;0.0;Partly Cloudy
1568808000;27.0;21.0;0.7;E;4.722222222222222;0.0;1013.8;0.0;Partly Cloudy
1568811600;27.0;21.0;0.7;E;4.722222222222222;0.0;1013.8;0.0;Partly Cloudy
1568815200;28.0;22.0;0.7;E;5.277777777777778;0.0;1012.8;0.0;Partly Cloudy
1568818800;28.0;22.0;0.7;ESE;4.722222222222222;0.0;1012.8;0.0;Partly Cloudy
1568822400;28.0;22.0;0.7;ESE;5.277777777777778;0.0;1011.8;0.0;Partly Cloudy
1568826000;28.0;21.0;0.66;E;4.722222222222222;0.0;1011.8;0.0;Partly Cloudy
1568829600;27.0;21.0;0.7;SE;5.555555555555555;0.0;1011.8;0.0;Partly Cloudy
1568833200;27.0;21.0;0.7;ESE;4.722222222222222;0.0;1011.8;0.0;Partly Cloudy
1568836800;26.0;21.0;0.74;ESE;4.166666666666667;0.0;1011.8;0.0;Partly Cloudy
1568840400;26.0;21.0;0.74;SE;3.0555555555555554;0.0;1011.8;0.0;Partly Cloudy
1568844000;26.0;21.0;0.74;SE;4.722222222222222;0.0;1012.8;0.0;Partly Cloudy
1568847600;26.0;21.0;0.74;SE;3.611111111111111;0.0;1012.8;0.0;Partly Cloudy
1568851200;25.0;21.0;0.78;SE;4.722222222222222;0.0;1013.8;0.0;Partly Cloudy
1568854800;26.0;21.0;0.74;SE;4.166666666666667;0.0;1013.8;0.0;Fair
1568858400;26.0;20.0;0.69;ESE;4.166666666666667;0.0;1013.8;0.0;Partly Cloudy
1568862000;25.0;21.0;0.78;SE;3.0555555555555554;0.0;1012.8;0.0;Partly Cloudy
1568865600;25.0;20.0;0.74;SE;4.166666666666667;0.0;1012.8;0.0;Fair
1568869200;25.0;21.0;0.78;SE;3.611111111111111;0.0;1012.8;0.0;Partly Cloudy
1568872800;25.0;21.0;0.78;E;8.333333333333334;0.0;1012.8;0.0;Partly Cloudy
1568876400;25.0;21.0;0.78;SE;3.0555555555555554;0.0;1012.8;0.0;Partly Cloudy
1568880000;25.0;20.0;0.74;ESE;3.611111111111111;0.0;1012.8;0.0;Partly Cloudy
1568883600;26.0;21.0;0.74;ESE;3.611111111111111;0.0;1012.8;0.0;Partly Cloudy
1568887200;26.0;21.0;0.74;ESE;3.611111111111111;0.0;1013.8;0.0;Partly Cloudy
1568890800;27.0;21.0;0.7;ESE;4.722222222222222;0.0;1013.8;0.0;Mostly Cloudy
1568894400;27.0;21.0;0.7;SE;5.277777777777778;0.0;1013.8;0.0;Partly Cloudy
1568898000;27.0;21.0;0.7;SE;5.555555555555555;0.0;1013.8;0.0;Partly Cloudy
1568901600;27.0;21.0;0.7;ESE;5.555555555555555;0.0;1013.8;0.0;Mostly Cloudy
1568905200;28.0;21.0;0.66;ESE;5.555555555555555;0.0;1012.8;0.0;Mostly Cloudy
1568908800;28.0;22.0;0.7;ESE;6.111111111111111;0.0;1012.8;0.0;Partly Cloudy
1568912400;28.0;21.0;0.66;ESE;4.166666666666667;0.0;1011.8;0.0;Partly Cloudy
1568916000;28.0;21.0;0.66;ESE;5.555555555555555;0.0;1011.8;0.0;Partly Cloudy
1568919600;27.0;21.0;0.7;SE;4.722222222222222;0.0;1011.8;0.0;Partly Cloudy
1568923200;26.0;20.0;0.69;ESE;5.277777777777778;0.0;1012.8;0.0;Partly Cloudy
1568926800;26.0;20.0;0.69;ESE;5.277777777777778;0.0;1012.8;0.0;Partly Cloudy
1568930400;26.0;21.0;0.74;ESE;3.611111111111111;0.0;1012.8;0.0;Partly Cloudy
1568934000;26.0;20.0;0.69;ESE;4.722222222222222;0.0;1012.8;0.0;Partly Cloudy
1568937600;26.0;20.0;0.69;ESE;4.722222222222222;0.0;1013.8;0.0;Partly Cloudy
1568941200;26.0;20.0;0.69;E;3.611111111111111;0.0;1013.8;0.0;Partly Cloudy
1568944800;26.0;20.0;0.69;E;4.166666666666667;9.166666666666666;1013.8;0.0;Partly Cloudy
1568948400;25.0;20.0;0.74;ESE;4.166666666666667;0.0;1012.8;0.0;Mostly Cloudy
1568952000;25.0;20.0;0.74;ESE;3.611111111111111;0.0;1012.8;0.0;Partly Cloudy
1568955600;25.0;20.0;0.74;ESE;3.611111111111111;0.0;1012.8;0.0;Partly Cloudy
1568959200;25.0;20.0;0.74;ESE;2.5;0.0;1012.8;0.0;Partly Cloudy
1568962800;25.0;20.0;0.74;ESE;1.9444444444444444;0.0;1012.8;0.0;Fair
1568966400;24.0;20.0;0.78;SE;1.9444444444444444;0.0;1012.8;0.0;Fair
1568970000;23.0;20.0;0.83;SW;1.9444444444444444;0.0;1013.8;0.0;Fair
1568973600;24.0;20.0;0.78;SW;1.9444444444444444;0.0;1014.8;0.0;Partly Cloudy
1568977200;25.0;22.0;0.83;E;3.0555555555555554;0.0;1014.8;0.0;Showers in the Vicinity
1568980800;26.0;21.0;0.74;SE;4.166666666666667;0.0;1014.8;0.0;Mostly Cloudy
1568984400;24.0;22.0;0.89;SE;4.166666666666667;0.0;1015.79;0.0;Light Rain
1568985600;24.0;23.0;0.94;ESE;1.9444444444444444;0.0;1014.8;0.0;Light Rain
1568988000;25.0;22.0;0.83;SSE;4.722222222222222;0.0;1014.8;0.0;Showers in the Vicinity
1568991600;27.0;22.0;0.74;SE;4.722222222222222;0.0;1013.8;0.0;Mostly Cloudy
1568995200;24.0;22.0;0.89;SE;4.722222222222222;0.0;1013.8;0.0;Light Rain
1568998800;25.0;22.0;0.83;SE;5.277777777777778;0.0;1012.8;0.0;Mostly Cloudy
1569002400;24.0;23.0;0.94;SE;4.166666666666667;0.0;1012.8;0.0;Light Rain
1569006000;24.0;23.0;0.94;S;4.722222222222222;0.0;1012.8;0.0;Showers in the Vicinity
1569009600;24.0;22.0;0.89;SE;1.6666666666666665;0.0;1012.8;0.0;Light Rain
1569013200;25.0;22.0;0.83;SE;3.611111111111111;0.0;1013.8;0.0;Mostly Cloudy
1569016800;25.0;22.0;0.83;SE;6.111111111111111;0.0;1013.8;0.0;Mostly Cloudy
1569020400;25.0;22.0;0.83;SE;4.166666666666667;0.0;1013.8;0.0;Mostly Cloudy
1569024000;25.0;21.0;0.78;SE;5.555555555555555;0.0;1014.8;0.0;Partly Cloudy
1569027600;26.0;21.0;0.74;SE;4.722222222222222;0.0;1014.8;0.0;Mostly Cloudy
1569031200;24.0;21.0;0.83;ESE;6.666666666666666;0.0;1013.8;0.0;Light Rain
1569034800;25.0;21.0;0.78;SE;5.555555555555555;0.0;1013.8;0.0;Mostly Cloudy
1569038400;25.0;21.0;0.78;SE;5.277777777777778;0.0;1013.8;0.0;Mostly Cloudy
1569042000;25.0;21.0;0.78;ESE;8.333333333333334;0.0;1012.8;0.0;Mostly Cloudy
1569045600;25.0;21.0;0.78;SE;5.277777777777778;0.0;1012.8;0.0;Mostly Cloudy
1569049200;25.0;21.0;0.78;SE;4.722222222222222;0.0;1012.8;0.0;Mostly Cloudy
1569052800;25.0;21.0;0.78;SE;4.722222222222222;0.0;1013.8;0.0;Mostly Cloudy
1569056400;25.0;21.0;0.78;ESE;4.166666666666667;0.0;1013.8;0.0;Mostly Cloudy
1569060000;26.0;21.0;0.74;ESE;5.277777777777778;0.0;1013.8;0.0;Partly Cloudy
1569063600;27.0;22.0;0.74;SE;4.722222222222222;0.0;1014.8;0.0;Mostly Cloudy
1569067200;27.0;22.0;0.74;ESE;5.555555555555555;0.0;1014.8;0.0;Mostly Cloudy
1569070800;27.0;22.0;0.74;SE;4.722222222222222;0.0;1014.8;0.0;Mostly Cloudy
1569074400;28.0;22.0;0.7;ESE;5.277777777777778;0.0;1014.8;0.0;Mostly Cloudy
1569078000;28.0;22.0;0.7;SE;5.277777777777778;0.0;1013.8;0.0;Mostly Cloudy
1569081600;27.0;22.0;0.74;SE;5.555555555555555;0.0;1012.8;0.0;Partly Cloudy
1569085200;28.0;22.0;0.7;SE;5.277777777777778;0.0;1011.8;0.0;Partly Cloudy
1569088800;27.0;22.0;0.74;ESE;5.277777777777778;0.0;1011.8;0.0;Partly Cloudy
1569092400;27.0;21.0;0.7;ESE;4.722222222222222;0.0;1011.8;0.0;Partly Cloudy
1569096000;26.0;21.0;0.74;ESE;4.722222222222222;0.0;1012.8;0.0;Partly Cloudy
1569099600;26.0;21.0;0.74;E;4.166666666666667;0.0;1012.8;0.0;Partly Cloudy
1569103200;26.0;21.0;0.74;E;4.722222222222222;0.0;1012.8;0.0;Partly Cloudy
1569106800;26.0;21.0;0.74;ESE;4.166666666666667;0.0;1013.8;0.0;Partly Cloudy
1569110400;26.0;21.0;0.74;ESE;4.166666666666667;0.0;1013.8;0.0;Partly Cloudy
1569114000;26.0;20.0;0.69;ESE;3.611111111111111;0.0;1013.8;0.0;Partly Cloudy
1569117600;25.0;21.0;0.78;ESE;3.611111111111111;0.0;1013.8;0.0;Partly Cloudy
1569121200;25.0;20.0;0.74;ESE;4.166666666666667;0.0;1012.8;0.0;Partly Cloudy
1569124800;25.0;21.0;0.78;ESE;3.611111111111111;0.0;1012.8;0.0;Partly Cloudy
1569128400;25.0;20.0;0.74;ESE;3.611111111111111;0.0;1012.8;0.0;Partly Cloudy
1569132000;25.0;20.0;0.74;ESE;4.166666666666667;0.0;1012.8;0.0;Partly Cloudy
1569135600;25.0;20.0;0.74;ESE;1.9444444444444444;0.0;1012.8;0.0;Partly Cloudy
1569139200;25.0;20.0;0.74;ESE;3.0555555555555554;0.0;1012.8;0.0;Partly Cloudy
1569142800;25.0;20.0;0.74;ESE;3.0555555555555554;0.0;1013.8;0.0;Partly Cloudy
1569146400;26.0;20.0;0.69;ESE;3.0555555555555554;0.0;1013.8;0.0;Partly Cloudy
1569150000;27.0;20.0;0.65;E;3.0555555555555554;0.0;1014.8;0.0;Fair
1569153600;27.0;21.0;0.7;ESE;4.166666666666667;0.0;1014.8;0.0;Fair
1569157200;28.0;20.0;0.62;ESE;3.611111111111111;0.0;1014.8;0.0;Fair
1569160800;28.0;19.0;0.58;E;2.5;0.0;1013.8;0.0;Fair
1569164400;28.0;19.0;0.58;SE;4.166666666666667;0.0;1012.8;0.0;Fair
1569168000;27.0;21.0;0.7;SE;4.166666666666667;0.0;1011.8;0.0;Fair
1569171600;27.0;21.0;0.7;SE;4.722222222222222;0.0;1011.8;0.0;Fair
1569175200;27.0;20.0;0.65;SSE;4.722222222222222;0.0;1011.8;0.0;Partly Cloudy
1569178800;27.0;22.0;0.74;SE;4.722222222222222;0.0;1011.8;0.0;Fair
1569182400;26.0;21.0;0.74;SSE;5.277777777777778;0.0;1012.8;0.0;Mostly Cloudy
1569186000;26.0;20.0;0.69;SSE;4.722222222222222;0.0;1012.8;0.0;Mostly Cloudy
1569189600;26.0;21.0;0.74;SSE;4.166666666666667;0.0;1012.8;0.0;Partly Cloudy
1569193200;26.0;21.0;0.74;SSE;4.166666666666667;0.0;1013.8;0.0;Partly Cloudy
1569196800;24.0;22.0;0.89;SE;3.611111111111111;0.0;1014.8;0.0;Light Rain
1569200400;24.0;22.0;0.89;SSE;5.555555555555555;0.0;1014.8;0.0;Light Rain
1569204000;23.0;22.0;0.94;ESE;1.9444444444444444;0.0;1014.8;0.0;Mostly Cloudy
1569207600;23.0;22.0;0.94;SE;1.6666666666666665;0.0;1013.8;0.0;Mostly Cloudy
1569211200;23.0;22.0;0.94;SE;1.6666666666666665;0.0;1013.8;0.0;Mostly Cloudy
1569214800;23.0;22.0;0.94;SSE;2.5;0.0;1012.8;0.0;Mostly Cloudy
1569218400;24.0;23.0;0.94;SSE;1.6666666666666665;0.0;1012.8;0.0;Light Rain
1569222000;24.0;23.0;0.94;SE;3.0555555555555554;0.0;1012.8;0.0;Light Rain
1569225600;24.0;23.0;0.94;SSE;3.611111111111111;0.0;1013.8;0.0;Showers in the Vicinity
1569229200;25.0;22.0;0.83;SE;5.277777777777778;0.0;1013.8;0.0;Mostly Cloudy
1569232800;26.0;22.0;0.78;ESE;5.555555555555555;0.0;1014.8;0.0;Mostly Cloudy
1569236400;26.0;22.0;0.78;ESE;6.666666666666666;0.0;1015.79;0.0;Mostly Cloudy
1569240000;27.0;22.0;0.74;ESE;6.111111111111111;0.0;1015.79;0.0;Mostly Cloudy
1569243600;28.0;22.0;0.7;ESE;5.555555555555555;0.0;1015.79;0.0;Partly Cloudy
1569247200;28.0;22.0;0.7;SE;6.111111111111111;0.0;1014.8;0.0;Partly Cloudy
1569250800;28.0;22.0;0.7;SE;5.555555555555555;0.0;1013.8;0.0;Partly Cloudy
1569254400;27.0;22.0;0.74;SE;6.666666666666666;0.0;1013.8;0.0;Partly Cloudy
1569258000;28.0;22.0;0.7;SE;5.555555555555555;0.0;1012.8;0.0;Partly Cloudy
1569261600;27.0;22.0;0.74;SE;6.666666666666666;0.0;1013.8;0.0;Partly Cloudy
1569265200;27.0;21.0;0.7;SE;7.222222222222222;0.0;1013.8;0.0;Partly Cloudy
1569268800;26.0;21.0;0.74;SSE;7.222222222222222;0.0;1013.8;0.0;Partly Cloudy
1569272400;26.0;21.0;0.74;SSE;6.111111111111111;0.0;1014.8;0.0;Partly Cloudy
1569276000;26.0;21.0;0.74;SSE;6.111111111111111;0.0;1014.8;0.0;Partly Cloudy
1569279600;26.0;21.0;0.74;SSE;6.666666666666666;0.0;1015.79;0.0;Partly Cloudy
1569283200;26.0;21.0;0.74;SSE;6.111111111111111;0.0;1015.79;0.0;Partly Cloudy
1569286800;26.0;21.0;0.74;SSE;6.111111111111111;0.0;1016.79;0.0;Mostly Cloudy
1569290400;25.0;21.0;0.78;SSE;5.555555555555555;0.0;1015.79;0.0;Partly Cloudy
1569294000;25.0;21.0;0.78;SSE;5.555555555555555;0.0;1014.8;0.0;Partly Cloudy
1569297600;25.0;21.0;0.78;SSE;6.111111111111111;0.0;1014.8;0.0;Partly Cloudy
1569301200;25.0;20.0;0.74;SSE;7.777777777777778;0.0;1014.8;0.0;Partly Cloudy
1569304800;25.0;20.0;0.74;SSE;7.222222222222222;0.0;1014.8;0.0;Partly Cloudy
1569308400;25.0;19.0;0.69;SSE;7.222222222222222;0.0;1014.8;0.0;Partly Cloudy
1569312000;25.0;20.0;0.74;SSE;7.777777777777778;0.0;1014.8;0.0;Partly Cloudy
1569315600;25.0;20.0;0.74;SSE;7.777777777777778;0.0;1014.8;0.0;Partly Cloudy
1569319200;26.0;20.0;0.69;SSE;7.777777777777778;0.0;1015.79;0.0;Fair
1569322800;27.0;21.0;0.7;SSE;8.333333333333334;0.0;1015.79;0.0;Fair
1569326400;28.0;21.0;0.66;SSE;7.777777777777778;0.0;1016.79;0.0;Fair
1569330000;28.0;21.0;0.66;SSE;7.777777777777778;0.0;1015.79;0.0;Partly Cloudy
1569333600;28.0;20.0;0.62;SSE;8.61111111111111;0.0;1015.79;0.0;Partly Cloudy
1569337200;28.0;21.0;0.66;SSE;8.333333333333334;0.0;1014.8;0.0;Partly Cloudy
1569340800;28.0;22.0;0.7;SSE;8.333333333333334;0.0;1013.8;0.0;Fair
1569344400;28.0;21.0;0.66;SSE;8.333333333333334;0.0;1013.8;0.0;Fair
1569348000;27.0;21.0;0.7;S;8.333333333333334;0.0;1013.8;0.0;Fair
1569351600;27.0;20.0;0.65;SSE;8.61111111111111;0.0;1013.8;0.0;Fair
1569355200;26.0;20.0;0.69;SSE;7.222222222222222;0.0;1013.8;0.0;Fair
1569358800;26.0;21.0;0.74;SSE;7.222222222222222;0.0;1014.8;0.0;Partly Cloudy
1569362400;26.0;21.0;0.74;SE;6.111111111111111;0.0;1015.79;0.0;Partly Cloudy
1569366000;25.0;21.0;0.78;SSE;6.666666666666666;0.0;1015.79;0.0;Partly Cloudy
1569369600;26.0;21.0;0.74;SE;5.277777777777778;0.0;1016.79;0.0;Partly Cloudy
1569373200;25.0;21.0;0.78;SE;4.166666666666667;0.0;1016.79;0.0;Partly Cloudy
1569376800;25.0;21.0;0.78;SE;4.722222222222222;0.0;1015.79;0.0;Partly Cloudy
1569380400;26.0;21.0;0.74;SE;5.277777777777778;0.0;1014.8;0.0;Partly Cloudy
1569384000;25.0;21.0;0.78;SE;5.277777777777778;0.0;1014.8;0.0;Mostly Cloudy
1569387600;25.0;20.0;0.74;SE;4.722222222222222;0.0;1014.8;0.0;Partly Cloudy
1569391200;25.0;20.0;0.74;SE;4.722222222222222;0.0;1013.8;0.0;Partly Cloudy
1569394800;25.0;20.0;0.74;SE;5.277777777777778;0.0;1014.8;0.0;Mostly Cloudy
1569398400;25.0;20.0;0.74;ESE;4.166666666666667;0.0;1014.8;0.0;Partly Cloudy
1569402000;25.0;20.0;0.74;SE;4.722222222222222;0.0;1015.79;0.0;Partly Cloudy
1569405600;26.0;20.0;0.69;SE;5.555555555555555;0.0;1015.79;0.0;Fair
1569409200;27.0;21.0;0.7;SE;5.277777777777778;0.0;1016.79;0.0;Fair
1569412800;28.0;20.0;0.62;SSE;6.111111111111111;0.0;1016.79;0.0;Fair
1569416400;27.0;21.0;0.7;SE;6.666666666666666;0.0;1016.79;0.0;Fair
1569420000;28.0;21.0;0.66;SSE;6.111111111111111;0.0;1015.79;0.0;Partly Cloudy
1569423600;28.0;21.0;0.66;SSE;7.222222222222222;0.0;1014.8;0.0;Partly Cloudy
1569427200;28.0;21.0;0.66;SSE;6.666666666666666;0.0;1013.8;0.0;Partly Cloudy
1569430800;27.0;21.0;0.7;SE;6.666666666666666;0.0;1013.8;0.0;Partly Cloudy
1569434400;28.0;20.0;0.62;SSE;6.111111111111111;0.0;1012.8;0.0;Partly Cloudy
1569438000;27.0;20.0;0.65;SE;5.555555555555555;0.0;1013.8;0.0;Partly Cloudy
1569441600;26.0;21.0;0.74;SE;5.277777777777778;0.0;1013.8;0.0;Partly Cloudy
1569445200;25.0;19.0;0.69;SE;4.722222222222222;0.0;1013.8;0.0;Partly Cloudy
1569448800;25.0;20.0;0.74;SE;4.722222222222222;0.0;1014.8;0.0;Partly Cloudy
1569452400;25.0;20.0;0.74;SE;4.166666666666667;0.0;1014.8;0.0;Partly Cloudy
1569456000;25.0;20.0;0.74;SE;4.722222222222222;0.0;1015.79;0.0;Partly Cloudy
1569459600;25.0;20.0;0.74;SE;4.722222222222222;0.0;1015.79;0.0;Partly Cloudy
1569463200;25.0;21.0;0.78;SE;5.277777777777778;0.0;1015.79;0.0;Partly Cloudy
1569466800;25.0;20.0;0.74;ESE;4.722222222222222;0.0;1014.8;0.0;Partly Cloudy
1569470400;25.0;20.0;0.74;ESE;4.166666666666667;0.0;1014.8;0.0;Partly Cloudy
1569474000;25.0;19.0;0.69;ESE;4.722222222222222;0.0;1013.8;0.0;Partly Cloudy
1569477600;25.0;19.0;0.69;SE;4.722222222222222;0.0;1013.8;0.0;Partly Cloudy
1569481200;25.0;20.0;0.74;ESE;3.611111111111111;0.0;1013.8;0.0;Partly Cloudy
1569484800;25.0;20.0;0.74;ESE;4.722222222222222;0.0;1014.8;0.0;Partly Cloudy
1569488400;25.0;20.0;0.74;ESE;3.611111111111111;0.0;1014.8;0.0;Partly Cloudy
1569492000;26.0;20.0;0.69;ESE;4.166666666666667;0.0;1015.79;0.0;Partly Cloudy
1569495600;27.0;21.0;0.7;ESE;4.166666666666667;0.0;1015.79;0.0;Partly Cloudy
1569499200;27.0;20.0;0.65;SE;6.111111111111111;0.0;1016.79;0.0;Mostly Cloudy
1569502800;27.0;21.0;0.7;SE;6.111111111111111;0.0;1016.79;0.0;Partly Cloudy
1569506400;28.0;21.0;0.66;SE;5.555555555555555;0.0;1015.79;0.0;Mostly Cloudy
1569510000;27.0;21.0;0.7;SE;4.722222222222222;0.0;1014.8;0.0;Partly Cloudy
1569513600;28.0;20.0;0.62;SE;5.555555555555555;0.0;1013.8;0.0;Fair
1569517200;27.0;20.0;0.65;SE;5.555555555555555;0.0;1013.8;0.0;Fair
1569520800;27.0;20.0;0.65;SE;5.555555555555555;0.0;1012.8;0.0;Fair
1569524400;26.0;20.0;0.69;SE;5.277777777777778;0.0;1012.8;0.0;Fair
1569528000;26.0;20.0;0.69;SE;5.277777777777778;0.0;1013.8;0.0;Fair
1569531600;25.0;21.0;0.78;SE;4.166666666666667;0.0;1013.8;0.0;Partly Cloudy
1569535200;26.0;20.0;0.69;ESE;3.611111111111111;0.0;1014.8;0.0;Fair
1569538800;26.0;21.0;0.74;ESE;3.611111111111111;0.0;1014.8;0.0;Fair
1569542400;25.0;20.0;0.74;SE;4.722222222222222;0.0;1015.79;0.0;Fair
1569546000;26.0;21.0;0.74;SE;4.166666666666667;0.0;1015.79;0.0;Partly Cloudy
1569549600;25.0;21.0;0.78;ESE;3.0555555555555554;0.0;1015.79;0.0;Partly Cloudy
1569553200;25.0;21.0;0.78;ESE;3.611111111111111;0.0;1014.8;0.0;Fair
1569556800;25.0;21.0;0.78;ESE;2.5;0.0;1014.8;0.0;Partly Cloudy
1569560400;25.0;20.0;0.74;ESE;3.0555555555555554;0.0;1014.8;0.0;Fair
1569564000;25.0;20.0;0.74;E;3.611111111111111;0.0;1013.8;0.0;Fair
1569567600;25.0;20.0;0.74;E;2.5;0.0;1014.8;0.0;Fair
1569571200;25.0;20.0;0.74;E;3.0555555555555554;0.0;1014.8;0.0;Partly Cloudy
1569574800;25.0;20.0;0.74;ESE;1.9444444444444444;0.0;1015.79;0.0;Partly Cloudy
1569578400;26.0;20.0;0.69;E;2.5;0.0;1015.79;0.0;Partly Cloudy
1569582000;27.0;21.0;0.7;SE;3.611111111111111;0.0;1016.79;0.0;Partly Cloudy
1569585600;27.0;21.0;0.7;ESE;3.0555555555555554;0.0;1016.79;0.0;Partly Cloudy
1569589200;27.0;21.0;0.7;ESE;4.166666666666667;0.0;1016.79;0.0;Partly Cloudy
1569592800;28.0;21.0;0.66;ESE;4.722222222222222;0.0;1015.79;0.0;Mostly Cloudy
1569596400;28.0;21.0;0.66;SE;4.722222222222222;0.0;1014.8;0.0;Mostly Cloudy
1569600000;28.0;21.0;0.66;ESE;4.166666666666667;0.0;1013.8;0.0;Partly Cloudy
1569603600;27.0;22.0;0.74;SE;4.166666666666667;0.0;1013.8;0.0;Partly Cloudy
1569607200;27.0;21.0;0.7;E;3.611111111111111;0.0;1013.8;0.0;Partly Cloudy
1569610800;27.0;21.0;0.7;ESE;3.0555555555555554;0.0;1012.8;0.0;Partly Cloudy
1569614400;26.0;21.0;0.74;ESE;3.0555555555555554;0.0;1012.8;0.0;Partly Cloudy
1569618000;26.0;22.0;0.78;NE;2.5;0.0;1013.8;0.0;Partly Cloudy
1569621600;26.0;21.0;0.74;ENE;3.611111111111111;0.0;1013.8;0.0;Partly Cloudy
1569625200;26.0;21.0;0.74;ENE;3.0555555555555554;0.0;1014.8;0.0;Partly Cloudy
1569628800;26.0;21.0;0.74;ENE;3.0555555555555554;0.0;1014.8;0.0;Partly Cloudy
1569632400;26.0;21.0;0.74;ENE;3.0555555555555554;0.0;1015.79;0.0;Partly Cloudy
1569636000;25.0;21.0;0.78;NE;2.5;0.0;1014.8;0.0;Partly Cloudy
1569726000;26.0;21.0;0.74;E;4.166666666666667;0.0;1013.8;0.0;Partly Cloudy
1569729600;26.0;21.0;0.74;E;4.166666666666667;0.0;1013.8;0.0;Partly Cloudy
1569733200;25.0;21.0;0.78;ESE;2.5;0.0;1013.8;0.0;Partly Cloudy
1569736800;25.0;20.0;0.74;E;3.611111111111111;0.0;1012.8;0.0;Partly Cloudy
1569740400;25.0;21.0;0.78;E;1.9444444444444444;0.0;1012.8;0.0;Partly Cloudy
1569744000;25.0;21.0;0.78;E;1.9444444444444444;0.0;1012.8;0.0;Partly Cloudy
1569747600;25.0;21.0;0.78;ESE;3.0555555555555554;0.0;1012.8;0.0;Partly Cloudy
1569751200;27.0;20.0;0.65;E;3.611111111111111;0.0;1013.8;0.0;Fair
1569754800;27.0;21.0;0.7;E;3.611111111111111;0.0;1013.8;0.0;Partly Cloudy
1569758400;27.0;21.0;0.7;E;3.611111111111111;0.0;1014.8;0.0;Partly Cloudy
1569762000;28.0;21.0;0.66;ESE;4.166666666666667;0.0;1013.8;0.0;Partly Cloudy
1569765600;27.0;21.0;0.7;ESE;4.722222222222222;0.0;1013.8;0.0;Partly Cloudy
1569769200;28.0;21.0;0.66;E;4.166666666666667;0.0;1012.8;0.0;Partly Cloudy
1569772800;28.0;21.0;0.66;SE;4.722222222222222;0.0;1011.8;0.0;Partly Cloudy
1569776400;28.0;21.0;0.66;SE;5.277777777777778;0.0;1010.8;0.0;Partly Cloudy
1569780000;27.0;21.0;0.7;SE;4.722222222222222;0.0;1010.8;0.0;Partly Cloudy
1569783600;27.0;21.0;0.7;ESE;3.611111111111111;0.0;1010.8;0.0;Partly Cloudy
1569787200;26.0;21.0;0.74;SE;3.611111111111111;0.0;1010.8;0.0;Partly Cloudy
1569790800;26.0;21.0;0.74;SSE;4.166666666666667;0.0;1011.8;0.0;Partly Cloudy
1569794400;26.0;22.0;0.78;SE;4.166666666666667;0.0;1011.8;0.0;Partly Cloudy
1569798000;26.0;22.0;0.78;VAR;3.0555555555555554;0.0;1011.8;0.0;Partly Cloudy
1569801600;26.0;23.0;0.83;ESE;4.166666666666667;0.0;1012.8;0.0;Showers in the Vicinity
1569805200;26.0;22.0;0.78;E;3.0555555555555554;0.0;1012.8;0.0;Mostly Cloudy
1569808800;26.0;21.0;0.74;E;3.0555555555555554;0.0;1012.8;0.0;Mostly Cloudy
1569812400;26.0;21.0;0.74;ESE;3.611111111111111;0.0;1012.8;0.0;Mostly Cloudy
1569816000;26.0;21.0;0.74;ESE;4.166666666666667;0.0;1011.8;0.0;Mostly Cloudy
1569819600;26.0;21.0;0.74;ESE;3.611111111111111;0.0;1011.8;0.0;Mostly Cloudy
1569823200;26.0;21.0;0.74;ESE;3.611111111111111;0.0;1011.8;0.0;Mostly Cloudy
1569826800;26.0;20.0;0.69;E;3.0555555555555554;0.0;1011.8;0.0;Mostly Cloudy
1569830400;25.0;21.0;0.78;ESE;3.0555555555555554;0.0;1011.8;0.0;Partly Cloudy
1569834000;26.0;22.0;0.78;ESE;2.5;0.0;1011.8;0.0;Partly Cloudy
1569837600;27.0;21.0;0.7;ESE;3.611111111111111;0.0;1012.8;0.0;Fair
1569841200;27.0;22.0;0.74;SE;3.611111111111111;0.0;1012.8;0.0;Mostly Cloudy
1569844800;27.0;22.0;0.74;SE;4.166666666666667;0.0;1012.8;0.0;Mostly Cloudy
1569848400;27.0;22.0;0.74;SE;5.555555555555555;0.0;1013.8;0.0;Mostly Cloudy
1569852000;28.0;21.0;0.66;E;3.0555555555555554;0.0;1012.8;0.0;Mostly Cloudy
1569855600;29.0;21.0;0.62;ESE;4.166666666666667;0.0;1011.8;0.0;Partly Cloudy
1569859200;28.0;21.0;0.66;SE;4.722222222222222;0.0;1010.8;0.0;Mostly Cloudy
1569862800;28.0;21.0;0.66;ESE;4.722222222222222;0.0;1010.8;0.0;Mostly Cloudy
1569866400;27.0;21.0;0.7;E;4.166666666666667;0.0;1010.8;0.0;Mostly Cloudy
1569870000;27.0;21.0;0.7;E;4.166666666666667;0.0;1010.8;0.0;Partly Cloudy
1569873600;27.0;21.0;0.7;E;3.611111111111111;0.0;1011.8;0.0;Partly Cloudy
1569877200;27.0;21.0;0.7;E;3.611111111111111;0.0;1011.8;0.0;Partly Cloudy
1569880800;26.0;21.0;0.74;ESE;3.611111111111111;0.0;1011.8;0.0;Partly Cloudy
1569884400;26.0;21.0;0.74;E;3.611111111111111;0.0;1011.8;0.0;Partly Cloudy
1569888000;26.0;21.0;0.74;E;3.611111111111111;0.0;1012.8;0.0;Partly Cloudy
1569891600;26.0;21.0;0.74;E;3.0555555555555554;0.0;1012.8;0.0;Partly Cloudy
1569895200;26.0;21.0;0.74;E;2.5;0.0;1012.8;0.0;Partly Cloudy
1569898800;26.0;21.0;0.74;ESE;3.0555555555555554;0.0;1011.8;0.0;Partly Cloudy
1569902400;26.0;21.0;0.74;ESE;3.0555555555555554;0.0;1011.8;0.0;Partly Cloudy
1569906000;25.0;21.0;0.78;ESE;2.5;0.0;1011.8;0.0;Partly Cloudy
1569909600;25.0;21.0;0.78;ESE;3.0555555555555554;0.0;1010.8;0.0;Partly Cloudy
1569913200;25.0;21.0;0.78;ESE;3.0555555555555554;0.0;1010.8;0.0;Partly Cloudy
1569916800;25.0;21.0;0.78;ESE;3.0555555555555554;0.0;1010.8;0.0;Partly Cloudy
1569920400;26.0;21.0;0.74;ESE;3.611111111111111;0.0;1011.8;0.0;Partly Cloudy
1569924000;26.0;21.0;0.74;ESE;4.166666666666667;0.0;1011.8;0.0;Partly Cloudy
1569927600;27.0;21.0;0.7;E;3.611111111111111;0.0;1012.8;0.0;Mostly Cloudy
1569931200;27.0;21.0;0.7;E;4.722222222222222;0.0;1012.8;0.0;Mostly Cloudy
1569934800;28.0;21.0;0.66;E;4.722222222222222;0.0;1012.8;0.0;Partly Cloudy
1569938400;28.0;21.0;0.66;ESE;5.277777777777778;0.0;1012.8;0.0;Partly Cloudy
1569942000;27.0;22.0;0.74;E;4.722222222222222;0.0;1011.8;0.0;Mostly Cloudy
1569945600;28.0;21.0;0.66;ESE;5.277777777777778;0.0;1010.8;0.0;Partly Cloudy
1569949200;28.0;21.0;0.66;ESE;4.722222222222222;0.0;1009.8;0.0;Partly Cloudy
1569952800;27.0;21.0;0.7;ESE;4.722222222222222;0.0;1009.8;0.0;Partly Cloudy
1569956400;27.0;21.0;0.7;SE;4.722222222222222;0.0;1009.8;0.0;Partly Cloudy
1569960000;27.0;21.0;0.7;SE;4.722222222222222;0.0;1009.8;0.0;Partly Cloudy
1569963600;26.0;21.0;0.74;SE;3.611111111111111;0.0;1010.8;0.0;Partly Cloudy
1569967200;26.0;20.0;0.69;VAR;3.611111111111111;0.0;1010.8;0.0;Partly Cloudy
1569970800;26.0;21.0;0.74;ESE;4.166666666666667;0.0;1011.8;0.0;Partly Cloudy
1569974400;26.0;21.0;0.74;ESE;4.166666666666667;0.0;1012.8;0.0;Partly Cloudy
1569978000;26.0;21.0;0.74;ESE;3.0555555555555554;0.0;1012.8;0.0;Fair
1569981600;26.0;21.0;0.74;E;3.0555555555555554;0.0;1011.8;0.0;Fair
1570071600;26.0;21.0;0.74;SE;4.722222222222222;0.0;1013.8;0.0;Partly Cloudy
1570075200;26.0;20.0;0.69;ESE;4.166666666666667;0.0;1012.8;0.0;Fair
1570078800;26.0;20.0;0.69;SE;4.722222222222222;0.0;1012.8;0.0;Fair
1570082400;26.0;21.0;0.74;SE;4.166666666666667;0.0;1012.8;0.0;Fair
1570086000;26.0;21.0;0.74;SE;5.277777777777778;0.0;1012.8;0.0;Fair
1570089600;26.0;22.0;0.78;SE;4.722222222222222;0.0;1013.8;0.0;Partly Cloudy
1570093200;25.0;22.0;0.83;SE;7.222222222222222;0.0;1013.8;0.0;Partly Cloudy
1570096800;26.0;22.0;0.78;SE;5.555555555555555;0.0;1014.8;0.0;Partly Cloudy
1570100400;28.0;23.0;0.74;SE;4.722222222222222;0.0;1014.8;0.0;Partly Cloudy
1570104000;28.0;23.0;0.74;ESE;4.722222222222222;0.0;1014.8;0.0;Partly Cloudy
1570107600;28.0;22.0;0.7;SE;5.277777777777778;0.0;1014.8;0.0;Partly Cloudy
1570111200;28.0;22.0;0.7;SE;6.111111111111111;0.0;1014.8;0.0;Partly Cloudy
1570114800;28.0;23.0;0.74;SE;5.555555555555555;0.0;1013.8;0.0;Partly Cloudy
1570118400;26.0;23.0;0.83;SE;4.166666666666667;0.0;1013.8;0.0;Partly Cloudy
1570122000;28.0;23.0;0.74;SE;5.277777777777778;0.0;1012.8;0.0;Partly Cloudy
1570125600;27.0;22.0;0.74;ESE;4.722222222222222;0.0;1012.8;0.0;Partly Cloudy
1570129200;27.0;22.0;0.74;ESE;6.111111111111111;0.0;1012.8;0.0;Mostly Cloudy
1570132800;27.0;22.0;0.74;ESE;6.111111111111111;0.0;1012.8;0.0;Mostly Cloudy
1570136400;26.0;22.0;0.78;ESE;6.111111111111111;0.0;1013.8;0.0;Partly Cloudy
1570140000;26.0;21.0;0.74;ESE;6.111111111111111;0.0;1013.8;0.0;Mostly Cloudy
1570143600;26.0;21.0;0.74;ESE;5.277777777777778;0.0;1014.8;0.0;Mostly Cloudy
1570147200;26.0;21.0;0.74;ESE;5.277777777777778;10.833333333333334;1014.8;0.0;Mostly Cloudy
1570150800;27.0;21.0;0.7;ESE;4.722222222222222;0.0;1014.8;0.0;Mostly Cloudy
1570154400;26.0;21.0;0.74;ESE;5.555555555555555;0.0;1014.8;0.0;Showers in the Vicinity
1570158000;26.0;20.0;0.69;ESE;3.0555555555555554;0.0;1013.8;0.0;Mostly Cloudy
1570161600;26.0;20.0;0.69;E;3.611111111111111;0.0;1013.8;0.0;Partly Cloudy
1570165200;25.0;22.0;0.83;ESE;4.722222222222222;0.0;1012.8;0.0;Mostly Cloudy
1570168800;26.0;21.0;0.74;ESE;5.277777777777778;0.0;1012.8;0.0;Mostly Cloudy
1570172400;26.0;21.0;0.74;E;8.333333333333334;0.0;1012.8;0.0;Mostly Cloudy
1570176000;25.0;21.0;0.78;SE;4.722222222222222;0.0;1013.8;0.0;Mostly Cloudy
1570179600;26.0;21.0;0.74;ESE;5.277777777777778;0.0;1013.8;0.0;Fair
1570183200;27.0;21.0;0.7;ESE;4.722222222222222;0.0;1013.8;0.0;Fair
1570186800;27.0;21.0;0.7;ESE;5.277777777777778;0.0;1014.8;0.0;Mostly Cloudy
1570190400;27.0;21.0;0.7;SE;6.666666666666666;0.0;1014.8;0.0;Mostly Cloudy
1570194000;28.0;21.0;0.66;SE;7.222222222222222;0.0;1014.8;0.0;Partly Cloudy
1570197600;29.0;21.0;0.62;SE;6.111111111111111;0.0;1013.8;0.0;Mostly Cloudy
1570201200;28.0;21.0;0.66;SE;6.666666666666666;0.0;1012.8;0.0;Partly Cloudy
1570204800;29.0;21.0;0.62;SE;6.666666666666666;0.0;1012.8;0.0;Mostly Cloudy
1570208400;29.0;21.0;0.62;SSE;8.61111111111111;0.0;1011.8;0.0;Mostly Cloudy
1570212000;28.0;20.0;0.62;SSE;8.61111111111111;0.0;1011.8;0.0;Partly Cloudy
1570215600;27.0;20.0;0.65;SE;7.222222222222222;0.0;1011.8;0.0;Partly Cloudy
1570219200;26.0;20.0;0.69;SSE;7.777777777777778;0.0;1011.8;0.0;Fair
1570222800;26.0;21.0;0.74;SSE;7.777777777777778;0.0;1011.8;0.0;Partly Cloudy
1570226400;26.0;21.0;0.74;SSE;7.777777777777778;0.0;1012.8;0.0;Mostly Cloudy
1570230000;26.0;21.0;0.74;SE;6.666666666666666;0.0;1012.8;0.0;Mostly Cloudy
1570233600;25.0;21.0;0.78;SE;5.555555555555555;0.0;1013.8;0.0;Partly Cloudy
1570237200;26.0;21.0;0.74;SE;5.555555555555555;0.0;1013.8;0.0;Partly Cloudy
1570240800;26.0;21.0;0.74;ESE;5.277777777777778;0.0;1012.8;0.0;Partly Cloudy
1570244400;26.0;20.0;0.69;SE;6.111111111111111;0.0;1012.8;0.0;Partly Cloudy
1570248000;25.0;20.0;0.74;SE;5.555555555555555;0.0;1012.8;0.0;Partly Cloudy
1570251600;25.0;20.0;0.74;SE;5.277777777777778;0.0;1011.8;0.0;Partly Cloudy
1570255200;25.0;19.0;0.69;SE;4.722222222222222;0.0;1011.8;0.0;Partly Cloudy
1570258800;25.0;20.0;0.74;SE;4.722222222222222;0.0;1011.8;0.0;Partly Cloudy
1570262400;25.0;19.0;0.69;SE;5.555555555555555;0.0;1012.8;0.0;Partly Cloudy
1570266000;25.0;20.0;0.74;SSE;6.111111111111111;0.0;1012.8;0.0;Partly Cloudy
1570269600;26.0;20.0;0.69;SE;5.277777777777778;0.0;1013.8;0.0;Partly Cloudy
1570273200;27.0;21.0;0.7;SE;6.666666666666666;0.0;1013.8;0.0;Partly Cloudy
1570276800;27.0;21.0;0.7;SE;6.111111111111111;0.0;1013.8;0.0;Partly Cloudy
1570280400;27.0;21.0;0.7;SE;5.277777777777778;0.0;1013.8;0.0;Partly Cloudy
1570284000;28.0;21.0;0.66;SE;5.555555555555555;0.0;1012.8;0.0;Partly Cloudy
1570287600;28.0;21.0;0.66;ESE;4.166666666666667;0.0;1012.8;0.0;Partly Cloudy
1570291200;28.0;22.0;0.7;SE;5.555555555555555;0.0;1010.8;0.0;Mostly Cloudy
1570294800;27.0;22.0;0.74;SE;5.277777777777778;0.0;1010.8;0.0;Mostly Cloudy
1570298400;26.0;21.0;0.74;ESE;5.277777777777778;0.0;1010.8;0.0;Partly Cloudy
1570302000;26.0;21.0;0.74;SE;3.611111111111111;0.0;1010.8;0.0;Mostly Cloudy
1570305600;26.0;20.0;0.69;ESE;4.722222222222222;0.0;1010.8;0.0;Mostly Cloudy
1570309200;25.0;20.0;0.74;SE;3.611111111111111;0.0;1011.8;0.0;Mostly Cloudy
1570312800;25.0;21.0;0.78;SSE;4.722222222222222;0.0;1011.8;0.0;Light Rain
1570316400;25.0;21.0;0.78;SE;3.611111111111111;0.0;1011.8;0.0;Showers in the Vicinity
1570320000;25.0;21.0;0.78;SE;4.722222222222222;0.0;1012.8;0.0;Showers in the Vicinity
1570323600;25.0;21.0;0.78;SE;4.722222222222222;0.0;1012.8;0.0;Mostly Cloudy
1570327200;25.0;21.0;0.78;SE;4.722222222222222;0.0;1012.8;0.0;Partly Cloudy
1570417200;25.0;22.0;0.83;E;3.611111111111111;0.0;1012.8;0.0;Partly Cloudy
1570420800;25.0;21.0;0.78;E;3.0555555555555554;0.0;1012.8;0.0;Mostly Cloudy
1570424400;25.0;22.0;0.83;E;1.6666666666666665;0.0;1011.8;0.0;Partly Cloudy
1570428000;25.0;22.0;0.83;E;3.0555555555555554;0.0;1011.8;0.0;Partly Cloudy
1570431600;25.0;21.0;0.78;E;2.5;0.0;1011.8;0.0;Partly Cloudy
1570435200;25.0;21.0;0.78;E;2.5;0.0;1012.8;0.0;Partly Cloudy
1570438800;26.0;21.0;0.74;E;1.9444444444444444;0.0;1013.8;0.0;Partly Cloudy
1570442400;26.0;21.0;0.74;ENE;3.0555555555555554;0.0;1013.8;0.0;Mostly Cloudy
1570446000;28.0;21.0;0.66;ENE;3.611111111111111;0.0;1014.8;0.0;Mostly Cloudy
1570449600;27.0;21.0;0.7;E;4.166666666666667;0.0;1014.8;0.0;Mostly Cloudy
1570453200;28.0;21.0;0.66;E;3.611111111111111;0.0;1014.8;0.0;Mostly Cloudy
1570456800;28.0;20.0;0.62;E;5.555555555555555;0.0;1013.8;0.0;Mostly Cloudy
1570460400;28.0;21.0;0.66;ESE;5.555555555555555;0.0;1013.8;0.0;Mostly Cloudy
1570464000;28.0;21.0;0.66;E;5.277777777777778;0.0;1012.8;0.0;Mostly Cloudy
1570467600;28.0;21.0;0.66;E;5.277777777777778;0.0;1012.8;0.0;Fair
1570471200;28.0;20.0;0.62;ESE;5.277777777777778;0.0;1011.8;0.0;Fair
1570474800;27.0;20.0;0.65;E;3.611111111111111;0.0;1011.8;0.0;Fair
1570478400;27.0;20.0;0.65;E;4.166666666666667;0.0;1012.8;0.0;Fair
1570482000;26.0;20.0;0.69;E;4.166666666666667;0.0;1012.8;0.0;Fair
1570485600;26.0;20.0;0.69;E;3.0555555555555554;0.0;1013.8;0.0;Fair
1570489200;26.0;20.0;0.69;E;3.611111111111111;0.0;1013.8;0.0;Fair
1570492800;26.0;20.0;0.69;E;3.0555555555555554;0.0;1013.8;0.0;Fair
1570496400;26.0;20.0;0.69;E;4.166666666666667;0.0;1013.8;0.0;Partly Cloudy
1570500000;26.0;20.0;0.69;ESE;4.166666666666667;0.0;1013.8;0.0;Partly Cloudy
1570849200;26.0;21.0;0.74;SSE;5.277777777777778;0.0;1013.8;0.0;Mostly Cloudy
1570852800;25.0;21.0;0.78;SSE;5.277777777777778;0.0;1012.8;0.0;Partly Cloudy
1570856400;25.0;22.0;0.83;SSE;6.666666666666666;0.0;1012.8;0.0;Partly Cloudy
1570860000;25.0;21.0;0.78;SE;6.111111111111111;0.0;1012.8;0.0;Partly Cloudy
1570863600;25.0;21.0;0.78;SE;5.555555555555555;0.0;1012.8;0.0;Partly Cloudy
1570867200;25.0;21.0;0.78;SE;6.111111111111111;0.0;1012.8;0.0;Partly Cloudy
1570870800;26.0;21.0;0.74;SE;5.555555555555555;0.0;1013.8;0.0;Fair
1570874400;27.0;21.0;0.7;SE;6.111111111111111;0.0;1013.8;0.0;Fair
1570878000;27.0;22.0;0.74;SSE;8.333333333333334;0.0;1014.8;0.0;Mostly Cloudy
1570881600;28.0;21.0;0.66;SE;7.777777777777778;0.0;1014.8;0.0;Partly Cloudy
1570885200;29.0;21.0;0.62;SSE;7.777777777777778;0.0;1013.8;0.0;Partly Cloudy
1570888800;29.0;21.0;0.62;SSE;7.777777777777778;0.0;1013.8;0.0;Fair
1570892400;28.0;21.0;0.66;SSE;8.333333333333334;0.0;1012.8;0.0;Mostly Cloudy
1570896000;25.0;22.0;0.83;ESE;8.333333333333334;0.0;1012.8;0.0;Showers in the Vicinity
1570899600;28.0;23.0;0.74;SSE;6.111111111111111;0.0;1011.8;0.0;Partly Cloudy
1570903200;28.0;21.0;0.66;SSE;8.61111111111111;0.0;1011.8;0.0;Partly Cloudy
1570906800;27.0;20.0;0.65;SSE;8.61111111111111;0.0;1011.8;0.0;Partly Cloudy
1570910400;26.0;21.0;0.74;SSE;8.333333333333334;0.0;1011.8;0.0;Partly Cloudy
1570914000;26.0;21.0;0.74;SSE;8.333333333333334;0.0;1011.8;0.0;Mostly Cloudy
1570917600;25.0;22.0;0.83;ESE;6.111111111111111;0.0;1012.8;0.0;Light Rain
1570921200;24.0;22.0;0.89;S;4.722222222222222;0.0;1012.8;0.0;Mostly Cloudy
1570924800;25.0;21.0;0.78;SE;6.666666666666666;0.0;1013.8;0.0;Showers in the Vicinity
1570928400;26.0;21.0;0.74;SSE;5.555555555555555;0.0;1013.8;0.0;Mostly Cloudy
1570932000;23.0;21.0;0.88;SE;7.222222222222222;0.0;1013.8;0.0;Showers in the Vicinity
1570935600;24.0;21.0;0.83;SE;5.277777777777778;0.0;1012.8;0.0;Partly Cloudy
1570939200;24.0;22.0;0.89;SE;4.166666666666667;0.0;1011.8;0.0;Mostly Cloudy
1570942800;25.0;21.0;0.78;SE;6.111111111111111;0.0;1011.8;0.0;Mostly Cloudy
1570946400;25.0;20.0;0.74;SE;6.111111111111111;0.0;1011.8;0.0;Partly Cloudy
1570950000;25.0;20.0;0.74;SE;5.555555555555555;0.0;1011.8;0.0;Partly Cloudy
1570953600;25.0;20.0;0.74;SSE;5.277777777777778;0.0;1011.8;0.0;Partly Cloudy
1570957200;25.0;20.0;0.74;SSE;6.111111111111111;0.0;1011.8;0.0;Partly Cloudy
1570960800;26.0;21.0;0.74;SSE;6.666666666666666;0.0;1012.8;0.0;Partly Cloudy
1570964400;27.0;21.0;0.7;SSE;6.666666666666666;0.0;1012.8;0.0;Mostly Cloudy
1570968000;27.0;22.0;0.74;SSE;7.777777777777778;0.0;1012.8;0.0;Mostly Cloudy
1570971600;27.0;22.0;0.74;SSE;3.611111111111111;0.0;1012.8;0.0;Mostly Cloudy
1570975200;28.0;22.0;0.7;SSE;9.722222222222221;0.0;1012.8;0.0;Mostly Cloudy / Windy
1570978800;27.0;21.0;0.7;SSE;9.166666666666666;0.0;1011.8;0.0;Mostly Cloudy / Windy
1570982400;27.0;22.0;0.74;SSE;7.777777777777778;0.0;1010.8;0.0;Mostly Cloudy
1570986000;27.0;22.0;0.74;S;8.333333333333334;0.0;1010.8;0.0;Showers in the Vicinity
1570987320;25.0;23.0;0.89;SSE;8.333333333333334;0.0;1010.8;0.0;Light Rain
1570989600;25.0;22.0;0.83;SSE;8.333333333333334;0.0;1010.8;0.0;Light Rain
1570993200;24.0;22.0;0.89;SE;7.777777777777778;0.0;1011.8;0.0;Light Rain
1570995180;23.0;22.0;0.94;SE;7.777777777777778;0.0;1011.8;0.0;Light Rain
1570996800;24.0;22.0;0.89;SE;5.555555555555555;0.0;1011.8;0.0;Light Rain
1571000400;24.0;22.0;0.89;SSE;6.111111111111111;0.0;1011.8;0.0;Light Rain
1571004000;24.0;22.0;0.89;S;3.611111111111111;0.0;1012.8;0.0;Mostly Cloudy
1571005620;23.0;22.0;0.94;SE;5.555555555555555;0.0;1012.8;0.0;Rain
1571007600;23.0;22.0;0.94;S;4.722222222222222;0.0;1012.8;0.0;Light Rain
1571011200;24.0;23.0;0.94;SSE;4.722222222222222;0.0;1013.8;0.0;Showers in the Vicinity
1571014800;24.0;22.0;0.89;SE;3.0555555555555554;0.0;1013.8;0.0;Showers in the Vicinity
1571018400;23.0;22.0;0.94;SE;6.111111111111111;0.0;1013.8;0.0;Light Rain
1571019540;24.0;22.0;0.89;SE;5.555555555555555;0.0;1012.8;0.0;Showers in the Vicinity
1571022000;24.0;22.0;0.89;SE;5.555555555555555;0.0;1012.8;0.0;Showers in the Vicinity
1571025600;24.0;22.0;0.89;SE;6.111111111111111;0.0;1011.8;0.0;Partly Cloudy
1571029200;24.0;21.0;0.83;SE;5.555555555555555;0.0;1011.8;0.0;Mostly Cloudy
1571032800;24.0;22.0;0.89;SE;6.666666666666666;0.0;1011.8;0.0;Showers in the Vicinity
1571036400;23.0;21.0;0.88;ESE;6.111111111111111;0.0;1011.8;0.0;Showers in the Vicinity
1571040000;23.0;22.0;0.94;E;2.5;0.0;1011.8;0.0;Showers in the Vicinity
1571043600;23.0;21.0;0.88;SE;2.5;0.0;1012.8;0.0;Showers in the Vicinity
1571047200;25.0;22.0;0.83;SSE;4.166666666666667;0.0;1012.8;0.0;Mostly Cloudy
1571050800;26.0;21.0;0.74;ESE;4.722222222222222;0.0;1013.8;0.0;Partly Cloudy
1571054400;27.0;22.0;0.74;SE;5.555555555555555;0.0;1013.8;0.0;Partly Cloudy
1571058000;28.0;21.0;0.66;ESE;5.277777777777778;0.0;1013.8;0.0;Partly Cloudy
1571061600;28.0;22.0;0.7;ESE;5.277777777777778;0.0;1013.8;0.0;Partly Cloudy
1571065200;28.0;22.0;0.7;SE;4.722222222222222;0.0;1012.8;0.0;Partly Cloudy
1571068800;28.0;22.0;0.7;SE;6.111111111111111;0.0;1011.8;0.0;Partly Cloudy
1571072400;28.0;21.0;0.66;SE;6.111111111111111;0.0;1010.8;0.0;Partly Cloudy
1571076000;27.0;21.0;0.7;SE;6.111111111111111;0.0;1010.8;0.0;Mostly Cloudy
1571079600;26.0;22.0;0.78;SE;5.277777777777778;0.0;1010.8;0.0;Showers in the Vicinity
1571083200;26.0;22.0;0.78;ESE;3.611111111111111;0.0;1011.8;0.0;Showers in the Vicinity
1571086800;25.0;22.0;0.83;ESE;4.722222222222222;0.0;1011.8;0.0;Mostly Cloudy
1571090400;26.0;22.0;0.78;SE;4.166666666666667;0.0;1012.8;0.0;Partly Cloudy
1571094000;24.0;22.0;0.89;ESE;5.555555555555555;0.0;1013.8;0.0;Mostly Cloudy
1571097600;23.0;21.0;0.88;ESE;3.611111111111111;0.0;1014.8;0.0;Partly Cloudy
1571101200;23.0;22.0;0.94;SE;2.5;0.0;1013.8;0.0;Light Rain
1571104800;22.0;21.0;0.94;S;1.9444444444444444;0.0;1013.8;0.0;Light Rain
1571108400;23.0;22.0;0.94;S;5.555555555555555;0.0;1012.8;0.0;Mostly Cloudy
1571112000;23.0;22.0;0.94;VAR;1.1111111111111112;0.0;1012.8;0.0;Light Rain
1571115600;25.0;22.0;0.83;SE;4.166666666666667;0.0;1011.8;0.0;Light Rain
1571119200;25.0;22.0;0.83;ESE;5.277777777777778;0.0;1011.8;0.0;Showers in the Vicinity
1571122800;25.0;21.0;0.78;ESE;4.166666666666667;0.0;1011.8;0.0;Showers in the Vicinity
1571126400;25.0;21.0;0.78;ESE;5.277777777777778;0.0;1012.8;0.0;Mostly Cloudy
1571130000;26.0;21.0;0.74;ESE;4.722222222222222;0.0;1012.8;0.0;Partly Cloudy
1571133600;26.0;21.0;0.74;ESE;4.166666666666667;0.0;1013.8;0.0;Partly Cloudy
1571137200;27.0;22.0;0.74;ESE;4.166666666666667;0.0;1014.8;0.0;Mostly Cloudy
1571140800;28.0;22.0;0.7;ESE;4.722222222222222;0.0;1014.8;0.0;Mostly Cloudy
1571144400;28.0;22.0;0.7;ESE;5.555555555555555;0.0;1014.8;0.0;Mostly Cloudy
1571148000;27.0;21.0;0.7;ESE;5.555555555555555;0.0;1014.8;0.0;Mostly Cloudy
1571151600;27.0;21.0;0.7;ESE;5.555555555555555;0.0;1013.8;0.0;Mostly Cloudy
1571155200;28.0;21.0;0.66;SE;5.277777777777778;0.0;1012.8;0.0;Partly Cloudy
1571158800;28.0;21.0;0.66;SE;5.555555555555555;0.0;1012.8;0.0;Partly Cloudy
1571162400;27.0;21.0;0.7;SE;5.555555555555555;0.0;1012.8;0.0;Partly Cloudy
1571166000;27.0;22.0;0.74;SSE;5.555555555555555;0.0;1011.8;0.0;Partly Cloudy
1571169600;26.0;22.0;0.78;SSE;5.277777777777778;0.0;1012.8;0.0;Partly Cloudy
1571173200;26.0;21.0;0.74;SE;5.555555555555555;0.0;1012.8;0.0;Partly Cloudy
1571176800;26.0;21.0;0.74;SSE;5.277777777777778;0.0;1012.8;0.0;Partly Cloudy
1571180400;26.0;21.0;0.74;SE;5.555555555555555;0.0;1013.8;0.0;Partly Cloudy
1571184000;26.0;21.0;0.74;SE;4.722222222222222;0.0;1013.8;0.0;Partly Cloudy
1571187600;26.0;21.0;0.74;SE;4.722222222222222;0.0;1013.8;0.0;Partly Cloudy
1571191200;26.0;21.0;0.74;SE;4.166666666666667;0.0;1013.8;0.0;Mostly Cloudy
1571194800;26.0;21.0;0.74;ESE;5.277777777777778;0.0;1012.8;0.0;Partly Cloudy
1571198400;25.0;21.0;0.78;ESE;4.166666666666667;0.0;1012.8;0.0;Mostly Cloudy
1571202000;26.0;21.0;0.74;SE;5.277777777777778;0.0;1012.8;0.0;Mostly Cloudy
1571205600;26.0;20.0;0.69;ESE;4.166666666666667;0.0;1011.8;0.0;Mostly Cloudy
1571209200;25.0;20.0;0.74;SE;3.0555555555555554;0.0;1011.8;0.0;Partly Cloudy
1571212800;25.0;21.0;0.78;SE;4.166666666666667;0.0;1012.8;0.0;Mostly Cloudy
1571216400;26.0;21.0;0.74;SE;4.166666666666667;0.0;1012.8;0.0;Mostly Cloudy
1571220000;26.0;21.0;0.74;SE;5.277777777777778;0.0;1013.8;0.0;Partly Cloudy
1571223600;27.0;22.0;0.74;SE;5.555555555555555;0.0;1014.8;0.0;Partly Cloudy
1571227200;28.0;20.0;0.62;ESE;5.277777777777778;0.0;1014.8;0.0;Partly Cloudy
1571230800;28.0;22.0;0.7;SE;6.666666666666666;0.0;1014.8;0.0;Fair
1571234400;28.0;21.0;0.66;SE;6.666666666666666;0.0;1014.8;0.0;Fair
1571238000;28.0;21.0;0.66;SE;6.111111111111111;0.0;1013.8;0.0;Fair
1571241600;28.0;21.0;0.66;SE;6.111111111111111;0.0;1012.8;0.0;Fair
1571245200;28.0;22.0;0.7;SE;6.111111111111111;0.0;1012.8;0.0;Fair
1571248800;28.0;21.0;0.66;SSE;7.222222222222222;0.0;1011.8;0.0;Partly Cloudy
1571252400;27.0;21.0;0.7;SE;5.555555555555555;0.0;1011.8;0.0;Partly Cloudy
1571256000;26.0;21.0;0.74;SSE;7.222222222222222;0.0;1012.8;0.0;Mostly Cloudy
1571259600;26.0;21.0;0.74;SE;6.111111111111111;0.0;1012.8;0.0;Partly Cloudy
1571263200;25.0;22.0;0.83;SSE;5.555555555555555;0.0;1013.8;0.0;Mostly Cloudy
1571266800;26.0;21.0;0.74;SE;4.166666666666667;0.0;1013.8;0.0;Mostly Cloudy
1571270400;26.0;20.0;0.69;SE;5.555555555555555;0.0;1014.8;0.0;Mostly Cloudy
1571274000;26.0;21.0;0.74;SE;5.277777777777778;0.0;1014.8;0.0;Partly Cloudy
1571277600;25.0;21.0;0.78;SE;4.166666666666667;0.0;1014.8;0.0;Partly Cloudy
1571281200;25.0;20.0;0.74;SE;4.722222222222222;0.0;1013.8;0.0;Partly Cloudy
1571284800;25.0;20.0;0.74;SE;3.611111111111111;0.0;1013.8;0.0;Partly Cloudy
1571288400;25.0;21.0;0.78;SE;4.722222222222222;0.0;1012.8;0.0;Partly Cloudy
1571292000;25.0;20.0;0.74;SE;4.722222222222222;0.0;1012.8;0.0;Partly Cloudy
1571295600;25.0;21.0;0.78;SE;4.166666666666667;0.0;1012.8;0.0;Partly Cloudy
1571299200;25.0;21.0;0.78;SE;4.722222222222222;0.0;1013.8;0.0;Partly Cloudy
1571302800;23.0;21.0;0.88;SW;1.9444444444444444;0.0;1013.8;0.0;Light Rain
1571306400;26.0;21.0;0.74;SE;5.555555555555555;0.0;1014.8;0.0;Light Rain
1571310000;28.0;22.0;0.7;SE;5.555555555555555;0.0;1014.8;0.0;Partly Cloudy
1571313600;27.0;21.0;0.7;SSE;6.111111111111111;0.0;1014.8;0.0;Partly Cloudy
1571317200;28.0;21.0;0.66;SSE;7.222222222222222;0.0;1014.8;0.0;Partly Cloudy
1571320800;28.0;22.0;0.7;SE;7.777777777777778;0.0;1014.8;0.0;Partly Cloudy
1571324400;28.0;22.0;0.7;SSE;7.777777777777778;0.0;1013.8;0.0;Partly Cloudy
1571328000;29.0;22.0;0.66;SSE;7.222222222222222;0.0;1012.8;0.0;Partly Cloudy
1571331600;28.0;22.0;0.7;SE;6.666666666666666;0.0;1012.8;0.0;Partly Cloudy
1571335200;28.0;21.0;0.66;SSE;7.777777777777778;0.0;1012.8;0.0;Partly Cloudy
1571338800;27.0;21.0;0.7;SE;6.666666666666666;0.0;1012.8;0.0;Partly Cloudy
1571342400;26.0;21.0;0.74;SSE;6.111111111111111;0.0;1012.8;0.0;Partly Cloudy
1571346000;26.0;21.0;0.74;SSE;5.555555555555555;0.0;1013.8;0.0;Partly Cloudy
1571349600;25.0;22.0;0.83;SE;4.722222222222222;0.0;1014.8;0.0;Showers in the Vicinity
1571353200;26.0;22.0;0.78;SE;6.111111111111111;0.0;1014.8;0.0;Mostly Cloudy
1571356800;26.0;22.0;0.78;SE;5.277777777777778;0.0;1014.8;0.0;Showers in the Vicinity
1571360400;24.0;22.0;0.89;ESE;4.722222222222222;0.0;1014.8;0.0;Light Rain
1571364000;24.0;22.0;0.89;SSE;5.555555555555555;0.0;1013.8;0.0;Showers in the Vicinity
1571367600;26.0;22.0;0.78;SE;4.166666666666667;0.0;1012.8;0.0;Mostly Cloudy
1571371200;23.0;21.0;0.88;S;4.722222222222222;0.0;1012.8;0.0;Light Rain
1571371680;23.0;22.0;0.94;SE;5.555555555555555;0.0;1012.8;0.0;Light Rain
1571374800;23.0;22.0;0.94;SSE;6.666666666666666;0.0;1012.8;0.0;Light Rain
1571378400;23.0;22.0;0.94;S;3.611111111111111;0.0;1012.8;0.0;Showers in the Vicinity
1571382000;23.0;22.0;0.94;S;3.611111111111111;0.0;1012.8;0.0;Showers in the Vicinity
1571385600;23.0;22.0;0.94;SSE;4.722222222222222;0.0;1012.8;0.0;Showers in the Vicinity
1571389200;23.0;22.0;0.94;SSE;4.166666666666667;0.0;1013.8;0.0;Mostly Cloudy
1571392800;25.0;23.0;0.89;SSE;5.277777777777778;0.0;1013.8;0.0;Mostly Cloudy
1571396400;26.0;23.0;0.83;SSE;6.111111111111111;0.0;1014.8;0.0;Mostly Cloudy
1571400000;26.0;22.0;0.78;SE;6.111111111111111;0.0;1014.8;0.0;Mostly Cloudy
1571403600;26.0;23.0;0.83;E;2.5;0.0;1014.8;0.0;Showers in the Vicinity
1571407200;25.0;23.0;0.89;SSE;6.666666666666666;0.0;1014.8;0.0;Showers in the Vicinity
1571410800;25.0;23.0;0.89;ESE;3.611111111111111;0.0;1013.8;0.0;Light Rain
1571414400;24.0;24.0;1.0;SE;3.611111111111111;0.0;1012.8;0.0;Light Rain
1571418000;25.0;23.0;0.89;CALM;0.0;0.0;1012.8;0.0;Light Rain
1571421600;25.0;23.0;0.89;VAR;1.6666666666666665;0.0;1012.8;0.0;Mostly Cloudy
1571425200;25.0;23.0;0.89;SSE;2.5;0.0;1012.8;0.0;Mostly Cloudy
1571428800;25.0;23.0;0.89;VAR;1.1111111111111112;0.0;1012.8;0.0;Mostly Cloudy
1571432400;26.0;22.0;0.78;ESE;2.5;0.0;1012.8;0.0;Mostly Cloudy
1571436000;26.0;21.0;0.74;E;2.5;0.0;1012.8;0.0;Mostly Cloudy
1571439600;26.0;22.0;0.78;E;3.0555555555555554;0.0;1013.8;0.0;Mostly Cloudy
1571443200;25.0;22.0;0.83;E;2.5;0.0;1013.8;0.0;Mostly Cloudy
1571446800;25.0;22.0;0.83;VAR;1.1111111111111112;0.0;1013.8;0.0;Light Rain
1571450400;25.0;22.0;0.83;E;2.5;0.0;1013.8;0.0;Light Rain
1571454000;25.0;22.0;0.83;ESE;2.5;0.0;1012.8;0.0;Showers in the Vicinity
1571457600;25.0;21.0;0.78;ESE;2.5;0.0;1011.8;0.0;Mostly Cloudy
1571461200;25.0;21.0;0.78;E;3.0555555555555554;0.0;1011.8;0.0;Mostly Cloudy
1571464800;25.0;21.0;0.78;ENE;2.5;0.0;1010.8;0.0;Mostly Cloudy
1571468400;25.0;21.0;0.78;E;4.166666666666667;0.0;1011.8;0.0;Mostly Cloudy
1571472000;25.0;21.0;0.78;E;3.0555555555555554;0.0;1011.8;0.0;Mostly Cloudy
1571475600;25.0;21.0;0.78;E;3.0555555555555554;0.0;1011.8;0.0;Mostly Cloudy
1571479200;26.0;21.0;0.74;E;2.5;0.0;1012.8;0.0;Mostly Cloudy
1571482800;27.0;21.0;0.7;E;4.166666666666667;0.0;1013.8;0.0;Mostly Cloudy
1571486400;27.0;22.0;0.74;E;3.611111111111111;0.0;1013.8;0.0;Partly Cloudy
1571490000;28.0;22.0;0.7;E;4.166666666666667;0.0;1013.8;0.0;Partly Cloudy
1571493600;28.0;22.0;0.7;ESE;4.166666666666667;0.0;1012.8;0.0;Partly Cloudy
1571497200;28.0;22.0;0.7;E;4.722222222222222;0.0;1011.8;0.0;Partly Cloudy
1571500800;27.0;21.0;0.7;E;3.611111111111111;0.0;1010.8;0.0;Partly Cloudy
1571504400;28.0;22.0;0.7;ENE;3.611111111111111;0.0;1009.8;0.0;Partly Cloudy
1571508000;27.0;22.0;0.74;E;4.166666666666667;0.0;1010.8;0.0;Partly Cloudy
1571511600;27.0;22.0;0.74;E;4.722222222222222;0.0;1010.8;0.0;Partly Cloudy
1571515200;26.0;21.0;0.74;ESE;4.166666666666667;0.0;1010.8;0.0;Partly Cloudy
1571518800;26.0;21.0;0.74;ESE;3.611111111111111;0.0;1010.8;0.0;Partly Cloudy
1571522400;26.0;21.0;0.74;E;3.611111111111111;0.0;1011.8;0.0;Partly Cloudy
1571526000;26.0;21.0;0.74;E;3.0555555555555554;0.0;1011.8;0.0;Partly Cloudy
1571529600;26.0;21.0;0.74;E;3.611111111111111;0.0;1011.8;0.0;Partly Cloudy
1571533200;26.0;21.0;0.74;E;3.611111111111111;0.0;1011.8;0.0;Partly Cloudy
1571536800;26.0;21.0;0.74;E;3.0555555555555554;0.0;1011.8;0.0;Partly Cloudy
1571540400;26.0;21.0;0.74;E;1.9444444444444444;0.0;1010.8;0.0;Partly Cloudy
1571544000;25.0;21.0;0.78;E;3.0555555555555554;0.0;1010.8;0.0;Partly Cloudy
1571547600;25.0;21.0;0.78;E;1.9444444444444444;0.0;1009.8;0.0;Partly Cloudy
1571551200;25.0;21.0;0.78;ENE;1.9444444444444444;0.0;1009.8;0.0;Partly Cloudy
1571554800;25.0;21.0;0.78;ENE;1.6666666666666665;0.0;1009.8;0.0;Partly Cloudy
1571558400;25.0;21.0;0.78;ENE;1.6666666666666665;0.0;1010.8;0.0;Partly Cloudy
1571562000;25.0;21.0;0.78;ENE;1.6666666666666665;0.0;1010.8;0.0;Partly Cloudy
1571565600;26.0;21.0;0.74;ENE;3.0555555555555554;0.0;1010.8;0.0;Partly Cloudy
1571569200;27.0;22.0;0.74;E;3.611111111111111;0.0;1011.8;0.0;Partly Cloudy
1571572800;28.0;21.0;0.66;ENE;4.166666666666667;0.0;1011.8;0.0;Partly Cloudy
1571576400;29.0;21.0;0.62;ENE;3.611111111111111;0.0;1011.8;0.0;Partly Cloudy
1571580000;27.0;22.0;0.74;ENE;4.166666666666667;0.0;1010.8;0.0;Partly Cloudy
1571583600;28.0;22.0;0.7;ENE;4.166666666666667;0.0;1010.8;0.0;Mostly Cloudy
1571587200;28.0;21.0;0.66;ENE;4.166666666666667;0.0;1009.8;0.0;Partly Cloudy
1571590800;27.0;22.0;0.74;ENE;4.722222222222222;0.0;1008.8;0.0;Partly Cloudy
1571594400;27.0;22.0;0.74;E;4.166666666666667;0.0;1008.8;0.0;Mostly Cloudy
1571598000;27.0;21.0;0.7;ESE;4.166666666666667;0.0;1008.8;0.0;Mostly Cloudy
1571601600;26.0;21.0;0.74;E;3.611111111111111;0.0;1009.8;0.0;Partly Cloudy
1571605200;26.0;21.0;0.74;E;3.0555555555555554;0.0;1009.8;0.0;Partly Cloudy
1571608800;26.0;21.0;0.74;E;3.0555555555555554;0.0;1010.8;0.0;Fair
1571612400;26.0;21.0;0.74;ENE;3.611111111111111;0.0;1010.8;0.0;Partly Cloudy
1571616000;26.0;21.0;0.74;ENE;2.5;0.0;1011.8;0.0;Mostly Cloudy
1571619600;25.0;21.0;0.78;ENE;1.9444444444444444;0.0;1010.8;0.0;Partly Cloudy
1571623200;25.0;21.0;0.78;NE;1.6666666666666665;0.0;1010.8;0.0;Partly Cloudy
1571626800;25.0;21.0;0.78;NE;1.1111111111111112;0.0;1010.8;0.0;Mostly Cloudy
1571630400;25.0;21.0;0.78;VAR;1.6666666666666665;0.0;1009.8;0.0;Partly Cloudy
1571634000;24.0;22.0;0.89;NW;1.9444444444444444;0.0;1008.8;0.0;Partly Cloudy
1571637600;24.0;21.0;0.83;NW;1.1111111111111112;0.0;1009.8;0.0;Partly Cloudy
1571641200;25.0;20.0;0.74;ENE;1.9444444444444444;0.0;1009.8;0.0;Partly Cloudy
1571644800;24.0;21.0;0.83;NW;1.6666666666666665;0.0;1009.8;0.0;Partly Cloudy
1571648400;24.0;22.0;0.89;NW;1.1111111111111112;0.0;1010.8;0.0;Mostly Cloudy
1571652000;25.0;22.0;0.83;VAR;1.1111111111111112;0.0;1011.8;0.0;Mostly Cloudy
1571655600;26.0;22.0;0.78;NE;1.6666666666666665;0.0;1011.8;0.0;Mostly Cloudy
1571659200;28.0;19.0;0.58;E;2.5;0.0;1011.8;0.0;Mostly Cloudy
1571662800;29.0;20.0;0.58;ENE;3.611111111111111;0.0;1011.8;0.0;Mostly Cloudy
1571666400;29.0;19.0;0.55;E;3.611111111111111;0.0;1011.8;0.0;Fair
1571670000;29.0;21.0;0.62;E;4.722222222222222;0.0;1010.8;0.0;Partly Cloudy
1571673600;28.0;21.0;0.66;E;4.166666666666667;0.0;1009.8;0.0;Partly Cloudy
1571677200;28.0;20.0;0.62;ENE;4.722222222222222;0.0;1009.8;0.0;Fair
1571680800;28.0;21.0;0.66;NE;4.166666666666667;0.0;1008.8;0.0;Fair
1571684400;28.0;20.0;0.62;NE;4.166666666666667;0.0;1008.8;0.0;Fair
1571688000;27.0;20.0;0.65;NE;3.611111111111111;0.0;1008.8;0.0;Fair
1571691600;27.0;21.0;0.7;NE;3.0555555555555554;0.0;1008.8;0.0;Fair
1571695200;26.0;21.0;0.74;ENE;3.0555555555555554;0.0;1009.8;0.0;Partly Cloudy
1571698800;26.0;21.0;0.74;NE;3.611111111111111;0.0;1010.8;0.0;Partly Cloudy
1571702400;26.0;21.0;0.74;NE;2.5;0.0;1010.8;0.0;Fair
1571706000;26.0;21.0;0.74;NE;3.611111111111111;0.0;1010.8;0.0;Partly Cloudy
1571709600;26.0;21.0;0.74;NE;2.5;0.0;1010.8;0.0;Partly Cloudy
1571713200;25.0;21.0;0.78;ENE;1.9444444444444444;0.0;1009.8;0.0;Partly Cloudy
1571716800;24.0;21.0;0.83;NW;1.6666666666666665;0.0;1009.8;0.0;Partly Cloudy
1571720400;24.0;21.0;0.83;NNW;1.6666666666666665;0.0;1009.8;0.0;Partly Cloudy
1571724000;23.0;21.0;0.88;NW;1.1111111111111112;0.0;1009.8;0.0;Partly Cloudy
1571727600;23.0;21.0;0.88;NNW;1.1111111111111112;0.0;1009.8;0.0;Partly Cloudy
1571731200;23.0;21.0;0.88;NNW;1.1111111111111112;0.0;1010.8;0.0;Partly Cloudy
1571734800;23.0;21.0;0.88;NNW;1.9444444444444444;0.0;1010.8;0.0;Partly Cloudy
1571738400;25.0;22.0;0.83;NW;1.9444444444444444;0.0;1011.8;0.0;Partly Cloudy
1571742000;27.0;21.0;0.7;VAR;1.1111111111111112;0.0;1012.8;0.0;Mostly Cloudy
1571745600;28.0;22.0;0.7;E;3.0555555555555554;0.0;1012.8;0.0;Mostly Cloudy
1571749200;28.0;22.0;0.7;VAR;3.0555555555555554;0.0;1012.8;0.0;Mostly Cloudy
1571752800;28.0;21.0;0.66;E;4.166666666666667;0.0;1011.8;0.0;Mostly Cloudy
1571756400;28.0;21.0;0.66;VAR;4.166666666666667;0.0;1010.8;0.0;Partly Cloudy
1571760000;28.0;21.0;0.66;E;4.722222222222222;0.0;1009.8;0.0;Partly Cloudy
1571763600;28.0;21.0;0.66;E;4.722222222222222;10.833333333333334;1009.8;0.0;Partly Cloudy
1571767200;28.0;22.0;0.7;E;4.722222222222222;0.0;1009.8;0.0;Partly Cloudy
1571770800;27.0;21.0;0.7;E;4.166666666666667;0.0;1009.8;0.0;Partly Cloudy
1571774400;27.0;21.0;0.7;ENE;3.611111111111111;0.0;1009.8;0.0;Partly Cloudy
1571778000;26.0;21.0;0.74;ENE;3.0555555555555554;0.0;1009.8;0.0;Fair
1571781600;26.0;21.0;0.74;ENE;2.5;0.0;1010.8;0.0;Partly Cloudy
1571785200;26.0;21.0;0.74;ENE;1.9444444444444444;0.0;1010.8;0.0;Mostly Cloudy
1571788800;26.0;21.0;0.74;ENE;1.9444444444444444;0.0;1011.8;0.0;Partly Cloudy
1571792400;26.0;21.0;0.74;ENE;1.6666666666666665;0.0;1011.8;0.0;Partly Cloudy
1571796000;25.0;21.0;0.78;NE;1.6666666666666665;0.0;1010.8;0.0;Partly Cloudy
1571799600;25.0;21.0;0.78;NE;1.1111111111111112;0.0;1010.8;0.0;Fair
1571803200;24.0;21.0;0.83;WNW;1.6666666666666665;0.0;1009.8;0.0;Partly Cloudy
1571806800;23.0;21.0;0.88;NW;1.6666666666666665;0.0;1009.8;0.0;Partly Cloudy
1571810400;23.0;21.0;0.88;NW;1.6666666666666665;0.0;1008.8;0.0;Partly Cloudy
1571814000;22.0;21.0;0.94;NW;1.9444444444444444;0.0;1009.8;0.0;Partly Cloudy
1571817600;22.0;21.0;0.94;NNW;1.6666666666666665;0.0;1010.8;0.0;Partly Cloudy
1571821200;23.0;21.0;0.88;WNW;1.1111111111111112;0.0;1010.8;0.0;Partly Cloudy
1571824800;25.0;22.0;0.83;NW;1.9444444444444444;0.0;1011.8;0.0;Partly Cloudy
1571828400;27.0;21.0;0.7;NE;1.9444444444444444;0.0;1011.8;0.0;Partly Cloudy
1571832000;28.0;21.0;0.66;E;3.611111111111111;0.0;1011.8;0.0;Partly Cloudy
1571835600;28.0;21.0;0.66;E;3.611111111111111;0.0;1011.8;0.0;Partly Cloudy
1571839200;28.0;22.0;0.7;E;3.0555555555555554;0.0;1011.8;0.0;Partly Cloudy
1571842800;28.0;22.0;0.7;E;5.277777777777778;0.0;1010.8;0.0;Partly Cloudy
1571846400;28.0;21.0;0.66;E;4.722222222222222;0.0;1009.8;0.0;Partly Cloudy
1571850000;28.0;22.0;0.7;E;4.722222222222222;0.0;1008.8;0.0;Partly Cloudy
1571853600;28.0;22.0;0.7;E;4.722222222222222;0.0;1008.8;0.0;Fair
1571857200;28.0;22.0;0.7;E;4.166666666666667;0.0;1008.8;0.0;Fair
1571860800;27.0;22.0;0.74;E;3.0555555555555554;0.0;1009.8;0.0;Fair
1571864400;27.0;22.0;0.74;ESE;3.0555555555555554;0.0;1009.8;0.0;Fair
1571868000;26.0;22.0;0.78;ESE;2.5;0.0;1010.8;0.0;Fair
1571871600;26.0;22.0;0.78;ESE;3.611111111111111;0.0;1011.8;0.0;Partly Cloudy
1571875200;26.0;22.0;0.78;E;3.0555555555555554;0.0;1011.8;0.0;Partly Cloudy
1571878800;26.0;22.0;0.78;E;2.5;0.0;1012.8;0.0;Partly Cloudy
1571882400;26.0;22.0;0.78;ESE;1.9444444444444444;0.0;1012.8;0.0;Partly Cloudy
1571972400;26.0;21.0;0.74;SSE;5.277777777777778;0.0;1012.8;0.0;Partly Cloudy
1571976000;25.0;22.0;0.83;SSE;5.277777777777778;0.0;1011.8;0.0;Partly Cloudy
1571979600;26.0;22.0;0.78;SSE;5.277777777777778;0.0;1011.8;0.0;Partly Cloudy
1571983200;26.0;22.0;0.78;SSE;6.111111111111111;0.0;1011.8;0.0;Partly Cloudy
1571986800;26.0;21.0;0.74;SSE;3.611111111111111;0.0;1011.8;0.0;Partly Cloudy
1571990400;25.0;21.0;0.78;S;3.0555555555555554;0.0;1012.8;0.0;Mostly Cloudy
1571994000;27.0;20.0;0.65;SE;5.277777777777778;0.0;1012.8;0.0;Partly Cloudy
1571997600;27.0;20.0;0.65;SE;6.111111111111111;0.0;1013.8;0.0;Partly Cloudy
1572001200;27.0;22.0;0.74;SE;4.722222222222222;0.0;1013.8;0.0;Mostly Cloudy
1572004800;28.0;21.0;0.66;SE;5.555555555555555;0.0;1013.8;0.0;Fair
1572008400;29.0;21.0;0.62;SE;4.166666666666667;0.0;1013.8;0.0;Partly Cloudy
1572012000;29.0;22.0;0.66;SE;6.111111111111111;0.0;1012.8;0.0;Partly Cloudy
1572015600;29.0;20.0;0.58;ESE;5.555555555555555;0.0;1012.8;0.0;Partly Cloudy
1572019200;29.0;21.0;0.62;SE;5.277777777777778;0.0;1011.8;0.0;Fair
1572022800;29.0;22.0;0.66;VAR;5.277777777777778;0.0;1010.8;0.0;Partly Cloudy
1572026400;28.0;22.0;0.7;SSE;6.111111111111111;0.0;1010.8;0.0;Partly Cloudy
1572030000;27.0;21.0;0.7;SSE;6.666666666666666;0.0;1010.8;0.0;Partly Cloudy
1572033600;27.0;21.0;0.7;SSE;5.277777777777778;0.0;1010.8;0.0;Fair
1572037200;26.0;22.0;0.78;SE;4.722222222222222;0.0;1011.8;0.0;Mostly Cloudy
1572040800;27.0;21.0;0.7;SE;4.722222222222222;0.0;1012.8;0.0;Partly Cloudy
1572044400;26.0;21.0;0.74;SE;4.722222222222222;0.0;1012.8;0.0;Partly Cloudy
1572048000;26.0;21.0;0.74;SE;5.277777777777778;0.0;1013.8;0.0;Partly Cloudy
1572051600;26.0;21.0;0.74;ESE;4.166666666666667;0.0;1013.8;0.0;Partly Cloudy
1572055200;26.0;22.0;0.78;SE;4.166666666666667;0.0;1012.8;0.0;Partly Cloudy
1572058800;26.0;22.0;0.78;ESE;3.611111111111111;0.0;1012.8;0.0;Partly Cloudy
1572062400;25.0;22.0;0.83;SSE;3.611111111111111;0.0;1011.8;0.0;Partly Cloudy
1572066000;26.0;22.0;0.78;SE;4.166666666666667;0.0;1011.8;0.0;Partly Cloudy
1572069600;26.0;22.0;0.78;SE;4.166666666666667;0.0;1011.8;0.0;Partly Cloudy
1572073200;25.0;22.0;0.83;SE;4.722222222222222;0.0;1011.8;0.0;Partly Cloudy
1572076800;26.0;22.0;0.78;SE;4.722222222222222;0.0;1011.8;0.0;Partly Cloudy
1572080400;26.0;23.0;0.83;SE;4.722222222222222;0.0;1012.8;0.0;Partly Cloudy
1572084000;27.0;23.0;0.79;ESE;5.555555555555555;0.0;1013.8;0.0;Partly Cloudy
1572087600;28.0;23.0;0.74;ESE;4.722222222222222;0.0;1013.8;0.0;Mostly Cloudy
1572091200;28.0;22.0;0.7;SE;5.555555555555555;0.0;1014.8;0.0;Partly Cloudy
1572094800;29.0;22.0;0.66;ESE;4.722222222222222;0.0;1014.8;0.0;Partly Cloudy
1572098400;29.0;22.0;0.66;ESE;5.277777777777778;0.0;1013.8;0.0;Mostly Cloudy
1572102000;29.0;22.0;0.66;ESE;6.111111111111111;0.0;1013.8;0.0;Partly Cloudy
1572105600;28.0;23.0;0.74;ESE;4.722222222222222;0.0;1012.8;0.0;Partly Cloudy
1572109200;29.0;22.0;0.66;ESE;5.277777777777778;0.0;1011.8;0.0;Partly Cloudy
1572112800;28.0;22.0;0.7;ESE;4.166666666666667;0.0;1011.8;0.0;Partly Cloudy
1572116400;27.0;22.0;0.74;SE;4.722222222222222;0.0;1011.8;0.0;Partly Cloudy
1572120000;27.0;22.0;0.74;SE;3.611111111111111;0.0;1011.8;0.0;Partly Cloudy
1572123600;27.0;22.0;0.74;ESE;3.611111111111111;0.0;1012.8;0.0;Partly Cloudy
1572127200;27.0;22.0;0.74;VAR;3.0555555555555554;0.0;1012.8;0.0;Mostly Cloudy
1572130800;27.0;22.0;0.74;ESE;4.722222222222222;0.0;1013.8;0.0;Mostly Cloudy
1572134400;27.0;22.0;0.74;ESE;3.611111111111111;0.0;1014.8;0.0;Partly Cloudy
1572138000;27.0;23.0;0.79;ESE;3.0555555555555554;0.0;1014.8;0.0;Mostly Cloudy
1572141600;27.0;22.0;0.74;SE;4.722222222222222;0.0;1014.8;0.0;Mostly Cloudy
1572145200;27.0;22.0;0.74;ESE;3.0555555555555554;0.0;1013.8;0.0;Partly Cloudy
1572148800;26.0;22.0;0.78;E;3.611111111111111;0.0;1013.8;0.0;Partly Cloudy
1572152400;26.0;22.0;0.78;ESE;3.611111111111111;0.0;1012.8;0.0;Mostly Cloudy
1572156000;26.0;22.0;0.78;ESE;3.611111111111111;0.0;1012.8;0.0;Partly Cloudy
1572159600;26.0;22.0;0.78;SE;4.722222222222222;0.0;1012.8;0.0;Mostly Cloudy
1572163200;26.0;22.0;0.78;ESE;4.166666666666667;0.0;1013.8;0.0;Mostly Cloudy
1572166800;26.0;22.0;0.78;ESE;4.722222222222222;0.0;1013.8;0.0;Mostly Cloudy
1572170400;27.0;23.0;0.79;SE;4.722222222222222;0.0;1014.8;0.0;Partly Cloudy
1572174000;29.0;23.0;0.7;ESE;5.277777777777778;0.0;1014.8;0.0;Mostly Cloudy
1572177600;29.0;22.0;0.66;SE;5.555555555555555;0.0;1015.79;0.0;Partly Cloudy
1572181200;28.0;23.0;0.74;SE;5.555555555555555;0.0;1014.8;0.0;Partly Cloudy
1572184800;29.0;22.0;0.66;SE;6.111111111111111;0.0;1014.8;0.0;Partly Cloudy
1572188400;29.0;22.0;0.66;ESE;6.111111111111111;0.0;1013.8;0.0;Partly Cloudy
1572192000;29.0;23.0;0.7;SE;6.111111111111111;0.0;1012.8;0.0;Partly Cloudy
1572195600;29.0;22.0;0.66;SE;6.111111111111111;0.0;1011.8;0.0;Partly Cloudy
1572199200;28.0;22.0;0.7;ESE;5.555555555555555;0.0;1011.8;0.0;Mostly Cloudy
1572202800;27.0;22.0;0.74;ESE;5.555555555555555;0.0;1011.8;0.0;Mostly Cloudy
1572206400;27.0;22.0;0.74;ESE;4.722222222222222;0.0;1012.8;0.0;Mostly Cloudy
1572210000;27.0;22.0;0.74;ESE;4.166666666666667;0.0;1012.8;0.0;Partly Cloudy
1572213600;26.0;21.0;0.74;E;3.611111111111111;0.0;1013.8;0.0;Partly Cloudy
1572217200;27.0;21.0;0.7;E;3.0555555555555554;0.0;1014.8;0.0;Partly Cloudy
1572220800;26.0;21.0;0.74;ESE;4.166666666666667;0.0;1014.8;0.0;Partly Cloudy
1572224400;26.0;21.0;0.74;E;3.611111111111111;0.0;1014.8;0.0;Partly Cloudy
1572228000;26.0;21.0;0.74;E;4.166666666666667;0.0;1014.8;0.0;Partly Cloudy
1572231600;26.0;21.0;0.74;ESE;4.166666666666667;0.0;1013.8;0.0;Partly Cloudy
1572235200;26.0;21.0;0.74;ESE;4.166666666666667;0.0;1012.8;0.0;Partly Cloudy
1572238800;26.0;20.0;0.69;ESE;4.166666666666667;0.0;1012.8;0.0;Fair
1572242400;25.0;21.0;0.78;ESE;4.722222222222222;0.0;1011.8;0.0;Fair
1572246000;25.0;21.0;0.78;ESE;4.166666666666667;0.0;1011.8;0.0;Fair
1572249600;25.0;21.0;0.78;SE;3.611111111111111;0.0;1011.8;0.0;Mostly Cloudy
1572253200;26.0;21.0;0.74;SE;4.166666666666667;0.0;1012.8;0.0;Mostly Cloudy
1572256800;26.0;21.0;0.74;SE;4.722222222222222;0.0;1012.8;0.0;Partly Cloudy
1572260400;27.0;21.0;0.7;ESE;4.722222222222222;0.0;1013.8;0.0;Partly Cloudy
1572264000;27.0;21.0;0.7;SE;5.277777777777778;0.0;1013.8;0.0;Partly Cloudy
1572267600;28.0;20.0;0.62;SE;5.277777777777778;0.0;1013.8;0.0;Partly Cloudy
1572271200;29.0;21.0;0.62;SE;6.111111111111111;0.0;1013.8;0.0;Partly Cloudy
1572274800;29.0;21.0;0.62;SSE;6.111111111111111;0.0;1012.8;0.0;Partly Cloudy
1572278400;29.0;21.0;0.62;SE;7.222222222222222;0.0;1012.8;0.0;Partly Cloudy
1572282000;29.0;21.0;0.62;SE;6.111111111111111;0.0;1011.8;0.0;Partly Cloudy
1572285600;27.0;21.0;0.7;SE;7.222222222222222;0.0;1011.8;0.0;Partly Cloudy
1572289200;27.0;21.0;0.7;SE;6.666666666666666;0.0;1011.8;0.0;Partly Cloudy
1572292800;27.0;20.0;0.65;SE;5.555555555555555;0.0;1011.8;0.0;Partly Cloudy
1572296400;26.0;21.0;0.74;SE;4.722222222222222;0.0;1011.8;0.0;Partly Cloudy
1572300000;26.0;20.0;0.69;SE;6.111111111111111;0.0;1012.8;0.0;Partly Cloudy
1572303600;26.0;20.0;0.69;SE;5.277777777777778;0.0;1012.8;0.0;Partly Cloudy
1572307200;26.0;20.0;0.69;ESE;4.722222222222222;0.0;1013.8;0.0;Partly Cloudy
1572310800;26.0;21.0;0.74;ESE;4.166666666666667;0.0;1012.8;0.0;Partly Cloudy
1572314400;26.0;21.0;0.74;ESE;4.166666666666667;0.0;1012.8;0.0;Partly Cloudy
1572318000;26.0;20.0;0.69;ESE;4.166666666666667;0.0;1011.8;0.0;Partly Cloudy
1572321600;26.0;20.0;0.69;ESE;3.611111111111111;0.0;1010.8;0.0;Partly Cloudy
1572325200;25.0;20.0;0.74;E;3.611111111111111;0.0;1010.8;0.0;Partly Cloudy
1572328800;25.0;19.0;0.69;ESE;3.611111111111111;0.0;1010.8;0.0;Partly Cloudy
1572332400;25.0;19.0;0.69;ESE;3.611111111111111;0.0;1010.8;0.0;Partly Cloudy
1572336000;25.0;19.0;0.69;ESE;3.611111111111111;0.0;1011.8;0.0;Partly Cloudy
1572339600;26.0;18.0;0.61;ESE;4.722222222222222;0.0;1011.8;0.0;Fair
1572343200;27.0;19.0;0.61;E;4.166666666666667;0.0;1011.8;0.0;Fair
1572346800;27.0;19.0;0.61;SE;5.277777777777778;0.0;1012.8;0.0;Fair
1572350400;27.0;19.0;0.61;ESE;5.555555555555555;0.0;1013.8;0.0;Partly Cloudy
1572354000;28.0;19.0;0.58;ESE;5.277777777777778;0.0;1012.8;0.0;Partly Cloudy
1572357600;29.0;19.0;0.55;ESE;5.277777777777778;0.0;1012.8;0.0;Partly Cloudy
1572361200;29.0;20.0;0.58;SE;4.722222222222222;0.0;1011.8;0.0;Partly Cloudy
1572364800;29.0;19.0;0.55;SE;5.277777777777778;0.0;1010.8;0.0;Partly Cloudy
1572368400;27.0;19.0;0.61;SE;5.277777777777778;0.0;1010.8;0.0;Partly Cloudy
1572372000;27.0;20.0;0.65;ESE;4.722222222222222;0.0;1009.8;0.0;Partly Cloudy
1572375600;27.0;19.0;0.61;SE;5.277777777777778;0.0;1009.8;0.0;Partly Cloudy
1572379200;26.0;19.0;0.65;SE;3.611111111111111;0.0;1009.8;0.0;Partly Cloudy
1572382800;26.0;19.0;0.65;SE;4.166666666666667;0.0;1010.8;0.0;Partly Cloudy
1572386400;26.0;19.0;0.65;SE;4.722222222222222;0.0;1010.8;0.0;Partly Cloudy
1572390000;26.0;19.0;0.65;SE;4.166666666666667;0.0;1011.8;0.0;Partly Cloudy
1572393600;26.0;20.0;0.69;SE;4.722222222222222;0.0;1011.8;0.0;Partly Cloudy
1572397200;27.0;20.0;0.65;ESE;3.611111111111111;0.0;1012.8;0.0;Partly Cloudy
1572400800;26.0;19.0;0.65;SE;5.277777777777778;0.0;1011.8;0.0;Partly Cloudy
1572404400;26.0;19.0;0.65;SE;4.722222222222222;0.0;1011.8;0.0;Partly Cloudy
1572408000;25.0;20.0;0.74;SE;3.0555555555555554;0.0;1010.8;0.0;Partly Cloudy
1572411600;25.0;19.0;0.69;ESE;4.166666666666667;0.0;1009.8;0.0;Partly Cloudy
1572415200;25.0;20.0;0.74;ESE;2.5;0.0;1010.8;0.0;Partly Cloudy
1572418800;25.0;20.0;0.74;ESE;2.5;0.0;1010.8;0.0;Partly Cloudy
1572422400;25.0;20.0;0.74;SE;1.9444444444444444;0.0;1010.8;0.0;Partly Cloudy
1572426000;26.0;20.0;0.69;ESE;3.0555555555555554;0.0;1011.8;0.0;Partly Cloudy
1572429600;27.0;20.0;0.65;E;4.166666666666667;0.0;1011.8;0.0;Partly Cloudy
1572433200;28.0;20.0;0.62;E;3.611111111111111;0.0;1012.8;0.0;Partly Cloudy
1572436800;28.0;21.0;0.66;ENE;4.166666666666667;0.0;1012.8;0.0;Partly Cloudy
1572440400;28.0;21.0;0.66;E;3.0555555555555554;0.0;1012.8;0.0;Mostly Cloudy
1572444000;28.0;21.0;0.66;SE;3.611111111111111;0.0;1012.8;0.0;Mostly Cloudy
1572447600;29.0;21.0;0.62;E;4.166666666666667;0.0;1011.8;0.0;Partly Cloudy
1572451200;28.0;22.0;0.7;SE;5.555555555555555;0.0;1010.8;0.0;Partly Cloudy
1572454800;28.0;21.0;0.66;ESE;4.166666666666667;0.0;1010.8;0.0;Partly Cloudy
1572458400;27.0;21.0;0.7;ESE;4.722222222222222;0.0;1009.8;0.0;Mostly Cloudy
1572462000;27.0;21.0;0.7;ESE;4.166666666666667;0.0;1010.8;0.0;Mostly Cloudy
1572465600;27.0;21.0;0.7;ESE;4.166666666666667;0.0;1010.8;0.0;Partly Cloudy
1572469200;26.0;21.0;0.74;SE;3.611111111111111;0.0;1011.8;0.0;Partly Cloudy
1572472800;26.0;21.0;0.74;SE;4.722222222222222;0.0;1011.8;0.0;Partly Cloudy
1572476400;26.0;22.0;0.78;ESE;3.0555555555555554;0.0;1012.8;0.0;Mostly Cloudy
1572480000;26.0;21.0;0.74;ESE;4.722222222222222;0.0;1013.8;0.0;Mostly Cloudy
1572483600;26.0;21.0;0.74;ESE;4.166666666666667;0.0;1013.8;0.0;Partly Cloudy
1572487200;26.0;21.0;0.74;ESE;3.611111111111111;0.0;1012.8;0.0;Partly Cloudy
1572490800;26.0;21.0;0.74;ESE;3.0555555555555554;0.0;1012.8;0.0;Partly Cloudy
1572494400;26.0;20.0;0.69;ESE;4.166666666666667;0.0;1011.8;0.0;Partly Cloudy
1572498000;25.0;20.0;0.74;ESE;3.0555555555555554;0.0;1011.8;0.0;Partly Cloudy
1572501600;25.0;20.0;0.74;ESE;4.722222222222222;0.0;1011.8;0.0;Partly Cloudy
1572505200;25.0;20.0;0.74;ESE;4.166666666666667;0.0;1011.8;0.0;Partly Cloudy
1572508800;25.0;20.0;0.74;SE;4.166666666666667;0.0;1012.8;0.0;Partly Cloudy
1572512400;26.0;21.0;0.74;ESE;4.722222222222222;0.0;1012.8;0.0;Partly Cloudy
1572516000;27.0;20.0;0.65;ESE;4.722222222222222;0.0;1013.8;0.0;Partly Cloudy
1572519600;27.0;20.0;0.65;ESE;5.555555555555555;0.0;1013.8;0.0;Partly Cloudy
1572523200;28.0;20.0;0.62;SE;5.555555555555555;0.0;1013.8;0.0;Partly Cloudy
1572526800;29.0;21.0;0.62;SE;5.555555555555555;0.0;1013.8;0.0;Partly Cloudy
1572530400;29.0;21.0;0.62;SE;4.722222222222222;0.0;1013.8;0.0;Fair
1572534000;29.0;21.0;0.62;ESE;4.722222222222222;0.0;1012.8;0.0;Partly Cloudy
1572537600;28.0;20.0;0.62;SE;5.277777777777778;0.0;1011.8;0.0;Partly Cloudy
1572541200;28.0;21.0;0.66;SE;5.277777777777778;0.0;1011.8;0.0;Partly Cloudy
1572544800;27.0;21.0;0.7;ESE;5.555555555555555;0.0;1010.8;0.0;Partly Cloudy
1572548400;27.0;21.0;0.7;ESE;5.277777777777778;0.0;1010.8;0.0;Partly Cloudy
1572552000;27.0;21.0;0.7;VAR;3.0555555555555554;0.0;1011.8;0.0;Partly Cloudy
1572555600;26.0;21.0;0.74;SE;4.722222222222222;0.0;1011.8;0.0;Partly Cloudy
1572559200;26.0;21.0;0.74;SE;3.611111111111111;0.0;1012.8;0.0;Fair
1572562800;26.0;21.0;0.74;SE;3.611111111111111;0.0;1013.8;0.0;Partly Cloudy
1572566400;26.0;21.0;0.74;ESE;3.611111111111111;0.0;1013.8;0.0;Partly Cloudy
1572570000;26.0;21.0;0.74;ESE;4.722222222222222;0.0;1013.8;0.0;Partly Cloudy
1572573600;26.0;21.0;0.74;ESE;4.722222222222222;0.0;1013.8;0.0;Partly Cloudy
1572663600;26.0;21.0;0.74;SE;4.166666666666667;0.0;1011.8;0.0;Mostly Cloudy
1572667200;26.0;21.0;0.74;SE;4.166666666666667;0.0;1010.8;0.0;Partly Cloudy
1572670800;26.0;21.0;0.74;SE;5.277777777777778;0.0;1010.8;0.0;Partly Cloudy
1572674400;26.0;21.0;0.74;SE;4.166666666666667;0.0;1010.8;0.0;Partly Cloudy
1572678000;26.0;21.0;0.74;SE;5.555555555555555;0.0;1010.8;0.0;Partly Cloudy
1572681600;26.0;21.0;0.74;SE;4.722222222222222;0.0;1010.8;0.0;Partly Cloudy
1572685200;27.0;21.0;0.7;ESE;4.166666666666667;0.0;1011.8;0.0;Partly Cloudy
1572688800;28.0;22.0;0.7;SE;4.722222222222222;0.0;1011.8;0.0;Partly Cloudy
1572692400;28.0;22.0;0.7;SE;5.555555555555555;0.0;1012.8;0.0;Partly Cloudy
1572696000;29.0;22.0;0.66;SE;6.111111111111111;0.0;1012.8;0.0;Partly Cloudy
1572699600;29.0;22.0;0.66;SSE;5.555555555555555;0.0;1012.8;0.0;Partly Cloudy
1572703200;30.0;22.0;0.62;SE;5.277777777777778;0.0;1011.8;0.0;Partly Cloudy
1572706800;30.0;22.0;0.62;SE;5.555555555555555;0.0;1010.8;0.0;Partly Cloudy
1572710400;29.0;22.0;0.66;ESE;5.555555555555555;0.0;1009.8;0.0;Partly Cloudy
1572714000;29.0;22.0;0.66;SSE;6.111111111111111;0.0;1009.8;0.0;Partly Cloudy
1572717600;29.0;21.0;0.62;SE;5.555555555555555;0.0;1008.8;0.0;Partly Cloudy
1572721200;28.0;22.0;0.7;SSE;6.666666666666666;0.0;1009.8;0.0;Partly Cloudy
1572724800;27.0;22.0;0.74;SE;6.111111111111111;0.0;1009.8;0.0;Partly Cloudy
1572728400;27.0;21.0;0.7;SSE;5.555555555555555;0.0;1010.8;0.0;Partly Cloudy
1572732000;27.0;22.0;0.74;SE;5.555555555555555;0.0;1010.8;0.0;Partly Cloudy
1572735600;27.0;22.0;0.74;SSE;4.722222222222222;0.0;1011.8;0.0;Partly Cloudy
1572739200;27.0;22.0;0.74;SSE;5.277777777777778;0.0;1011.8;0.0;Partly Cloudy
1572742800;27.0;22.0;0.74;SE;4.166666666666667;0.0;1011.8;0.0;Mostly Cloudy
1572746400;27.0;22.0;0.74;SE;4.166666666666667;0.0;1011.8;0.0;Mostly Cloudy
1572750000;26.0;22.0;0.78;ESE;5.277777777777778;0.0;1010.8;0.0;Showers in the Vicinity
1572753600;27.0;22.0;0.74;ESE;3.0555555555555554;0.0;1010.8;0.0;Mostly Cloudy
1572757200;26.0;22.0;0.78;ESE;3.611111111111111;0.0;1009.8;0.0;Partly Cloudy
1572760800;27.0;22.0;0.74;ESE;3.611111111111111;0.0;1009.8;0.0;Mostly Cloudy
1572764400;26.0;21.0;0.74;ESE;3.0555555555555554;0.0;1009.8;0.0;Fair
1572768000;26.0;21.0;0.74;ESE;1.9444444444444444;0.0;1010.8;0.0;Partly Cloudy
1572771600;27.0;22.0;0.74;ESE;2.5;0.0;1010.8;0.0;Mostly Cloudy
1572775200;27.0;22.0;0.74;ESE;3.611111111111111;0.0;1011.8;0.0;Mostly Cloudy
1572778800;28.0;22.0;0.7;SE;5.277777777777778;0.0;1011.8;0.0;Mostly Cloudy
1572782400;29.0;22.0;0.66;ESE;4.166666666666667;0.0;1011.8;0.0;Mostly Cloudy
1572786000;29.0;23.0;0.7;SE;4.722222222222222;0.0;1011.8;0.0;Partly Cloudy
1572789600;29.0;22.0;0.66;ESE;5.277777777777778;0.0;1011.8;0.0;Mostly Cloudy
1572793200;29.0;22.0;0.66;ESE;5.277777777777778;0.0;1010.8;0.0;Mostly Cloudy
1572796800;30.0;23.0;0.66;SE;4.722222222222222;0.0;1009.8;0.0;Partly Cloudy
1572800400;29.0;22.0;0.66;SE;5.277777777777778;0.0;1009.8;0.0;Partly Cloudy
1572804000;28.0;22.0;0.7;SE;5.277777777777778;0.0;1009.8;0.0;Partly Cloudy
1572807600;28.0;22.0;0.7;E;3.611111111111111;0.0;1008.8;0.0;Partly Cloudy
1572811200;27.0;22.0;0.74;E;3.611111111111111;0.0;1009.8;0.0;Partly Cloudy
1572814800;27.0;22.0;0.74;E;3.611111111111111;0.0;1009.8;0.0;Partly Cloudy
1572818400;27.0;21.0;0.7;E;3.611111111111111;0.0;1010.8;0.0;Partly Cloudy
1572822000;27.0;22.0;0.74;E;3.0555555555555554;0.0;1011.8;0.0;Partly Cloudy
1572825600;27.0;22.0;0.74;E;3.0555555555555554;0.0;1011.8;0.0;Partly Cloudy
1572829200;27.0;22.0;0.74;E;3.611111111111111;0.0;1011.8;0.0;Partly Cloudy
1572832800;27.0;22.0;0.74;E;3.0555555555555554;0.0;1010.8;0.0;Partly Cloudy
1572922800;26.0;21.0;0.74;E;3.611111111111111;0.0;1011.8;0.0;Partly Cloudy
1572926400;26.0;21.0;0.74;E;2.5;0.0;1010.8;0.0;Partly Cloudy
1572930000;26.0;21.0;0.74;E;2.5;0.0;1010.8;0.0;Partly Cloudy
1572933600;26.0;21.0;0.74;E;3.0555555555555554;0.0;1010.8;0.0;Partly Cloudy
1572937200;26.0;21.0;0.74;E;1.9444444444444444;0.0;1010.8;0.0;Fair
1572940800;26.0;20.0;0.69;E;3.0555555555555554;0.0;1011.8;0.0;Fair
1572944400;27.0;20.0;0.65;E;2.5;0.0;1012.8;0.0;Partly Cloudy
1572948000;28.0;20.0;0.62;E;3.0555555555555554;0.0;1012.8;0.0;Partly Cloudy
1572951600;28.0;20.0;0.62;E;4.722222222222222;0.0;1013.8;0.0;Fair
1572955200;29.0;21.0;0.62;E;4.722222222222222;0.0;1013.8;0.0;Fair
1572958800;29.0;21.0;0.62;VAR;3.0555555555555554;0.0;1013.8;0.0;Partly Cloudy
1572962400;29.0;20.0;0.58;ESE;4.722222222222222;0.0;1012.8;0.0;Fair
1572966000;29.0;21.0;0.62;E;4.166666666666667;0.0;1011.8;0.0;Partly Cloudy
1572969600;29.0;21.0;0.62;VAR;4.166666666666667;0.0;1011.8;0.0;Partly Cloudy
1572973200;29.0;21.0;0.62;SE;3.611111111111111;0.0;1010.8;0.0;Partly Cloudy
1572976800;28.0;21.0;0.66;ESE;4.166666666666667;0.0;1010.8;0.0;Partly Cloudy
1572980400;28.0;21.0;0.66;ESE;4.722222222222222;0.0;1010.8;0.0;Partly Cloudy
1572984000;28.0;21.0;0.66;SE;3.611111111111111;0.0;1011.8;0.0;Mostly Cloudy
1572987600;27.0;21.0;0.7;SE;3.611111111111111;0.0;1011.8;0.0;Partly Cloudy
1572991200;27.0;21.0;0.7;ESE;4.166666666666667;0.0;1012.8;0.0;Fair
1572994800;27.0;21.0;0.7;ESE;3.611111111111111;0.0;1012.8;0.0;Fair
1572998400;27.0;21.0;0.7;ESE;3.0555555555555554;0.0;1012.8;0.0;Partly Cloudy
1573002000;27.0;21.0;0.7;ESE;4.166666666666667;0.0;1012.8;0.0;Partly Cloudy
1573005600;27.0;21.0;0.7;ESE;3.611111111111111;0.0;1012.8;0.0;Partly Cloudy
1573095600;26.0;21.0;0.74;E;1.9444444444444444;0.0;1010.8;0.0;Partly Cloudy
1573099200;26.0;22.0;0.78;E;3.0555555555555554;0.0;1009.8;0.0;Mostly Cloudy
1573102800;26.0;22.0;0.78;ESE;3.611111111111111;0.0;1009.8;0.0;Mostly Cloudy
1573106400;26.0;22.0;0.78;ESE;3.0555555555555554;0.0;1009.8;0.0;Partly Cloudy
1573110000;26.0;22.0;0.78;SE;3.0555555555555554;0.0;1009.8;0.0;Partly Cloudy
1573113600;26.0;22.0;0.78;ESE;2.5;0.0;1009.8;0.0;Partly Cloudy
1573117200;27.0;22.0;0.74;ESE;3.0555555555555554;0.0;1010.8;0.0;Mostly Cloudy
1573120800;28.0;22.0;0.7;ESE;3.611111111111111;0.0;1010.8;0.0;Partly Cloudy
1573124400;29.0;22.0;0.66;E;4.722222222222222;0.0;1011.8;0.0;Partly Cloudy
1573128000;28.0;22.0;0.7;ESE;5.277777777777778;0.0;1011.8;0.0;Partly Cloudy
1573131600;29.0;22.0;0.66;ESE;4.722222222222222;0.0;1010.8;0.0;Partly Cloudy
1573135200;29.0;21.0;0.62;ESE;4.722222222222222;0.0;1010.8;0.0;Partly Cloudy
1573138800;29.0;22.0;0.66;SE;5.277777777777778;0.0;1009.8;0.0;Partly Cloudy
1573142400;29.0;21.0;0.62;SE;4.722222222222222;0.0;1008.8;0.0;Partly Cloudy
1573146000;30.0;22.0;0.62;SE;5.555555555555555;0.0;1008.8;0.0;Partly Cloudy
1573149600;29.0;21.0;0.62;SSE;7.777777777777778;0.0;1008.8;0.0;Fair
1573153200;28.0;21.0;0.66;SE;6.666666666666666;0.0;1008.8;0.0;Fair
1573156800;28.0;21.0;0.66;SE;6.111111111111111;0.0;1009.8;0.0;Fair
1573160400;28.0;21.0;0.66;SE;5.277777777777778;0.0;1009.8;0.0;Partly Cloudy
1573164000;27.0;21.0;0.7;SE;5.277777777777778;0.0;1010.8;0.0;Partly Cloudy
1573167600;27.0;22.0;0.74;SE;4.166666666666667;0.0;1010.8;0.0;Fair
1573171200;27.0;22.0;0.74;SE;4.166666666666667;0.0;1011.8;0.0;Partly Cloudy
1573174800;27.0;21.0;0.7;ESE;3.611111111111111;0.0;1011.8;0.0;Partly Cloudy
1573178400;27.0;22.0;0.74;ESE;3.0555555555555554;0.0;1010.8;0.0;Partly Cloudy
1573268400;27.0;22.0;0.74;ESE;2.5;0.0;1010.8;0.0;Partly Cloudy
1573272000;27.0;22.0;0.74;ESE;3.0555555555555554;0.0;1009.8;0.0;Partly Cloudy
1573275600;27.0;22.0;0.74;ESE;2.5;0.0;1009.8;0.0;Partly Cloudy
1573279200;27.0;22.0;0.74;ESE;4.166666666666667;0.0;1009.8;0.0;Partly Cloudy
1573282800;26.0;22.0;0.78;SE;3.0555555555555554;0.0;1009.8;0.0;Partly Cloudy
1573286400;27.0;22.0;0.74;ESE;3.0555555555555554;0.0;1010.8;0.0;Mostly Cloudy
1573290000;27.0;22.0;0.74;ESE;3.611111111111111;0.0;1010.8;0.0;Mostly Cloudy
1573293600;27.0;23.0;0.79;ESE;4.166666666666667;0.0;1011.8;0.0;Partly Cloudy
1573297200;29.0;22.0;0.66;ESE;5.555555555555555;0.0;1012.8;0.0;Partly Cloudy
1573300800;29.0;23.0;0.7;E;4.722222222222222;0.0;1012.8;0.0;Partly Cloudy
1573304400;30.0;23.0;0.66;E;4.722222222222222;0.0;1012.8;0.0;Partly Cloudy
1573308000;29.0;22.0;0.66;SE;6.111111111111111;0.0;1012.8;0.0;Partly Cloudy
1573311600;30.0;23.0;0.66;ESE;5.555555555555555;0.0;1011.8;0.0;Partly Cloudy
1573315200;29.0;23.0;0.7;ESE;5.277777777777778;0.0;1010.8;0.0;Partly Cloudy
1573318800;29.0;22.0;0.66;ESE;5.277777777777778;0.0;1009.8;0.0;Partly Cloudy
1573322400;28.0;23.0;0.74;ESE;5.277777777777778;0.0;1009.8;0.0;Partly Cloudy
1573326000;28.0;22.0;0.7;SE;4.722222222222222;0.0;1009.8;0.0;Partly Cloudy
1573329600;28.0;21.0;0.66;SE;5.277777777777778;0.0;1010.8;0.0;Partly Cloudy
1573333200;27.0;22.0;0.74;ESE;3.611111111111111;0.0;1010.8;0.0;Partly Cloudy
1573336800;27.0;22.0;0.74;SE;3.611111111111111;0.0;1011.8;0.0;Partly Cloudy
1573340400;27.0;22.0;0.74;SE;5.555555555555555;0.0;1011.8;0.0;Partly Cloudy
1573344000;27.0;22.0;0.74;SE;5.277777777777778;0.0;1012.8;0.0;Partly Cloudy
1573347600;27.0;22.0;0.74;ESE;5.277777777777778;0.0;1012.8;0.0;Partly Cloudy
1573351200;27.0;21.0;0.7;ESE;4.166666666666667;0.0;1011.8;0.0;Partly Cloudy
1573354800;27.0;22.0;0.74;ESE;4.166666666666667;0.0;1011.8;0.0;Partly Cloudy
1573358400;26.0;22.0;0.78;ESE;2.5;0.0;1010.8;0.0;Partly Cloudy
1573362000;27.0;22.0;0.74;ESE;4.166666666666667;0.0;1009.8;0.0;Partly Cloudy
1573365600;26.0;21.0;0.74;ESE;3.611111111111111;0.0;1009.8;0.0;Partly Cloudy
1573369200;26.0;22.0;0.78;SE;2.5;0.0;1010.8;0.0;Partly Cloudy
1573372800;26.0;22.0;0.78;ESE;3.0555555555555554;0.0;1010.8;0.0;Partly Cloudy
1573376400;27.0;23.0;0.79;ESE;1.9444444444444444;0.0;1010.8;0.0;Partly Cloudy
1573380000;28.0;23.0;0.74;ESE;3.611111111111111;0.0;1011.8;0.0;Partly Cloudy
1573383600;28.0;22.0;0.7;E;4.722222222222222;0.0;1012.8;0.0;Partly Cloudy
1573387200;29.0;22.0;0.66;ESE;4.722222222222222;0.0;1012.8;0.0;Partly Cloudy
1573390800;29.0;22.0;0.66;ESE;5.277777777777778;0.0;1012.8;0.0;Partly Cloudy
1573394400;30.0;23.0;0.66;ESE;5.555555555555555;0.0;1011.8;0.0;Partly Cloudy
1573398000;30.0;22.0;0.62;SE;6.111111111111111;0.0;1011.8;0.0;Partly Cloudy
1573401600;30.0;23.0;0.66;ESE;5.555555555555555;0.0;1010.8;0.0;Partly Cloudy
1573405200;30.0;22.0;0.62;SE;5.277777777777778;0.0;1010.8;0.0;Partly Cloudy
1573408800;29.0;21.0;0.62;SE;6.111111111111111;0.0;1009.8;0.0;Fair
1573412400;29.0;22.0;0.66;ESE;4.722222222222222;0.0;1010.8;0.0;Fair
1573416000;27.0;22.0;0.74;SE;5.555555555555555;0.0;1010.8;0.0;Partly Cloudy
1573419600;27.0;22.0;0.74;SE;5.277777777777778;0.0;1011.8;0.0;Mostly Cloudy
1573423200;27.0;22.0;0.74;SE;4.722222222222222;0.0;1011.8;0.0;Mostly Cloudy
1573426800;27.0;22.0;0.74;SE;4.722222222222222;0.0;1012.8;0.0;Partly Cloudy
1573430400;27.0;22.0;0.74;ESE;4.722222222222222;0.0;1012.8;0.0;Partly Cloudy
1573434000;27.0;23.0;0.79;SE;3.611111111111111;0.0;1012.8;0.0;Partly Cloudy
1573437600;27.0;23.0;0.79;ESE;3.611111111111111;0.0;1012.8;0.0;Partly Cloudy
1573441200;27.0;22.0;0.74;ESE;4.166666666666667;0.0;1011.8;0.0;Fair
1573444800;27.0;22.0;0.74;ESE;4.166666666666667;0.0;1010.8;0.0;Mostly Cloudy
1573448400;27.0;22.0;0.74;ESE;3.611111111111111;0.0;1009.8;0.0;Mostly Cloudy
1573452000;26.0;22.0;0.78;ESE;4.722222222222222;0.0;1009.8;0.0;Partly Cloudy
1573455600;27.0;22.0;0.74;ESE;3.611111111111111;0.0;1009.8;0.0;Partly Cloudy
1573459200;27.0;22.0;0.74;ESE;4.722222222222222;0.0;1010.8;0.0;Mostly Cloudy
1573462800;27.0;22.0;0.74;ESE;4.722222222222222;0.0;1010.8;0.0;Partly Cloudy
1573466400;27.0;22.0;0.74;ESE;5.555555555555555;0.0;1011.8;0.0;Mostly Cloudy
1573470000;29.0;22.0;0.66;ESE;4.722222222222222;0.0;1011.8;0.0;Partly Cloudy
1573473600;29.0;22.0;0.66;SE;5.277777777777778;0.0;1011.8;0.0;Partly Cloudy
1573477200;30.0;23.0;0.66;ESE;5.277777777777778;0.0;1011.8;0.0;Partly Cloudy
1573480800;30.0;23.0;0.66;SE;5.277777777777778;0.0;1011.8;0.0;Partly Cloudy
1573484400;30.0;22.0;0.62;SE;5.277777777777778;0.0;1010.8;0.0;Fair
1573488000;30.0;22.0;0.62;SE;5.277777777777778;0.0;1009.8;0.0;Fair
1573491600;30.0;21.0;0.58;SSE;5.277777777777778;0.0;1008.8;0.0;Partly Cloudy
1573495200;30.0;22.0;0.62;SE;5.555555555555555;0.0;1008.8;0.0;Partly Cloudy
1573498800;29.0;22.0;0.66;SE;5.277777777777778;0.0;1007.8;0.0;Fair
1573502400;27.0;22.0;0.74;SSE;6.111111111111111;0.0;1008.8;0.0;Fair
1573506000;27.0;22.0;0.74;SE;5.555555555555555;0.0;1008.8;0.0;Partly Cloudy
1573509600;27.0;22.0;0.74;SE;4.722222222222222;0.0;1009.8;0.0;Partly Cloudy
1573513200;27.0;22.0;0.74;SE;4.166666666666667;0.0;1009.8;0.0;Partly Cloudy
1573516800;27.0;22.0;0.74;SE;4.166666666666667;0.0;1009.8;0.0;Partly Cloudy
1573520400;27.0;22.0;0.74;SE;4.166666666666667;0.0;1009.8;0.0;Mostly Cloudy
1573524000;27.0;22.0;0.74;SE;3.611111111111111;0.0;1009.8;0.0;Partly Cloudy
1573527600;27.0;22.0;0.74;ESE;3.0555555555555554;0.0;1009.8;0.0;Partly Cloudy
1573531200;27.0;22.0;0.74;ESE;3.0555555555555554;0.0;1008.8;0.0;Partly Cloudy
1573534800;26.0;21.0;0.74;SE;3.0555555555555554;0.0;1008.8;0.0;Partly Cloudy
1573538400;26.0;21.0;0.74;ESE;3.0555555555555554;0.0;1008.8;0.0;Partly Cloudy
1573542000;26.0;21.0;0.74;SE;3.0555555555555554;0.0;1008.8;0.0;Fair
1573545600;26.0;22.0;0.78;SE;3.611111111111111;0.0;1009.8;0.0;Partly Cloudy
1573549200;27.0;22.0;0.74;SSE;4.722222222222222;0.0;1009.8;0.0;Partly Cloudy
1573552800;27.0;22.0;0.74;SE;5.277777777777778;0.0;1010.8;0.0;Partly Cloudy
1573556400;28.0;22.0;0.7;SE;6.111111111111111;0.0;1010.8;0.0;Partly Cloudy
1573560000;29.0;22.0;0.66;SE;5.555555555555555;0.0;1011.8;0.0;Partly Cloudy
1573563600;30.0;22.0;0.62;SE;5.555555555555555;0.0;1011.8;0.0;Partly Cloudy
1573567200;30.0;22.0;0.62;SE;5.277777777777778;0.0;1010.8;0.0;Partly Cloudy
1573570800;30.0;21.0;0.58;SE;5.277777777777778;0.0;1010.8;0.0;Partly Cloudy
1573574400;30.0;22.0;0.62;SE;5.277777777777778;0.0;1009.8;0.0;Partly Cloudy
1573578000;29.0;21.0;0.62;SE;5.277777777777778;0.0;1008.8;0.0;Partly Cloudy
1573581600;29.0;21.0;0.62;SE;5.555555555555555;0.0;1008.8;0.0;Partly Cloudy
1573585200;28.0;21.0;0.66;SSE;6.111111111111111;0.0;1008.8;0.0;Partly Cloudy
1573588800;28.0;21.0;0.66;SSE;6.111111111111111;0.0;1008.8;0.0;Partly Cloudy
1573592400;27.0;21.0;0.7;SSE;7.222222222222222;0.0;1009.8;0.0;Partly Cloudy
1573596000;27.0;21.0;0.7;SE;6.111111111111111;0.0;1009.8;0.0;Partly Cloudy
1573599600;27.0;21.0;0.7;SSE;5.555555555555555;0.0;1010.8;0.0;Partly Cloudy
1573603200;27.0;21.0;0.7;SE;5.555555555555555;0.0;1011.8;0.0;Partly Cloudy
1573606800;27.0;21.0;0.7;SSE;5.277777777777778;0.0;1011.8;0.0;Mostly Cloudy
1573610400;27.0;22.0;0.74;SSE;6.666666666666666;0.0;1011.8;0.0;Partly Cloudy
1573614000;27.0;22.0;0.74;SE;3.611111111111111;0.0;1010.8;0.0;Partly Cloudy
1573617600;27.0;22.0;0.74;SE;4.166666666666667;0.0;1009.8;0.0;Partly Cloudy
1573621200;26.0;22.0;0.78;SE;3.611111111111111;0.0;1009.8;0.0;Partly Cloudy
1573624800;27.0;21.0;0.7;ESE;4.722222222222222;0.0;1009.8;0.0;Partly Cloudy
1573628400;26.0;21.0;0.74;ESE;3.611111111111111;0.0;1009.8;0.0;Partly Cloudy
1573632000;27.0;21.0;0.7;ESE;5.555555555555555;0.0;1010.8;0.0;Partly Cloudy
1573635600;27.0;21.0;0.7;ESE;4.722222222222222;0.0;1010.8;0.0;Fair
1573639200;29.0;19.0;0.55;ESE;5.277777777777778;0.0;1011.8;0.0;Fair
1573642800;29.0;20.0;0.58;SE;5.277777777777778;0.0;1011.8;0.0;Fair
1573646400;30.0;20.0;0.55;SE;5.555555555555555;0.0;1012.8;0.0;Fair
1573650000;30.0;20.0;0.55;SSE;7.222222222222222;0.0;1012.8;0.0;Fair
1573653600;30.0;20.0;0.55;SSE;6.666666666666666;0.0;1011.8;0.0;Fair
1573657200;30.0;21.0;0.58;SSE;7.777777777777778;0.0;1010.8;0.0;Fair
1573660800;30.0;22.0;0.62;SSE;7.222222222222222;0.0;1010.8;0.0;Fair
1573664400;30.0;21.0;0.58;SE;6.666666666666666;0.0;1009.8;0.0;Partly Cloudy
1573668000;29.0;22.0;0.66;SSE;7.222222222222222;0.0;1009.8;0.0;Partly Cloudy
1573671600;29.0;21.0;0.62;SE;6.111111111111111;0.0;1009.8;0.0;Partly Cloudy
1573675200;28.0;21.0;0.66;SSE;5.277777777777778;0.0;1009.8;0.0;Partly Cloudy
1573678800;27.0;21.0;0.7;SE;4.722222222222222;0.0;1010.8;0.0;Partly Cloudy
1573682400;27.0;21.0;0.7;SSE;5.277777777777778;0.0;1010.8;0.0;Partly Cloudy
1573686000;27.0;22.0;0.74;SE;4.166666666666667;0.0;1011.8;0.0;Partly Cloudy
1573689600;27.0;22.0;0.74;SE;4.166666666666667;0.0;1011.8;0.0;Partly Cloudy
1573693200;27.0;21.0;0.7;ESE;4.722222222222222;0.0;1012.8;0.0;Partly Cloudy
1573696800;27.0;21.0;0.7;ESE;4.722222222222222;0.0;1011.8;0.0;Partly Cloudy
1573700400;27.0;22.0;0.74;ESE;4.166666666666667;0.0;1011.8;0.0;Partly Cloudy
1573704000;27.0;22.0;0.74;SE;4.166666666666667;0.0;1010.8;0.0;Partly Cloudy
1573707600;27.0;22.0;0.74;SE;3.0555555555555554;0.0;1009.8;0.0;Partly Cloudy
1573711200;26.0;21.0;0.74;ESE;4.166666666666667;0.0;1009.8;0.0;Partly Cloudy
1573714800;26.0;21.0;0.74;SE;3.0555555555555554;0.0;1010.8;0.0;Partly Cloudy
1573718400;26.0;21.0;0.74;ESE;3.611111111111111;0.0;1010.8;0.0;Partly Cloudy
1573722000;27.0;22.0;0.74;ESE;4.166666666666667;0.0;1010.8;0.0;Partly Cloudy
1573725600;28.0;21.0;0.66;SE;5.277777777777778;0.0;1011.8;0.0;Partly Cloudy
1573729200;28.0;21.0;0.66;SE;4.722222222222222;0.0;1012.8;0.0;Mostly Cloudy
1573732800;29.0;21.0;0.62;SE;5.277777777777778;0.0;1012.8;0.0;Partly Cloudy
1573736400;29.0;21.0;0.62;ESE;4.722222222222222;0.0;1012.8;0.0;Partly Cloudy
1573740000;29.0;22.0;0.66;SE;5.555555555555555;0.0;1011.8;0.0;Partly Cloudy
1573743600;29.0;22.0;0.66;ESE;4.722222222222222;0.0;1011.8;0.0;Partly Cloudy
1573747200;29.0;22.0;0.66;SE;5.277777777777778;0.0;1010.8;0.0;Partly Cloudy
1573750800;30.0;22.0;0.62;SE;4.166666666666667;0.0;1009.8;0.0;Partly Cloudy
1573754400;30.0;21.0;0.58;ESE;5.277777777777778;0.0;1009.8;0.0;Fair
1573758000;29.0;21.0;0.62;SE;5.277777777777778;0.0;1009.8;0.0;Fair
1573761600;28.0;21.0;0.66;SE;5.277777777777778;0.0;1010.8;0.0;Fair
1573765200;27.0;22.0;0.74;ESE;3.0555555555555554;0.0;1010.8;0.0;Fair
1573768800;27.0;21.0;0.7;SE;4.166666666666667;0.0;1010.8;0.0;Fair
1573772400;27.0;22.0;0.74;SE;4.722222222222222;0.0;1011.8;0.0;Fair
1573776000;27.0;22.0;0.74;ESE;4.166666666666667;0.0;1011.8;0.0;Fair
1573779600;27.0;22.0;0.74;E;3.611111111111111;0.0;1011.8;0.0;Partly Cloudy
1573783200;27.0;21.0;0.7;ESE;4.166666666666667;0.0;1011.8;0.0;Partly Cloudy
1573786800;27.0;22.0;0.74;ESE;2.5;0.0;1010.8;0.0;Partly Cloudy
1573790400;27.0;22.0;0.74;ESE;4.166666666666667;0.0;1009.8;0.0;Partly Cloudy
1573794000;27.0;22.0;0.74;E;4.166666666666667;0.0;1009.8;0.0;Partly Cloudy
1573797600;27.0;21.0;0.7;E;4.166666666666667;0.0;1009.8;0.0;Partly Cloudy
1573801200;27.0;21.0;0.7;ESE;3.611111111111111;0.0;1009.8;0.0;Partly Cloudy
1573804800;26.0;22.0;0.78;E;4.166666666666667;0.0;1010.8;0.0;Partly Cloudy
1573808400;27.0;22.0;0.74;ESE;3.0555555555555554;0.0;1010.8;0.0;Partly Cloudy
1573812000;28.0;22.0;0.7;E;4.722222222222222;0.0;1011.8;0.0;Partly Cloudy
1573815600;28.0;22.0;0.7;E;4.722222222222222;0.0;1011.8;0.0;Mostly Cloudy
1573819200;29.0;22.0;0.66;ESE;4.722222222222222;0.0;1011.8;0.0;Mostly Cloudy
1573822800;29.0;21.0;0.62;E;4.166666666666667;0.0;1011.8;0.0;Partly Cloudy
1573826400;29.0;21.0;0.62;ESE;4.166666666666667;0.0;1010.8;0.0;Partly Cloudy
1573830000;29.0;21.0;0.62;ESE;4.722222222222222;0.0;1009.8;0.0;Partly Cloudy
1573833600;30.0;22.0;0.62;SE;5.277777777777778;0.0;1009.8;0.0;Partly Cloudy
1573837200;29.0;22.0;0.66;VAR;4.166666666666667;0.0;1008.8;0.0;Partly Cloudy
1573840800;28.0;22.0;0.7;ESE;4.166666666666667;0.0;1008.8;0.0;Partly Cloudy
1573844400;28.0;22.0;0.7;ESE;4.722222222222222;0.0;1008.8;0.0;Partly Cloudy
1573848000;28.0;22.0;0.7;ESE;3.611111111111111;0.0;1008.8;0.0;Partly Cloudy
1573851600;27.0;22.0;0.74;E;4.166666666666667;0.0;1008.8;0.0;Partly Cloudy
1573855200;27.0;22.0;0.74;E;4.722222222222222;0.0;1008.8;0.0;Partly Cloudy
1573858800;27.0;22.0;0.74;E;3.0555555555555554;0.0;1008.8;0.0;Mostly Cloudy
1573862400;27.0;22.0;0.74;E;3.0555555555555554;0.0;1009.8;0.0;Mostly Cloudy
1573866000;27.0;22.0;0.74;E;3.611111111111111;0.0;1009.8;0.0;Partly Cloudy
1573869600;27.0;22.0;0.74;E;3.0555555555555554;0.0;1008.8;0.0;Partly Cloudy
1573873200;27.0;22.0;0.74;E;2.5;0.0;1008.8;0.0;Partly Cloudy
1573876800;27.0;22.0;0.74;ENE;3.611111111111111;0.0;1007.8;0.0;Partly Cloudy
1573880400;27.0;22.0;0.74;ENE;3.0555555555555554;0.0;1007.8;0.0;Partly Cloudy
1573884000;26.0;22.0;0.78;NE;5.277777777777778;0.0;1007.8;0.0;Partly Cloudy
1573887600;26.0;22.0;0.78;ENE;3.0555555555555554;0.0;1007.8;0.0;Partly Cloudy
1573891200;26.0;22.0;0.78;ENE;3.611111111111111;0.0;1007.8;0.0;Partly Cloudy
1573894800;27.0;22.0;0.74;E;3.611111111111111;0.0;1008.8;0.0;Fair
1573898400;28.0;22.0;0.7;ENE;3.0555555555555554;0.0;1008.8;0.0;Mostly Cloudy
1573902000;29.0;21.0;0.62;ENE;4.722222222222222;0.0;1009.8;0.0;Fair
1573905600;29.0;22.0;0.66;ENE;4.166666666666667;0.0;1009.8;0.0;Partly Cloudy
1573909200;29.0;21.0;0.62;ENE;4.722222222222222;0.0;1009.8;0.0;Fair
1573912800;30.0;22.0;0.62;ENE;4.722222222222222;0.0;1008.8;0.0;Fair
1573916400;30.0;21.0;0.58;ENE;4.722222222222222;0.0;1007.8;0.0;Fair
1573920000;30.0;21.0;0.58;ENE;5.277777777777778;0.0;1007.8;0.0;Fair
1573923600;30.0;21.0;0.58;NNE;4.722222222222222;0.0;1006.8;0.0;Fair
1573927200;30.0;22.0;0.62;NE;4.722222222222222;0.0;1006.8;0.0;Mostly Cloudy
1573930800;29.0;22.0;0.66;NE;4.166666666666667;0.0;1006.8;0.0;Mostly Cloudy
1573934400;28.0;22.0;0.7;ENE;4.166666666666667;0.0;1006.8;0.0;Partly Cloudy
1573938000;28.0;22.0;0.7;NE;3.0555555555555554;0.0;1007.8;0.0;Partly Cloudy
1573941600;27.0;22.0;0.74;ENE;3.611111111111111;0.0;1007.8;0.0;Fair
1573945200;27.0;22.0;0.74;ENE;3.611111111111111;0.0;1007.8;0.0;Partly Cloudy
1573948800;27.0;22.0;0.74;ENE;4.166666666666667;0.0;1008.8;0.0;Mostly Cloudy
1573952400;27.0;22.0;0.74;ENE;3.611111111111111;0.0;1008.8;0.0;Mostly Cloudy
1573956000;27.0;22.0;0.74;ENE;2.5;0.0;1008.8;0.0;Fair
1574046000;27.0;22.0;0.74;ESE;1.6666666666666665;0.0;1009.8;0.0;Partly Cloudy
1574049600;27.0;23.0;0.79;ESE;1.9444444444444444;0.0;1009.8;0.0;Partly Cloudy
1574053200;26.0;22.0;0.78;ESE;1.9444444444444444;0.0;1009.8;0.0;Partly Cloudy
1574056800;27.0;23.0;0.79;E;2.5;0.0;1009.8;0.0;Mostly Cloudy
1574060400;26.0;23.0;0.83;ESE;4.166666666666667;0.0;1009.8;0.0;Light Rain
1574064000;26.0;23.0;0.83;ESE;2.5;0.0;1010.8;0.0;Partly Cloudy
1574067600;27.0;23.0;0.79;VAR;3.611111111111111;0.0;1010.8;0.0;Partly Cloudy
1574071200;28.0;23.0;0.74;ESE;4.166666666666667;0.0;1011.8;0.0;Mostly Cloudy
1574074800;28.0;23.0;0.74;ESE;5.277777777777778;0.0;1011.8;0.0;Partly Cloudy
1574078400;29.0;23.0;0.7;E;5.277777777777778;0.0;1012.8;0.0;Partly Cloudy
1574082000;30.0;24.0;0.7;ESE;5.277777777777778;0.0;1011.8;0.0;Partly Cloudy
1574085600;29.0;23.0;0.7;E;5.277777777777778;0.0;1011.8;0.0;Partly Cloudy
1574089200;30.0;23.0;0.66;ESE;4.722222222222222;0.0;1010.8;0.0;Partly Cloudy
1574092800;29.0;23.0;0.7;E;5.277777777777778;0.0;1010.8;0.0;Partly Cloudy
1574096400;30.0;23.0;0.66;VAR;4.722222222222222;0.0;1009.8;0.0;Partly Cloudy
1574100000;29.0;23.0;0.7;SE;5.555555555555555;0.0;1009.8;0.0;Partly Cloudy
1574103600;28.0;23.0;0.74;ESE;5.555555555555555;0.0;1009.8;0.0;Partly Cloudy
1574107200;28.0;23.0;0.74;ESE;5.277777777777778;0.0;1010.8;0.0;Partly Cloudy
1574110800;27.0;23.0;0.79;E;4.166666666666667;0.0;1010.8;0.0;Partly Cloudy
1574114400;27.0;23.0;0.79;ESE;4.166666666666667;0.0;1010.8;0.0;Partly Cloudy
1574118000;27.0;22.0;0.74;ESE;5.277777777777778;0.0;1011.8;0.0;Partly Cloudy
1574121600;27.0;21.0;0.7;ESE;5.555555555555555;0.0;1012.8;0.0;Mostly Cloudy
1574125200;27.0;22.0;0.74;SE;4.166666666666667;0.0;1012.8;0.0;Mostly Cloudy
1574128800;27.0;22.0;0.74;SE;5.277777777777778;0.0;1012.8;0.0;Partly Cloudy
1574132400;27.0;21.0;0.7;SE;4.722222222222222;0.0;1011.8;0.0;Mostly Cloudy
1574136000;27.0;22.0;0.74;SE;4.166666666666667;0.0;1011.8;0.0;Partly Cloudy
1574139600;27.0;22.0;0.74;SE;4.722222222222222;0.0;1010.8;0.0;Mostly Cloudy
1574143200;27.0;22.0;0.74;ESE;4.722222222222222;0.0;1010.8;0.0;Mostly Cloudy
1574146800;27.0;22.0;0.74;ESE;6.111111111111111;0.0;1010.8;0.0;Showers in the Vicinity
1574150400;27.0;21.0;0.7;ESE;4.722222222222222;0.0;1011.8;0.0;Partly Cloudy
1574154000;27.0;22.0;0.74;SE;5.277777777777778;0.0;1011.8;0.0;Partly Cloudy
1574157600;28.0;21.0;0.66;SE;5.277777777777778;0.0;1012.8;0.0;Fair
1574161200;28.0;21.0;0.66;SE;5.277777777777778;0.0;1012.8;0.0;Partly Cloudy
1574164800;29.0;22.0;0.66;ESE;6.111111111111111;0.0;1012.8;0.0;Partly Cloudy
1574168400;29.0;21.0;0.62;E;4.722222222222222;0.0;1012.8;0.0;Fair
1574172000;30.0;22.0;0.62;ESE;6.111111111111111;0.0;1012.8;0.0;Partly Cloudy
1574175600;30.0;21.0;0.58;SE;6.666666666666666;0.0;1011.8;0.0;Fair
1574179200;30.0;22.0;0.62;SE;6.111111111111111;0.0;1010.8;0.0;Mostly Cloudy
1574182800;29.0;21.0;0.62;ESE;5.555555555555555;0.0;1010.8;0.0;Partly Cloudy
1574186400;29.0;21.0;0.62;ESE;4.722222222222222;0.0;1009.8;0.0;Partly Cloudy
1574190000;28.0;21.0;0.66;E;4.166666666666667;0.0;1010.8;0.0;Partly Cloudy
1574193600;28.0;21.0;0.66;E;3.611111111111111;0.0;1010.8;0.0;Partly Cloudy
1574197200;27.0;21.0;0.7;ESE;3.611111111111111;0.0;1010.8;0.0;Mostly Cloudy
1574200800;27.0;21.0;0.7;E;3.611111111111111;0.0;1011.8;0.0;Partly Cloudy
1574204400;27.0;20.0;0.65;ESE;4.166666666666667;0.0;1011.8;0.0;Partly Cloudy
1574208000;27.0;21.0;0.7;ESE;3.611111111111111;0.0;1011.8;0.0;Partly Cloudy
1574211600;27.0;22.0;0.74;E;2.5;0.0;1011.8;0.0;Partly Cloudy
1574215200;27.0;21.0;0.7;ESE;3.611111111111111;0.0;1011.8;0.0;Partly Cloudy
1574218800;27.0;21.0;0.7;ESE;3.0555555555555554;0.0;1010.8;0.0;Partly Cloudy
1574222400;27.0;21.0;0.7;ESE;3.611111111111111;0.0;1010.8;0.0;Partly Cloudy
1574226000;26.0;20.0;0.69;ESE;4.166666666666667;0.0;1010.8;0.0;Partly Cloudy
1574229600;26.0;20.0;0.69;SE;3.611111111111111;0.0;1010.8;0.0;Partly Cloudy
1574233200;26.0;20.0;0.69;ESE;4.722222222222222;0.0;1010.8;0.0;Partly Cloudy
1574236800;26.0;20.0;0.69;ESE;4.166666666666667;0.0;1010.8;0.0;Partly Cloudy
1574240400;27.0;20.0;0.65;SE;3.0555555555555554;0.0;1011.8;0.0;Partly Cloudy
1574244000;28.0;20.0;0.62;SSE;5.277777777777778;0.0;1011.8;0.0;Partly Cloudy
1574247600;29.0;19.0;0.55;SE;4.166666666666667;0.0;1012.8;0.0;Fair
1574251200;29.0;19.0;0.55;SE;4.722222222222222;0.0;1011.8;0.0;Fair
1574254800;29.0;20.0;0.58;ESE;5.277777777777778;0.0;1011.8;0.0;Fair
1574258400;29.0;21.0;0.62;ESE;5.277777777777778;0.0;1011.8;0.0;Fair
1574262000;29.0;21.0;0.62;ESE;5.277777777777778;0.0;1010.8;0.0;Partly Cloudy
1574265600;29.0;21.0;0.62;SE;5.277777777777778;0.0;1009.8;0.0;Fair
1574269200;29.0;21.0;0.62;SE;6.111111111111111;0.0;1009.8;0.0;Fair
1574272800;28.0;21.0;0.66;SE;5.277777777777778;0.0;1009.8;0.0;Partly Cloudy
1574276400;28.0;21.0;0.66;ESE;5.277777777777778;0.0;1009.8;0.0;Partly Cloudy
1574280000;28.0;21.0;0.66;ESE;4.166666666666667;0.0;1009.8;0.0;Mostly Cloudy
1574283600;27.0;21.0;0.7;SE;5.277777777777778;0.0;1010.8;0.0;Partly Cloudy
1574287200;27.0;21.0;0.7;ESE;5.555555555555555;0.0;1010.8;0.0;Partly Cloudy
1574290800;27.0;21.0;0.7;ESE;4.722222222222222;0.0;1011.8;0.0;Partly Cloudy
1574294400;27.0;21.0;0.7;SE;4.722222222222222;0.0;1011.8;0.0;Partly Cloudy
1574298000;27.0;20.0;0.65;SE;4.722222222222222;0.0;1011.8;0.0;Partly Cloudy
1574301600;27.0;21.0;0.7;ESE;4.166666666666667;0.0;1011.8;0.0;Partly Cloudy
1574391600;26.0;21.0;0.74;SE;3.0555555555555554;0.0;1010.8;0.0;Partly Cloudy
1574395200;26.0;21.0;0.74;SE;3.611111111111111;0.0;1009.8;0.0;Partly Cloudy
1574398800;26.0;21.0;0.74;SE;3.0555555555555554;0.0;1009.8;0.0;Partly Cloudy
1574402400;26.0;21.0;0.74;ESE;3.0555555555555554;0.0;1009.8;0.0;Partly Cloudy
1574406000;26.0;21.0;0.74;ESE;3.0555555555555554;0.0;1009.8;0.0;Partly Cloudy
1574409600;26.0;21.0;0.74;ESE;3.0555555555555554;0.0;1009.8;0.0;Partly Cloudy
1574413200;27.0;21.0;0.7;E;3.0555555555555554;0.0;1010.8;0.0;Partly Cloudy
1574416800;28.0;21.0;0.66;E;3.0555555555555554;0.0;1011.8;0.0;Partly Cloudy
1574420400;28.0;21.0;0.66;E;4.166666666666667;0.0;1011.8;0.0;Partly Cloudy
1574424000;29.0;21.0;0.62;E;4.166666666666667;0.0;1012.8;0.0;Partly Cloudy
1574427600;29.0;20.0;0.58;E;3.611111111111111;0.0;1011.8;0.0;Partly Cloudy
1574431200;29.0;21.0;0.62;SE;5.277777777777778;0.0;1011.8;0.0;Partly Cloudy
1574434800;30.0;20.0;0.55;SE;5.277777777777778;0.0;1010.8;0.0;Partly Cloudy
1574438400;29.0;21.0;0.62;SE;5.277777777777778;0.0;1009.8;0.0;Partly Cloudy
1574442000;29.0;21.0;0.62;SE;4.722222222222222;0.0;1008.8;0.0;Partly Cloudy
1574445600;28.0;21.0;0.66;SE;5.277777777777778;0.0;1008.8;0.0;Fair
1574449200;28.0;22.0;0.7;ESE;4.166666666666667;0.0;1008.8;0.0;Fair
1574452800;28.0;21.0;0.66;SE;5.277777777777778;0.0;1009.8;0.0;Fair
1574456400;27.0;21.0;0.7;ESE;4.166666666666667;0.0;1010.8;0.0;Fair
1574460000;27.0;21.0;0.7;SE;5.277777777777778;0.0;1010.8;0.0;Fair
1574463600;27.0;21.0;0.7;SE;4.166666666666667;0.0;1011.8;0.0;Fair
1574467200;27.0;21.0;0.7;SE;4.722222222222222;0.0;1011.8;0.0;Fair
1574470800;27.0;21.0;0.7;ESE;3.0555555555555554;0.0;1012.8;0.0;Fair
1574474400;27.0;21.0;0.7;SE;5.277777777777778;0.0;1011.8;0.0;Partly Cloudy
1574564400;27.0;22.0;0.74;ENE;2.5;0.0;1010.8;0.0;Partly Cloudy
1574568000;26.0;22.0;0.78;ENE;1.9444444444444444;0.0;1009.8;0.0;Partly Cloudy
1574571600;27.0;21.0;0.7;E;2.5;0.0;1010.8;0.0;Partly Cloudy
1574575200;26.0;21.0;0.74;ENE;1.9444444444444444;0.0;1009.8;0.0;Partly Cloudy
1574578800;26.0;21.0;0.74;ENE;1.6666666666666665;0.0;1009.8;0.0;Partly Cloudy
1574582400;25.0;21.0;0.78;NW;1.6666666666666665;0.0;1009.8;0.0;Partly Cloudy
1574586000;25.0;22.0;0.83;NW;1.6666666666666665;0.0;1009.8;0.0;Partly Cloudy
1574589600;27.0;22.0;0.74;NW;2.5;0.0;1010.8;0.0;Partly Cloudy
1574593200;29.0;21.0;0.62;NNW;2.5;0.0;1010.8;0.0;Partly Cloudy
1574596800;29.0;21.0;0.62;NE;3.611111111111111;0.0;1010.8;0.0;Partly Cloudy
1574600400;30.0;22.0;0.62;NE;4.166666666666667;0.0;1010.8;0.0;Partly Cloudy
1574604000;29.0;22.0;0.66;ENE;5.555555555555555;0.0;1009.8;0.0;Fair
1574607600;30.0;22.0;0.62;NE;5.555555555555555;0.0;1008.8;0.0;Fair
1574611200;30.0;22.0;0.62;ENE;5.277777777777778;0.0;1007.8;0.0;Fair
1574614800;30.0;22.0;0.62;ENE;5.555555555555555;0.0;1006.8;0.0;Fair
1574618400;29.0;22.0;0.66;NE;5.555555555555555;0.0;1006.8;0.0;Fair
1574622000;28.0;22.0;0.7;NE;5.277777777777778;0.0;1006.8;0.0;Fair
1574625600;28.0;22.0;0.7;NE;5.277777777777778;0.0;1006.8;0.0;Fair
1574629200;27.0;23.0;0.79;NNE;4.722222222222222;0.0;1007.8;0.0;Thunder in the Vicinity
1574632800;27.0;23.0;0.79;NE;3.611111111111111;0.0;1007.8;0.0;Mostly Cloudy
1574636400;28.0;23.0;0.74;NE;3.0555555555555554;0.0;1009.8;0.0;Mostly Cloudy
1574640000;27.0;23.0;0.79;NNE;3.0555555555555554;0.0;1010.8;0.0;Partly Cloudy
1574643600;27.0;23.0;0.79;NNE;3.611111111111111;0.0;1010.8;0.0;Mostly Cloudy
1574647200;27.0;23.0;0.79;NNE;2.5;0.0;1009.8;0.0;Mostly Cloudy
1574650800;27.0;22.0;0.74;N;3.0555555555555554;0.0;1008.8;0.0;Fair
1574654400;26.0;23.0;0.83;WNW;2.5;0.0;1008.8;0.0;Mostly Cloudy
1574658000;26.0;23.0;0.83;NW;2.5;0.0;1008.8;0.0;Partly Cloudy
1574665200;25.0;22.0;0.83;NW;1.6666666666666665;0.0;1008.8;0.0;Fair
1574668800;25.0;23.0;0.89;NNW;2.5;0.0;1008.8;0.0;Fair
1574672400;26.0;23.0;0.83;NW;1.6666666666666665;0.0;1009.8;0.0;Mostly Cloudy
1574676000;27.0;23.0;0.79;NNW;2.5;0.0;1010.8;0.0;Partly Cloudy
1574679600;29.0;23.0;0.7;NE;3.611111111111111;0.0;1010.8;0.0;Partly Cloudy
1574683200;29.0;23.0;0.7;NE;4.722222222222222;0.0;1011.8;0.0;Partly Cloudy
1574686800;30.0;22.0;0.62;ENE;4.722222222222222;0.0;1010.8;0.0;Partly Cloudy
1574690400;31.0;23.0;0.62;ENE;5.277777777777778;0.0;1010.8;0.0;Partly Cloudy
1574694000;30.0;23.0;0.66;E;5.277777777777778;0.0;1009.8;0.0;Fair
1574697600;30.0;23.0;0.66;ENE;5.555555555555555;0.0;1008.8;0.0;Fair
1574701200;30.0;23.0;0.66;ENE;4.166666666666667;0.0;1008.8;0.0;Fair
1574704800;30.0;23.0;0.66;ENE;4.722222222222222;0.0;1007.8;0.0;Fair
1574708400;29.0;23.0;0.7;ENE;4.722222222222222;0.0;1007.8;0.0;Fair
1574712000;28.0;23.0;0.74;ENE;4.722222222222222;0.0;1007.8;0.0;Fair
1574715600;28.0;23.0;0.74;ENE;3.611111111111111;0.0;1008.8;0.0;Partly Cloudy
1574719200;28.0;23.0;0.74;ENE;3.0555555555555554;0.0;1009.8;0.0;Mostly Cloudy
1574722800;28.0;23.0;0.74;NE;3.0555555555555554;0.0;1010.8;0.0;Mostly Cloudy
1574726400;27.0;23.0;0.79;ENE;1.9444444444444444;0.0;1010.8;0.0;Mostly Cloudy
1574730000;27.0;23.0;0.79;ENE;2.5;0.0;1010.8;0.0;Partly Cloudy
1574733600;27.0;23.0;0.79;NE;1.6666666666666665;0.0;1010.8;0.0;Partly Cloudy
1574737200;27.0;23.0;0.79;NE;2.5;0.0;1010.8;0.0;Partly Cloudy
1574740800;27.0;23.0;0.79;NE;1.9444444444444444;0.0;1009.8;0.0;Partly Cloudy
1574744400;27.0;23.0;0.79;NE;2.5;0.0;1009.8;0.0;Partly Cloudy
1574748000;27.0;23.0;0.79;NE;1.9444444444444444;0.0;1009.8;0.0;Partly Cloudy
1574751600;27.0;23.0;0.79;NE;2.5;0.0;1009.8;0.0;Partly Cloudy
1574755200;27.0;23.0;0.79;NE;1.9444444444444444;0.0;1009.8;0.0;Mostly Cloudy
1574758800;28.0;23.0;0.74;ENE;2.5;0.0;1010.8;0.0;Partly Cloudy
1574762400;28.0;23.0;0.74;ENE;3.0555555555555554;0.0;1011.8;0.0;Partly Cloudy
1574766000;29.0;23.0;0.7;ENE;4.166666666666667;0.0;1011.8;0.0;Partly Cloudy
1574769600;30.0;23.0;0.66;E;4.166666666666667;0.0;1011.8;0.0;Fair
1574773200;30.0;23.0;0.66;ENE;4.166666666666667;0.0;1011.8;0.0;Fair
1574776800;30.0;23.0;0.66;E;5.277777777777778;0.0;1010.8;0.0;Fair
1574780400;31.0;23.0;0.62;ENE;4.166666666666667;0.0;1009.8;0.0;Fair
1574784000;29.0;23.0;0.7;E;5.277777777777778;0.0;1008.8;0.0;Fair
1574787600;30.0;23.0;0.66;E;4.722222222222222;0.0;1008.8;0.0;Partly Cloudy
1574791200;29.0;23.0;0.7;E;4.166666666666667;0.0;1008.8;0.0;Partly Cloudy
1574794800;29.0;23.0;0.7;E;4.166666666666667;0.0;1008.8;0.0;Partly Cloudy
1574798400;28.0;23.0;0.74;E;3.611111111111111;0.0;1009.8;0.0;Mostly Cloudy
1574802000;28.0;23.0;0.74;E;3.611111111111111;0.0;1010.8;0.0;Mostly Cloudy
1574805600;28.0;23.0;0.74;E;3.611111111111111;0.0;1010.8;0.0;Partly Cloudy
1574809200;28.0;23.0;0.74;VAR;3.0555555555555554;0.0;1011.8;0.0;Mostly Cloudy
1574812800;28.0;23.0;0.74;E;3.611111111111111;0.0;1012.8;0.0;Mostly Cloudy
1574816400;28.0;23.0;0.74;E;3.0555555555555554;0.0;1012.8;0.0;Mostly Cloudy
1574820000;27.0;23.0;0.79;E;3.0555555555555554;0.0;1011.8;0.0;Partly Cloudy
1574823600;27.0;23.0;0.79;E;3.0555555555555554;0.0;1010.8;0.0;Mostly Cloudy
1574827200;27.0;23.0;0.79;E;2.5;0.0;1009.8;0.0;Partly Cloudy
1574830800;27.0;23.0;0.79;ENE;2.5;0.0;1009.8;0.0;Mostly Cloudy
1574834400;26.0;23.0;0.83;ENE;1.6666666666666665;0.0;1009.8;0.0;Partly Cloudy
1574838000;27.0;23.0;0.79;E;3.0555555555555554;0.0;1009.8;0.0;Partly Cloudy
1574841600;27.0;22.0;0.74;E;3.611111111111111;0.0;1009.8;0.0;Partly Cloudy
1574845200;28.0;22.0;0.7;E;3.0555555555555554;0.0;1010.8;0.0;Partly Cloudy
1574848800;28.0;23.0;0.74;E;3.611111111111111;0.0;1011.8;0.0;Partly Cloudy
1574852400;28.0;23.0;0.74;E;4.166666666666667;0.0;1011.8;0.0;Partly Cloudy
1574856000;29.0;23.0;0.7;E;4.722222222222222;0.0;1011.8;0.0;Partly Cloudy
1574859600;29.0;22.0;0.66;E;4.166666666666667;0.0;1011.8;0.0;Partly Cloudy
1574863200;30.0;22.0;0.62;E;4.166666666666667;0.0;1011.8;0.0;Partly Cloudy
1574866800;30.0;22.0;0.62;E;5.277777777777778;0.0;1010.8;0.0;Partly Cloudy
1574870400;30.0;22.0;0.62;E;5.277777777777778;0.0;1010.8;0.0;Partly Cloudy
1574874000;30.0;22.0;0.62;E;4.166666666666667;0.0;1009.8;0.0;Partly Cloudy
1574877600;29.0;23.0;0.7;E;4.166666666666667;0.0;1009.8;0.0;Partly Cloudy
1574881200;29.0;22.0;0.66;E;4.166666666666667;0.0;1009.8;0.0;Fair
1574884800;28.0;23.0;0.74;E;3.0555555555555554;0.0;1009.8;0.0;Fair
1574888400;28.0;22.0;0.7;E;3.611111111111111;0.0;1010.8;0.0;Fair
1574892000;28.0;22.0;0.7;E;2.5;0.0;1010.8;0.0;Partly Cloudy
1574895600;28.0;22.0;0.7;E;3.0555555555555554;0.0;1010.8;0.0;Fair
1574899200;27.0;22.0;0.74;E;3.0555555555555554;0.0;1010.8;0.0;Fair
1574902800;27.0;22.0;0.74;E;1.9444444444444444;0.0;1011.8;0.0;Partly Cloudy
1574906400;27.0;22.0;0.74;ENE;1.9444444444444444;0.0;1010.8;0.0;Thunder
1574910000;27.0;22.0;0.74;E;2.5;0.0;1009.8;0.0;Partly Cloudy
1574913600;27.0;22.0;0.74;ENE;1.9444444444444444;0.0;1009.8;0.0;Partly Cloudy
1574917200;27.0;22.0;0.74;E;2.5;0.0;1009.8;0.0;Partly Cloudy
1574920800;26.0;22.0;0.78;E;2.5;0.0;1009.8;0.0;Partly Cloudy
1574924400;27.0;22.0;0.74;E;1.9444444444444444;0.0;1009.8;0.0;Partly Cloudy
1574928000;27.0;22.0;0.74;ESE;2.5;0.0;1009.8;0.0;Showers in the Vicinity
1574931600;27.0;21.0;0.7;E;3.611111111111111;0.0;1010.8;0.0;Partly Cloudy
1574935200;28.0;21.0;0.66;E;3.0555555555555554;0.0;1011.8;0.0;Partly Cloudy
1574938800;28.0;22.0;0.7;E;3.0555555555555554;0.0;1011.8;0.0;Mostly Cloudy
1574942400;29.0;22.0;0.66;ESE;4.722222222222222;0.0;1011.8;0.0;Mostly Cloudy
1574946000;29.0;22.0;0.66;E;4.722222222222222;0.0;1011.8;0.0;Partly Cloudy
1574949600;30.0;22.0;0.62;E;4.722222222222222;0.0;1011.8;0.0;Mostly Cloudy
1574953200;30.0;22.0;0.62;E;4.166666666666667;0.0;1010.8;0.0;Partly Cloudy
1574956800;30.0;21.0;0.58;E;4.722222222222222;0.0;1009.8;0.0;Partly Cloudy
1574960400;29.0;21.0;0.62;E;4.722222222222222;0.0;1009.8;0.0;Partly Cloudy
1574964000;29.0;21.0;0.62;ENE;4.722222222222222;0.0;1008.8;0.0;Partly Cloudy
1574967600;29.0;21.0;0.62;E;3.611111111111111;0.0;1008.8;0.0;Fair
1574971200;28.0;21.0;0.66;E;3.0555555555555554;0.0;1008.8;0.0;Fair
1574974800;28.0;22.0;0.7;E;3.611111111111111;0.0;1009.8;0.0;Partly Cloudy
1574978400;27.0;22.0;0.74;E;2.5;0.0;1009.8;0.0;Partly Cloudy
1574982000;27.0;22.0;0.74;ENE;3.611111111111111;0.0;1010.8;0.0;Partly Cloudy
1574985600;27.0;22.0;0.74;ENE;4.166666666666667;0.0;1010.8;0.0;Partly Cloudy
1574989200;27.0;22.0;0.74;E;2.5;0.0;1010.8;0.0;Partly Cloudy
1574992800;27.0;21.0;0.7;ENE;1.9444444444444444;0.0;1010.8;0.0;Partly Cloudy
1575082800;27.0;21.0;0.7;E;2.5;0.0;1011.8;0.0;Mostly Cloudy
1575086400;26.0;20.0;0.69;ESE;1.9444444444444444;0.0;1010.8;0.0;Partly Cloudy
1575090000;26.0;21.0;0.74;ENE;1.9444444444444444;0.0;1010.8;0.0;Partly Cloudy
1575093600;26.0;21.0;0.74;E;2.5;9.722222222222221;1010.8;0.0;Partly Cloudy
1575097200;26.0;21.0;0.74;E;2.5;0.0;1010.8;0.0;Partly Cloudy
1575100800;26.0;20.0;0.69;E;2.5;0.0;1011.8;0.0;Partly Cloudy
1575104400;27.0;20.0;0.65;E;3.611111111111111;0.0;1011.8;0.0;Partly Cloudy
1575108000;28.0;20.0;0.62;E;3.611111111111111;0.0;1012.8;0.0;Partly Cloudy
1575111600;29.0;21.0;0.62;E;3.611111111111111;0.0;1012.8;0.0;Mostly Cloudy
1575115200;30.0;21.0;0.58;E;3.611111111111111;0.0;1012.8;0.0;Mostly Cloudy
1575118800;30.0;21.0;0.58;ESE;4.166666666666667;0.0;1012.8;0.0;Mostly Cloudy
1575122400;30.0;21.0;0.58;E;4.722222222222222;0.0;1012.8;0.0;Partly Cloudy
1575126000;30.0;21.0;0.58;ESE;4.722222222222222;0.0;1011.8;0.0;Fair
1575129600;30.0;21.0;0.58;E;4.166666666666667;0.0;1011.8;0.0;Fair
1575133200;29.0;21.0;0.62;E;4.722222222222222;0.0;1010.8;0.0;Fair
1575136800;29.0;21.0;0.62;ENE;3.611111111111111;0.0;1010.8;0.0;Fair
1575140400;29.0;22.0;0.66;E;3.611111111111111;0.0;1009.8;0.0;Fair
1575144000;28.0;22.0;0.7;E;4.166666666666667;0.0;1010.8;0.0;Fair
1575147600;28.0;21.0;0.66;ENE;3.611111111111111;0.0;1010.8;0.0;Fair
1575151200;28.0;22.0;0.7;E;1.9444444444444444;0.0;1010.8;0.0;Fair
1575154800;27.0;21.0;0.7;ENE;2.5;0.0;1011.8;0.0;Fair
1575158400;27.0;22.0;0.74;ENE;1.9444444444444444;0.0;1011.8;0.0;Fair
1575162000;27.0;22.0;0.74;ENE;2.5;0.0;1012.8;0.0;Partly Cloudy
1575165600;27.0;22.0;0.74;ENE;1.9444444444444444;0.0;1011.8;0.0;Partly Cloudy
1575255600;27.0;22.0;0.74;NE;2.5;0.0;1011.8;0.0;Partly Cloudy
1575259200;27.0;22.0;0.74;NE;2.5;0.0;1010.8;0.0;Partly Cloudy
1575262800;27.0;22.0;0.74;NE;1.9444444444444444;0.0;1010.8;0.0;Partly Cloudy
1575266400;27.0;22.0;0.74;ENE;1.6666666666666665;0.0;1010.8;0.0;Mostly Cloudy
1575270000;27.0;22.0;0.74;NE;1.6666666666666665;0.0;1010.8;0.0;Partly Cloudy
1575273600;25.0;22.0;0.83;WNW;1.6666666666666665;0.0;1010.8;0.0;Mostly Cloudy
1575277200;26.0;22.0;0.78;NW;1.9444444444444444;0.0;1010.8;0.0;Partly Cloudy
1575280800;27.0;22.0;0.74;NW;1.6666666666666665;0.0;1011.8;0.0;Partly Cloudy
1575284400;29.0;22.0;0.66;NE;3.0555555555555554;0.0;1011.8;0.0;Partly Cloudy
1575288000;30.0;22.0;0.62;ENE;3.611111111111111;0.0;1011.8;0.0;Partly Cloudy
1575291600;30.0;22.0;0.62;E;4.722222222222222;0.0;1011.8;0.0;Partly Cloudy
1575295200;30.0;23.0;0.66;ENE;4.166666666666667;0.0;1011.8;0.0;Partly Cloudy
1575298800;30.0;23.0;0.66;E;5.277777777777778;0.0;1010.8;0.0;Partly Cloudy
1575302400;30.0;23.0;0.66;ENE;4.166666666666667;0.0;1009.8;0.0;Partly Cloudy
1575306000;30.0;23.0;0.66;ENE;5.277777777777778;0.0;1009.8;0.0;Partly Cloudy
1575309600;29.0;23.0;0.7;ENE;5.277777777777778;0.0;1008.8;0.0;Fair
1575313200;29.0;23.0;0.7;ENE;4.722222222222222;0.0;1008.8;0.0;Fair
1575316800;28.0;23.0;0.74;E;4.166666666666667;0.0;1008.8;0.0;Fair
1575320400;28.0;23.0;0.74;ENE;5.277777777777778;0.0;1009.8;0.0;Fair
1575324000;28.0;23.0;0.74;NE;4.166666666666667;0.0;1009.8;0.0;Fair
1575327600;28.0;23.0;0.74;ENE;3.0555555555555554;0.0;1010.8;0.0;Partly Cloudy
1575331200;27.0;23.0;0.79;NE;3.611111111111111;0.0;1010.8;0.0;Partly Cloudy
1575334800;27.0;22.0;0.74;NE;3.0555555555555554;0.0;1010.8;0.0;Mostly Cloudy
1575338400;27.0;22.0;0.74;NE;3.611111111111111;0.0;1009.8;0.0;Mostly Cloudy
1575342000;27.0;23.0;0.79;NE;3.611111111111111;0.0;1009.8;0.0;Mostly Cloudy
1575345600;27.0;22.0;0.74;NE;3.0555555555555554;0.0;1009.8;0.0;Mostly Cloudy
1575349200;26.0;22.0;0.78;N;1.6666666666666665;0.0;1008.8;0.0;Partly Cloudy
1575352800;26.0;22.0;0.78;NNW;1.6666666666666665;0.0;1008.8;0.0;Fair
1575356400;25.0;22.0;0.83;NW;1.6666666666666665;0.0;1008.8;0.0;Partly Cloudy
1575360000;25.0;22.0;0.83;NNW;1.6666666666666665;0.0;1009.8;0.0;Mostly Cloudy
1575363600;25.0;22.0;0.83;NW;1.9444444444444444;0.0;1009.8;0.0;Partly Cloudy
1575367200;26.0;23.0;0.83;WNW;1.6666666666666665;0.0;1010.8;0.0;Mostly Cloudy
1575370800;29.0;22.0;0.66;ENE;4.166666666666667;0.0;1010.8;0.0;Partly Cloudy
1575374400;30.0;22.0;0.62;ENE;4.166666666666667;0.0;1010.8;0.0;Partly Cloudy
1575378000;30.0;22.0;0.62;E;4.166666666666667;0.0;1010.8;0.0;Partly Cloudy
1575381600;30.0;22.0;0.62;E;4.166666666666667;0.0;1010.8;0.0;Partly Cloudy
1575385200;30.0;22.0;0.62;E;4.166666666666667;0.0;1009.8;0.0;Partly Cloudy
1575388800;30.0;22.0;0.62;ESE;4.722222222222222;0.0;1009.8;0.0;Partly Cloudy
1575392400;30.0;22.0;0.62;E;4.166666666666667;0.0;1008.8;0.0;Partly Cloudy
1575396000;29.0;23.0;0.7;ESE;4.166666666666667;0.0;1008.8;0.0;Partly Cloudy
1575399600;28.0;22.0;0.7;ENE;4.166666666666667;0.0;1008.8;0.0;Partly Cloudy
1575403200;28.0;22.0;0.7;ENE;2.5;0.0;1008.8;0.0;Partly Cloudy
1575406800;28.0;22.0;0.7;ENE;2.5;0.0;1009.8;0.0;Partly Cloudy
1575410400;28.0;22.0;0.7;ENE;3.0555555555555554;0.0;1009.8;0.0;Partly Cloudy
1575414000;28.0;22.0;0.7;ENE;3.0555555555555554;0.0;1010.8;0.0;Partly Cloudy
1575417600;27.0;22.0;0.74;ENE;2.5;0.0;1010.8;0.0;Partly Cloudy
1575421200;27.0;22.0;0.74;ENE;3.0555555555555554;0.0;1010.8;0.0;Fair
1575424800;27.0;22.0;0.74;ENE;3.0555555555555554;0.0;1010.8;0.0;Fair
1575428400;27.0;22.0;0.74;E;1.9444444444444444;0.0;1009.8;0.0;Fair
1575432000;27.0;22.0;0.74;E;3.611111111111111;0.0;1009.8;0.0;Partly Cloudy
1575435600;27.0;22.0;0.74;E;1.9444444444444444;0.0;1009.8;0.0;Partly Cloudy
1575439200;27.0;22.0;0.74;E;2.5;0.0;1009.8;0.0;Fair
1575442800;27.0;21.0;0.7;ESE;2.5;0.0;1009.8;0.0;Fair
1575446400;27.0;21.0;0.7;ESE;1.9444444444444444;0.0;1010.8;0.0;Partly Cloudy
1575450000;27.0;22.0;0.74;SE;3.611111111111111;0.0;1011.8;0.0;Partly Cloudy
1575453600;28.0;21.0;0.66;ESE;4.166666666666667;0.0;1011.8;0.0;Partly Cloudy
1575457200;29.0;21.0;0.62;ESE;3.0555555555555554;0.0;1012.8;0.0;Partly Cloudy
1575460800;30.0;22.0;0.62;ESE;4.166666666666667;0.0;1012.8;0.0;Partly Cloudy
1575464400;30.0;22.0;0.62;E;4.166666666666667;0.0;1012.8;0.0;Partly Cloudy
1575468000;30.0;22.0;0.62;E;4.166666666666667;0.0;1011.8;0.0;Partly Cloudy
1575471600;30.0;22.0;0.62;E;4.166666666666667;0.0;1011.8;0.0;Partly Cloudy
1575475200;30.0;21.0;0.58;ESE;4.722222222222222;0.0;1010.8;0.0;Partly Cloudy
1575478800;30.0;22.0;0.62;E;3.611111111111111;0.0;1009.8;0.0;Partly Cloudy
1575482400;29.0;22.0;0.66;ESE;3.611111111111111;0.0;1009.8;0.0;Partly Cloudy
1575486000;29.0;22.0;0.66;SE;4.166666666666667;0.0;1009.8;0.0;Partly Cloudy
1575489600;28.0;22.0;0.7;ESE;3.611111111111111;0.0;1010.8;0.0;Partly Cloudy
1575493200;28.0;21.0;0.66;ESE;3.0555555555555554;0.0;1010.8;0.0;Partly Cloudy
1575496800;28.0;21.0;0.66;E;2.5;0.0;1011.8;0.0;Partly Cloudy
1575500400;28.0;22.0;0.7;E;2.5;0.0;1011.8;0.0;Partly Cloudy
1575504000;28.0;21.0;0.66;E;3.0555555555555554;0.0;1011.8;0.0;Partly Cloudy
1575507600;28.0;21.0;0.66;E;3.0555555555555554;0.0;1011.8;0.0;Partly Cloudy
1575511200;27.0;21.0;0.7;E;3.0555555555555554;0.0;1011.8;0.0;Partly Cloudy
1575514800;27.0;22.0;0.74;E;1.9444444444444444;0.0;1010.8;0.0;Partly Cloudy
1575518400;27.0;21.0;0.7;ENE;1.9444444444444444;0.0;1010.8;0.0;Partly Cloudy
1575522000;27.0;22.0;0.74;E;1.9444444444444444;0.0;1010.8;0.0;Partly Cloudy
1575525600;27.0;22.0;0.74;NE;1.1111111111111112;0.0;1010.8;0.0;Partly Cloudy
1575529200;24.0;21.0;0.83;NW;1.9444444444444444;0.0;1011.8;0.0;Partly Cloudy
1575532800;25.0;21.0;0.78;WNW;1.1111111111111112;0.0;1011.8;0.0;Partly Cloudy
1575536400;25.0;22.0;0.83;NW;1.1111111111111112;0.0;1012.8;0.0;Partly Cloudy
1575540000;27.0;22.0;0.74;WSW;1.9444444444444444;0.0;1012.8;0.0;Partly Cloudy
1575543600;29.0;22.0;0.66;E;3.0555555555555554;0.0;1012.8;0.0;Partly Cloudy
1575547200;30.0;21.0;0.58;SE;3.611111111111111;0.0;1013.8;0.0;Partly Cloudy
1575550800;29.0;22.0;0.66;E;3.0555555555555554;0.0;1012.8;0.0;Partly Cloudy
1575554400;30.0;22.0;0.62;VAR;3.0555555555555554;0.0;1012.8;0.0;Partly Cloudy
1575558000;30.0;22.0;0.62;SE;5.277777777777778;0.0;1011.8;0.0;Fair
1575561600;30.0;22.0;0.62;ESE;5.277777777777778;0.0;1011.8;0.0;Fair
1575565200;30.0;22.0;0.62;ESE;4.166666666666667;0.0;1010.8;0.0;Fair
1575568800;29.0;22.0;0.66;ESE;5.277777777777778;0.0;1010.8;0.0;Fair
1575572400;29.0;21.0;0.62;SE;4.722222222222222;0.0;1009.8;0.0;Fair
1575576000;29.0;20.0;0.58;SE;3.611111111111111;0.0;1010.8;0.0;Fair
1575579600;28.0;21.0;0.66;SE;3.611111111111111;0.0;1010.8;0.0;Fair
1575583200;28.0;21.0;0.66;E;2.5;0.0;1010.8;0.0;Fair
1575586800;28.0;22.0;0.7;E;2.5;0.0;1011.8;0.0;Fair
1575590400;28.0;22.0;0.7;E;3.0555555555555554;0.0;1012.8;0.0;Fair
1575594000;28.0;22.0;0.7;ESE;3.0555555555555554;0.0;1011.8;0.0;Fair
1575597600;27.0;22.0;0.74;ESE;3.611111111111111;0.0;1010.8;0.0;Fair
1575601200;27.0;23.0;0.79;E;2.5;0.0;1010.8;0.0;Partly Cloudy
1575604800;27.0;22.0;0.74;E;1.9444444444444444;0.0;1009.8;0.0;Partly Cloudy
1575608400;27.0;22.0;0.74;E;2.5;0.0;1009.8;0.0;Partly Cloudy
1575612000;27.0;23.0;0.79;E;1.9444444444444444;0.0;1009.8;0.0;Partly Cloudy
1575615600;27.0;23.0;0.79;E;3.0555555555555554;0.0;1010.8;0.0;Partly Cloudy
1575619200;27.0;23.0;0.79;ENE;1.6666666666666665;0.0;1010.8;0.0;Partly Cloudy
1575622800;27.0;23.0;0.79;E;2.5;0.0;1011.8;0.0;Partly Cloudy
1575626400;28.0;23.0;0.74;ENE;1.9444444444444444;0.0;1011.8;0.0;Partly Cloudy
1575630000;29.0;23.0;0.7;E;4.722222222222222;0.0;1012.8;0.0;Partly Cloudy
1575633600;30.0;23.0;0.66;ESE;4.166666666666667;0.0;1012.8;0.0;Partly Cloudy
1575637200;30.0;23.0;0.66;E;5.277777777777778;0.0;1012.8;0.0;Partly Cloudy
1575640800;30.0;23.0;0.66;E;4.722222222222222;0.0;1011.8;0.0;Partly Cloudy
1575644400;30.0;23.0;0.66;E;5.277777777777778;0.0;1010.8;0.0;Partly Cloudy
1575648000;30.0;23.0;0.66;ENE;4.722222222222222;0.0;1010.8;0.0;Fair
1575651600;30.0;23.0;0.66;E;4.166666666666667;0.0;1009.8;0.0;Fair
1575655200;29.0;24.0;0.74;ENE;4.722222222222222;0.0;1008.8;0.0;Fair
1575658800;29.0;23.0;0.7;E;4.166666666666667;0.0;1008.8;0.0;Fair
1575662400;29.0;23.0;0.7;ENE;3.611111111111111;0.0;1008.8;0.0;Partly Cloudy
1575666000;28.0;23.0;0.74;NE;4.166666666666667;0.0;1009.8;0.0;Mostly Cloudy
1575669600;28.0;23.0;0.74;ENE;3.0555555555555554;0.0;1009.8;0.0;Mostly Cloudy
1575673200;28.0;24.0;0.79;ENE;3.0555555555555554;0.0;1010.8;0.0;Mostly Cloudy
1575676800;28.0;23.0;0.74;ENE;3.0555555555555554;0.0;1010.8;0.0;Partly Cloudy
1575680400;28.0;23.0;0.74;ENE;3.0555555555555554;0.0;1010.8;0.0;Partly Cloudy
1575684000;28.0;23.0;0.74;ENE;1.9444444444444444;0.0;1010.8;0.0;Mostly Cloudy
1575687600;28.0;23.0;0.74;ENE;1.9444444444444444;0.0;1009.8;0.0;Partly Cloudy
1575691200;27.0;23.0;0.79;ENE;1.9444444444444444;0.0;1009.8;0.0;Partly Cloudy
1575694800;27.0;23.0;0.79;NE;1.6666666666666665;0.0;1008.8;0.0;Partly Cloudy
1575698400;27.0;23.0;0.79;NE;1.9444444444444444;0.0;1008.8;0.0;Partly Cloudy
1575702000;26.0;23.0;0.83;NW;1.6666666666666665;0.0;1009.8;0.0;Mostly Cloudy
1575705600;25.0;23.0;0.89;NW;1.6666666666666665;0.0;1009.8;0.0;Partly Cloudy
1575709200;26.0;23.0;0.83;VAR;1.1111111111111112;0.0;1010.8;0.0;Mostly Cloudy
1575712800;27.0;23.0;0.79;NW;1.9444444444444444;0.0;1010.8;0.0;Mostly Cloudy
1575716400;29.0;23.0;0.7;NNE;3.611111111111111;0.0;1011.8;0.0;Partly Cloudy
1575720000;30.0;24.0;0.7;ENE;4.722222222222222;0.0;1011.8;0.0;Partly Cloudy
1575723600;31.0;23.0;0.62;ENE;4.166666666666667;0.0;1010.8;0.0;Partly Cloudy
1575727200;30.0;24.0;0.7;ENE;4.166666666666667;0.0;1010.8;0.0;Partly Cloudy
1575730800;31.0;23.0;0.62;ENE;4.166666666666667;0.0;1009.8;0.0;Partly Cloudy
1575734400;31.0;24.0;0.66;ENE;5.277777777777778;0.0;1008.8;0.0;Partly Cloudy
1575738000;30.0;24.0;0.7;ENE;4.722222222222222;0.0;1008.8;0.0;Partly Cloudy
1575741600;30.0;24.0;0.7;NE;4.722222222222222;0.0;1007.8;0.0;Fair
1575745200;30.0;23.0;0.66;NE;5.277777777777778;0.0;1007.8;0.0;Fair
1575748800;29.0;24.0;0.74;NE;5.277777777777778;0.0;1007.8;0.0;Fair
1575752400;28.0;24.0;0.79;NE;3.611111111111111;0.0;1008.8;0.0;Fair
1575756000;28.0;23.0;0.74;NE;4.166666666666667;0.0;1009.8;0.0;Fair
1575759600;28.0;24.0;0.79;NE;3.611111111111111;0.0;1009.8;0.0;Partly Cloudy
1575763200;28.0;24.0;0.79;NE;3.0555555555555554;0.0;1009.8;0.0;Partly Cloudy
1575766800;28.0;24.0;0.79;NE;3.0555555555555554;0.0;1009.8;0.0;Mostly Cloudy
1575770400;28.0;24.0;0.79;NE;3.0555555555555554;0.0;1009.8;0.0;Mostly Cloudy
1575860400;27.0;22.0;0.74;E;3.611111111111111;0.0;1010.8;0.0;Partly Cloudy
1575864000;27.0;22.0;0.74;E;2.5;0.0;1010.8;0.0;Partly Cloudy
1575867600;27.0;22.0;0.74;E;3.0555555555555554;0.0;1009.8;0.0;Partly Cloudy
1575871200;27.0;21.0;0.7;E;3.0555555555555554;0.0;1010.8;0.0;Partly Cloudy
1575874800;27.0;22.0;0.74;E;3.0555555555555554;0.0;1010.8;0.0;Partly Cloudy
1575878400;27.0;21.0;0.7;E;3.611111111111111;0.0;1010.8;0.0;Fair
1575882000;28.0;21.0;0.66;ESE;3.0555555555555554;0.0;1011.8;0.0;Fair
1575885600;28.0;21.0;0.66;ESE;3.611111111111111;0.0;1011.8;0.0;Partly Cloudy
1575889200;29.0;21.0;0.62;E;3.611111111111111;0.0;1012.8;0.0;Partly Cloudy
1575892800;29.0;21.0;0.62;ESE;4.166666666666667;0.0;1012.8;0.0;Partly Cloudy
1575896400;30.0;21.0;0.58;ESE;3.611111111111111;0.0;1012.8;0.0;Fair
1575900000;30.0;21.0;0.58;E;3.611111111111111;0.0;1012.8;0.0;Fair
1575903600;30.0;21.0;0.58;E;4.722222222222222;0.0;1011.8;0.0;Fair
1575907200;30.0;21.0;0.58;ESE;4.166666666666667;0.0;1011.8;0.0;Fair
1575910800;29.0;21.0;0.62;ESE;4.166666666666667;0.0;1010.8;0.0;Fair
1575914400;29.0;21.0;0.62;E;4.166666666666667;0.0;1010.8;0.0;Fair
1575918000;29.0;21.0;0.62;ESE;3.611111111111111;0.0;1010.8;0.0;Fair
1575921600;28.0;22.0;0.7;ESE;3.611111111111111;0.0;1010.8;0.0;Fair
1575925200;28.0;21.0;0.66;E;3.0555555555555554;0.0;1010.8;0.0;Fair
1575928800;28.0;22.0;0.7;ESE;3.0555555555555554;0.0;1011.8;0.0;Fair
1575932400;28.0;22.0;0.7;ESE;2.5;0.0;1011.8;0.0;Fair
1575936000;28.0;22.0;0.7;E;2.5;0.0;1011.8;0.0;Fair
1575939600;27.0;22.0;0.74;E;1.9444444444444444;0.0;1011.8;0.0;Fair
1575943200;27.0;22.0;0.74;E;1.9444444444444444;0.0;1011.8;0.0;Fair
1575946800;27.0;22.0;0.74;ESE;3.0555555555555554;0.0;1010.8;0.0;Partly Cloudy
1575950400;27.0;22.0;0.74;E;3.0555555555555554;0.0;1010.8;0.0;Partly Cloudy
1575954000;26.0;21.0;0.74;ESE;4.166666666666667;0.0;1009.8;0.0;Partly Cloudy
1575957600;26.0;21.0;0.74;SW;1.6666666666666665;0.0;1009.8;0.0;Partly Cloudy
1575961200;27.0;22.0;0.74;E;3.611111111111111;0.0;1009.8;0.0;Partly Cloudy
1575964800;27.0;21.0;0.7;ESE;3.0555555555555554;0.0;1010.8;0.0;Partly Cloudy
1575968400;28.0;22.0;0.7;ESE;4.166666666666667;0.0;1010.8;0.0;Partly Cloudy
1575972000;28.0;22.0;0.7;E;3.0555555555555554;0.0;1011.8;0.0;Partly Cloudy
1575975600;29.0;22.0;0.66;SE;4.166666666666667;0.0;1012.8;0.0;Mostly Cloudy
1575979200;29.0;22.0;0.66;SE;4.722222222222222;0.0;1012.8;0.0;Mostly Cloudy
1575982800;30.0;22.0;0.62;SE;4.722222222222222;0.0;1012.8;0.0;Partly Cloudy
1575986400;30.0;21.0;0.58;SE;5.277777777777778;0.0;1011.8;0.0;Partly Cloudy
1575990000;30.0;22.0;0.62;ESE;5.555555555555555;0.0;1011.8;0.0;Fair
1575993600;30.0;22.0;0.62;ESE;5.277777777777778;0.0;1010.8;0.0;Partly Cloudy
1575997200;30.0;22.0;0.62;ESE;4.166666666666667;0.0;1009.8;0.0;Fair
1576000800;29.0;22.0;0.66;SE;6.111111111111111;0.0;1009.8;0.0;Fair
1576004400;29.0;22.0;0.66;ESE;5.277777777777778;0.0;1008.8;0.0;Partly Cloudy
1576008000;28.0;22.0;0.7;ESE;4.166666666666667;0.0;1009.8;0.0;Partly Cloudy
1576011600;28.0;22.0;0.7;SE;4.722222222222222;0.0;1009.8;0.0;Partly Cloudy
1576015200;28.0;22.0;0.7;ESE;4.166666666666667;0.0;1010.8;0.0;Partly Cloudy
1576018800;27.0;22.0;0.74;SE;5.277777777777778;0.0;1010.8;0.0;Partly Cloudy
1576022400;28.0;22.0;0.7;SE;3.611111111111111;0.0;1011.8;0.0;Partly Cloudy
1576026000;27.0;22.0;0.74;SE;4.166666666666667;0.0;1011.8;0.0;Partly Cloudy
1576029600;27.0;22.0;0.74;SE;4.166666666666667;0.0;1010.8;0.0;Partly Cloudy
1576033200;28.0;22.0;0.7;ESE;4.166666666666667;0.0;1010.8;0.0;Partly Cloudy
1576036800;27.0;22.0;0.74;ESE;3.611111111111111;0.0;1009.8;0.0;Partly Cloudy
1576040400;27.0;22.0;0.74;ESE;4.166666666666667;0.0;1009.8;0.0;Partly Cloudy
1576044000;27.0;22.0;0.74;ESE;3.611111111111111;0.0;1009.8;0.0;Partly Cloudy
1576047600;27.0;22.0;0.74;ESE;1.9444444444444444;0.0;1009.8;0.0;Partly Cloudy
1576051200;27.0;22.0;0.74;ESE;3.611111111111111;0.0;1009.8;0.0;Partly Cloudy
1576054800;28.0;21.0;0.66;SE;3.0555555555555554;0.0;1009.8;0.0;Partly Cloudy
1576058400;28.0;22.0;0.7;E;2.5;0.0;1010.8;0.0;Partly Cloudy
1576062000;28.0;22.0;0.7;E;4.166666666666667;0.0;1011.8;0.0;Mostly Cloudy
1576065600;30.0;23.0;0.66;E;4.166666666666667;0.0;1011.8;0.0;Mostly Cloudy
1576069200;29.0;21.0;0.62;E;4.722222222222222;0.0;1011.8;0.0;Partly Cloudy
1576072800;30.0;22.0;0.62;ESE;5.277777777777778;0.0;1010.8;0.0;Fair
1576076400;30.0;23.0;0.66;E;5.277777777777778;0.0;1010.8;0.0;Fair
1576080000;30.0;22.0;0.62;SE;5.277777777777778;0.0;1009.8;0.0;Fair
1576083600;30.0;22.0;0.62;ESE;4.166666666666667;0.0;1008.8;0.0;Fair
1576087200;29.0;22.0;0.66;E;5.277777777777778;0.0;1007.8;0.0;Partly Cloudy
1576090800;29.0;22.0;0.66;ESE;4.166666666666667;0.0;1007.8;0.0;Fair
1576094400;28.0;22.0;0.7;SE;5.277777777777778;0.0;1007.8;0.0;Partly Cloudy
1576098000;27.0;22.0;0.74;E;3.611111111111111;0.0;1008.8;0.0;Mostly Cloudy
1576101600;28.0;22.0;0.7;ESE;4.166666666666667;0.0;1008.8;0.0;Partly Cloudy
1576105200;28.0;22.0;0.7;E;4.166666666666667;0.0;1009.8;0.0;Partly Cloudy
1576108800;27.0;22.0;0.74;ESE;4.722222222222222;0.0;1009.8;0.0;Partly Cloudy
1576112400;27.0;22.0;0.74;ESE;4.166666666666667;0.0;1009.8;0.0;Partly Cloudy
1576116000;27.0;22.0;0.74;ESE;3.0555555555555554;0.0;1009.8;0.0;Fair
1576119600;27.0;21.0;0.7;ESE;3.611111111111111;0.0;1008.8;0.0;Partly Cloudy
1576123200;27.0;21.0;0.7;ESE;4.166666666666667;0.0;1008.8;0.0;Partly Cloudy
1576126800;27.0;20.0;0.65;ESE;3.611111111111111;0.0;1007.8;0.0;Partly Cloudy
1576130400;27.0;21.0;0.7;E;2.5;0.0;1007.8;0.0;Fair
1576134000;27.0;21.0;0.7;SE;4.166666666666667;0.0;1008.8;0.0;Partly Cloudy
1576137600;27.0;21.0;0.7;ESE;2.5;0.0;1008.8;0.0;Partly Cloudy
1576141200;27.0;21.0;0.7;ESE;3.611111111111111;0.0;1009.8;0.0;Partly Cloudy
1576144800;28.0;21.0;0.66;ESE;2.5;0.0;1009.8;0.0;Mostly Cloudy
1576148400;28.0;21.0;0.66;ESE;4.166666666666667;0.0;1010.8;0.0;Mostly Cloudy
1576152000;30.0;21.0;0.58;ESE;4.166666666666667;0.0;1010.8;0.0;Mostly Cloudy
1576155600;29.0;21.0;0.62;ESE;4.722222222222222;0.0;1010.8;0.0;Partly Cloudy
1576159200;30.0;21.0;0.58;E;4.722222222222222;0.0;1010.8;0.0;Partly Cloudy
1576162800;30.0;21.0;0.58;ESE;5.277777777777778;0.0;1009.8;0.0;Partly Cloudy
1576166400;30.0;21.0;0.58;SE;5.555555555555555;0.0;1008.8;0.0;Partly Cloudy
1576170000;30.0;21.0;0.58;ESE;5.277777777777778;0.0;1007.8;0.0;Fair
1576173600;29.0;20.0;0.58;ESE;5.555555555555555;0.0;1007.8;0.0;Fair
1576177200;29.0;21.0;0.62;ESE;4.166666666666667;0.0;1007.8;0.0;Fair
1576180800;28.0;20.0;0.62;ESE;4.166666666666667;0.0;1007.8;0.0;Fair
1576184400;28.0;20.0;0.62;E;3.611111111111111;0.0;1008.8;0.0;Fair
1576188000;28.0;21.0;0.66;ESE;3.611111111111111;0.0;1009.8;0.0;Fair
1576191600;27.0;21.0;0.7;E;4.166666666666667;0.0;1009.8;0.0;Fair
1576195200;27.0;21.0;0.7;ESE;3.0555555555555554;0.0;1010.8;0.0;Fair
1576198800;27.0;21.0;0.7;ESE;3.0555555555555554;0.0;1010.8;0.0;Partly Cloudy
1576202400;27.0;21.0;0.7;ESE;3.611111111111111;0.0;1010.8;0.0;Partly Cloudy
1576378800;27.0;22.0;0.74;SE;4.722222222222222;0.0;1011.8;0.0;Partly Cloudy
1576382400;27.0;22.0;0.74;SE;4.166666666666667;0.0;1010.8;0.0;Partly Cloudy
1576386000;27.0;22.0;0.74;SE;4.166666666666667;0.0;1010.8;0.0;Partly Cloudy
1576389600;27.0;22.0;0.74;SE;4.166666666666667;0.0;1010.8;0.0;Partly Cloudy
1576393200;27.0;23.0;0.79;SE;5.277777777777778;0.0;1009.8;0.0;Partly Cloudy
1576396800;27.0;22.0;0.74;ESE;5.277777777777778;0.0;1010.8;0.0;Partly Cloudy
1576400400;27.0;22.0;0.74;SE;6.111111111111111;0.0;1010.8;0.0;Partly Cloudy
1576404000;28.0;22.0;0.7;ESE;5.277777777777778;0.0;1012.8;0.0;Partly Cloudy
1576407600;28.0;22.0;0.7;SE;5.555555555555555;0.0;1011.8;0.0;Mostly Cloudy
1576410420;26.0;23.0;0.83;SE;5.277777777777778;12.222222222222221;1012.8;0.0;Rain
1576411200;25.0;23.0;0.89;ESE;3.611111111111111;0.0;1012.8;0.0;Light Rain
1576414800;28.0;23.0;0.74;SE;4.722222222222222;0.0;1011.8;0.0;Mostly Cloudy
1576418400;30.0;22.0;0.62;ESE;4.166666666666667;9.722222222222221;1011.8;0.0;Partly Cloudy
1576422000;30.0;22.0;0.62;ESE;5.555555555555555;0.0;1011.8;0.0;Partly Cloudy
1576425600;30.0;22.0;0.62;ESE;6.111111111111111;0.0;1010.8;0.0;Partly Cloudy
1576429200;30.0;22.0;0.62;ESE;6.111111111111111;0.0;1009.8;0.0;Partly Cloudy
1576432800;29.0;22.0;0.66;ESE;5.555555555555555;0.0;1009.8;0.0;Partly Cloudy
1576436400;29.0;22.0;0.66;ESE;4.722222222222222;0.0;1009.8;0.0;Partly Cloudy
1576440000;28.0;22.0;0.7;SE;5.277777777777778;0.0;1010.8;0.0;Partly Cloudy
1576443600;28.0;22.0;0.7;ESE;4.722222222222222;0.0;1010.8;0.0;Mostly Cloudy
1576447200;28.0;22.0;0.7;SE;3.611111111111111;0.0;1011.8;0.0;Partly Cloudy
1576450800;28.0;22.0;0.7;SE;4.722222222222222;0.0;1011.8;0.0;Fair
1576454400;28.0;23.0;0.74;SE;4.166666666666667;0.0;1012.8;0.0;Showers in the Vicinity
1576458000;27.0;23.0;0.79;SSE;5.277777777777778;0.0;1012.8;0.0;Showers in the Vicinity
1576461600;27.0;22.0;0.74;SE;4.166666666666667;0.0;1012.8;0.0;Partly Cloudy
1576465200;27.0;22.0;0.74;SE;4.722222222222222;0.0;1011.8;0.0;Showers in the Vicinity
1576468800;26.0;23.0;0.83;SE;4.166666666666667;0.0;1010.8;0.0;Partly Cloudy
1576472400;26.0;22.0;0.78;SE;6.111111111111111;0.0;1010.8;0.0;Light Rain
1576473300;24.0;22.0;0.89;SE;6.666666666666666;0.0;1010.8;0.0;Light Rain
1576476000;26.0;23.0;0.83;SE;4.166666666666667;0.0;1010.8;0.0;Showers in the Vicinity
1576479600;26.0;23.0;0.83;SE;4.722222222222222;0.0;1010.8;0.0;Showers in the Vicinity
1576483200;25.0;23.0;0.89;ESE;3.0555555555555554;0.0;1010.8;0.0;Light Rain
1576486800;24.0;23.0;0.94;ESE;4.166666666666667;0.0;1011.8;0.0;Light Rain
1576490400;25.0;23.0;0.89;ESE;4.166666666666667;0.0;1011.8;0.0;Showers in the Vicinity
1576491600;25.0;23.0;0.89;ESE;5.555555555555555;0.0;1012.8;0.0;Light Rain
1576494000;24.0;23.0;0.94;E;4.722222222222222;0.0;1012.8;0.0;Light Rain
1576495500;24.0;22.0;0.89;ESE;4.166666666666667;0.0;1012.8;0.0;Showers in the Vicinity
1576497600;26.0;23.0;0.83;E;2.5;0.0;1011.8;0.0;Mostly Cloudy
1576501200;29.0;23.0;0.7;ESE;3.611111111111111;0.0;1011.8;0.0;Partly Cloudy
1576504800;29.0;22.0;0.66;E;5.277777777777778;0.0;1011.8;0.0;Mostly Cloudy
1576508400;30.0;22.0;0.62;ESE;5.555555555555555;0.0;1011.8;0.0;Mostly Cloudy
1576512000;30.0;22.0;0.62;ESE;5.277777777777778;0.0;1010.8;0.0;Partly Cloudy
1576515600;29.0;23.0;0.7;ESE;5.277777777777778;0.0;1009.8;0.0;Showers in the Vicinity
1576519200;29.0;22.0;0.66;SE;5.277777777777778;0.0;1009.8;0.0;Partly Cloudy
1576522800;28.0;22.0;0.7;SE;4.722222222222222;0.0;1009.8;0.0;Partly Cloudy
1576526400;26.0;24.0;0.89;SE;4.722222222222222;0.0;1009.8;0.0;Showers in the Vicinity
1576530000;26.0;23.0;0.83;SSE;1.6666666666666665;0.0;1010.8;0.0;Mostly Cloudy
1576533600;26.0;23.0;0.83;S;1.9444444444444444;0.0;1010.8;0.0;Showers in the Vicinity
1576537200;25.0;23.0;0.89;SW;2.5;0.0;1010.8;0.0;Showers in the Vicinity
1576540800;25.0;23.0;0.89;SSW;1.9444444444444444;0.0;1011.8;0.0;Showers in the Vicinity
1576544400;25.0;23.0;0.89;SSW;1.6666666666666665;0.0;1011.8;0.0;Showers in the Vicinity
1576548000;24.0;23.0;0.94;S;1.9444444444444444;0.0;1010.8;0.0;Showers in the Vicinity
1576638000;28.0;22.0;0.7;VAR;1.9444444444444444;0.0;1010.8;0.0;Partly Cloudy
1576641600;27.0;22.0;0.74;ESE;3.0555555555555554;0.0;1009.8;0.0;Partly Cloudy
1576645200;27.0;22.0;0.74;ESE;2.5;0.0;1009.8;0.0;Mostly Cloudy
1576648800;27.0;21.0;0.7;ESE;3.0555555555555554;0.0;1009.8;0.0;Partly Cloudy
1576652400;27.0;21.0;0.7;ESE;2.5;0.0;1009.8;0.0;Fair
1576656000;27.0;21.0;0.7;ESE;2.5;0.0;1010.8;0.0;Partly Cloudy
1576659600;28.0;22.0;0.7;ESE;2.5;0.0;1011.8;0.0;Mostly Cloudy
1576663200;28.0;22.0;0.7;E;3.0555555555555554;0.0;1011.8;0.0;Mostly Cloudy
1576666800;29.0;22.0;0.66;ESE;3.611111111111111;0.0;1011.8;0.0;Mostly Cloudy
1576670400;29.0;22.0;0.66;SE;4.722222222222222;0.0;1012.8;0.0;Mostly Cloudy
1576674000;29.0;22.0;0.66;E;3.611111111111111;0.0;1012.8;0.0;Mostly Cloudy
1576677600;29.0;23.0;0.7;SE;4.722222222222222;0.0;1011.8;0.0;Partly Cloudy
1576681200;30.0;22.0;0.62;E;4.166666666666667;0.0;1011.8;0.0;Partly Cloudy
1576684800;30.0;23.0;0.66;SE;5.277777777777778;0.0;1011.8;0.0;Partly Cloudy
1576688400;30.0;23.0;0.66;SE;6.111111111111111;0.0;1010.8;0.0;Partly Cloudy
1576692000;29.0;23.0;0.7;ESE;5.555555555555555;0.0;1010.8;0.0;Partly Cloudy
1576695600;29.0;23.0;0.7;ESE;4.722222222222222;0.0;1010.8;0.0;Partly Cloudy
1576699200;29.0;23.0;0.7;SE;4.166666666666667;0.0;1010.8;0.0;Partly Cloudy
1576702800;28.0;22.0;0.7;ESE;4.722222222222222;0.0;1010.8;0.0;Partly Cloudy
1576706400;28.0;22.0;0.7;ESE;4.166666666666667;0.0;1011.8;0.0;Partly Cloudy
1576710000;28.0;22.0;0.7;E;3.0555555555555554;0.0;1012.8;0.0;Partly Cloudy
1576713600;28.0;22.0;0.7;E;3.611111111111111;0.0;1012.8;0.0;Partly Cloudy
1576717200;28.0;22.0;0.7;E;4.722222222222222;0.0;1012.8;0.0;Partly Cloudy
1576720800;28.0;22.0;0.7;E;4.722222222222222;0.0;1012.8;0.0;Mostly Cloudy
1576724400;27.0;22.0;0.74;E;4.166666666666667;0.0;1011.8;0.0;Partly Cloudy
1576728000;27.0;22.0;0.74;E;4.166666666666667;0.0;1010.8;0.0;Partly Cloudy
1576731600;27.0;22.0;0.74;E;4.166666666666667;0.0;1010.8;0.0;Partly Cloudy
1576735200;27.0;22.0;0.74;E;3.611111111111111;0.0;1010.8;0.0;Partly Cloudy
1576738800;27.0;22.0;0.74;E;4.166666666666667;0.0;1010.8;0.0;Partly Cloudy
1576742400;27.0;22.0;0.74;E;3.0555555555555554;0.0;1010.8;0.0;Partly Cloudy
1576746000;28.0;22.0;0.7;ESE;4.166666666666667;0.0;1011.8;0.0;Partly Cloudy
1576749600;29.0;22.0;0.66;ESE;4.722222222222222;0.0;1011.8;0.0;Partly Cloudy
1576753200;28.0;23.0;0.74;ESE;2.5;0.0;1012.8;0.0;Light Rain
1576756800;28.0;24.0;0.79;SE;4.722222222222222;0.0;1012.8;0.0;Mostly Cloudy
1576760400;29.0;24.0;0.74;SE;6.111111111111111;0.0;1012.8;0.0;Mostly Cloudy
1576764000;28.0;23.0;0.74;E;4.722222222222222;0.0;1012.8;0.0;Showers in the Vicinity
1576767600;30.0;22.0;0.62;E;4.722222222222222;0.0;1012.8;0.0;Partly Cloudy
1576771200;30.0;23.0;0.66;E;4.722222222222222;0.0;1011.8;0.0;Partly Cloudy
1576774800;30.0;23.0;0.66;E;5.277777777777778;0.0;1011.8;0.0;Partly Cloudy
1576778400;29.0;23.0;0.7;E;4.722222222222222;0.0;1011.8;0.0;Mostly Cloudy
1576782000;29.0;22.0;0.66;E;5.277777777777778;0.0;1010.8;0.0;Partly Cloudy
1576785600;29.0;22.0;0.66;E;3.611111111111111;0.0;1011.8;0.0;Partly Cloudy
1576789200;28.0;22.0;0.7;E;3.611111111111111;0.0;1011.8;0.0;Fair
1576792800;28.0;22.0;0.7;ESE;4.166666666666667;0.0;1012.8;0.0;Partly Cloudy
1576796400;28.0;22.0;0.7;E;3.0555555555555554;0.0;1013.8;0.0;Partly Cloudy
1576800000;27.0;23.0;0.79;SE;4.166666666666667;0.0;1013.8;0.0;Partly Cloudy
1576803600;28.0;23.0;0.74;ESE;3.0555555555555554;0.0;1013.8;0.0;Partly Cloudy
1576807200;28.0;22.0;0.7;E;4.722222222222222;0.0;1012.8;0.0;Partly Cloudy
1577242800;28.0;23.0;0.74;ESE;2.5;0.0;1010.8;0.0;Partly Cloudy
1577246400;27.0;23.0;0.79;ESE;3.611111111111111;0.0;1010.8;0.0;Partly Cloudy
1577250000;27.0;23.0;0.79;ESE;2.5;0.0;1009.8;0.0;Partly Cloudy
1577253600;27.0;23.0;0.79;E;4.166666666666667;0.0;1009.8;0.0;Partly Cloudy
1577257200;27.0;23.0;0.79;ESE;3.0555555555555554;0.0;1009.8;0.0;Showers in the Vicinity
1577260800;27.0;23.0;0.79;E;3.611111111111111;0.0;1009.8;0.0;Partly Cloudy
1577264400;27.0;23.0;0.79;E;4.166666666666667;0.0;1010.8;0.0;Partly Cloudy
1577268000;28.0;23.0;0.74;ESE;4.166666666666667;0.0;1011.8;0.0;Partly Cloudy
1577271600;28.0;23.0;0.74;ESE;5.277777777777778;0.0;1011.8;0.0;Partly Cloudy
1577275200;29.0;22.0;0.66;ESE;5.555555555555555;0.0;1012.8;0.0;Partly Cloudy
1577278800;30.0;23.0;0.66;ESE;5.277777777777778;0.0;1011.8;0.0;Partly Cloudy
1577282400;30.0;23.0;0.66;ESE;5.277777777777778;0.0;1010.8;0.0;Partly Cloudy
1577286000;31.0;23.0;0.62;ESE;5.277777777777778;0.0;1010.8;0.0;Partly Cloudy
1577289600;30.0;22.0;0.62;E;5.277777777777778;0.0;1009.8;0.0;Partly Cloudy
1577293200;30.0;22.0;0.62;E;4.722222222222222;0.0;1009.8;0.0;Partly Cloudy
1577296800;30.0;22.0;0.62;ESE;6.111111111111111;0.0;1008.8;0.0;Fair
1577300400;29.0;23.0;0.7;SE;6.111111111111111;0.0;1009.8;0.0;Fair
1577304000;28.0;22.0;0.7;ESE;5.277777777777778;0.0;1009.8;0.0;Partly Cloudy
1577307600;28.0;22.0;0.7;ESE;3.0555555555555554;0.0;1009.8;0.0;Fair
1577311200;28.0;22.0;0.7;ESE;3.611111111111111;0.0;1010.8;0.0;Mostly Cloudy
1577314800;28.0;23.0;0.74;ESE;4.166666666666667;0.0;1010.8;0.0;Partly Cloudy
1577318400;28.0;23.0;0.74;SE;5.277777777777778;0.0;1011.8;0.0;Partly Cloudy
1577322000;27.0;23.0;0.79;E;3.0555555555555554;0.0;1011.8;0.0;Partly Cloudy
1577325600;27.0;22.0;0.74;E;3.611111111111111;0.0;1010.8;0.0;Partly Cloudy
1577329200;27.0;22.0;0.74;ESE;3.0555555555555554;0.0;1010.8;0.0;Partly Cloudy
1577332800;27.0;22.0;0.74;ESE;2.5;0.0;1010.8;0.0;Partly Cloudy
1577336400;27.0;22.0;0.74;E;2.5;0.0;1009.8;0.0;Partly Cloudy
1577340000;27.0;22.0;0.74;ESE;1.9444444444444444;0.0;1009.8;0.0;Partly Cloudy
1577343600;27.0;22.0;0.74;ESE;2.5;0.0;1010.8;0.0;Partly Cloudy
1577347200;27.0;22.0;0.74;ESE;3.0555555555555554;0.0;1010.8;0.0;Partly Cloudy
1577350800;27.0;22.0;0.74;ESE;4.166666666666667;0.0;1011.8;0.0;Mostly Cloudy
1577354400;28.0;21.0;0.66;E;3.611111111111111;0.0;1011.8;0.0;Showers in the Vicinity
1577358000;28.0;20.0;0.62;ESE;4.722222222222222;0.0;1012.8;0.0;Partly Cloudy
1577361600;29.0;21.0;0.62;E;3.0555555555555554;0.0;1012.8;0.0;Mostly Cloudy
1577365200;30.0;21.0;0.58;E;5.277777777777778;0.0;1011.8;0.0;Mostly Cloudy
1577368800;30.0;22.0;0.62;E;5.277777777777778;0.0;1011.8;0.0;Fair
1577372400;30.0;22.0;0.62;ESE;5.277777777777778;0.0;1011.8;0.0;Fair
1577376000;30.0;21.0;0.58;SE;6.111111111111111;0.0;1010.8;0.0;Fair
1577379600;30.0;21.0;0.58;ESE;5.277777777777778;0.0;1009.8;0.0;Fair
1577383200;29.0;21.0;0.62;SE;6.111111111111111;0.0;1009.8;0.0;Fair
1577386800;29.0;22.0;0.66;SE;5.277777777777778;0.0;1009.8;0.0;Partly Cloudy
1577390400;29.0;22.0;0.66;ESE;4.166666666666667;0.0;1009.8;0.0;Partly Cloudy
1577394000;28.0;22.0;0.7;SE;5.277777777777778;0.0;1009.8;0.0;Partly Cloudy
1577397600;28.0;22.0;0.7;ESE;3.611111111111111;0.0;1010.8;0.0;Mostly Cloudy
1577401200;28.0;22.0;0.7;ESE;4.166666666666667;0.0;1011.8;0.0;Mostly Cloudy
1577404800;28.0;21.0;0.66;ESE;4.166666666666667;0.0;1011.8;0.0;Mostly Cloudy
1577408400;28.0;21.0;0.66;ESE;3.611111111111111;0.0;1011.8;0.0;Mostly Cloudy
1577412000;27.0;22.0;0.74;SE;4.722222222222222;0.0;1011.8;0.0;Partly Cloudy
1577502000;27.0;20.0;0.65;E;3.611111111111111;0.0;1010.8;0.0;Partly Cloudy
1577505600;27.0;20.0;0.65;E;3.611111111111111;0.0;1010.8;0.0;Partly Cloudy
1577509200;27.0;20.0;0.65;E;3.0555555555555554;0.0;1009.8;0.0;Partly Cloudy
1577512800;27.0;21.0;0.7;E;1.6666666666666665;0.0;1009.8;0.0;Partly Cloudy
1577516400;27.0;21.0;0.7;E;1.9444444444444444;0.0;1009.8;0.0;Partly Cloudy
1577520000;27.0;21.0;0.7;ESE;3.0555555555555554;0.0;1009.8;0.0;Partly Cloudy
1577523600;27.0;21.0;0.7;ESE;1.9444444444444444;0.0;1010.8;0.0;Partly Cloudy
1577527200;28.0;21.0;0.66;ESE;3.611111111111111;0.0;1010.8;0.0;Partly Cloudy
1577530800;28.0;21.0;0.66;E;3.611111111111111;0.0;1011.8;0.0;Partly Cloudy
1577534400;28.0;21.0;0.66;ESE;4.166666666666667;0.0;1011.8;0.0;Partly Cloudy
1577538000;29.0;21.0;0.62;E;4.722222222222222;0.0;1011.8;0.0;Partly Cloudy
1577541600;30.0;21.0;0.58;E;4.722222222222222;0.0;1010.8;0.0;Partly Cloudy
1577545200;30.0;22.0;0.62;ESE;4.722222222222222;0.0;1010.8;0.0;Partly Cloudy
1577548800;30.0;22.0;0.62;E;4.722222222222222;0.0;1009.8;0.0;Partly Cloudy
1577552400;30.0;22.0;0.62;E;4.722222222222222;0.0;1009.8;0.0;Partly Cloudy
1577556000;29.0;21.0;0.62;E;4.722222222222222;0.0;1008.8;0.0;Partly Cloudy
1577559600;29.0;22.0;0.66;E;4.722222222222222;0.0;1008.8;0.0;Partly Cloudy
1577563200;28.0;22.0;0.7;E;3.611111111111111;0.0;1009.8;0.0;Partly Cloudy
1577566800;28.0;21.0;0.66;E;3.0555555555555554;0.0;1009.8;0.0;Partly Cloudy
1577570400;28.0;22.0;0.7;E;3.0555555555555554;0.0;1009.8;0.0;Partly Cloudy
1577574000;28.0;22.0;0.7;E;3.611111111111111;0.0;1010.8;0.0;Partly Cloudy
1577577600;28.0;22.0;0.7;E;3.0555555555555554;0.0;1010.8;0.0;Partly Cloudy
1577581200;28.0;22.0;0.7;E;2.5;0.0;1010.8;0.0;Partly Cloudy
1577584800;27.0;22.0;0.74;E;3.0555555555555554;0.0;1010.8;0.0;Partly Cloudy
1577588400;28.0;22.0;0.7;E;1.9444444444444444;0.0;1009.8;0.0;Partly Cloudy
1577592000;27.0;22.0;0.74;E;2.5;0.0;1008.8;0.0;Partly Cloudy
1577595600;27.0;21.0;0.7;E;2.5;0.0;1008.8;0.0;Fair
1577599200;27.0;22.0;0.74;ESE;1.9444444444444444;0.0;1008.8;0.0;Partly Cloudy
1577602800;27.0;22.0;0.74;ESE;1.9444444444444444;0.0;1008.8;0.0;Partly Cloudy
1577606400;27.0;22.0;0.74;E;2.5;0.0;1009.8;0.0;Mostly Cloudy
1577610000;28.0;22.0;0.7;ESE;2.5;0.0;1009.8;0.0;Showers in the Vicinity
1577613600;29.0;22.0;0.66;ESE;3.0555555555555554;0.0;1010.8;0.0;Partly Cloudy
1577617200;29.0;22.0;0.66;ESE;3.611111111111111;0.0;1010.8;0.0;Partly Cloudy
1577620800;30.0;22.0;0.62;E;3.611111111111111;0.0;1010.8;0.0;Partly Cloudy
1577624400;30.0;22.0;0.62;E;3.611111111111111;0.0;1010.8;0.0;Partly Cloudy
1577628000;30.0;22.0;0.62;E;4.166666666666667;0.0;1010.8;0.0;Partly Cloudy
1577631600;30.0;22.0;0.62;ESE;5.277777777777778;0.0;1009.8;0.0;Partly Cloudy
1577635200;31.0;22.0;0.58;E;5.277777777777778;0.0;1008.8;0.0;Partly Cloudy
1577638800;30.0;22.0;0.62;ESE;5.555555555555555;0.0;1007.8;0.0;Partly Cloudy
1577642400;29.0;22.0;0.66;ESE;5.555555555555555;0.0;1007.8;0.0;Partly Cloudy
1577646000;29.0;22.0;0.66;E;4.166666666666667;0.0;1007.8;0.0;Partly Cloudy
1577649600;29.0;22.0;0.66;E;4.166666666666667;0.0;1007.8;0.0;Mostly Cloudy
1577653200;28.0;22.0;0.7;ESE;4.722222222222222;0.0;1007.8;0.0;Partly Cloudy
1577656800;28.0;22.0;0.7;E;4.722222222222222;0.0;1007.8;0.0;Partly Cloudy
1577660400;28.0;23.0;0.74;E;3.0555555555555554;0.0;1008.8;0.0;Partly Cloudy
1577664000;28.0;22.0;0.7;E;4.166666666666667;0.0;1008.8;0.0;Partly Cloudy
1577667600;28.0;22.0;0.7;E;4.166666666666667;0.0;1008.8;0.0;Partly Cloudy
1577671200;28.0;22.0;0.7;E;3.0555555555555554;0.0;1009.8;0.0;Partly Cloudy
1577847600;28.0;23.0;0.74;E;1.9444444444444444;0.0;1010.8;0.0;Mostly Cloudy
1577851200;26.0;22.0;0.78;ENE;3.0555555555555554;0.0;1009.8;0.0;Light Rain
1577854800;26.0;22.0;0.78;E;1.9444444444444444;0.0;1009.8;0.0;Mostly Cloudy
1577858400;27.0;23.0;0.79;ENE;2.5;0.0;1009.8;0.0;Mostly Cloudy
1577862000;27.0;23.0;0.79;ENE;2.5;0.0;1009.8;0.0;Partly Cloudy
1577865600;27.0;23.0;0.79;ENE;1.6666666666666665;0.0;1009.8;0.0;Mostly Cloudy
1577869200;27.0;22.0;0.74;ENE;2.5;0.0;1010.8;0.0;Mostly Cloudy
1577872800;29.0;22.0;0.66;ENE;2.5;0.0;1010.8;0.0;Mostly Cloudy
1577876400;29.0;22.0;0.66;NE;3.0555555555555554;0.0;1011.8;0.0;Mostly Cloudy
1577880000;29.0;23.0;0.7;E;3.611111111111111;0.0;1011.8;0.0;Mostly Cloudy
1577883600;29.0;22.0;0.66;ENE;4.166666666666667;0.0;1011.8;0.0;Mostly Cloudy
1577887200;30.0;23.0;0.66;E;3.611111111111111;0.0;1010.8;0.0;Mostly Cloudy
1577890800;29.0;22.0;0.66;ENE;3.611111111111111;0.0;1010.8;0.0;Mostly Cloudy
1577894400;29.0;23.0;0.7;ENE;3.611111111111111;0.0;1009.8;0.0;Mostly Cloudy
1577898000;29.0;22.0;0.66;ENE;3.0555555555555554;0.0;1009.8;0.0;Mostly Cloudy
1577901600;29.0;22.0;0.66;E;3.611111111111111;0.0;1008.8;0.0;Cloudy
1577905200;28.0;22.0;0.7;ENE;3.611111111111111;0.0;1008.8;0.0;Cloudy
1577908800;28.0;23.0;0.74;E;3.611111111111111;0.0;1008.8;0.0;Mostly Cloudy
1577912400;28.0;22.0;0.7;E;3.611111111111111;0.0;1009.8;0.0;Partly Cloudy
1577916000;28.0;22.0;0.7;ENE;3.0555555555555554;0.0;1009.8;0.0;Partly Cloudy
1577919600;28.0;22.0;0.7;E;2.5;0.0;1010.8;0.0;Partly Cloudy
1577923200;28.0;22.0;0.7;E;3.0555555555555554;0.0;1010.8;0.0;Fair
1577926800;28.0;22.0;0.7;E;3.611111111111111;0.0;1010.8;0.0;Partly Cloudy
1577930400;28.0;22.0;0.7;E;3.611111111111111;0.0;1010.8;0.0;Partly Cloudy
1577934000;28.0;22.0;0.7;E;2.5;0.0;1010.8;0.0;Fair
1577937600;28.0;22.0;0.7;E;2.5;0.0;1009.8;0.0;Partly Cloudy
1577941200;27.0;23.0;0.79;E;1.9444444444444444;0.0;1009.8;0.0;Showers in the Vicinity
1577944800;26.0;23.0;0.83;NNE;1.6666666666666665;0.0;1009.8;0.0;Partly Cloudy
1577948400;26.0;23.0;0.83;WNW;1.6666666666666665;0.0;1009.8;0.0;Fair
1577952000;25.0;23.0;0.89;NW;1.9444444444444444;0.0;1009.8;0.0;Partly Cloudy
1577955600;25.0;23.0;0.89;NW;1.6666666666666665;0.0;1010.8;0.0;Mostly Cloudy
1577959200;27.0;23.0;0.79;NW;1.9444444444444444;0.0;1010.8;0.0;Partly Cloudy
1577962800;29.0;23.0;0.7;ENE;3.0555555555555554;0.0;1011.8;0.0;Partly Cloudy
1577966400;29.0;22.0;0.66;ENE;3.611111111111111;0.0;1011.8;0.0;Partly Cloudy
1577970000;30.0;23.0;0.66;E;4.166666666666667;0.0;1011.8;0.0;Partly Cloudy
1577973600;30.0;24.0;0.7;E;3.611111111111111;0.0;1010.8;0.0;Partly Cloudy
1577977200;30.0;23.0;0.66;ENE;4.722222222222222;0.0;1010.8;0.0;Partly Cloudy
1577980800;31.0;24.0;0.66;NE;4.722222222222222;0.0;1010.8;0.0;Partly Cloudy
1577984400;30.0;23.0;0.66;ENE;5.277777777777778;0.0;1009.8;0.0;Partly Cloudy
1577988000;30.0;23.0;0.66;ENE;4.166666666666667;0.0;1009.8;0.0;Partly Cloudy
1577991600;30.0;22.0;0.62;ENE;3.611111111111111;0.0;1009.8;0.0;Partly Cloudy
1577995200;29.0;22.0;0.66;ENE;4.166666666666667;0.0;1009.8;0.0;Fair
1577998800;28.0;23.0;0.74;ENE;4.166666666666667;0.0;1009.8;0.0;Fair
1578002400;28.0;23.0;0.74;ENE;3.0555555555555554;0.0;1009.8;0.0;Fair
1578006000;28.0;23.0;0.74;ENE;2.5;0.0;1010.8;0.0;Fair
1578009600;28.0;23.0;0.74;ENE;2.5;0.0;1010.8;0.0;Partly Cloudy
1578016800;28.0;23.0;0.74;ENE;2.5;0.0;1010.8;0.0;Partly Cloudy
1578020400;27.0;23.0;0.79;ENE;1.9444444444444444;0.0;1010.8;0.0;Partly Cloudy
1578024000;27.0;23.0;0.79;ENE;2.5;0.0;1009.8;0.0;Partly Cloudy
1578027600;27.0;23.0;0.79;NE;2.5;0.0;1012.8;0.0;Partly Cloudy
1578031200;28.0;23.0;0.74;NE;1.9444444444444444;0.0;1009.8;0.0;Partly Cloudy
1578034800;27.0;23.0;0.79;NE;1.9444444444444444;0.0;1009.8;0.0;Partly Cloudy
1578038400;27.0;23.0;0.79;NNE;1.9444444444444444;0.0;1010.8;0.0;Partly Cloudy
1578042000;27.0;23.0;0.79;NW;1.6666666666666665;0.0;1010.8;0.0;Partly Cloudy
1578045600;28.0;23.0;0.74;ENE;3.611111111111111;0.0;1011.8;0.0;Partly Cloudy
1578049200;29.0;23.0;0.7;ENE;3.611111111111111;0.0;1012.8;0.0;Partly Cloudy
1578052800;30.0;23.0;0.66;E;3.611111111111111;0.0;1012.8;0.0;Mostly Cloudy
1578056400;30.0;23.0;0.66;ENE;3.611111111111111;0.0;1012.8;0.0;Partly Cloudy
1578060000;30.0;22.0;0.62;ENE;3.611111111111111;0.0;1011.8;0.0;Partly Cloudy
1578063600;31.0;24.0;0.66;E;4.722222222222222;0.0;1011.8;0.0;Partly Cloudy
1578067200;30.0;23.0;0.66;E;4.722222222222222;0.0;1010.8;0.0;Partly Cloudy
1578070800;30.0;23.0;0.66;ENE;4.722222222222222;0.0;1009.8;0.0;Partly Cloudy
1578074400;30.0;23.0;0.66;ENE;4.166666666666667;0.0;1009.8;0.0;Partly Cloudy
1578078000;29.0;23.0;0.7;E;4.166666666666667;0.0;1009.8;0.0;Partly Cloudy
1578081600;29.0;23.0;0.7;E;3.611111111111111;0.0;1009.8;0.0;Partly Cloudy
1578085200;28.0;23.0;0.74;E;3.0555555555555554;0.0;1009.8;0.0;Partly Cloudy
1578088800;28.0;23.0;0.74;E;4.166666666666667;0.0;1010.8;0.0;Partly Cloudy
1578092400;28.0;23.0;0.74;ENE;2.5;0.0;1011.8;0.0;Partly Cloudy
1578096000;28.0;23.0;0.74;E;1.9444444444444444;0.0;1011.8;0.0;Partly Cloudy
1578099600;27.0;22.0;0.74;NE;2.5;0.0;1011.8;0.0;Mostly Cloudy
1578103200;27.0;22.0;0.74;ENE;1.9444444444444444;0.0;1011.8;0.0;Partly Cloudy
1578106800;27.0;22.0;0.74;ENE;2.5;0.0;1010.8;0.0;Partly Cloudy
1578110400;27.0;22.0;0.74;NE;1.9444444444444444;0.0;1010.8;0.0;Partly Cloudy
1578114000;27.0;22.0;0.74;ENE;2.5;0.0;1009.8;0.0;Partly Cloudy
1578117600;27.0;22.0;0.74;NE;1.9444444444444444;0.0;1009.8;0.0;Partly Cloudy
1578121200;27.0;22.0;0.74;NE;1.9444444444444444;0.0;1010.8;0.0;Mostly Cloudy
1578124800;27.0;22.0;0.74;NE;1.6666666666666665;0.0;1010.8;0.0;Partly Cloudy
1578128400;26.0;22.0;0.78;VAR;1.1111111111111112;0.0;1011.8;0.0;Mostly Cloudy
1578132000;28.0;22.0;0.7;NE;2.5;0.0;1011.8;0.0;Partly Cloudy
1578135600;29.0;22.0;0.66;ENE;3.611111111111111;0.0;1012.8;0.0;Mostly Cloudy
1578139200;30.0;22.0;0.62;E;4.166666666666667;0.0;1012.8;0.0;Partly Cloudy
1578142800;30.0;21.0;0.58;E;4.722222222222222;0.0;1011.8;0.0;Fair
1578146400;31.0;21.0;0.55;ENE;4.722222222222222;0.0;1011.8;0.0;Fair
1578150000;31.0;20.0;0.52;E;4.166666666666667;0.0;1011.8;0.0;Fair
1578153600;31.0;19.0;0.49;ENE;4.722222222222222;0.0;1010.8;0.0;Fair
1578157200;30.0;21.0;0.58;ENE;4.722222222222222;0.0;1009.8;0.0;Fair
1578160800;30.0;22.0;0.62;ENE;4.166666666666667;0.0;1009.8;0.0;Fair
1578164400;29.0;21.0;0.62;ENE;4.722222222222222;0.0;1008.8;0.0;Fair
1578168000;29.0;22.0;0.66;ENE;4.166666666666667;0.0;1009.8;0.0;Fair
1578171600;28.0;22.0;0.7;ENE;3.0555555555555554;0.0;1009.8;0.0;Fair
1578175200;28.0;22.0;0.7;ENE;3.611111111111111;0.0;1010.8;0.0;Fair
1578178800;28.0;22.0;0.7;ENE;3.0555555555555554;0.0;1011.8;0.0;Partly Cloudy
1578182400;28.0;23.0;0.74;ENE;3.611111111111111;0.0;1011.8;0.0;Partly Cloudy
1578186000;28.0;22.0;0.7;ENE;2.5;0.0;1011.8;0.0;Partly Cloudy
1578189600;28.0;22.0;0.7;ENE;3.0555555555555554;0.0;1011.8;0.0;Partly Cloudy
1578625200;28.0;22.0;0.7;VAR;1.9444444444444444;0.0;1010.8;0.0;Partly Cloudy
1578628800;28.0;22.0;0.7;E;1.6666666666666665;0.0;1010.8;0.0;Fair
1578632400;27.0;22.0;0.74;ESE;1.6666666666666665;0.0;1010.8;0.0;Fair
1578636000;27.0;22.0;0.74;E;3.0555555555555554;0.0;1010.8;0.0;Fair
1578639600;27.0;22.0;0.74;ESE;2.5;0.0;1010.8;0.0;Partly Cloudy
1578643200;27.0;21.0;0.7;ESE;2.5;0.0;1011.8;0.0;Fair
1578646800;28.0;22.0;0.7;E;2.5;0.0;1011.8;0.0;Fair
1578650400;28.0;21.0;0.66;E;3.0555555555555554;0.0;1012.8;0.0;Partly Cloudy
1578654000;28.0;22.0;0.7;ESE;5.277777777777778;0.0;1012.8;0.0;Mostly Cloudy
1578657600;29.0;22.0;0.66;E;4.166666666666667;0.0;1012.8;0.0;Partly Cloudy
1578661200;31.0;22.0;0.58;E;4.722222222222222;0.0;1012.8;0.0;Partly Cloudy
1578664800;30.0;22.0;0.62;E;5.277777777777778;0.0;1012.8;0.0;Partly Cloudy
1578668400;31.0;22.0;0.58;ESE;5.277777777777778;0.0;1011.8;0.0;Fair
1578672000;30.0;21.0;0.58;E;4.722222222222222;0.0;1010.8;0.0;Fair
1578675600;30.0;22.0;0.62;ESE;4.166666666666667;0.0;1010.8;0.0;Fair
1578679200;30.0;22.0;0.62;E;4.166666666666667;0.0;1010.8;0.0;Fair
1578682800;30.0;22.0;0.62;E;3.611111111111111;0.0;1009.8;0.0;Fair
1578686400;29.0;22.0;0.66;E;4.166666666666667;0.0;1010.8;0.0;Fair
1578690000;28.0;22.0;0.7;ESE;3.611111111111111;0.0;1010.8;0.0;Fair
1578693600;28.0;22.0;0.7;E;3.0555555555555554;0.0;1011.8;0.0;Partly Cloudy
1578697200;28.0;23.0;0.74;ESE;3.0555555555555554;0.0;1011.8;0.0;Mostly Cloudy
1578700800;28.0;22.0;0.7;E;3.0555555555555554;0.0;1011.8;0.0;Fair
1578704400;28.0;22.0;0.7;E;3.611111111111111;0.0;1012.8;0.0;Fair
1578708000;28.0;23.0;0.74;E;2.5;0.0;1012.8;0.0;Partly Cloudy
1578711600;28.0;23.0;0.74;E;3.0555555555555554;0.0;1011.8;0.0;Partly Cloudy
1578715200;28.0;22.0;0.7;E;3.0555555555555554;0.0;1010.8;0.0;Fair
1578718800;27.0;23.0;0.79;E;3.0555555555555554;0.0;1010.8;0.0;Partly Cloudy
1578722400;27.0;23.0;0.79;E;3.611111111111111;0.0;1010.8;0.0;Mostly Cloudy
1578726000;27.0;22.0;0.74;E;4.166666666666667;0.0;1010.8;0.0;Partly Cloudy
1578729600;27.0;22.0;0.74;E;3.0555555555555554;0.0;1010.8;0.0;Partly Cloudy
1578733200;28.0;22.0;0.7;E;3.0555555555555554;0.0;1010.8;0.0;Partly Cloudy
1578736800;28.0;22.0;0.7;ESE;4.166666666666667;0.0;1011.8;0.0;Partly Cloudy
1578740400;28.0;22.0;0.7;E;3.611111111111111;0.0;1011.8;0.0;Partly Cloudy
1578744000;29.0;22.0;0.66;SE;4.722222222222222;0.0;1011.8;0.0;Partly Cloudy
1578747600;30.0;22.0;0.62;ESE;4.166666666666667;0.0;1011.8;0.0;Fair
1578751200;30.0;21.0;0.58;ENE;4.166666666666667;0.0;1011.8;0.0;Fair
1578754800;30.0;23.0;0.66;E;3.611111111111111;0.0;1011.8;0.0;Fair
1578758400;30.0;22.0;0.62;ESE;5.277777777777778;0.0;1010.8;0.0;Fair
1578762000;30.0;22.0;0.62;ESE;5.555555555555555;0.0;1010.8;0.0;Fair
1578765600;29.0;22.0;0.66;E;4.722222222222222;0.0;1009.8;0.0;Partly Cloudy
1578769200;29.0;21.0;0.62;VAR;4.166666666666667;0.0;1009.8;0.0;Partly Cloudy
1578772800;29.0;22.0;0.66;VAR;3.611111111111111;0.0;1010.8;0.0;Partly Cloudy
1578776400;28.0;22.0;0.7;ESE;3.0555555555555554;0.0;1010.8;0.0;Partly Cloudy
1578780000;28.0;22.0;0.7;ESE;3.0555555555555554;0.0;1010.8;0.0;Fair
1578783600;28.0;22.0;0.7;ESE;2.5;0.0;1011.8;0.0;Fair
1578787200;28.0;22.0;0.7;ESE;2.5;0.0;1011.8;0.0;Fair
1578790800;27.0;22.0;0.74;SE;2.5;0.0;1011.8;0.0;Fair
1578794400;28.0;22.0;0.7;SE;3.611111111111111;0.0;1011.8;0.0;Mostly Cloudy
1578798000;28.0;22.0;0.7;ESE;1.9444444444444444;0.0;1010.8;0.0;Partly Cloudy
1578801600;27.0;22.0;0.74;ESE;1.9444444444444444;0.0;1010.8;0.0;Mostly Cloudy
1578805200;27.0;22.0;0.74;SE;2.5;0.0;1010.8;0.0;Partly Cloudy
1578808800;27.0;23.0;0.79;SE;2.5;0.0;1010.8;0.0;Partly Cloudy
1578812400;27.0;22.0;0.74;ESE;1.9444444444444444;0.0;1010.8;0.0;Mostly Cloudy
1578816000;27.0;22.0;0.74;E;3.0555555555555554;0.0;1010.8;0.0;Partly Cloudy
1578819600;28.0;23.0;0.74;E;2.5;0.0;1011.8;0.0;Mostly Cloudy
1578823200;28.0;22.0;0.7;ESE;3.611111111111111;0.0;1011.8;0.0;Partly Cloudy
1578826800;29.0;22.0;0.66;ESE;4.166666666666667;0.0;1012.8;0.0;Partly Cloudy
1578830400;30.0;22.0;0.62;ESE;4.166666666666667;0.0;1012.8;0.0;Partly Cloudy
1578834000;30.0;22.0;0.62;ESE;4.166666666666667;0.0;1012.8;0.0;Partly Cloudy
1578837600;30.0;22.0;0.62;SE;4.722222222222222;0.0;1012.8;0.0;Partly Cloudy
1578841200;30.0;22.0;0.62;SE;5.277777777777778;0.0;1011.8;0.0;Partly Cloudy
1578844800;31.0;22.0;0.58;SE;4.166666666666667;0.0;1011.8;0.0;Partly Cloudy
1578848400;30.0;22.0;0.62;SE;4.722222222222222;0.0;1010.8;0.0;Partly Cloudy
1578852000;30.0;22.0;0.62;SE;5.277777777777778;0.0;1010.8;0.0;Fair
1578855600;30.0;22.0;0.62;ESE;4.166666666666667;0.0;1010.8;0.0;Fair
1578859200;29.0;22.0;0.66;SE;4.166666666666667;0.0;1010.8;0.0;Partly Cloudy
1578862800;28.0;22.0;0.7;SE;3.611111111111111;0.0;1011.8;0.0;Partly Cloudy
1578866400;28.0;23.0;0.74;ESE;3.0555555555555554;0.0;1011.8;0.0;Partly Cloudy
1578870000;28.0;23.0;0.74;ESE;4.166666666666667;0.0;1011.8;0.0;Partly Cloudy
1578873600;28.0;22.0;0.7;SE;4.166666666666667;0.0;1012.8;0.0;Fair
1578877200;28.0;22.0;0.7;ESE;3.0555555555555554;0.0;1011.8;0.0;Fair
1578880800;28.0;22.0;0.7;SE;4.166666666666667;0.0;1011.8;0.0;Fair
1578884400;28.0;22.0;0.7;ESE;4.166666666666667;0.0;1011.8;0.0;Fair
1578888000;28.0;22.0;0.7;ESE;3.0555555555555554;0.0;1010.8;0.0;Fair
1578891600;27.0;22.0;0.74;ESE;2.5;0.0;1010.8;0.0;Fair
1578895200;27.0;22.0;0.74;ESE;2.5;0.0;1009.8;0.0;Fair
1578898800;27.0;22.0;0.74;SE;2.5;0.0;1009.8;0.0;Fair
1578902400;27.0;22.0;0.74;SE;3.0555555555555554;0.0;1010.8;0.0;Fair
1578906000;27.0;23.0;0.79;SSE;4.166666666666667;0.0;1010.8;0.0;Fair
1578909600;29.0;23.0;0.7;SSE;5.277777777777778;0.0;1011.8;0.0;Fair
1578913200;29.0;23.0;0.7;ESE;3.611111111111111;0.0;1011.8;0.0;Partly Cloudy
1578916800;30.0;23.0;0.66;ESE;4.166666666666667;0.0;1011.8;0.0;Partly Cloudy
1578920400;30.0;22.0;0.62;SSE;5.277777777777778;0.0;1011.8;0.0;Partly Cloudy
1578924000;30.0;22.0;0.62;SE;5.277777777777778;0.0;1011.8;0.0;Partly Cloudy
1578927600;31.0;23.0;0.62;ESE;4.722222222222222;0.0;1010.8;0.0;Fair
1578931200;30.0;22.0;0.62;ESE;4.722222222222222;0.0;1009.8;0.0;Fair
1578934800;30.0;23.0;0.66;ESE;4.722222222222222;0.0;1008.8;0.0;Fair
1578938400;30.0;22.0;0.62;ESE;5.555555555555555;0.0;1008.8;0.0;Fair
1578942000;29.0;22.0;0.66;ESE;5.277777777777778;0.0;1008.8;0.0;Fair
1578945600;29.0;23.0;0.7;SE;4.722222222222222;0.0;1009.8;0.0;Fair
1578949200;28.0;23.0;0.74;SE;4.166666666666667;0.0;1009.8;0.0;Partly Cloudy
1578952800;29.0;23.0;0.7;ESE;4.722222222222222;0.0;1009.8;0.0;Mostly Cloudy
1578956400;28.0;23.0;0.74;ESE;3.0555555555555554;0.0;1010.8;0.0;Mostly Cloudy
1578960000;28.0;23.0;0.74;ESE;3.611111111111111;0.0;1011.8;0.0;Mostly Cloudy
1578963600;28.0;22.0;0.7;ESE;3.611111111111111;0.0;1011.8;0.0;Partly Cloudy
1578967200;28.0;22.0;0.7;ESE;3.611111111111111;0.0;1010.8;0.0;Partly Cloudy
1578970800;28.0;22.0;0.7;ESE;3.611111111111111;0.0;1010.8;0.0;Partly Cloudy
1578974400;28.0;22.0;0.7;SE;3.0555555555555554;0.0;1010.8;0.0;Mostly Cloudy
1578978000;28.0;22.0;0.7;E;3.0555555555555554;0.0;1010.8;0.0;Partly Cloudy
1578981600;28.0;22.0;0.7;ESE;3.611111111111111;0.0;1010.8;0.0;Partly Cloudy
1578985200;27.0;21.0;0.7;ESE;3.0555555555555554;0.0;1010.8;0.0;Partly Cloudy
1578988800;27.0;21.0;0.7;ESE;3.0555555555555554;0.0;1010.8;0.0;Fair
1578992400;27.0;22.0;0.74;SE;3.0555555555555554;0.0;1010.8;0.0;Fair
1578996000;29.0;21.0;0.62;SE;3.611111111111111;0.0;1010.8;0.0;Fair
1578999600;29.0;22.0;0.66;ESE;4.166666666666667;0.0;1010.8;0.0;Partly Cloudy
1579003200;30.0;22.0;0.62;ESE;3.611111111111111;0.0;1011.8;0.0;Partly Cloudy
1579006800;30.0;22.0;0.62;VAR;3.0555555555555554;0.0;1011.8;0.0;Partly Cloudy
1579010400;30.0;21.0;0.58;ESE;4.166666666666667;0.0;1010.8;0.0;Partly Cloudy
1579014000;30.0;22.0;0.62;VAR;3.611111111111111;0.0;1009.8;0.0;Partly Cloudy
1579017600;30.0;22.0;0.62;ESE;4.722222222222222;0.0;1009.8;0.0;Partly Cloudy
1579021200;30.0;22.0;0.62;SE;4.166666666666667;0.0;1008.8;0.0;Partly Cloudy
1579024800;30.0;22.0;0.62;ESE;5.277777777777778;0.0;1008.8;0.0;Partly Cloudy
1579028400;29.0;22.0;0.66;ESE;4.166666666666667;0.0;1008.8;0.0;Mostly Cloudy
1579032000;29.0;22.0;0.66;SE;4.722222222222222;0.0;1008.8;0.0;Partly Cloudy
1579035600;28.0;22.0;0.7;ESE;4.166666666666667;0.0;1009.8;0.0;Partly Cloudy
1579039200;28.0;22.0;0.7;ESE;4.166666666666667;0.0;1009.8;0.0;Fair
1579042800;28.0;21.0;0.66;ESE;3.0555555555555554;0.0;1010.8;0.0;Partly Cloudy
1579046400;28.0;21.0;0.66;ESE;3.0555555555555554;0.0;1010.8;0.0;Fair
1579050000;28.0;21.0;0.66;ESE;3.611111111111111;0.0;1011.8;0.0;Fair
1579053600;28.0;21.0;0.66;E;3.0555555555555554;0.0;1010.8;0.0;Fair
1579230000;28.0;23.0;0.74;VAR;2.5;0.0;1011.8;0.0;Mostly Cloudy
1579233600;28.0;22.0;0.7;ESE;4.722222222222222;0.0;1010.8;0.0;Partly Cloudy
1579237200;28.0;22.0;0.7;ESE;3.611111111111111;0.0;1010.8;0.0;Mostly Cloudy
1579240800;28.0;23.0;0.74;SE;3.0555555555555554;0.0;1010.8;0.0;Partly Cloudy
1579244400;28.0;22.0;0.7;ESE;3.611111111111111;0.0;1010.8;0.0;Partly Cloudy
1579248000;28.0;22.0;0.7;ESE;3.611111111111111;0.0;1010.8;0.0;Partly Cloudy
1579251600;28.0;22.0;0.7;ESE;3.611111111111111;0.0;1011.8;0.0;Partly Cloudy
1579255200;29.0;23.0;0.7;ESE;4.166666666666667;0.0;1012.8;0.0;Partly Cloudy
1579258800;30.0;22.0;0.62;ESE;4.166666666666667;0.0;1012.8;0.0;Partly Cloudy
1579262400;30.0;22.0;0.62;ESE;5.277777777777778;0.0;1013.8;0.0;Partly Cloudy
1579266000;30.0;23.0;0.66;SE;5.277777777777778;0.0;1013.8;0.0;Partly Cloudy
1579269600;32.0;23.0;0.59;ESE;5.277777777777778;0.0;1012.8;0.0;Fair
1579273200;32.0;23.0;0.59;SE;4.166666666666667;0.0;1012.8;0.0;Partly Cloudy
1579276800;30.0;22.0;0.62;ESE;5.277777777777778;0.0;1012.8;0.0;Showers in the Vicinity
1579280400;28.0;24.0;0.79;SE;3.611111111111111;0.0;1011.8;0.0;Mostly Cloudy
1579284000;29.0;23.0;0.7;SSE;6.111111111111111;0.0;1010.8;0.0;Mostly Cloudy
1579287600;30.0;23.0;0.66;SE;5.555555555555555;0.0;1010.8;0.0;Partly Cloudy
1579291200;29.0;23.0;0.7;SE;5.277777777777778;0.0;1011.8;0.0;Partly Cloudy
1579294800;29.0;23.0;0.7;ESE;4.166666666666667;0.0;1012.8;0.0;Partly Cloudy
1579298400;28.0;23.0;0.74;E;2.5;0.0;1012.8;0.0;Showers in the Vicinity
1579302000;28.0;22.0;0.7;ESE;4.166666666666667;0.0;1012.8;0.0;Fair
1579305600;28.0;23.0;0.74;SE;4.722222222222222;0.0;1013.8;0.0;Partly Cloudy
1579309200;28.0;23.0;0.74;SE;4.166666666666667;0.0;1013.8;0.0;Partly Cloudy
1579312800;28.0;24.0;0.79;ESE;3.611111111111111;0.0;1013.8;0.0;Partly Cloudy
1579489200;28.0;22.0;0.7;ESE;3.611111111111111;0.0;1010.8;0.0;Partly Cloudy
1579492800;28.0;23.0;0.74;ESE;3.611111111111111;0.0;1009.8;0.0;Partly Cloudy
1579496400;27.0;22.0;0.74;ESE;3.0555555555555554;0.0;1008.8;0.0;Mostly Cloudy
1579500000;27.0;23.0;0.79;SE;3.611111111111111;0.0;1008.8;0.0;Partly Cloudy
1579503600;27.0;22.0;0.74;SE;3.0555555555555554;0.0;1008.8;0.0;Partly Cloudy
1579507200;27.0;23.0;0.79;ESE;3.0555555555555554;0.0;1009.8;0.0;Partly Cloudy
1579510800;28.0;22.0;0.7;SE;4.166666666666667;0.0;1009.8;0.0;Partly Cloudy
1579514400;28.0;22.0;0.7;ESE;4.166666666666667;0.0;1010.8;0.0;Mostly Cloudy
1579518000;29.0;22.0;0.66;SE;4.722222222222222;0.0;1010.8;0.0;Mostly Cloudy
1579521600;29.0;22.0;0.66;E;4.166666666666667;0.0;1010.8;0.0;Mostly Cloudy
1579525200;30.0;22.0;0.62;SE;5.277777777777778;0.0;1010.8;0.0;Partly Cloudy
1579528800;30.0;22.0;0.62;SE;5.555555555555555;0.0;1010.8;0.0;Partly Cloudy
1579532400;30.0;22.0;0.62;SE;6.111111111111111;0.0;1009.8;0.0;Partly Cloudy
1579536000;31.0;22.0;0.58;SE;5.277777777777778;0.0;1008.8;0.0;Partly Cloudy
1579539600;30.0;22.0;0.62;ESE;5.277777777777778;0.0;1008.8;0.0;Partly Cloudy
1579543200;30.0;22.0;0.62;ESE;6.111111111111111;0.0;1007.8;0.0;Fair
1579546800;30.0;21.0;0.58;ESE;5.555555555555555;0.0;1007.8;0.0;Fair
1579550400;29.0;21.0;0.62;ESE;4.722222222222222;0.0;1007.8;0.0;Fair
1579554000;29.0;22.0;0.66;E;3.0555555555555554;0.0;1008.8;0.0;Fair
1579557600;28.0;22.0;0.7;ESE;3.611111111111111;0.0;1008.8;0.0;Fair
1579561200;28.0;22.0;0.7;ESE;3.611111111111111;0.0;1008.8;0.0;Fair
1579564800;28.0;23.0;0.74;E;2.5;0.0;1009.8;0.0;Partly Cloudy
1579568400;28.0;23.0;0.74;E;2.5;0.0;1009.8;0.0;Partly Cloudy
1579572000;28.0;23.0;0.74;ENE;3.0555555555555554;0.0;1009.8;0.0;Partly Cloudy
1579575600;28.0;23.0;0.74;E;2.5;0.0;1008.8;0.0;Partly Cloudy
1579579200;28.0;23.0;0.74;ENE;1.9444444444444444;0.0;1007.8;0.0;Partly Cloudy
1579582800;28.0;23.0;0.74;NE;1.9444444444444444;0.0;1007.8;0.0;Partly Cloudy
1579586400;28.0;22.0;0.7;NE;1.9444444444444444;0.0;1007.8;0.0;Partly Cloudy
1579590000;27.0;23.0;0.79;N;1.6666666666666665;0.0;1007.8;0.0;Partly Cloudy
1579593600;26.0;23.0;0.83;WNW;1.1111111111111112;0.0;1008.8;0.0;Partly Cloudy
1579597200;27.0;23.0;0.79;NNW;1.1111111111111112;0.0;1008.8;0.0;Partly Cloudy
1579600800;28.0;23.0;0.74;N;1.6666666666666665;0.0;1009.8;0.0;Partly Cloudy
1579604400;29.0;23.0;0.7;ENE;3.611111111111111;0.0;1009.8;0.0;Partly Cloudy
1579608000;30.0;23.0;0.66;ENE;3.611111111111111;0.0;1010.8;0.0;Partly Cloudy
1579611600;31.0;23.0;0.62;VAR;3.0555555555555554;0.0;1010.8;0.0;Partly Cloudy
1579615200;31.0;23.0;0.62;E;4.722222222222222;0.0;1009.8;0.0;Partly Cloudy
1579618800;30.0;23.0;0.66;E;4.722222222222222;0.0;1008.8;0.0;Fair
1579622400;31.0;24.0;0.66;E;4.722222222222222;0.0;1007.8;0.0;Partly Cloudy
1579626000;31.0;24.0;0.66;VAR;4.166666666666667;0.0;1007.8;0.0;Partly Cloudy
1579629600;31.0;24.0;0.66;E;4.722222222222222;0.0;1006.8;0.0;Partly Cloudy
1579633200;30.0;24.0;0.7;ENE;4.722222222222222;0.0;1005.81;0.0;Partly Cloudy
1579636800;29.0;24.0;0.74;ENE;4.722222222222222;0.0;1007.8;0.0;Fair
1579640400;29.0;24.0;0.74;ENE;4.166666666666667;0.0;1007.8;0.0;Partly Cloudy
1579644000;29.0;24.0;0.74;NE;3.0555555555555554;0.0;1008.8;0.0;Partly Cloudy
1579647600;29.0;24.0;0.74;ENE;3.0555555555555554;0.0;1009.8;0.0;Partly Cloudy
1579651200;29.0;24.0;0.74;NE;3.0555555555555554;0.0;1009.8;0.0;Partly Cloudy
1579654800;29.0;24.0;0.74;NE;3.611111111111111;0.0;1010.8;0.0;Mostly Cloudy
1579658400;29.0;24.0;0.74;NE;2.5;0.0;1009.8;0.0;Mostly Cloudy
1579662000;28.0;25.0;0.84;NE;2.5;0.0;1009.8;0.0;Thunder in the Vicinity
1579665600;28.0;25.0;0.84;N;2.5;0.0;1008.8;0.0;Partly Cloudy
1579669200;27.0;24.0;0.84;NW;2.5;0.0;1008.8;0.0;Partly Cloudy
1579672800;26.0;24.0;0.89;NNE;1.6666666666666665;0.0;1007.8;0.0;Partly Cloudy
1579676400;26.0;24.0;0.89;NW;1.6666666666666665;0.0;1007.8;0.0;Mostly Cloudy
1579680000;26.0;24.0;0.89;NW;1.1111111111111112;0.0;1008.8;0.0;Mostly Cloudy
1579683600;26.0;24.0;0.89;NW;1.9444444444444444;0.0;1008.8;0.0;Mostly Cloudy
1579687200;27.0;25.0;0.89;NW;2.5;0.0;1009.8;0.0;Showers in the Vicinity
1579690800;27.0;25.0;0.89;NNE;1.9444444444444444;0.0;1009.8;0.0;Light Rain Shower
1579694400;29.0;25.0;0.79;N;3.0555555555555554;0.0;1009.8;0.0;Mostly Cloudy
1579698000;30.0;25.0;0.74;NE;5.277777777777778;0.0;1009.8;0.0;Mostly Cloudy
1579701600;30.0;24.0;0.7;ENE;3.611111111111111;0.0;1009.8;0.0;Mostly Cloudy
1579705200;31.0;24.0;0.66;NE;5.277777777777778;0.0;1009.8;0.0;Mostly Cloudy
1579708800;30.0;24.0;0.7;ENE;3.611111111111111;0.0;1008.8;0.0;Mostly Cloudy
1579712400;29.0;24.0;0.74;NE;3.611111111111111;0.0;1008.8;0.0;Mostly Cloudy
1579716000;29.0;24.0;0.74;ENE;4.722222222222222;0.0;1007.8;0.0;Mostly Cloudy
1579719600;29.0;24.0;0.74;VAR;4.166666666666667;0.0;1007.8;0.0;Mostly Cloudy
1579723200;29.0;24.0;0.74;NE;3.0555555555555554;0.0;1007.8;0.0;Mostly Cloudy
1579726800;29.0;24.0;0.74;ENE;2.5;0.0;1008.8;0.0;Mostly Cloudy
1579730400;28.0;24.0;0.79;ENE;3.611111111111111;0.0;1008.8;0.0;Mostly Cloudy
1579734000;29.0;24.0;0.74;ENE;2.5;0.0;1009.8;0.0;Mostly Cloudy
1579737600;29.0;24.0;0.74;NE;2.5;0.0;1010.8;0.0;Mostly Cloudy
1579741200;29.0;24.0;0.74;ENE;2.5;0.0;1010.8;0.0;Mostly Cloudy
1579744800;28.0;24.0;0.79;NE;3.0555555555555554;0.0;1010.8;0.0;Mostly Cloudy
1579748400;28.0;24.0;0.79;NE;2.5;0.0;1009.8;0.0;Mostly Cloudy
1579752000;28.0;25.0;0.84;NE;1.9444444444444444;0.0;1008.8;0.0;Mostly Cloudy
1579755600;28.0;24.0;0.79;NE;1.9444444444444444;0.0;1008.8;0.0;Mostly Cloudy
1579759200;28.0;25.0;0.84;ENE;2.5;0.0;1008.8;0.0;Cloudy
1579762800;28.0;24.0;0.79;E;2.5;0.0;1008.8;0.0;Cloudy
1579763580;28.0;24.0;0.79;ENE;1.9444444444444444;0.0;1008.8;0.0;Thunder in the Vicinity
1579766400;28.0;24.0;0.79;ENE;2.5;0.0;1008.8;0.0;Cloudy
1579770000;28.0;24.0;0.79;ENE;3.0555555555555554;0.0;1008.8;0.0;Showers in the Vicinity
1579773600;29.0;24.0;0.74;ENE;3.611111111111111;0.0;1009.8;0.0;Showers in the Vicinity
1579777200;29.0;24.0;0.74;ENE;4.166666666666667;0.0;1010.8;0.0;Showers in the Vicinity
1579780800;30.0;24.0;0.7;ENE;5.277777777777778;0.0;1010.8;0.0;Partly Cloudy
1579784400;30.0;24.0;0.7;ENE;4.722222222222222;0.0;1010.8;0.0;Mostly Cloudy
1579788000;31.0;25.0;0.7;ENE;4.166666666666667;0.0;1010.8;0.0;Mostly Cloudy
1579791600;30.0;24.0;0.7;ENE;4.722222222222222;0.0;1010.8;0.0;Mostly Cloudy
1579795200;30.0;25.0;0.74;ENE;4.166666666666667;0.0;1009.8;0.0;Mostly Cloudy
1579798800;30.0;25.0;0.74;E;4.166666666666667;0.0;1008.8;0.0;Partly Cloudy
1579802400;30.0;24.0;0.7;E;4.166666666666667;0.0;1008.8;0.0;Mostly Cloudy
1579806000;29.0;24.0;0.74;E;3.0555555555555554;0.0;1008.8;0.0;Cloudy
1579809600;29.0;24.0;0.74;ENE;4.166666666666667;0.0;1008.8;0.0;Mostly Cloudy
1579813200;29.0;24.0;0.74;E;3.611111111111111;0.0;1008.8;0.0;Partly Cloudy
1579816800;29.0;24.0;0.74;E;3.611111111111111;0.0;1009.8;0.0;Mostly Cloudy
1579820400;29.0;24.0;0.74;E;3.611111111111111;0.0;1010.8;0.0;Cloudy
1579824000;29.0;24.0;0.74;E;4.166666666666667;0.0;1010.8;0.0;Mostly Cloudy
1579827600;29.0;24.0;0.74;E;3.611111111111111;0.0;1010.8;0.0;Mostly Cloudy
1579831200;28.0;24.0;0.79;E;2.5;0.0;1010.8;0.0;Mostly Cloudy
1579834800;28.0;24.0;0.79;ENE;3.611111111111111;0.0;1010.8;0.0;Mostly Cloudy
1579838400;28.0;23.0;0.74;E;2.5;0.0;1009.8;0.0;Mostly Cloudy
1579842000;28.0;23.0;0.74;ENE;1.9444444444444444;0.0;1009.8;0.0;Partly Cloudy
1579845600;28.0;23.0;0.74;E;1.9444444444444444;0.0;1009.8;0.0;Mostly Cloudy
1579849200;28.0;23.0;0.74;E;2.5;0.0;1009.8;0.0;Mostly Cloudy
1579852800;28.0;23.0;0.74;E;1.9444444444444444;0.0;1009.8;0.0;Partly Cloudy
1579856400;28.0;23.0;0.74;ENE;2.5;0.0;1010.8;0.0;Mostly Cloudy
1579860000;28.0;23.0;0.74;E;1.9444444444444444;0.0;1010.8;0.0;Mostly Cloudy
1579863600;29.0;23.0;0.7;E;3.0555555555555554;0.0;1011.8;0.0;Mostly Cloudy
1579867200;30.0;23.0;0.66;E;3.611111111111111;0.0;1011.8;0.0;Mostly Cloudy
1579870800;29.0;23.0;0.7;ESE;3.611111111111111;0.0;1011.8;0.0;Mostly Cloudy
1579874400;30.0;23.0;0.66;E;3.611111111111111;0.0;1011.8;0.0;Mostly Cloudy
1579878000;30.0;23.0;0.66;E;3.611111111111111;0.0;1010.8;0.0;Partly Cloudy
1579881600;31.0;24.0;0.66;ESE;4.722222222222222;0.0;1010.8;0.0;Partly Cloudy
1579885200;30.0;23.0;0.66;E;4.166666666666667;0.0;1009.8;0.0;Partly Cloudy
1579888800;30.0;24.0;0.7;E;4.166666666666667;0.0;1009.8;0.0;Mostly Cloudy
1579892400;29.0;23.0;0.7;E;3.611111111111111;0.0;1009.8;0.0;Mostly Cloudy
1579896000;29.0;24.0;0.74;E;2.5;0.0;1009.8;0.0;Mostly Cloudy
1579899600;29.0;24.0;0.74;E;2.5;0.0;1010.8;0.0;Mostly Cloudy
1579903200;29.0;24.0;0.74;E;2.5;0.0;1010.8;0.0;Partly Cloudy
1579906800;28.0;24.0;0.79;ESE;2.5;0.0;1011.8;0.0;Partly Cloudy
1579910400;28.0;24.0;0.79;ESE;1.9444444444444444;0.0;1012.8;0.0;Cloudy
1579914000;28.0;23.0;0.74;ESE;1.9444444444444444;0.0;1012.8;0.0;Cloudy
1579917600;28.0;24.0;0.79;SE;1.6666666666666665;0.0;1012.8;0.0;Cloudy
1580094000;28.0;24.0;0.79;E;1.9444444444444444;0.0;1011.8;0.0;Partly Cloudy
1580097600;28.0;24.0;0.79;ESE;1.6666666666666665;0.0;1011.8;0.0;Partly Cloudy
1580101200;28.0;25.0;0.84;ESE;2.5;0.0;1010.8;0.0;Partly Cloudy
1580104800;28.0;24.0;0.79;ESE;1.9444444444444444;0.0;1010.8;0.0;Partly Cloudy
1580108400;28.0;24.0;0.79;ESE;1.9444444444444444;0.0;1010.8;0.0;Mostly Cloudy
1580112000;28.0;24.0;0.79;ESE;3.0555555555555554;0.0;1010.8;0.0;Mostly Cloudy
1580115600;28.0;24.0;0.79;ESE;2.5;0.0;1010.8;0.0;Partly Cloudy
1580119200;29.0;24.0;0.74;E;2.5;0.0;1011.8;0.0;Partly Cloudy
1580122800;30.0;24.0;0.7;ESE;3.611111111111111;0.0;1011.8;0.0;Partly Cloudy
1580126400;30.0;24.0;0.7;SE;4.166666666666667;0.0;1011.8;0.0;Partly Cloudy
1580130000;30.0;24.0;0.7;ESE;5.277777777777778;0.0;1011.8;0.0;Partly Cloudy
1580133600;31.0;24.0;0.66;SE;5.555555555555555;0.0;1011.8;0.0;Partly Cloudy
1580137200;31.0;24.0;0.66;ESE;4.722222222222222;0.0;1010.8;0.0;Partly Cloudy
1580140800;30.0;24.0;0.7;ESE;5.555555555555555;0.0;1010.8;0.0;Partly Cloudy
1580144400;31.0;25.0;0.7;ESE;5.277777777777778;0.0;1009.8;0.0;Partly Cloudy
1580148000;31.0;25.0;0.7;SE;4.722222222222222;0.0;1009.8;0.0;Partly Cloudy
1580151600;30.0;24.0;0.7;ESE;5.277777777777778;0.0;1009.8;0.0;Partly Cloudy
1580155200;30.0;24.0;0.7;SE;4.722222222222222;0.0;1009.8;0.0;Partly Cloudy
1580158800;29.0;24.0;0.74;SE;4.166666666666667;0.0;1009.8;0.0;Partly Cloudy
1580162400;29.0;24.0;0.74;ESE;3.611111111111111;0.0;1010.8;0.0;Partly Cloudy
1580166000;29.0;24.0;0.74;ESE;4.166666666666667;0.0;1010.8;0.0;Partly Cloudy
1580169600;28.0;24.0;0.79;ESE;3.611111111111111;0.0;1011.8;0.0;Partly Cloudy
1580173200;28.0;23.0;0.74;ESE;3.611111111111111;0.0;1012.8;0.0;Partly Cloudy
1580176800;28.0;23.0;0.74;E;3.0555555555555554;0.0;1012.8;0.0;Partly Cloudy
1580180400;29.0;24.0;0.74;VAR;3.0555555555555554;0.0;1012.8;0.0;Mostly Cloudy
1580184000;28.0;23.0;0.74;E;2.5;0.0;1011.8;0.0;Partly Cloudy
1580187600;28.0;23.0;0.74;E;2.5;0.0;1010.8;0.0;Partly Cloudy
1580191200;28.0;23.0;0.74;E;2.5;0.0;1011.8;0.0;Partly Cloudy
1580194800;28.0;23.0;0.74;E;1.9444444444444444;0.0;1011.8;0.0;Partly Cloudy
1580198400;28.0;23.0;0.74;ESE;1.6666666666666665;0.0;1010.8;0.0;Fair
1580202000;28.0;23.0;0.74;E;1.9444444444444444;0.0;1011.8;0.0;Partly Cloudy
1580205600;29.0;23.0;0.7;E;3.0555555555555554;0.0;1011.8;0.0;Partly Cloudy
1580209200;30.0;23.0;0.66;ESE;3.0555555555555554;0.0;1012.8;0.0;Partly Cloudy
1580212800;30.0;22.0;0.62;E;3.0555555555555554;0.0;1012.8;0.0;Partly Cloudy
1580216400;31.0;23.0;0.62;E;3.0555555555555554;0.0;1012.8;0.0;Partly Cloudy
1580220000;31.0;24.0;0.66;E;4.166666666666667;0.0;1011.8;0.0;Partly Cloudy
1580223600;31.0;23.0;0.62;E;4.166666666666667;0.0;1011.8;0.0;Partly Cloudy
1580227200;31.0;23.0;0.62;ESE;4.166666666666667;0.0;1010.8;0.0;Fair
1580230800;30.0;23.0;0.66;ESE;4.166666666666667;0.0;1009.8;0.0;Partly Cloudy
1580234400;30.0;23.0;0.66;SE;5.277777777777778;0.0;1008.8;0.0;Fair
1580238000;30.0;23.0;0.66;ESE;5.555555555555555;0.0;1008.8;0.0;Fair
1580241600;29.0;23.0;0.7;SE;5.277777777777778;0.0;1008.8;0.0;Fair
1580245200;29.0;23.0;0.7;ESE;5.277777777777778;0.0;1009.8;0.0;Partly Cloudy
1580248800;29.0;23.0;0.7;SE;4.166666666666667;0.0;1009.8;0.0;Mostly Cloudy
1580252400;29.0;23.0;0.7;SE;4.166666666666667;0.0;1010.8;0.0;Mostly Cloudy
1580256000;28.0;23.0;0.74;SE;3.0555555555555554;0.0;1010.8;0.0;Mostly Cloudy
1580259600;28.0;23.0;0.74;ESE;3.611111111111111;0.0;1011.8;0.0;Mostly Cloudy
1580263200;28.0;23.0;0.74;SE;3.0555555555555554;0.0;1010.8;0.0;Mostly Cloudy
1580266800;28.0;23.0;0.74;ESE;3.0555555555555554;0.0;1010.8;0.0;Mostly Cloudy
1580270400;28.0;23.0;0.74;ESE;3.611111111111111;0.0;1010.8;0.0;Mostly Cloudy
1580274000;28.0;23.0;0.74;E;3.0555555555555554;0.0;1010.8;0.0;Mostly Cloudy
1580277600;27.0;22.0;0.74;SSE;5.555555555555555;0.0;1010.8;0.0;Mostly Cloudy
1580281200;27.0;23.0;0.79;SE;1.9444444444444444;0.0;1010.8;0.0;Mostly Cloudy
1580284800;28.0;23.0;0.74;SE;3.611111111111111;0.0;1010.8;0.0;Partly Cloudy
1580288400;28.0;23.0;0.74;SE;4.722222222222222;0.0;1011.8;0.0;Mostly Cloudy
1580292000;29.0;23.0;0.7;SE;4.722222222222222;0.0;1011.8;0.0;Partly Cloudy
1580295600;30.0;22.0;0.62;SE;3.611111111111111;0.0;1012.8;0.0;Partly Cloudy
1580299200;30.0;22.0;0.62;SE;4.722222222222222;0.0;1012.8;0.0;Partly Cloudy
1580302800;30.0;22.0;0.62;SE;5.277777777777778;0.0;1012.8;0.0;Partly Cloudy
1580306400;31.0;23.0;0.62;SE;5.277777777777778;0.0;1012.8;0.0;Fair
1580310000;31.0;22.0;0.58;ESE;5.277777777777778;0.0;1011.8;0.0;Fair
1580313600;31.0;23.0;0.62;SE;6.111111111111111;0.0;1011.8;0.0;Fair
1580317200;31.0;23.0;0.62;SE;6.111111111111111;0.0;1010.8;0.0;Fair
1580320800;31.0;22.0;0.58;SE;6.666666666666666;0.0;1010.8;0.0;Fair
1580324400;30.0;22.0;0.62;SE;6.111111111111111;0.0;1010.8;0.0;Partly Cloudy
1580328000;29.0;22.0;0.66;SE;6.111111111111111;0.0;1010.8;0.0;Partly Cloudy
1580331600;29.0;23.0;0.7;SSE;5.555555555555555;0.0;1010.8;0.0;Partly Cloudy
1580335200;29.0;23.0;0.7;SE;5.277777777777778;0.0;1011.8;0.0;Partly Cloudy
1580338800;29.0;23.0;0.7;SE;5.555555555555555;0.0;1011.8;0.0;Partly Cloudy
1580342400;28.0;22.0;0.7;SE;5.277777777777778;0.0;1012.8;0.0;Mostly Cloudy
1580346000;28.0;22.0;0.7;SE;3.611111111111111;0.0;1012.8;0.0;Fair
1580349600;28.0;22.0;0.7;SE;4.722222222222222;0.0;1011.8;0.0;Fair
1580353200;29.0;22.0;0.66;SE;4.166666666666667;0.0;1011.8;0.0;Partly Cloudy
1580356800;28.0;22.0;0.7;SSE;5.555555555555555;0.0;1010.8;0.0;Partly Cloudy
1580360400;28.0;22.0;0.7;SE;3.611111111111111;0.0;1010.8;0.0;Partly Cloudy
1580364000;28.0;22.0;0.7;SE;4.166666666666667;0.0;1010.8;0.0;Partly Cloudy
1580367600;28.0;22.0;0.7;SE;4.722222222222222;0.0;1009.8;0.0;Fair
1580371200;28.0;22.0;0.7;SE;4.166666666666667;0.0;1010.8;0.0;Partly Cloudy
1580374800;28.0;23.0;0.74;SE;3.0555555555555554;0.0;1010.8;0.0;Partly Cloudy
1580378400;28.0;22.0;0.7;SE;3.611111111111111;0.0;1011.8;0.0;Mostly Cloudy
1580382000;30.0;22.0;0.62;ESE;4.166666666666667;0.0;1012.8;0.0;Partly Cloudy
1580385600;30.0;22.0;0.62;E;5.277777777777778;0.0;1012.8;0.0;Partly Cloudy
1580389200;31.0;23.0;0.62;ENE;3.0555555555555554;0.0;1012.8;0.0;Partly Cloudy
1580392800;31.0;23.0;0.62;SE;5.277777777777778;0.0;1012.8;0.0;Fair
1580396400;31.0;23.0;0.62;ESE;4.722222222222222;0.0;1011.8;0.0;Partly Cloudy
1580400000;31.0;22.0;0.58;SE;6.111111111111111;0.0;1011.8;0.0;Partly Cloudy
1580403600;31.0;22.0;0.58;SE;6.111111111111111;0.0;1010.8;0.0;Fair
1580407200;30.0;22.0;0.62;ESE;4.722222222222222;0.0;1010.8;0.0;Partly Cloudy
1580410800;30.0;22.0;0.62;ESE;5.277777777777778;0.0;1010.8;0.0;Partly Cloudy
1580414400;30.0;22.0;0.62;SE;5.277777777777778;0.0;1010.8;0.0;Partly Cloudy
1580418000;29.0;22.0;0.66;SE;6.111111111111111;0.0;1011.8;0.0;Partly Cloudy
1580421600;29.0;23.0;0.7;SE;4.166666666666667;0.0;1011.8;0.0;Mostly Cloudy
1580425200;28.0;23.0;0.74;SE;5.277777777777778;0.0;1012.8;0.0;Partly Cloudy
1580428800;28.0;23.0;0.74;SE;4.722222222222222;0.0;1012.8;0.0;Partly Cloudy
1580432400;28.0;23.0;0.74;SE;4.166666666666667;0.0;1012.8;0.0;Partly Cloudy
1580436000;28.0;23.0;0.74;ESE;3.611111111111111;0.0;1012.8;0.0;Partly Cloudy
1580526000;29.0;23.0;0.7;ENE;2.5;0.0;1012.8;0.0;Partly Cloudy
1580529600;28.0;23.0;0.74;NE;1.6666666666666665;0.0;1011.8;0.0;Partly Cloudy
1580533200;28.0;23.0;0.74;VAR;1.1111111111111112;0.0;1011.8;0.0;Partly Cloudy
1580536800;27.0;23.0;0.79;W;1.6666666666666665;0.0;1011.8;0.0;Partly Cloudy
1580540400;27.0;24.0;0.84;W;1.9444444444444444;0.0;1011.8;0.0;Showers in the Vicinity
1580541900;26.0;24.0;0.89;NE;1.6666666666666665;0.0;1011.8;0.0;Light Rain Shower
1580544000;25.0;24.0;0.94;ESE;1.1111111111111112;0.0;1012.8;0.0;Light Rain Shower
1580547600;25.0;23.0;0.89;VAR;0.5555555555555556;0.0;1012.8;0.0;Showers in the Vicinity
1580551200;26.0;24.0;0.89;SW;1.6666666666666665;0.0;1012.8;0.0;Partly Cloudy
1580554800;27.0;24.0;0.84;S;1.6666666666666665;0.0;1013.8;0.0;Showers in the Vicinity
1580558400;27.0;24.0;0.84;VAR;0.5555555555555556;0.0;1013.8;0.0;Showers in the Vicinity
1580562000;28.0;25.0;0.84;N;1.6666666666666665;0.0;1013.8;0.0;Showers in the Vicinity
1580565600;29.0;24.0;0.74;NE;2.5;0.0;1012.8;0.0;Partly Cloudy
1580569200;29.0;24.0;0.74;VAR;1.9444444444444444;0.0;1012.8;0.0;Mostly Cloudy
1580572800;29.0;24.0;0.74;E;3.0555555555555554;0.0;1011.8;0.0;Mostly Cloudy
1580576400;29.0;24.0;0.74;VAR;3.611111111111111;0.0;1010.8;0.0;Fair
1580580000;29.0;23.0;0.7;E;3.611111111111111;0.0;1009.8;0.0;Mostly Cloudy
1580583600;30.0;24.0;0.7;E;3.611111111111111;0.0;1009.8;0.0;Mostly Cloudy
1580587200;29.0;24.0;0.74;ESE;3.0555555555555554;0.0;1010.8;0.0;Partly Cloudy
1580590800;29.0;25.0;0.79;ENE;2.5;0.0;1010.8;0.0;Partly Cloudy
1580594400;29.0;24.0;0.74;E;3.611111111111111;0.0;1010.8;0.0;Partly Cloudy
1580598000;28.0;24.0;0.79;E;2.5;0.0;1011.8;0.0;Partly Cloudy
1580601600;28.0;24.0;0.79;ENE;2.5;0.0;1012.8;0.0;Mostly Cloudy
1580605200;28.0;24.0;0.79;ENE;1.9444444444444444;0.0;1012.8;0.0;Fair
1580608800;28.0;23.0;0.74;ENE;1.9444444444444444;0.0;1011.8;0.0;Fair
1580612400;28.0;23.0;0.74;NE;1.6666666666666665;0.0;1011.8;0.0;Fair
1580616000;27.0;24.0;0.84;WNW;1.1111111111111112;0.0;1010.8;0.0;Partly Cloudy
1580619600;26.0;24.0;0.89;CALM;0.0;0.0;1010.8;0.0;Fair
1580623200;26.0;24.0;0.89;NW;0.5555555555555556;0.0;1010.8;0.0;Partly Cloudy
1580626800;26.0;24.0;0.89;CALM;0.0;0.0;1010.8;0.0;Fair
1580630400;26.0;24.0;0.89;WSW;1.1111111111111112;0.0;1011.8;0.0;Partly Cloudy
1580634000;26.0;24.0;0.89;NW;1.6666666666666665;0.0;1011.8;0.0;Partly Cloudy
1580637600;27.0;25.0;0.89;NNW;1.6666666666666665;0.0;1012.8;0.0;Partly Cloudy
1580641200;29.0;24.0;0.74;SE;3.0555555555555554;0.0;1012.8;0.0;Partly Cloudy
1580644800;30.0;24.0;0.7;ESE;4.166666666666667;0.0;1012.8;0.0;Partly Cloudy
1580648400;30.0;24.0;0.7;E;3.0555555555555554;0.0;1012.8;0.0;Partly Cloudy
1580652000;31.0;23.0;0.62;E;3.611111111111111;0.0;1012.8;0.0;Partly Cloudy
1580655600;30.0;24.0;0.7;E;3.611111111111111;0.0;1011.8;0.0;Partly Cloudy
1580659200;30.0;24.0;0.7;E;4.166666666666667;0.0;1011.8;0.0;Partly Cloudy
1580662800;31.0;24.0;0.66;ENE;4.166666666666667;0.0;1010.8;0.0;Partly Cloudy
1580666400;30.0;24.0;0.7;E;4.722222222222222;0.0;1009.8;0.0;Partly Cloudy
1580670000;29.0;24.0;0.74;ENE;3.611111111111111;0.0;1010.8;0.0;Partly Cloudy
1580673600;29.0;24.0;0.74;ENE;3.611111111111111;0.0;1010.8;0.0;Mostly Cloudy
1580677200;29.0;24.0;0.74;ENE;2.5;0.0;1010.8;0.0;Fair
1580680800;29.0;24.0;0.74;ENE;2.5;0.0;1010.8;0.0;Partly Cloudy
1580684400;29.0;24.0;0.74;ENE;2.5;0.0;1011.8;0.0;Partly Cloudy
1580688000;29.0;24.0;0.74;NNE;3.0555555555555554;0.0;1011.8;0.0;Fair
1580691600;28.0;24.0;0.79;NE;1.9444444444444444;0.0;1012.8;0.0;Mostly Cloudy
1580695200;28.0;24.0;0.79;NE;1.9444444444444444;0.0;1011.8;0.0;Partly Cloudy
1580698800;28.0;24.0;0.79;NE;1.6666666666666665;0.0;1011.8;0.0;Partly Cloudy
1580702400;28.0;24.0;0.79;ENE;1.9444444444444444;0.0;1010.8;0.0;Partly Cloudy
1580706000;28.0;24.0;0.79;ENE;1.9444444444444444;0.0;1010.8;0.0;Partly Cloudy
1580709600;27.0;24.0;0.84;NNE;1.9444444444444444;0.0;1010.8;0.0;Partly Cloudy
1580713200;26.0;24.0;0.89;NW;2.5;0.0;1010.8;0.0;Mostly Cloudy
1580716800;26.0;24.0;0.89;VAR;0.5555555555555556;0.0;1011.8;0.0;Mostly Cloudy
1580720400;26.0;25.0;0.94;W;1.6666666666666665;0.0;1011.8;0.0;Partly Cloudy
1580724000;26.0;24.0;0.89;NW;2.5;0.0;1012.8;0.0;Mostly Cloudy
1580727600;27.0;23.0;0.79;NW;1.9444444444444444;0.0;1012.8;0.0;Partly Cloudy
1580731200;29.0;24.0;0.74;NE;1.9444444444444444;0.0;1012.8;0.0;Mostly Cloudy
1580734800;28.0;24.0;0.79;NW;2.5;0.0;1012.8;0.0;Partly Cloudy
1580738400;30.0;25.0;0.74;E;4.722222222222222;0.0;1012.8;0.0;Partly Cloudy
1580742000;30.0;24.0;0.7;E;4.166666666666667;0.0;1012.8;0.0;Partly Cloudy
1580745600;31.0;24.0;0.66;ENE;4.166666666666667;0.0;1011.8;0.0;Fair
1580749200;31.0;25.0;0.7;ENE;4.722222222222222;0.0;1010.8;0.0;Partly Cloudy
1580752800;31.0;25.0;0.7;ENE;4.166666666666667;0.0;1010.8;0.0;Partly Cloudy
1580756400;30.0;24.0;0.7;ENE;4.166666666666667;0.0;1010.8;0.0;Mostly Cloudy
1580760000;30.0;25.0;0.74;ENE;4.166666666666667;0.0;1010.8;0.0;Mostly Cloudy
1580763600;29.0;24.0;0.74;ENE;3.0555555555555554;0.0;1011.8;0.0;Mostly Cloudy
1580767200;29.0;24.0;0.74;NE;3.611111111111111;0.0;1011.8;0.0;Partly Cloudy
1580770800;29.0;24.0;0.74;ENE;3.0555555555555554;0.0;1012.8;0.0;Partly Cloudy
1580774400;29.0;25.0;0.79;NE;3.0555555555555554;0.0;1012.8;0.0;Partly Cloudy
1580778000;29.0;25.0;0.79;NE;2.5;0.0;1012.8;0.0;Light Rain
1580781600;28.0;25.0;0.84;ENE;1.9444444444444444;0.0;1012.8;0.0;Mostly Cloudy
1580785200;28.0;25.0;0.84;NE;2.5;0.0;1011.8;0.0;Mostly Cloudy
1580788800;28.0;25.0;0.84;ENE;2.5;0.0;1010.8;0.0;Partly Cloudy
1580792400;28.0;24.0;0.79;NE;2.5;0.0;1010.8;0.0;Mostly Cloudy
1580796000;28.0;24.0;0.79;ENE;1.9444444444444444;0.0;1010.8;0.0;Fair
1580799600;28.0;24.0;0.79;NE;1.9444444444444444;0.0;1010.8;0.0;Mostly Cloudy
1580803200;28.0;24.0;0.79;ENE;1.9444444444444444;0.0;1010.8;0.0;Partly Cloudy
1580806800;28.0;24.0;0.79;ENE;1.9444444444444444;0.0;1011.8;0.0;Partly Cloudy
1580810400;29.0;25.0;0.79;ENE;3.0555555555555554;0.0;1012.8;0.0;Showers in the Vicinity
1580814000;30.0;24.0;0.7;ENE;3.611111111111111;0.0;1012.8;0.0;Partly Cloudy
1580817600;30.0;25.0;0.74;ENE;4.722222222222222;0.0;1012.8;0.0;Partly Cloudy
1580821200;31.0;24.0;0.66;ENE;3.611111111111111;0.0;1012.8;0.0;Partly Cloudy
1580824800;31.0;24.0;0.66;ENE;4.722222222222222;0.0;1012.8;0.0;Partly Cloudy
1580828400;31.0;24.0;0.66;ENE;4.722222222222222;0.0;1011.8;0.0;Partly Cloudy
1580832000;31.0;24.0;0.66;E;5.277777777777778;0.0;1011.8;0.0;Partly Cloudy
1580835600;31.0;24.0;0.66;E;5.277777777777778;0.0;1010.8;0.0;Partly Cloudy
1580839200;30.0;23.0;0.66;E;4.722222222222222;0.0;1010.8;0.0;Partly Cloudy
1580842800;30.0;24.0;0.7;E;4.166666666666667;0.0;1009.8;0.0;Mostly Cloudy
1580846400;29.0;24.0;0.74;E;3.611111111111111;0.0;1009.8;0.0;Mostly Cloudy
1580850000;29.0;23.0;0.7;VAR;3.611111111111111;0.0;1010.8;0.0;Partly Cloudy
1580853600;29.0;23.0;0.7;E;3.611111111111111;0.0;1010.8;0.0;Fair
1580857200;29.0;24.0;0.74;E;3.611111111111111;0.0;1011.8;0.0;Partly Cloudy
1580860800;29.0;24.0;0.74;E;3.611111111111111;0.0;1011.8;0.0;Partly Cloudy
1580864400;29.0;24.0;0.74;E;3.0555555555555554;0.0;1011.8;0.0;Partly Cloudy
1580868000;29.0;24.0;0.74;E;2.5;0.0;1011.8;0.0;Partly Cloudy
1580871600;28.0;24.0;0.79;E;3.0555555555555554;0.0;1011.8;0.0;Partly Cloudy
1580875200;28.0;24.0;0.79;E;2.5;0.0;1010.8;0.0;Partly Cloudy
1580878800;26.0;23.0;0.83;SE;1.6666666666666665;0.0;1010.8;0.0;Showers in the Vicinity
1580882400;27.0;24.0;0.84;ESE;1.9444444444444444;0.0;1009.8;0.0;Partly Cloudy
1580886000;27.0;24.0;0.84;E;1.1111111111111112;0.0;1010.8;0.0;Partly Cloudy
1580889600;28.0;23.0;0.74;E;2.5;0.0;1010.8;0.0;Partly Cloudy
1580893200;28.0;23.0;0.74;E;2.5;0.0;1010.8;0.0;Partly Cloudy
1580896800;29.0;24.0;0.74;ENE;2.5;0.0;1011.8;0.0;Partly Cloudy
1580900400;30.0;24.0;0.7;E;3.611111111111111;0.0;1011.8;0.0;Partly Cloudy
1580904000;30.0;23.0;0.66;ENE;4.166666666666667;0.0;1011.8;0.0;Fair
1580907600;31.0;24.0;0.66;ESE;3.611111111111111;0.0;1011.8;0.0;Partly Cloudy
1580911200;31.0;24.0;0.66;VAR;3.611111111111111;0.0;1011.8;0.0;Partly Cloudy
1580914800;31.0;24.0;0.66;ESE;4.166666666666667;0.0;1011.8;0.0;Partly Cloudy
1580918400;30.0;24.0;0.7;E;4.722222222222222;0.0;1010.8;0.0;Fair
1580922000;31.0;23.0;0.62;E;3.611111111111111;0.0;1009.8;0.0;Partly Cloudy
1580925600;30.0;23.0;0.66;E;4.722222222222222;0.0;1009.8;0.0;Partly Cloudy
1580929200;30.0;23.0;0.66;E;4.722222222222222;0.0;1008.8;0.0;Partly Cloudy
1580932800;30.0;23.0;0.66;ENE;4.166666666666667;0.0;1008.8;0.0;Partly Cloudy
1580936400;29.0;24.0;0.74;ENE;2.5;0.0;1009.8;0.0;Partly Cloudy
1580940000;29.0;24.0;0.74;E;4.166666666666667;0.0;1010.8;0.0;Partly Cloudy
1580943600;29.0;24.0;0.74;ENE;3.611111111111111;0.0;1010.8;0.0;Partly Cloudy
1580947200;29.0;24.0;0.74;ENE;3.0555555555555554;0.0;1011.8;0.0;Partly Cloudy
1580950800;29.0;23.0;0.7;E;3.0555555555555554;0.0;1011.8;0.0;Partly Cloudy
1580954400;29.0;23.0;0.7;ENE;1.9444444444444444;0.0;1011.8;0.0;Mostly Cloudy
1580958000;27.0;24.0;0.84;N;1.6666666666666665;0.0;1010.8;0.0;Mostly Cloudy
1580961600;28.0;24.0;0.79;ENE;1.6666666666666665;0.0;1010.8;0.0;Mostly Cloudy
1580965200;28.0;23.0;0.74;NE;1.6666666666666665;0.0;1009.8;0.0;Partly Cloudy
1580968800;28.0;23.0;0.74;ENE;1.1111111111111112;0.0;1009.8;0.0;Partly Cloudy
1580972400;28.0;23.0;0.74;ENE;1.6666666666666665;0.0;1009.8;0.0;Partly Cloudy
1580976000;27.0;23.0;0.79;N;1.6666666666666665;0.0;1010.8;0.0;Mostly Cloudy
1580979600;27.0;24.0;0.84;NW;1.6666666666666665;0.0;1010.8;0.0;Partly Cloudy
1580983200;28.0;24.0;0.79;VAR;0.5555555555555556;0.0;1011.8;0.0;Partly Cloudy
1580986800;30.0;23.0;0.66;NE;1.9444444444444444;0.0;1011.8;0.0;Partly Cloudy
1580990400;30.0;23.0;0.66;VAR;2.5;0.0;1011.8;0.0;Partly Cloudy
1580994000;30.0;23.0;0.66;E;3.0555555555555554;0.0;1012.8;0.0;Partly Cloudy
1580997600;31.0;24.0;0.66;E;4.166666666666667;0.0;1011.8;0.0;Partly Cloudy
1581001200;31.0;23.0;0.62;E;4.722222222222222;0.0;1010.8;0.0;Partly Cloudy
1581004800;31.0;23.0;0.62;E;5.277777777777778;0.0;1009.8;0.0;Partly Cloudy
1581008400;31.0;24.0;0.66;E;4.166666666666667;0.0;1009.8;0.0;Partly Cloudy
1581012000;31.0;23.0;0.62;E;5.277777777777778;0.0;1009.8;0.0;Partly Cloudy
1581015600;30.0;24.0;0.7;E;4.722222222222222;0.0;1009.8;0.0;Partly Cloudy
1581019200;30.0;23.0;0.66;E;4.166666666666667;0.0;1009.8;0.0;Partly Cloudy
1581022800;29.0;23.0;0.7;E;3.611111111111111;0.0;1009.8;0.0;Partly Cloudy
1581026400;29.0;23.0;0.7;E;3.611111111111111;0.0;1010.8;0.0;Partly Cloudy
1581030000;29.0;23.0;0.7;E;3.611111111111111;0.0;1010.8;0.0;Partly Cloudy
1581033600;29.0;23.0;0.7;E;3.0555555555555554;0.0;1011.8;0.0;Fair
1581037200;29.0;23.0;0.7;E;2.5;0.0;1011.8;0.0;Fair
1581040800;28.0;23.0;0.74;E;3.611111111111111;0.0;1009.8;0.0;Partly Cloudy
1581044400;28.0;23.0;0.74;ENE;3.0555555555555554;0.0;1010.8;0.0;Mostly Cloudy
1581048000;28.0;22.0;0.7;ENE;1.9444444444444444;0.0;1009.8;0.0;Fair
1581051600;28.0;23.0;0.74;NE;1.9444444444444444;0.0;1008.8;0.0;Partly Cloudy
1581055200;28.0;23.0;0.74;ENE;1.6666666666666665;0.0;1008.8;0.0;Fair
1581058800;28.0;22.0;0.7;NE;1.6666666666666665;0.0;1008.8;0.0;Fair
1581062400;28.0;22.0;0.7;VAR;1.1111111111111112;0.0;1009.8;0.0;Partly Cloudy
1581066000;28.0;23.0;0.74;ENE;1.6666666666666665;0.0;1009.8;0.0;Partly Cloudy
1581069600;29.0;23.0;0.7;ENE;3.0555555555555554;0.0;1009.8;0.0;Fair
1581073200;30.0;23.0;0.66;E;1.9444444444444444;0.0;1010.8;0.0;Partly Cloudy
1581076800;30.0;23.0;0.66;E;3.611111111111111;0.0;1010.8;0.0;Partly Cloudy
1581080400;30.0;22.0;0.62;E;3.611111111111111;0.0;1010.8;0.0;Partly Cloudy
1581084000;31.0;23.0;0.62;E;4.722222222222222;0.0;1010.8;0.0;Partly Cloudy
1581087600;31.0;23.0;0.62;E;3.611111111111111;0.0;1009.8;0.0;Partly Cloudy
1581091200;31.0;23.0;0.62;E;5.277777777777778;0.0;1008.8;0.0;Partly Cloudy
1581094800;31.0;23.0;0.62;E;4.722222222222222;0.0;1008.8;0.0;Partly Cloudy
1581098400;30.0;24.0;0.7;E;4.166666666666667;0.0;1008.8;0.0;Partly Cloudy
1581102000;30.0;23.0;0.66;E;3.611111111111111;0.0;1008.8;0.0;Partly Cloudy
1581105600;29.0;23.0;0.7;E;4.166666666666667;0.0;1008.8;0.0;Partly Cloudy
1581109200;29.0;24.0;0.74;E;4.722222222222222;0.0;1008.8;0.0;Mostly Cloudy
1581112800;29.0;23.0;0.7;E;4.722222222222222;0.0;1009.8;0.0;Mostly Cloudy
1581116400;29.0;23.0;0.7;E;5.277777777777778;0.0;1010.8;0.0;Partly Cloudy
1581120000;29.0;22.0;0.66;E;3.611111111111111;0.0;1010.8;0.0;Fair
1581123600;29.0;23.0;0.7;E;3.0555555555555554;0.0;1011.8;0.0;Fair
1581127200;28.0;22.0;0.7;ENE;2.5;0.0;1011.8;0.0;Fair
1581217200;28.0;23.0;0.74;SE;3.611111111111111;0.0;1011.8;0.0;Partly Cloudy
1581220800;28.0;23.0;0.74;SE;3.611111111111111;0.0;1010.8;0.0;Partly Cloudy
1581224400;28.0;23.0;0.74;ESE;3.611111111111111;0.0;1010.8;0.0;Mostly Cloudy
1581228000;28.0;23.0;0.74;SE;3.0555555555555554;0.0;1010.8;0.0;Partly Cloudy
1581231600;28.0;23.0;0.74;SE;3.0555555555555554;0.0;1010.8;0.0;Mostly Cloudy
1581235200;28.0;23.0;0.74;SE;2.5;0.0;1010.8;0.0;Mostly Cloudy
1581238800;28.0;23.0;0.74;SE;3.0555555555555554;0.0;1011.8;0.0;Partly Cloudy
1581242400;28.0;23.0;0.74;ESE;3.611111111111111;0.0;1012.8;0.0;Partly Cloudy
1581246000;30.0;23.0;0.66;SE;4.722222222222222;0.0;1012.8;0.0;Mostly Cloudy
1581249600;30.0;24.0;0.7;SE;4.722222222222222;0.0;1013.8;0.0;Mostly Cloudy
1581253200;30.0;24.0;0.7;SE;4.722222222222222;0.0;1013.8;0.0;Partly Cloudy
1581256800;30.0;24.0;0.7;ESE;4.166666666666667;0.0;1012.8;0.0;Partly Cloudy
1581260400;31.0;24.0;0.66;E;4.166666666666667;0.0;1012.8;0.0;Partly Cloudy
1581264000;31.0;25.0;0.7;SE;4.166666666666667;0.0;1012.8;0.0;Partly Cloudy
1581267600;31.0;25.0;0.7;ESE;4.166666666666667;0.0;1011.8;0.0;Partly Cloudy
1581271200;30.0;24.0;0.7;ESE;5.277777777777778;0.0;1011.8;0.0;Partly Cloudy
1581274800;30.0;25.0;0.74;ESE;4.166666666666667;0.0;1011.8;0.0;Partly Cloudy
1581278400;30.0;24.0;0.7;ESE;3.611111111111111;0.0;1011.8;0.0;Partly Cloudy
1581282000;29.0;25.0;0.79;SE;4.166666666666667;0.0;1011.8;0.0;Partly Cloudy
1581285600;29.0;24.0;0.74;ESE;4.166666666666667;0.0;1012.8;0.0;Partly Cloudy
1581289200;29.0;24.0;0.74;ESE;3.0555555555555554;0.0;1012.8;0.0;Partly Cloudy
1581292800;29.0;24.0;0.74;ESE;3.611111111111111;0.0;1012.8;0.0;Partly Cloudy
1581296400;29.0;24.0;0.74;SE;4.166666666666667;0.0;1012.8;0.0;Partly Cloudy
1581300000;28.0;24.0;0.79;SE;4.166666666666667;0.0;1012.8;0.0;Partly Cloudy
1581303600;27.0;24.0;0.84;S;1.6666666666666665;0.0;1012.8;0.0;Showers in the Vicinity
1581307200;27.0;24.0;0.84;SE;3.0555555555555554;0.0;1012.8;0.0;Showers in the Vicinity
1581310800;26.0;24.0;0.89;S;1.6666666666666665;0.0;1011.8;0.0;Partly Cloudy
1581314400;26.0;24.0;0.89;WNW;1.1111111111111112;0.0;1011.8;0.0;Partly Cloudy
1581318000;26.0;25.0;0.94;SW;1.9444444444444444;0.0;1011.8;0.0;Light Rain
1581321600;26.0;24.0;0.89;SE;1.1111111111111112;0.0;1011.8;0.0;Showers in the Vicinity
1581325200;26.0;24.0;0.89;WSW;1.1111111111111112;0.0;1012.8;0.0;Partly Cloudy
1581328800;27.0;25.0;0.89;SSW;1.1111111111111112;0.0;1012.8;0.0;Partly Cloudy
1581332400;28.0;25.0;0.84;S;3.0555555555555554;0.0;1013.8;0.0;Partly Cloudy
1581336000;30.0;25.0;0.74;SE;3.0555555555555554;0.0;1013.8;0.0;Partly Cloudy
1581339600;31.0;25.0;0.7;VAR;3.0555555555555554;0.0;1013.8;0.0;Partly Cloudy
1581343200;31.0;24.0;0.66;ESE;3.611111111111111;0.0;1013.8;0.0;Showers in the Vicinity
1581346800;32.0;25.0;0.66;VAR;4.166666666666667;0.0;1012.8;0.0;Partly Cloudy
1581350400;31.0;25.0;0.7;ESE;5.277777777777778;0.0;1012.8;0.0;Partly Cloudy
1581354000;31.0;24.0;0.66;ESE;4.722222222222222;0.0;1011.8;0.0;Partly Cloudy
1581357600;31.0;25.0;0.7;SE;5.555555555555555;0.0;1011.8;0.0;Partly Cloudy
1581361200;30.0;24.0;0.7;ESE;4.722222222222222;0.0;1011.8;0.0;Partly Cloudy
1581364800;30.0;24.0;0.7;ESE;4.166666666666667;0.0;1011.8;0.0;Partly Cloudy
1581368400;29.0;24.0;0.74;SE;3.0555555555555554;0.0;1011.8;0.0;Partly Cloudy
1581372000;29.0;25.0;0.79;SE;4.722222222222222;0.0;1011.8;0.0;Mostly Cloudy
1581375600;29.0;24.0;0.74;ESE;4.722222222222222;0.0;1012.8;0.0;Partly Cloudy
1581379200;29.0;24.0;0.74;SE;3.611111111111111;0.0;1013.8;0.0;Mostly Cloudy
1581382800;29.0;24.0;0.74;ESE;4.722222222222222;0.0;1013.8;0.0;Partly Cloudy
1581386400;29.0;24.0;0.74;SE;4.722222222222222;0.0;1013.8;0.0;Partly Cloudy
1581562800;29.0;24.0;0.74;E;3.0555555555555554;0.0;1010.8;0.0;Mostly Cloudy
1581566400;29.0;24.0;0.74;ESE;2.5;0.0;1009.8;0.0;Partly Cloudy
1581570000;29.0;24.0;0.74;ESE;3.0555555555555554;0.0;1008.8;0.0;Mostly Cloudy
1581573600;29.0;24.0;0.74;ESE;4.166666666666667;0.0;1008.8;0.0;Partly Cloudy
1581577200;29.0;24.0;0.74;ESE;4.166666666666667;0.0;1008.8;0.0;Mostly Cloudy
1581580800;28.0;24.0;0.79;ESE;3.611111111111111;0.0;1008.8;0.0;Partly Cloudy
1581584400;27.0;23.0;0.79;ESE;3.611111111111111;0.0;1009.8;0.0;Light Rain Shower
1581588000;28.0;25.0;0.84;ESE;4.166666666666667;0.0;1009.8;0.0;Mostly Cloudy
1581591600;29.0;25.0;0.79;ESE;3.0555555555555554;0.0;1010.8;0.0;Cloudy
1581595200;29.0;24.0;0.74;ESE;3.611111111111111;0.0;1010.8;0.0;Cloudy
1581598800;30.0;25.0;0.74;SE;3.611111111111111;0.0;1011.8;0.0;Cloudy
1581602400;30.0;25.0;0.74;ESE;3.0555555555555554;0.0;1010.8;0.0;Cloudy
1581606000;30.0;24.0;0.7;E;3.611111111111111;0.0;1009.8;0.0;Mostly Cloudy
1581609600;30.0;24.0;0.7;ESE;4.722222222222222;0.0;1009.8;0.0;Mostly Cloudy
1581613200;31.0;24.0;0.66;E;3.0555555555555554;0.0;1008.8;0.0;Mostly Cloudy
1581616800;30.0;24.0;0.7;SE;4.166666666666667;0.0;1008.8;0.0;Mostly Cloudy
1581620400;30.0;24.0;0.7;SE;4.166666666666667;0.0;1008.8;0.0;Mostly Cloudy
1581624000;29.0;24.0;0.74;ESE;4.166666666666667;0.0;1009.8;0.0;Mostly Cloudy
1581627600;29.0;24.0;0.74;SE;4.166666666666667;0.0;1009.8;0.0;Mostly Cloudy
1581631200;29.0;24.0;0.74;SE;4.166666666666667;0.0;1009.8;0.0;Partly Cloudy
1581634800;29.0;24.0;0.74;ESE;3.0555555555555554;0.0;1010.8;0.0;Partly Cloudy
1581638400;29.0;24.0;0.74;ESE;3.611111111111111;0.0;1011.8;0.0;Partly Cloudy
1581642000;29.0;24.0;0.74;ESE;3.611111111111111;0.0;1011.8;0.0;Partly Cloudy
1581645600;29.0;24.0;0.74;SE;4.166666666666667;0.0;1011.8;0.0;Partly Cloudy
1581649200;28.0;23.0;0.74;SE;4.722222222222222;0.0;1010.8;0.0;Partly Cloudy
1581652800;28.0;23.0;0.74;SE;3.0555555555555554;0.0;1010.8;0.0;Fair
1581656400;28.0;23.0;0.74;SE;3.0555555555555554;0.0;1009.8;0.0;Fair
1581660000;28.0;24.0;0.79;SE;3.0555555555555554;0.0;1009.8;0.0;Partly Cloudy
1581663600;28.0;23.0;0.74;SE;3.611111111111111;0.0;1009.8;0.0;Partly Cloudy
1581667200;28.0;23.0;0.74;SE;2.5;0.0;1009.8;0.0;Partly Cloudy
1581670800;28.0;23.0;0.74;SSE;2.5;0.0;1010.8;0.0;Partly Cloudy
1581674400;28.0;24.0;0.79;SSE;1.9444444444444444;0.0;1011.8;0.0;Partly Cloudy
1581678000;29.0;24.0;0.74;SE;4.722222222222222;0.0;1011.8;0.0;Partly Cloudy
1581681600;30.0;23.0;0.66;SE;5.277777777777778;0.0;1011.8;0.0;Partly Cloudy
1581685200;31.0;24.0;0.66;ESE;4.166666666666667;0.0;1011.8;0.0;Partly Cloudy
1581688800;31.0;24.0;0.66;ESE;5.277777777777778;0.0;1010.8;0.0;Partly Cloudy
1581692400;31.0;24.0;0.66;ESE;5.277777777777778;0.0;1010.8;0.0;Mostly Cloudy
1581696000;31.0;25.0;0.7;ESE;5.277777777777778;0.0;1009.8;0.0;Partly Cloudy
1581699600;31.0;24.0;0.66;SE;6.666666666666666;0.0;1008.8;0.0;Partly Cloudy
1581703200;30.0;24.0;0.7;SE;5.555555555555555;0.0;1008.8;0.0;Partly Cloudy
1581706800;30.0;24.0;0.7;SE;5.277777777777778;0.0;1008.8;0.0;Partly Cloudy
1581710400;29.0;23.0;0.7;SE;5.555555555555555;0.0;1008.8;0.0;Partly Cloudy
1581714000;29.0;24.0;0.74;VAR;3.611111111111111;0.0;1008.8;0.0;Partly Cloudy
1581717600;29.0;23.0;0.7;ESE;3.611111111111111;0.0;1009.8;0.0;Mostly Cloudy
1581721200;29.0;23.0;0.7;SE;4.166666666666667;0.0;1010.8;0.0;Partly Cloudy
1581724800;29.0;23.0;0.7;ESE;4.166666666666667;0.0;1010.8;0.0;Mostly Cloudy
1581728400;29.0;22.0;0.66;ESE;3.611111111111111;0.0;1010.8;0.0;Partly Cloudy
1581732000;28.0;23.0;0.74;ESE;2.5;0.0;1010.8;0.0;Partly Cloudy
1581735600;28.0;22.0;0.7;ESE;3.611111111111111;0.0;1010.8;0.0;Partly Cloudy
1581739200;28.0;22.0;0.7;ESE;3.0555555555555554;0.0;1009.8;0.0;Partly Cloudy
1581742800;28.0;22.0;0.7;SE;3.0555555555555554;0.0;1009.8;0.0;Partly Cloudy
1581746400;28.0;21.0;0.66;ESE;3.0555555555555554;0.0;1009.8;0.0;Partly Cloudy
1581750000;28.0;22.0;0.7;ESE;3.0555555555555554;0.0;1009.8;0.0;Partly Cloudy
1581753600;28.0;22.0;0.7;ESE;2.5;0.0;1009.8;0.0;Fair
1581757200;28.0;21.0;0.66;SE;3.0555555555555554;0.0;1010.8;0.0;Fair
1581760800;29.0;22.0;0.66;SE;3.611111111111111;0.0;1010.8;0.0;Fair
1581764400;30.0;22.0;0.62;SE;4.166666666666667;0.0;1011.8;0.0;Partly Cloudy
1581768000;30.0;22.0;0.62;ESE;3.611111111111111;0.0;1011.8;0.0;Partly Cloudy
1581771600;30.0;22.0;0.62;SE;3.611111111111111;0.0;1011.8;0.0;Partly Cloudy
1581775200;30.0;23.0;0.66;SE;3.611111111111111;0.0;1010.8;0.0;Partly Cloudy
1581778800;30.0;22.0;0.62;ESE;4.166666666666667;0.0;1010.8;0.0;Partly Cloudy
1581782400;30.0;22.0;0.62;ESE;4.166666666666667;0.0;1009.8;0.0;Fair
1581786000;31.0;23.0;0.62;ESE;4.166666666666667;0.0;1008.8;0.0;Fair
1581789600;30.0;22.0;0.62;SE;5.277777777777778;0.0;1008.8;0.0;Fair
1581793200;30.0;23.0;0.66;ESE;5.277777777777778;0.0;1008.8;0.0;Fair
1581796800;30.0;23.0;0.66;SE;4.722222222222222;0.0;1009.8;0.0;Fair
1581800400;29.0;23.0;0.7;SE;4.166666666666667;0.0;1009.8;0.0;Partly Cloudy
1581804000;29.0;23.0;0.7;ESE;3.611111111111111;0.0;1009.8;0.0;Fair
1581807600;29.0;23.0;0.7;ESE;3.611111111111111;0.0;1010.8;0.0;Partly Cloudy
1581811200;28.0;23.0;0.74;SE;3.0555555555555554;0.0;1010.8;0.0;Partly Cloudy
1581814800;28.0;23.0;0.74;SE;3.0555555555555554;0.0;1010.8;0.0;Fair
1581818400;28.0;23.0;0.74;SE;3.0555555555555554;0.0;1010.8;0.0;Fair
1581908400;28.0;24.0;0.79;ESE;2.5;0.0;1010.8;0.0;Partly Cloudy
1581912000;28.0;23.0;0.74;E;3.611111111111111;0.0;1010.8;0.0;Mostly Cloudy
1581915600;28.0;24.0;0.79;ESE;3.611111111111111;0.0;1009.8;0.0;Partly Cloudy
1581919200;27.0;24.0;0.84;E;2.5;0.0;1009.8;0.0;Mostly Cloudy
1581922800;28.0;23.0;0.74;ESE;1.9444444444444444;0.0;1009.8;0.0;Partly Cloudy
1581926400;28.0;23.0;0.74;E;2.5;0.0;1009.8;0.0;Mostly Cloudy
1581930000;27.0;23.0;0.79;CALM;0.0;0.0;1009.8;0.0;Mostly Cloudy
1581933600;28.0;24.0;0.79;N;1.6666666666666665;0.0;1010.8;0.0;Partly Cloudy
1581937200;30.0;24.0;0.7;E;2.5;0.0;1010.8;0.0;Mostly Cloudy
1581940800;31.0;24.0;0.66;E;3.0555555555555554;0.0;1011.8;0.0;Partly Cloudy
1581944400;28.0;24.0;0.79;ESE;2.5;0.0;1011.8;0.0;Showers in the Vicinity
1581948000;31.0;24.0;0.66;ESE;4.722222222222222;0.0;1010.8;0.0;Partly Cloudy
1581951600;31.0;24.0;0.66;ESE;4.722222222222222;0.0;1009.8;0.0;Partly Cloudy
1581955200;31.0;23.0;0.62;SE;4.722222222222222;0.0;1008.8;0.0;Partly Cloudy
1581958800;31.0;24.0;0.66;ESE;4.722222222222222;0.0;1008.8;0.0;Mostly Cloudy
1581962400;31.0;24.0;0.66;ESE;5.277777777777778;0.0;1008.8;0.0;Fair
1581966000;30.0;24.0;0.7;ESE;5.555555555555555;0.0;1008.8;0.0;Partly Cloudy
1581969600;30.0;24.0;0.7;ESE;5.555555555555555;0.0;1008.8;0.0;Partly Cloudy
1581973200;29.0;24.0;0.74;ESE;5.277777777777778;0.0;1009.8;0.0;Mostly Cloudy
1581976800;29.0;24.0;0.74;ESE;5.277777777777778;0.0;1009.8;0.0;Partly Cloudy
1581980400;29.0;23.0;0.7;ESE;4.722222222222222;0.0;1010.8;0.0;Mostly Cloudy
1581984000;29.0;23.0;0.7;ESE;4.722222222222222;0.0;1011.8;0.0;Mostly Cloudy
1581987600;29.0;23.0;0.7;ESE;4.722222222222222;0.0;1011.8;0.0;Partly Cloudy
1581991200;29.0;23.0;0.7;ESE;3.611111111111111;0.0;1010.8;0.0;Fair
1582081200;26.0;23.0;0.83;VAR;0.5555555555555556;0.0;1009.8;0.0;Light Rain
1582084800;25.0;24.0;0.94;NW;1.6666666666666665;0.0;1008.8;0.0;Showers in the Vicinity
1582088400;26.0;24.0;0.89;W;2.5;0.0;1008.8;0.0;Mostly Cloudy
1582092000;28.0;23.0;0.74;SE;4.166666666666667;0.0;1007.8;0.0;Mostly Cloudy
1582095600;28.0;23.0;0.74;ESE;3.0555555555555554;0.0;1007.8;0.0;Mostly Cloudy
1582099200;28.0;23.0;0.74;ESE;1.9444444444444444;0.0;1008.8;0.0;Partly Cloudy
1582102800;28.0;23.0;0.74;SE;1.9444444444444444;0.0;1008.8;0.0;Partly Cloudy
1582106400;27.0;24.0;0.84;SW;1.6666666666666665;0.0;1009.8;0.0;Partly Cloudy
1582110000;28.0;23.0;0.74;SSW;2.5;0.0;1009.8;0.0;Mostly Cloudy
1582113600;29.0;23.0;0.7;SSE;4.722222222222222;0.0;1009.8;0.0;Mostly Cloudy
1582117200;29.0;21.0;0.62;SE;5.277777777777778;0.0;1010.8;0.0;Mostly Cloudy
1582120800;31.0;22.0;0.58;SSE;5.277777777777778;0.0;1010.8;0.0;Mostly Cloudy
1582124400;31.0;23.0;0.62;SSE;5.277777777777778;0.0;1009.8;0.0;Fair
1582128000;30.0;23.0;0.66;SE;5.277777777777778;0.0;1008.8;0.0;Fair
1582131600;30.0;22.0;0.62;SE;5.277777777777778;0.0;1007.8;0.0;Fair
1582135200;30.0;23.0;0.66;SE;4.166666666666667;0.0;1007.8;0.0;Fair
1582138800;30.0;23.0;0.66;SE;4.722222222222222;0.0;1007.8;0.0;Partly Cloudy
1582142400;29.0;23.0;0.7;ESE;3.611111111111111;0.0;1007.8;0.0;Partly Cloudy
1582146000;29.0;23.0;0.7;VAR;3.611111111111111;0.0;1008.8;0.0;Fair
1582149600;29.0;23.0;0.7;ESE;3.0555555555555554;0.0;1007.8;0.0;Partly Cloudy
1582153200;29.0;24.0;0.74;ESE;3.611111111111111;0.0;1008.8;0.0;Partly Cloudy
1582156800;29.0;24.0;0.74;ESE;4.166666666666667;0.0;1009.8;0.0;Partly Cloudy
1582160400;27.0;24.0;0.84;NE;1.1111111111111112;0.0;1010.8;0.0;Showers in the Vicinity
1582164000;28.0;24.0;0.79;E;4.166666666666667;0.0;1009.8;0.0;Showers in the Vicinity
1582167600;28.0;24.0;0.79;NE;2.5;0.0;1009.8;0.0;Partly Cloudy
1582167900;26.0;23.0;0.83;E;8.333333333333334;16.944444444444443;1009.8;0.0;Light Rain
1582168800;25.0;23.0;0.89;NE;6.111111111111111;11.38888888888889;1009.8;0.0;Rain
1582169880;25.0;23.0;0.89;ENE;7.222222222222222;0.0;1009.8;0.0;T-Storm
1582171200;25.0;23.0;0.89;ENE;6.111111111111111;11.38888888888889;1009.8;0.0;T-Storm
1582173300;24.0;22.0;0.89;ENE;1.1111111111111112;0.0;1008.8;0.0;Light Rain with Thunder
1582174800;24.0;23.0;0.94;VAR;1.1111111111111112;0.0;1008.8;0.0;Light Rain
1582178400;24.0;23.0;0.94;SW;1.9444444444444444;0.0;1007.8;0.0;Light Rain
1582182000;24.0;23.0;0.94;CALM;0.0;0.0;1007.8;0.0;Partly Cloudy
1582185600;24.0;22.0;0.89;S;1.1111111111111112;0.0;1007.8;0.0;Partly Cloudy
1582189200;24.0;23.0;0.94;WNW;0.5555555555555556;0.0;1007.8;0.0;Mostly Cloudy
1582192800;24.0;23.0;0.94;NW;1.6666666666666665;0.0;1008.8;0.0;Mostly Cloudy
1582196400;25.0;23.0;0.89;NW;1.6666666666666665;0.0;1009.8;0.0;Mostly Cloudy
1582200000;27.0;23.0;0.79;VAR;0.5555555555555556;0.0;1010.8;0.0;Showers in the Vicinity
1582203600;29.0;23.0;0.7;VAR;1.9444444444444444;0.0;1010.8;0.0;Mostly Cloudy
1582207200;30.0;23.0;0.66;E;2.5;0.0;1009.8;0.0;Mostly Cloudy
1582210800;30.0;23.0;0.66;E;1.9444444444444444;0.0;1009.8;0.0;Showers in the Vicinity
1582214400;30.0;23.0;0.66;SSE;2.5;0.0;1008.8;0.0;Mostly Cloudy
1582217400;27.0;24.0;0.84;NE;3.0555555555555554;0.0;1008.8;0.0;Rain
1582218000;26.0;23.0;0.83;ENE;2.5;0.0;1008.8;0.0;Light Rain
1582219800;26.0;23.0;0.83;S;2.5;0.0;1008.8;0.0;Light Rain Shower
1582221600;26.0;23.0;0.83;E;4.722222222222222;0.0;1008.8;0.0;Showers in the Vicinity
1582225200;26.0;23.0;0.83;E;2.5;0.0;1008.8;0.0;Light Rain
1582228800;26.0;23.0;0.83;E;1.9444444444444444;0.0;1008.8;0.0;Cloudy
1582232400;26.0;24.0;0.89;SE;2.5;0.0;1008.8;0.0;Cloudy
1582236000;26.0;24.0;0.89;SSE;6.111111111111111;0.0;1009.8;0.0;Mostly Cloudy
1582239600;25.0;23.0;0.89;SW;1.9444444444444444;0.0;1010.8;0.0;Cloudy
1582243200;25.0;24.0;0.94;SSW;1.9444444444444444;0.0;1011.8;0.0;Cloudy
1582246800;25.0;24.0;0.94;SSW;1.9444444444444444;0.0;1011.8;0.0;Mostly Cloudy
1582250400;24.0;23.0;0.94;W;1.9444444444444444;0.0;1010.8;0.0;Partly Cloudy
1582340400;28.0;25.0;0.84;ESE;4.166666666666667;0.0;1010.8;0.0;Partly Cloudy
1582344000;28.0;24.0;0.79;ESE;3.0555555555555554;0.0;1009.8;0.0;Mostly Cloudy
1582347600;28.0;24.0;0.79;SE;2.5;0.0;1009.8;0.0;Partly Cloudy
1582351200;28.0;24.0;0.79;E;2.5;0.0;1009.8;0.0;Fair
1582354800;28.0;24.0;0.79;ESE;1.9444444444444444;0.0;1009.8;0.0;Fair
1582358400;28.0;24.0;0.79;E;2.5;0.0;1009.8;0.0;Fair
1582362000;28.0;24.0;0.79;ESE;1.6666666666666665;0.0;1010.8;0.0;Partly Cloudy
1582365600;28.0;24.0;0.79;SE;2.5;0.0;1010.8;0.0;Partly Cloudy
1582369200;29.0;25.0;0.79;ESE;2.5;0.0;1011.8;0.0;Mostly Cloudy
1582372800;29.0;24.0;0.74;E;3.0555555555555554;0.0;1011.8;0.0;Partly Cloudy
1582376400;31.0;25.0;0.7;E;4.166666666666667;0.0;1010.8;0.0;Partly Cloudy
1582380000;30.0;23.0;0.66;SE;4.166666666666667;0.0;1010.8;0.0;Partly Cloudy
1582383600;30.0;25.0;0.74;ESE;3.611111111111111;0.0;1009.8;0.0;Partly Cloudy
1582387200;30.0;24.0;0.7;ESE;4.166666666666667;0.0;1009.8;0.0;Partly Cloudy
1582390800;30.0;24.0;0.7;ESE;4.166666666666667;0.0;1009.8;0.0;Partly Cloudy
1582394400;30.0;24.0;0.7;E;3.611111111111111;0.0;1009.8;0.0;Fair
1582398000;30.0;24.0;0.7;ESE;3.611111111111111;0.0;1008.8;0.0;Fair
1582401600;29.0;25.0;0.79;E;3.611111111111111;0.0;1008.8;0.0;Partly Cloudy
1582405200;29.0;24.0;0.74;E;3.0555555555555554;0.0;1009.8;0.0;Partly Cloudy
1582408800;29.0;24.0;0.74;E;3.0555555555555554;0.0;1010.8;0.0;Partly Cloudy
1582412400;29.0;24.0;0.74;E;2.5;0.0;1010.8;0.0;Partly Cloudy
1582416000;29.0;24.0;0.74;E;2.5;0.0;1011.8;0.0;Fair
1582419600;29.0;25.0;0.79;E;3.0555555555555554;0.0;1011.8;0.0;Partly Cloudy
1582423200;29.0;24.0;0.74;E;2.5;0.0;1011.8;0.0;Partly Cloudy
1582426800;29.0;24.0;0.74;E;1.9444444444444444;0.0;1011.8;0.0;Partly Cloudy
1582430400;28.0;24.0;0.79;ENE;1.6666666666666665;0.0;1010.8;0.0;Fair
1582434000;28.0;24.0;0.79;NE;1.6666666666666665;0.0;1010.8;0.0;Fair
1582437600;28.0;24.0;0.79;NE;1.6666666666666665;0.0;1010.8;0.0;Partly Cloudy
1582441200;27.0;24.0;0.84;NW;1.6666666666666665;0.0;1010.8;0.0;Partly Cloudy
1582444800;27.0;24.0;0.84;CALM;0.0;0.0;1011.8;0.0;Showers in the Vicinity
1582448400;26.0;24.0;0.89;NNE;1.9444444444444444;0.0;1011.8;0.0;Light Rain
1582452000;27.0;25.0;0.89;WNW;1.6666666666666665;0.0;1012.8;0.0;Light Rain Shower
1582455600;28.0;25.0;0.84;N;1.9444444444444444;0.0;1012.8;0.0;Showers in the Vicinity
1582459200;29.0;25.0;0.79;VAR;1.1111111111111112;0.0;1012.8;0.0;Partly Cloudy
1582462800;30.0;24.0;0.7;E;3.0555555555555554;0.0;1012.8;0.0;Partly Cloudy
1582466400;31.0;24.0;0.66;ESE;4.166666666666667;0.0;1012.8;0.0;Fair
1582470000;31.0;24.0;0.66;E;4.166666666666667;0.0;1011.8;0.0;Fair
1582473600;31.0;25.0;0.7;E;4.722222222222222;0.0;1010.8;0.0;Fair
1582477200;31.0;24.0;0.66;E;4.722222222222222;0.0;1009.8;0.0;Fair
1582480800;31.0;24.0;0.66;ESE;4.166666666666667;0.0;1008.8;0.0;Fair
1582484400;30.0;24.0;0.7;ESE;4.166666666666667;0.0;1008.8;0.0;Fair
1582488000;30.0;24.0;0.7;ESE;4.166666666666667;0.0;1009.8;0.0;Fair
1582491600;29.0;24.0;0.74;ESE;4.166666666666667;0.0;1009.8;0.0;Partly Cloudy
1582495200;29.0;24.0;0.74;ESE;4.722222222222222;0.0;1009.8;0.0;Partly Cloudy
1582498800;29.0;24.0;0.74;ESE;4.166666666666667;0.0;1010.8;0.0;Partly Cloudy
1582502400;29.0;25.0;0.79;ESE;3.611111111111111;0.0;1011.8;0.0;Partly Cloudy
1582506000;29.0;24.0;0.74;ESE;4.166666666666667;0.0;1011.8;0.0;Partly Cloudy
1582509600;29.0;24.0;0.74;ESE;4.166666666666667;0.0;1011.8;0.0;Mostly Cloudy
1582513200;29.0;24.0;0.74;E;3.0555555555555554;0.0;1011.8;0.0;Mostly Cloudy
1582516800;29.0;24.0;0.74;E;3.0555555555555554;0.0;1010.8;0.0;Mostly Cloudy
1582520400;28.0;24.0;0.79;ESE;3.611111111111111;0.0;1010.8;0.0;Cloudy
1582524000;28.0;24.0;0.79;E;3.0555555555555554;0.0;1009.8;0.0;Mostly Cloudy
1582527600;28.0;24.0;0.79;ESE;4.166666666666667;0.0;1010.8;0.0;Mostly Cloudy
1582531200;28.0;23.0;0.74;E;3.0555555555555554;0.0;1010.8;0.0;Mostly Cloudy
1582534800;28.0;24.0;0.79;ESE;3.611111111111111;0.0;1010.8;0.0;Mostly Cloudy
1582538400;29.0;24.0;0.74;E;4.166666666666667;0.0;1010.8;0.0;Mostly Cloudy
1582542000;30.0;24.0;0.7;E;3.611111111111111;0.0;1011.8;0.0;Partly Cloudy
1582545600;30.0;23.0;0.66;E;5.277777777777778;0.0;1011.8;0.0;Partly Cloudy
1582549200;31.0;24.0;0.66;E;4.722222222222222;0.0;1011.8;0.0;Partly Cloudy
1582552800;31.0;24.0;0.66;E;4.722222222222222;0.0;1011.8;0.0;Partly Cloudy
1582556400;31.0;25.0;0.7;ESE;4.166666666666667;0.0;1010.8;0.0;Partly Cloudy
1582560000;31.0;24.0;0.66;E;4.166666666666667;0.0;1010.8;0.0;Partly Cloudy
1582563600;31.0;23.0;0.62;E;4.166666666666667;0.0;1009.8;0.0;Partly Cloudy
1582567200;30.0;23.0;0.66;ESE;5.277777777777778;0.0;1009.8;0.0;Partly Cloudy
1582570800;30.0;23.0;0.66;ESE;4.722222222222222;0.0;1008.8;0.0;Partly Cloudy
1582574400;30.0;24.0;0.7;ESE;4.166666666666667;0.0;1008.8;0.0;Partly Cloudy
1582578000;29.0;24.0;0.74;ESE;3.611111111111111;0.0;1009.8;0.0;Fair
1582581600;29.0;24.0;0.74;E;2.5;0.0;1009.8;0.0;Partly Cloudy
1582585200;29.0;23.0;0.7;ESE;3.611111111111111;0.0;1010.8;0.0;Fair
1582588800;29.0;24.0;0.74;ESE;3.611111111111111;0.0;1010.8;0.0;Partly Cloudy
1582592400;29.0;23.0;0.7;ESE;3.611111111111111;0.0;1010.8;0.0;Partly Cloudy
1582596000;29.0;23.0;0.7;ESE;3.0555555555555554;0.0;1010.8;0.0;Partly Cloudy
1582686000;28.0;24.0;0.79;SE;3.0555555555555554;0.0;1009.8;0.0;Mostly Cloudy
1582689600;28.0;24.0;0.79;SE;3.611111111111111;0.0;1008.8;0.0;Showers in the Vicinity
1582693200;26.0;23.0;0.83;E;3.0555555555555554;0.0;1008.8;0.0;Showers in the Vicinity
1582696800;27.0;24.0;0.84;CALM;0.0;0.0;1007.8;0.0;Showers in the Vicinity
1582700400;27.0;24.0;0.84;WSW;1.1111111111111112;0.0;1008.8;0.0;Mostly Cloudy
1582704000;26.0;24.0;0.89;W;1.6666666666666665;0.0;1008.8;0.0;Partly Cloudy
1582707600;26.0;24.0;0.89;SW;2.5;0.0;1008.8;0.0;Mostly Cloudy
1582711200;27.0;24.0;0.84;W;1.9444444444444444;0.0;1009.8;0.0;Partly Cloudy
1582714800;27.0;25.0;0.89;SW;2.5;0.0;1010.8;0.0;Light Rain
1582718400;28.0;25.0;0.84;S;2.5;0.0;1010.8;0.0;Light Rain
1582722000;30.0;25.0;0.74;SSE;7.222222222222222;0.0;1010.8;0.0;Partly Cloudy
1582725600;31.0;23.0;0.62;SE;4.722222222222222;0.0;1010.8;0.0;Partly Cloudy
1582729200;31.0;23.0;0.62;SSE;6.666666666666666;0.0;1009.8;0.0;Partly Cloudy
1582732800;31.0;23.0;0.62;SSE;6.111111111111111;0.0;1008.8;0.0;Partly Cloudy
1582736400;31.0;24.0;0.66;SE;6.666666666666666;0.0;1007.8;0.0;Partly Cloudy
1582740000;30.0;24.0;0.7;SSE;6.111111111111111;0.0;1007.8;0.0;Partly Cloudy
1582743600;30.0;24.0;0.7;SE;5.277777777777778;0.0;1007.8;0.0;Partly Cloudy
1582747200;30.0;23.0;0.66;SE;5.277777777777778;0.0;1007.8;0.0;Fair
1582750800;29.0;24.0;0.74;SE;5.277777777777778;0.0;1007.8;0.0;Fair
1582754400;29.0;24.0;0.74;SE;3.611111111111111;0.0;1008.8;0.0;Partly Cloudy
1582758000;29.0;24.0;0.74;ESE;4.166666666666667;0.0;1009.8;0.0;Partly Cloudy
1582761600;29.0;23.0;0.7;ESE;4.166666666666667;0.0;1009.8;0.0;Partly Cloudy
1582765200;29.0;24.0;0.74;ESE;4.166666666666667;0.0;1009.8;0.0;Partly Cloudy
1582768800;29.0;24.0;0.74;ESE;2.5;0.0;1009.8;0.0;Partly Cloudy
1582772400;28.0;23.0;0.74;E;2.5;0.0;1009.8;0.0;Partly Cloudy
1582776000;28.0;23.0;0.74;E;2.5;0.0;1009.8;0.0;Partly Cloudy
1582779600;28.0;23.0;0.74;ESE;1.9444444444444444;0.0;1009.8;0.0;Partly Cloudy
1582783200;28.0;23.0;0.74;E;1.9444444444444444;0.0;1008.8;0.0;Partly Cloudy
1582786800;28.0;24.0;0.79;E;1.9444444444444444;0.0;1009.8;0.0;Partly Cloudy
1582790400;29.0;24.0;0.74;NE;2.5;0.0;1009.8;0.0;Partly Cloudy
1582794000;27.0;24.0;0.84;W;1.9444444444444444;0.0;1010.8;0.0;Partly Cloudy
1582797600;29.0;24.0;0.74;S;1.9444444444444444;0.0;1011.8;0.0;Partly Cloudy
1582801200;30.0;24.0;0.7;ESE;3.0555555555555554;0.0;1011.8;0.0;Partly Cloudy
1582804800;31.0;24.0;0.66;ESE;3.611111111111111;0.0;1011.8;0.0;Partly Cloudy
1582808400;31.0;24.0;0.66;ESE;4.722222222222222;0.0;1011.8;0.0;Partly Cloudy
1582812000;31.0;24.0;0.66;ESE;4.166666666666667;0.0;1011.8;0.0;Partly Cloudy
1582815600;31.0;24.0;0.66;E;3.611111111111111;0.0;1010.8;0.0;Partly Cloudy
1582819200;31.0;24.0;0.66;ESE;4.166666666666667;0.0;1009.8;0.0;Partly Cloudy
1582822800;31.0;24.0;0.66;E;4.722222222222222;0.0;1009.8;0.0;Fair
1582826400;30.0;24.0;0.7;E;4.722222222222222;0.0;1008.8;0.0;Fair
1582830000;31.0;25.0;0.7;E;4.166666666666667;0.0;1007.8;0.0;Fair
1582833600;30.0;24.0;0.7;E;4.166666666666667;0.0;1007.8;0.0;Fair
1582837200;29.0;24.0;0.74;ENE;4.166666666666667;0.0;1008.8;0.0;Fair
1582840800;29.0;24.0;0.74;ENE;3.0555555555555554;0.0;1009.8;0.0;Fair
1582844400;29.0;24.0;0.74;NE;2.5;0.0;1010.8;0.0;Partly Cloudy
1582848000;29.0;24.0;0.74;NE;1.9444444444444444;0.0;1010.8;0.0;Partly Cloudy
1582851600;29.0;24.0;0.74;NE;2.5;0.0;1011.8;0.0;Partly Cloudy
1582855200;29.0;24.0;0.74;NE;2.5;0.0;1010.8;0.0;Partly Cloudy
1582858800;29.0;24.0;0.74;NE;2.5;0.0;1010.8;0.0;Partly Cloudy
1582862400;29.0;24.0;0.74;NNE;2.5;0.0;1010.8;0.0;Partly Cloudy
1582866000;28.0;24.0;0.79;NNW;1.6666666666666665;0.0;1010.8;0.0;Fair
1582869600;27.0;24.0;0.84;WNW;1.1111111111111112;0.0;1010.8;0.0;Fair
1582873200;27.0;24.0;0.84;NW;1.1111111111111112;0.0;1010.8;0.0;Fair
1582876800;27.0;24.0;0.84;NW;1.1111111111111112;0.0;1010.8;0.0;Fair
1582880400;26.0;24.0;0.89;NW;1.6666666666666665;0.0;1011.8;0.0;Partly Cloudy
1582884000;28.0;25.0;0.84;WNW;1.6666666666666665;0.0;1012.8;0.0;Partly Cloudy
1582887600;30.0;25.0;0.74;E;3.611111111111111;0.0;1012.8;0.0;Partly Cloudy
1582891200;31.0;25.0;0.7;ENE;4.166666666666667;0.0;1012.8;0.0;Partly Cloudy
1582894800;31.0;25.0;0.7;E;4.166666666666667;0.0;1012.8;0.0;Partly Cloudy
1582898400;31.0;25.0;0.7;ESE;4.166666666666667;0.0;1012.8;0.0;Partly Cloudy
1582902000;31.0;25.0;0.7;E;4.166666666666667;0.0;1011.8;0.0;Partly Cloudy
1582905600;31.0;25.0;0.7;E;4.722222222222222;0.0;1010.8;0.0;Partly Cloudy
1582909200;31.0;25.0;0.7;E;4.722222222222222;0.0;1010.8;0.0;Partly Cloudy
1582912800;31.0;24.0;0.66;E;5.277777777777778;0.0;1009.8;0.0;Partly Cloudy
1582916400;31.0;25.0;0.7;E;5.277777777777778;0.0;1009.8;0.0;Partly Cloudy
1582920000;30.0;24.0;0.7;ESE;4.166666666666667;0.0;1009.8;0.0;Partly Cloudy
1582923600;30.0;25.0;0.74;E;3.611111111111111;0.0;1009.8;0.0;Partly Cloudy
1582927200;29.0;25.0;0.79;ESE;3.0555555555555554;0.0;1010.8;0.0;Partly Cloudy
1582930800;29.0;24.0;0.74;ESE;4.166666666666667;0.0;1010.8;0.0;Partly Cloudy
1582934400;29.0;24.0;0.74;ESE;3.611111111111111;0.0;1011.8;0.0;Partly Cloudy
1582938000;29.0;25.0;0.79;ESE;3.611111111111111;0.0;1011.8;0.0;Mostly Cloudy
1582941600;29.0;24.0;0.74;SSE;4.166666666666667;0.0;1011.8;0.0;Partly Cloudy
1583031600;28.0;24.0;0.79;ESE;3.0555555555555554;0.0;1010.8;0.0;Partly Cloudy
1583035200;27.0;24.0;0.84;SW;1.9444444444444444;0.0;1010.8;0.0;Showers in the Vicinity
1583038800;27.0;24.0;0.84;WSW;1.6666666666666665;0.0;1010.8;0.0;Showers in the Vicinity
1583042400;27.0;25.0;0.89;WNW;1.9444444444444444;0.0;1010.8;0.0;Partly Cloudy
1583046000;26.0;24.0;0.89;NW;1.6666666666666665;0.0;1010.8;0.0;Partly Cloudy
1583049600;26.0;25.0;0.94;WNW;1.9444444444444444;0.0;1010.8;0.0;Partly Cloudy
1583053200;26.0;24.0;0.89;VAR;1.1111111111111112;0.0;1010.8;0.0;Showers in the Vicinity
1583056800;27.0;25.0;0.89;S;1.9444444444444444;0.0;1011.8;0.0;Mostly Cloudy
1583060400;28.0;24.0;0.79;SSW;1.9444444444444444;0.0;1012.8;0.0;Partly Cloudy
1583064000;28.0;23.0;0.74;SE;5.555555555555555;0.0;1012.8;0.0;Mostly Cloudy
1583067600;29.0;24.0;0.74;SSE;4.722222222222222;0.0;1012.8;0.0;Light Rain
1583071200;30.0;23.0;0.66;SSE;4.722222222222222;0.0;1011.8;0.0;Partly Cloudy
1583074800;31.0;24.0;0.66;SSE;5.555555555555555;0.0;1010.8;0.0;Partly Cloudy
1583078400;31.0;23.0;0.62;SE;6.111111111111111;0.0;1010.8;0.0;Partly Cloudy
1583082000;30.0;23.0;0.66;SE;6.111111111111111;0.0;1009.8;0.0;Partly Cloudy
1583085600;30.0;23.0;0.66;SE;6.111111111111111;0.0;1008.8;0.0;Partly Cloudy
1583089200;29.0;23.0;0.7;SE;5.277777777777778;0.0;1008.8;0.0;Partly Cloudy
1583092800;29.0;22.0;0.66;SE;4.166666666666667;0.0;1009.8;0.0;Partly Cloudy
1583096400;29.0;23.0;0.7;ESE;3.0555555555555554;0.0;1009.8;0.0;Partly Cloudy
1583100000;29.0;23.0;0.7;ESE;3.0555555555555554;0.0;1010.8;0.0;Partly Cloudy
1583103600;29.0;23.0;0.7;E;2.5;0.0;1010.8;0.0;Partly Cloudy
1583107200;29.0;22.0;0.66;E;3.0555555555555554;0.0;1011.8;0.0;Partly Cloudy
1583110800;29.0;22.0;0.66;E;1.9444444444444444;0.0;1011.8;0.0;Partly Cloudy
1583114400;29.0;22.0;0.66;E;1.6666666666666665;0.0;1011.8;0.0;Partly Cloudy
1583118000;29.0;22.0;0.66;ESE;1.6666666666666665;0.0;1010.8;0.0;Fair
1583121600;27.0;23.0;0.79;WSW;1.6666666666666665;0.0;1010.8;0.0;Mostly Cloudy
1583125200;27.0;23.0;0.79;WSW;1.6666666666666665;0.0;1009.8;0.0;Partly Cloudy
1583128800;26.0;23.0;0.83;NW;1.9444444444444444;0.0;1009.8;0.0;Partly Cloudy
1583132400;26.0;23.0;0.83;NW;1.1111111111111112;0.0;1009.8;0.0;Partly Cloudy
1583136000;25.0;23.0;0.89;NW;1.1111111111111112;0.0;1009.8;0.0;Partly Cloudy
1583139600;26.0;23.0;0.83;CALM;0.0;0.0;1009.8;0.0;Partly Cloudy
1583143200;28.0;24.0;0.79;CALM;0.0;0.0;1010.8;0.0;Fair
1583146800;29.0;23.0;0.7;SSE;2.5;0.0;1010.8;0.0;Fair
1583150400;30.0;23.0;0.66;ESE;4.166666666666667;0.0;1011.8;0.0;Fair
1583154000;31.0;22.0;0.58;E;3.0555555555555554;0.0;1011.8;0.0;Partly Cloudy
1583157600;30.0;23.0;0.66;E;2.5;0.0;1010.8;0.0;Partly Cloudy
1583161200;31.0;22.0;0.58;ESE;4.166666666666667;0.0;1010.8;0.0;Partly Cloudy
1583164800;31.0;23.0;0.62;SE;5.277777777777778;0.0;1009.8;0.0;Fair
1583168400;31.0;22.0;0.58;ESE;4.166666666666667;0.0;1008.8;0.0;Fair
1583172000;31.0;23.0;0.62;ESE;5.277777777777778;0.0;1008.8;0.0;Fair
1583175600;30.0;22.0;0.62;ESE;4.166666666666667;0.0;1007.8;0.0;Fair
1583179200;30.0;23.0;0.66;ESE;4.166666666666667;0.0;1008.8;0.0;Fair
1583182800;30.0;24.0;0.7;E;3.0555555555555554;0.0;1008.8;0.0;Partly Cloudy
1583186400;29.0;23.0;0.7;ESE;3.611111111111111;0.0;1009.8;0.0;Partly Cloudy
1583190000;29.0;23.0;0.7;ESE;3.0555555555555554;0.0;1010.8;0.0;Mostly Cloudy
1583193600;29.0;23.0;0.7;E;2.5;0.0;1010.8;0.0;Partly Cloudy
1583197200;29.0;24.0;0.74;ENE;3.0555555555555554;0.0;1011.8;0.0;Mostly Cloudy
1583200800;29.0;23.0;0.7;E;3.0555555555555554;0.0;1010.8;0.0;Partly Cloudy
1583204400;29.0;23.0;0.7;ESE;2.5;0.0;1010.8;0.0;Fair
1583208000;29.0;24.0;0.74;E;2.5;0.0;1009.8;0.0;Mostly Cloudy
1583211600;29.0;23.0;0.7;ESE;1.9444444444444444;0.0;1009.8;0.0;Mostly Cloudy
1583215200;28.0;23.0;0.74;ESE;1.9444444444444444;0.0;1009.8;0.0;Mostly Cloudy
1583218800;28.0;23.0;0.74;SE;3.0555555555555554;0.0;1009.8;0.0;Partly Cloudy
1583222400;28.0;23.0;0.74;ESE;1.9444444444444444;0.0;1009.8;0.0;Partly Cloudy
1583226000;29.0;22.0;0.66;E;1.6666666666666665;0.0;1010.8;0.0;Fair
1583229600;29.0;23.0;0.7;SE;3.0555555555555554;0.0;1010.8;0.0;Partly Cloudy
1583233200;30.0;23.0;0.66;E;3.0555555555555554;0.0;1011.8;0.0;Partly Cloudy
1583236800;30.0;23.0;0.66;E;3.0555555555555554;0.0;1011.8;0.0;Partly Cloudy
1583240400;31.0;23.0;0.62;ENE;3.0555555555555554;0.0;1011.8;0.0;Partly Cloudy
1583244000;31.0;23.0;0.62;E;3.611111111111111;0.0;1011.8;0.0;Partly Cloudy
1583247600;32.0;24.0;0.62;E;3.0555555555555554;0.0;1010.8;0.0;Partly Cloudy
1583251200;31.0;24.0;0.66;ESE;4.166666666666667;0.0;1009.8;0.0;Partly Cloudy
1583254800;32.0;24.0;0.62;ESE;4.166666666666667;0.0;1008.8;0.0;Partly Cloudy
1583258400;31.0;23.0;0.62;ESE;4.722222222222222;0.0;1008.8;0.0;Fair
1583262000;30.0;24.0;0.7;E;4.166666666666667;0.0;1008.8;0.0;Partly Cloudy
1583265600;30.0;24.0;0.7;ESE;4.166666666666667;0.0;1008.8;0.0;Partly Cloudy
1583269200;30.0;24.0;0.7;VAR;3.611111111111111;0.0;1009.8;0.0;Partly Cloudy
1583272800;29.0;24.0;0.74;ESE;4.166666666666667;0.0;1010.8;0.0;Partly Cloudy
1583276400;29.0;24.0;0.74;ESE;4.166666666666667;0.0;1010.8;0.0;Fair
1583280000;29.0;23.0;0.7;ESE;3.0555555555555554;0.0;1011.8;0.0;Partly Cloudy
1583283600;29.0;24.0;0.74;E;2.5;0.0;1011.8;0.0;Partly Cloudy
1583287200;29.0;24.0;0.74;E;1.9444444444444444;0.0;1011.8;0.0;Partly Cloudy
1583290800;29.0;23.0;0.7;E;1.9444444444444444;0.0;1011.8;0.0;Partly Cloudy
1583294400;29.0;23.0;0.7;E;2.5;0.0;1010.8;0.0;Partly Cloudy
1583298000;29.0;24.0;0.74;ESE;2.5;0.0;1009.8;0.0;Partly Cloudy
1583301600;28.0;23.0;0.74;ESE;2.5;0.0;1009.8;0.0;Partly Cloudy
1583305200;28.0;23.0;0.74;E;1.6666666666666665;0.0;1010.8;0.0;Partly Cloudy
1583308800;28.0;24.0;0.79;ESE;1.1111111111111112;0.0;1010.8;0.0;Partly Cloudy
1583312400;29.0;23.0;0.7;E;1.9444444444444444;0.0;1011.8;0.0;Partly Cloudy
1583316000;30.0;24.0;0.7;E;2.5;0.0;1011.8;0.0;Partly Cloudy
1583319600;30.0;24.0;0.7;E;2.5;0.0;1012.8;0.0;Partly Cloudy
1583323200;31.0;24.0;0.66;E;2.5;0.0;1012.8;0.0;Partly Cloudy
1583326800;31.0;24.0;0.66;VAR;3.0555555555555554;0.0;1012.8;0.0;Partly Cloudy
1583330400;31.0;24.0;0.66;E;3.611111111111111;0.0;1012.8;0.0;Showers in the Vicinity
1583334000;30.0;25.0;0.74;SE;3.611111111111111;0.0;1011.8;0.0;Partly Cloudy
1583337600;31.0;25.0;0.7;E;3.611111111111111;0.0;1010.8;0.0;Partly Cloudy
1583341200;32.0;24.0;0.62;E;4.166666666666667;0.0;1009.8;0.0;Partly Cloudy
1583344800;31.0;25.0;0.7;ENE;4.722222222222222;0.0;1009.8;0.0;Partly Cloudy
1583348400;30.0;25.0;0.74;ENE;3.611111111111111;0.0;1009.8;0.0;Partly Cloudy
1583352000;30.0;24.0;0.7;NE;3.611111111111111;0.0;1009.8;0.0;Partly Cloudy
1583355600;30.0;25.0;0.74;ENE;3.611111111111111;0.0;1009.8;0.0;Partly Cloudy
1583359200;30.0;24.0;0.7;ENE;3.611111111111111;0.0;1010.8;0.0;Partly Cloudy
1583362800;29.0;24.0;0.74;ENE;3.0555555555555554;0.0;1011.8;0.0;Partly Cloudy
1583366400;29.0;24.0;0.74;NE;2.5;0.0;1012.8;0.0;Partly Cloudy
1583370000;29.0;24.0;0.74;NE;3.0555555555555554;0.0;1012.8;0.0;Partly Cloudy
1583373600;29.0;24.0;0.74;ENE;2.5;0.0;1012.8;0.0;Partly Cloudy
1583377200;29.0;24.0;0.74;NE;2.5;0.0;1011.8;0.0;Fair
1583380800;29.0;23.0;0.7;N;1.6666666666666665;0.0;1011.8;0.0;Partly Cloudy
1583384400;27.0;23.0;0.79;NW;1.9444444444444444;0.0;1011.8;0.0;Fair
1583388000;27.0;24.0;0.84;WNW;1.1111111111111112;0.0;1010.8;0.0;Fair
1583391600;26.0;24.0;0.89;NNW;1.1111111111111112;0.0;1010.8;0.0;Fair
1583395200;26.0;24.0;0.89;WNW;1.1111111111111112;0.0;1011.8;0.0;Fair
1583398800;26.0;23.0;0.83;VAR;0.5555555555555556;0.0;1011.8;0.0;Fair
1583402400;28.0;24.0;0.79;WNW;1.1111111111111112;0.0;1012.8;0.0;Fair
1583406000;29.0;24.0;0.74;NNE;1.6666666666666665;0.0;1013.8;0.0;Fair
1583409600;31.0;23.0;0.62;E;3.611111111111111;0.0;1013.8;0.0;Fair
1583413200;31.0;24.0;0.66;ENE;4.166666666666667;0.0;1012.8;0.0;Fair
1583416800;32.0;24.0;0.62;E;4.722222222222222;0.0;1012.8;0.0;Fair
1583420400;32.0;24.0;0.62;E;5.277777777777778;0.0;1011.8;0.0;Fair
1583424000;32.0;24.0;0.62;ENE;4.722222222222222;0.0;1010.8;0.0;Fair
1583427600;32.0;24.0;0.62;ENE;4.722222222222222;0.0;1009.8;0.0;Fair
1583431200;32.0;24.0;0.62;ENE;4.166666666666667;0.0;1009.8;0.0;Fair
1583434800;31.0;24.0;0.66;ENE;4.722222222222222;0.0;1009.8;0.0;Fair
1583438400;30.0;24.0;0.7;ENE;3.611111111111111;0.0;1009.8;0.0;Fair
1583442000;29.0;24.0;0.74;ENE;3.0555555555555554;0.0;1009.8;0.0;Fair
1583445600;29.0;24.0;0.74;NE;3.0555555555555554;0.0;1010.8;0.0;Fair
1583449200;29.0;24.0;0.74;NE;2.5;0.0;1011.8;0.0;Partly Cloudy
1583452800;29.0;24.0;0.74;NE;2.5;0.0;1011.8;0.0;Partly Cloudy
1583456400;29.0;24.0;0.74;NE;1.9444444444444444;0.0;1012.8;0.0;Partly Cloudy
1583460000;29.0;24.0;0.74;NE;2.5;0.0;1012.8;0.0;Partly Cloudy
1583550000;29.0;25.0;0.79;E;1.9444444444444444;0.0;1010.8;0.0;Partly Cloudy
1583553600;29.0;25.0;0.79;E;2.5;0.0;1009.8;0.0;Partly Cloudy
1583557200;29.0;24.0;0.74;E;2.5;0.0;1008.8;0.0;Partly Cloudy
1583560800;29.0;24.0;0.74;E;1.6666666666666665;0.0;1008.8;0.0;Partly Cloudy
1583564400;29.0;24.0;0.74;E;1.9444444444444444;0.0;1008.8;0.0;Mostly Cloudy
1583568000;29.0;24.0;0.74;ESE;1.9444444444444444;0.0;1008.8;0.0;Partly Cloudy
1583571600;29.0;24.0;0.74;E;1.6666666666666665;0.0;1008.8;0.0;Partly Cloudy
1583575200;29.0;24.0;0.74;ESE;1.9444444444444444;0.0;1009.8;0.0;Partly Cloudy
1583576400;27.0;24.0;0.84;S;5.277777777777778;0.0;1010.8;0.0;Light Rain
1583578800;27.0;24.0;0.84;W;2.5;0.0;1010.8;0.0;Light Rain
1583582400;30.0;25.0;0.74;SE;4.166666666666667;0.0;1011.8;0.0;Showers in the Vicinity
1583586000;31.0;25.0;0.7;E;3.611111111111111;0.0;1011.8;0.0;Mostly Cloudy
1583589600;31.0;25.0;0.7;ESE;3.0555555555555554;0.0;1010.8;0.0;Mostly Cloudy
1583593200;31.0;25.0;0.7;SE;4.166666666666667;0.0;1009.8;0.0;Partly Cloudy
1583596800;31.0;25.0;0.7;ESE;3.611111111111111;0.0;1008.8;0.0;Partly Cloudy
1583600400;31.0;25.0;0.7;E;3.611111111111111;0.0;1007.8;0.0;Partly Cloudy
1583604000;30.0;24.0;0.7;E;4.166666666666667;0.0;1007.8;0.0;Partly Cloudy
1583607600;30.0;24.0;0.7;ESE;3.0555555555555554;0.0;1007.8;0.0;Partly Cloudy
1583611200;30.0;24.0;0.7;SE;4.166666666666667;0.0;1007.8;0.0;Partly Cloudy
1583614800;29.0;24.0;0.74;ESE;3.0555555555555554;0.0;1008.8;0.0;Partly Cloudy
1583618400;29.0;24.0;0.74;ESE;3.0555555555555554;0.0;1008.8;0.0;Mostly Cloudy
1583622000;29.0;24.0;0.74;ESE;2.5;0.0;1009.8;0.0;Partly Cloudy
1583625600;29.0;24.0;0.74;E;2.5;0.0;1010.8;0.0;Partly Cloudy
1583629200;29.0;24.0;0.74;E;2.5;0.0;1010.8;0.0;Partly Cloudy
1583632800;29.0;23.0;0.7;ESE;2.5;0.0;1010.8;0.0;Mostly Cloudy
1583636400;29.0;23.0;0.7;ESE;1.9444444444444444;0.0;1009.8;0.0;Partly Cloudy
1583640000;29.0;23.0;0.7;E;1.9444444444444444;0.0;1009.8;0.0;Partly Cloudy
1583643600;28.0;23.0;0.74;ESE;2.5;0.0;1008.8;0.0;Partly Cloudy
1583647200;28.0;23.0;0.74;ESE;1.9444444444444444;0.0;1008.8;0.0;Partly Cloudy
1583650800;28.0;22.0;0.7;ESE;2.5;0.0;1008.8;0.0;Fair
1583654400;28.0;22.0;0.7;E;1.9444444444444444;0.0;1008.8;0.0;Fair
1583658000;26.0;23.0;0.83;WNW;1.6666666666666665;0.0;1008.8;0.0;Fair
1583661600;29.0;24.0;0.74;NW;1.6666666666666665;0.0;1009.8;0.0;Partly Cloudy
1583665200;30.0;23.0;0.66;VAR;1.6666666666666665;0.0;1010.8;0.0;Partly Cloudy
1583668800;31.0;23.0;0.62;E;2.5;0.0;1011.8;0.0;Partly Cloudy
1583672400;31.0;22.0;0.58;E;3.0555555555555554;0.0;1010.8;0.0;Partly Cloudy
1583676000;31.0;22.0;0.58;SE;4.166666666666667;0.0;1010.8;0.0;Partly Cloudy
1583679600;32.0;24.0;0.62;SE;4.166666666666667;0.0;1009.8;0.0;Partly Cloudy
1583683200;32.0;23.0;0.59;VAR;3.611111111111111;0.0;1008.8;0.0;Partly Cloudy
1583686800;31.0;23.0;0.62;ESE;4.722222222222222;0.0;1008.8;0.0;Partly Cloudy
1583690400;31.0;24.0;0.66;SE;5.277777777777778;0.0;1007.8;0.0;Fair
1583694000;31.0;23.0;0.62;E;4.166666666666667;0.0;1007.8;0.0;Fair
1583697600;30.0;24.0;0.7;SE;4.166666666666667;0.0;1007.8;0.0;Fair
1583701200;30.0;24.0;0.7;E;2.5;0.0;1008.8;0.0;Fair
1583704800;30.0;24.0;0.7;ESE;2.5;0.0;1008.8;0.0;Partly Cloudy
1583708400;29.0;23.0;0.7;ESE;2.5;0.0;1009.8;0.0;Fair
1583712000;29.0;24.0;0.74;E;3.0555555555555554;0.0;1010.8;0.0;Fair
1583715600;29.0;24.0;0.74;ESE;3.0555555555555554;0.0;1010.8;0.0;Fair
1583719200;29.0;23.0;0.7;SE;1.9444444444444444;0.0;1010.8;0.0;Fair
1583809200;27.0;22.0;0.74;SW;1.6666666666666665;0.0;1011.8;0.0;Fair
1583812800;26.0;23.0;0.83;SW;1.6666666666666665;0.0;1010.8;0.0;Fair
1583816400;26.0;22.0;0.78;WSW;1.6666666666666665;0.0;1009.8;0.0;Fair
1583820000;25.0;22.0;0.83;WSW;1.6666666666666665;0.0;1009.8;0.0;Fair
1583823600;25.0;22.0;0.83;VAR;0.5555555555555556;0.0;1009.8;0.0;Fair
1583827200;25.0;22.0;0.83;VAR;1.1111111111111112;0.0;1009.8;0.0;Fair
1583830800;25.0;21.0;0.78;WNW;1.6666666666666665;0.0;1009.8;0.0;Fair
1583834400;27.0;22.0;0.74;W;1.9444444444444444;0.0;1010.8;0.0;Fair
1583838000;29.0;22.0;0.66;W;1.6666666666666665;0.0;1010.8;0.0;Fair
1583841600;30.0;23.0;0.66;S;1.9444444444444444;0.0;1011.8;0.0;Fair
1583845200;31.0;23.0;0.62;ENE;1.9444444444444444;0.0;1010.8;0.0;Fair
1583848800;31.0;23.0;0.62;SE;4.166666666666667;0.0;1010.8;0.0;Fair
1583852400;31.0;24.0;0.66;E;3.611111111111111;0.0;1010.8;0.0;Fair
1583856000;31.0;24.0;0.66;ESE;3.611111111111111;0.0;1009.8;0.0;Fair
1583859600;31.0;24.0;0.66;E;4.166666666666667;0.0;1008.8;0.0;Mostly Cloudy
1583863200;31.0;24.0;0.66;E;4.166666666666667;0.0;1008.8;0.0;Mostly Cloudy
1583866800;30.0;23.0;0.66;E;4.166666666666667;0.0;1007.8;0.0;Partly Cloudy
1583870400;30.0;24.0;0.7;E;3.611111111111111;0.0;1008.8;0.0;Partly Cloudy
1583874000;30.0;24.0;0.7;E;3.611111111111111;0.0;1008.8;0.0;Partly Cloudy
1583877600;30.0;24.0;0.7;E;3.611111111111111;0.0;1009.8;0.0;Partly Cloudy
1583881200;29.0;24.0;0.74;E;3.611111111111111;0.0;1009.8;0.0;Partly Cloudy
1583884800;29.0;24.0;0.74;ENE;2.5;0.0;1010.8;0.0;Partly Cloudy
1583888400;29.0;23.0;0.7;ENE;2.5;0.0;1010.8;0.0;Partly Cloudy
1583892000;29.0;23.0;0.7;ENE;2.5;0.0;1010.8;0.0;Partly Cloudy
1583982000;29.0;24.0;0.74;SE;3.611111111111111;0.0;1009.8;0.0;Partly Cloudy
1583985600;27.0;23.0;0.79;SE;1.9444444444444444;0.0;1009.8;0.0;Rain Shower
1583986200;27.0;23.0;0.79;E;3.0555555555555554;0.0;1008.8;0.0;Partly Cloudy
1583989200;28.0;24.0;0.79;ESE;3.0555555555555554;0.0;1008.8;0.0;Partly Cloudy
1583992800;28.0;24.0;0.79;ESE;3.0555555555555554;0.0;1007.8;0.0;Partly Cloudy
1583996400;28.0;23.0;0.74;E;2.5;0.0;1007.8;0.0;Partly Cloudy
1584000000;28.0;23.0;0.74;ESE;4.166666666666667;0.0;1007.8;0.0;Partly Cloudy
1584003600;29.0;23.0;0.7;E;3.0555555555555554;0.0;1008.8;0.0;Partly Cloudy
1584007200;30.0;23.0;0.66;E;3.0555555555555554;0.0;1008.8;0.0;Partly Cloudy
1584010800;31.0;25.0;0.7;E;4.166666666666667;0.0;1009.8;0.0;Mostly Cloudy
1584014400;31.0;24.0;0.66;E;4.166666666666667;0.0;1010.8;0.0;Mostly Cloudy
1584018000;32.0;24.0;0.62;E;4.166666666666667;0.0;1009.8;0.0;Mostly Cloudy
1584021600;28.0;24.0;0.79;ESE;6.111111111111111;0.0;1009.8;0.0;Light Rain
1584022680;27.0;24.0;0.84;E;3.0555555555555554;0.0;1009.8;0.0;Rain
1584025200;28.0;25.0;0.84;ESE;3.611111111111111;0.0;1009.8;0.0;Light Rain
1584028800;29.0;24.0;0.74;ESE;5.277777777777778;0.0;1008.8;0.0;Showers in the Vicinity
1584032400;30.0;24.0;0.7;ESE;4.722222222222222;0.0;1007.8;0.0;Showers in the Vicinity
1584036000;30.0;23.0;0.66;E;4.166666666666667;0.0;1007.8;0.0;Partly Cloudy
1584039600;30.0;23.0;0.66;ESE;3.611111111111111;0.0;1007.8;0.0;Mostly Cloudy
1584043200;29.0;24.0;0.74;ESE;5.277777777777778;0.0;1007.8;0.0;Mostly Cloudy
1584046800;29.0;23.0;0.7;SE;4.722222222222222;0.0;1008.8;0.0;Mostly Cloudy
1584050400;29.0;22.0;0.66;ESE;5.555555555555555;0.0;1008.8;0.0;Mostly Cloudy
1584054000;29.0;23.0;0.7;ESE;5.277777777777778;0.0;1009.8;0.0;Cloudy
1584057600;29.0;22.0;0.66;SE;4.722222222222222;0.0;1010.8;0.0;Mostly Cloudy
1584061200;29.0;22.0;0.66;SE;4.722222222222222;0.0;1011.8;0.0;Mostly Cloudy
1584064800;29.0;23.0;0.7;SE;3.611111111111111;0.0;1010.8;0.0;Mostly Cloudy
1584068400;27.0;24.0;0.84;WSW;1.9444444444444444;0.0;1010.8;0.0;Mostly Cloudy
1584072000;26.0;24.0;0.89;SW;1.9444444444444444;0.0;1010.8;0.0;Mostly Cloudy
1584075600;26.0;23.0;0.83;SSW;1.6666666666666665;0.0;1008.8;0.0;Mostly Cloudy
1584079200;26.0;23.0;0.83;WSW;1.9444444444444444;0.0;1008.8;0.0;Mostly Cloudy
1584082800;26.0;23.0;0.83;W;1.6666666666666665;0.0;1009.8;0.0;Mostly Cloudy
1584086400;26.0;23.0;0.83;W;0.5555555555555556;0.0;1009.8;0.0;Partly Cloudy
1584090000;26.0;23.0;0.83;WSW;2.5;0.0;1009.8;0.0;Partly Cloudy
1584093600;26.0;24.0;0.89;SW;1.6666666666666665;0.0;1010.8;0.0;Mostly Cloudy
1584097200;27.0;24.0;0.84;SW;2.5;0.0;1011.8;0.0;Mostly Cloudy
1584100800;30.0;24.0;0.7;S;1.6666666666666665;0.0;1011.8;0.0;Partly Cloudy
1584104400;31.0;23.0;0.62;SE;4.722222222222222;0.0;1011.8;0.0;Mostly Cloudy
1584108000;31.0;24.0;0.66;ESE;4.722222222222222;0.0;1011.8;0.0;Mostly Cloudy
1584111600;31.0;23.0;0.62;SE;5.277777777777778;0.0;1010.8;0.0;Showers in the Vicinity
1584115200;30.0;23.0;0.66;SE;5.277777777777778;0.0;1009.8;0.0;Mostly Cloudy
1584118800;30.0;22.0;0.62;SE;4.722222222222222;0.0;1008.8;0.0;Mostly Cloudy
1584122400;30.0;23.0;0.66;SSE;5.555555555555555;0.0;1008.8;0.0;Mostly Cloudy
1584126000;30.0;23.0;0.66;SE;5.555555555555555;0.0;1008.8;0.0;Mostly Cloudy
1584129600;29.0;23.0;0.7;SE;5.277777777777778;0.0;1009.8;0.0;Showers in the Vicinity
1584133200;30.0;22.0;0.62;SE;3.611111111111111;0.0;1009.8;0.0;Mostly Cloudy
1584136800;29.0;22.0;0.66;SE;4.722222222222222;0.0;1009.8;0.0;Cloudy
1584140400;29.0;21.0;0.62;SE;4.166666666666667;0.0;1010.8;0.0;Mostly Cloudy
1584144000;29.0;21.0;0.62;SE;4.722222222222222;0.0;1011.8;0.0;Partly Cloudy
1584147600;29.0;22.0;0.66;SE;3.611111111111111;0.0;1011.8;0.0;Partly Cloudy
1584151200;29.0;22.0;0.66;SSE;4.722222222222222;0.0;1011.8;0.0;Partly Cloudy
1584154800;29.0;22.0;0.66;VAR;2.5;0.0;1010.8;0.0;Partly Cloudy
1584158400;28.0;22.0;0.7;SE;3.611111111111111;0.0;1010.8;0.0;Partly Cloudy
1584162000;28.0;21.0;0.66;SE;3.611111111111111;0.0;1010.8;0.0;Partly Cloudy
1584165600;28.0;22.0;0.7;SSE;3.611111111111111;0.0;1009.8;0.0;Fair
1584169200;28.0;23.0;0.74;E;1.9444444444444444;0.0;1010.8;0.0;Partly Cloudy
1584172800;28.0;22.0;0.7;SE;3.611111111111111;0.0;1010.8;0.0;Partly Cloudy
1584176400;28.0;22.0;0.7;ESE;3.0555555555555554;0.0;1010.8;0.0;Partly Cloudy
1584180000;29.0;22.0;0.66;SE;3.611111111111111;0.0;1011.8;0.0;Partly Cloudy
1584183600;29.0;23.0;0.7;ESE;3.0555555555555554;0.0;1012.8;0.0;Mostly Cloudy
1584187200;30.0;22.0;0.62;SE;4.166666666666667;0.0;1012.8;0.0;Mostly Cloudy
1584190800;31.0;23.0;0.62;ESE;4.166666666666667;0.0;1012.8;0.0;Partly Cloudy
1584194400;31.0;22.0;0.58;E;3.611111111111111;0.0;1011.8;0.0;Partly Cloudy
1584198000;31.0;23.0;0.62;SE;5.277777777777778;0.0;1011.8;0.0;Mostly Cloudy
1584201600;32.0;24.0;0.62;SE;4.722222222222222;0.0;1010.8;0.0;Partly Cloudy
1584205200;31.0;23.0;0.62;ESE;3.611111111111111;0.0;1009.8;0.0;Mostly Cloudy
1584208800;30.0;24.0;0.7;E;3.611111111111111;0.0;1009.8;0.0;Mostly Cloudy
1584212400;30.0;23.0;0.66;SE;4.722222222222222;0.0;1008.8;0.0;Mostly Cloudy
1584216000;30.0;22.0;0.62;SE;3.611111111111111;0.0;1009.8;0.0;Mostly Cloudy
1584219600;29.0;23.0;0.7;ESE;3.0555555555555554;0.0;1009.8;0.0;Mostly Cloudy
1584223200;29.0;24.0;0.74;ESE;4.166666666666667;0.0;1010.8;0.0;Mostly Cloudy
1584226800;29.0;24.0;0.74;E;3.0555555555555554;0.0;1010.8;0.0;Mostly Cloudy
1584230400;27.0;23.0;0.79;SW;1.6666666666666665;0.0;1011.8;0.0;Mostly Cloudy
1584234000;27.0;23.0;0.79;VAR;1.1111111111111112;0.0;1011.8;0.0;Mostly Cloudy
1584237600;27.0;23.0;0.79;SW;1.9444444444444444;0.0;1011.8;0.0;Partly Cloudy
1584241200;26.0;23.0;0.83;SSW;1.9444444444444444;0.0;1010.8;0.0;Partly Cloudy
1584244800;26.0;23.0;0.83;SW;2.5;0.0;1009.8;0.0;Fair
1584248400;26.0;23.0;0.83;SSW;1.6666666666666665;0.0;1009.8;0.0;Fair
1584252000;26.0;23.0;0.83;VAR;1.1111111111111112;0.0;1009.8;0.0;Light Rain
1584255600;26.0;24.0;0.89;WNW;1.6666666666666665;0.0;1009.8;0.0;Mostly Cloudy
1584256500;25.0;24.0;0.94;N;3.0555555555555554;0.0;1009.8;0.0;Heavy Rain
1584257100;25.0;23.0;0.89;NW;3.0555555555555554;0.0;1009.8;0.0;Rain
1584258000;25.0;24.0;0.94;SSW;2.5;0.0;1009.8;0.0;Heavy Rain
1584259200;25.0;24.0;0.94;SE;5.277777777777778;0.0;1009.8;0.0;Heavy Rain
1584260100;25.0;24.0;0.94;SSW;2.5;0.0;1009.8;0.0;Light Rain
1584262800;25.0;24.0;0.94;WSW;1.6666666666666665;0.0;1009.8;0.0;Showers in the Vicinity
1584266400;25.0;24.0;0.94;WSW;1.6666666666666665;0.0;1010.8;0.0;Showers in the Vicinity
1584267600;25.0;24.0;0.94;VAR;1.1111111111111112;0.0;1010.8;0.0;Rain
1584270000;25.0;24.0;0.94;WSW;3.0555555555555554;0.0;1010.8;0.0;Light Rain
1584273600;26.0;24.0;0.89;SW;2.5;0.0;1011.8;0.0;Light Rain
1584277200;26.0;25.0;0.94;VAR;0.5555555555555556;0.0;1011.8;0.0;Rain
1584280800;26.0;25.0;0.94;S;1.9444444444444444;0.0;1010.8;0.0;Light Rain
1584284400;28.0;25.0;0.84;SSE;4.166666666666667;0.0;1009.8;0.0;Showers in the Vicinity
1584288000;29.0;25.0;0.79;SSE;4.722222222222222;0.0;1008.8;0.0;Mostly Cloudy
1584291600;30.0;24.0;0.7;SE;4.722222222222222;0.0;1008.8;0.0;Mostly Cloudy
1584295200;29.0;23.0;0.7;SSE;4.722222222222222;0.0;1007.8;0.0;Partly Cloudy
1584298800;29.0;24.0;0.74;SE;4.166666666666667;0.0;1008.8;0.0;Partly Cloudy
1584302400;28.0;24.0;0.79;SE;3.611111111111111;0.0;1008.8;0.0;Partly Cloudy
1584306000;28.0;24.0;0.79;SE;3.0555555555555554;0.0;1008.8;0.0;Mostly Cloudy
1584309600;28.0;24.0;0.79;SE;1.9444444444444444;0.0;1009.8;0.0;Partly Cloudy
1584311100;27.0;24.0;0.84;SE;2.5;0.0;1009.8;0.0;Light Rain
1584313200;26.0;24.0;0.89;S;4.166666666666667;0.0;1010.8;0.0;Light Rain
1584316800;26.0;24.0;0.89;SSW;1.9444444444444444;0.0;1010.8;0.0;Partly Cloudy
1584320400;26.0;24.0;0.89;WNW;1.9444444444444444;0.0;1010.8;0.0;Mostly Cloudy
1584321600;25.0;23.0;0.89;NW;3.611111111111111;0.0;1010.8;0.0;Light Rain
1584322200;24.0;23.0;0.94;NNW;5.277777777777778;10.277777777777777;1011.8;0.0;Rain
1584323100;24.0;23.0;0.94;CALM;0.0;0.0;1011.8;0.0;T-Storm
1584324000;24.0;23.0;0.94;E;1.1111111111111112;0.0;1011.8;0.0;T-Storm
1584326100;24.0;23.0;0.94;S;2.5;0.0;1010.8;0.0;Light Rain
1584500400;29.0;24.0;0.74;NE;1.9444444444444444;0.0;1011.8;0.0;Fair
1584504000;28.0;24.0;0.79;ENE;1.9444444444444444;0.0;1010.8;0.0;Fair
1584507600;25.0;23.0;0.89;WNW;1.1111111111111112;0.0;1009.8;0.0;Partly Cloudy
1584511200;26.0;23.0;0.83;NW;1.1111111111111112;0.0;1009.8;0.0;Mostly Cloudy
1584514800;26.0;24.0;0.89;NW;1.6666666666666665;0.0;1010.8;0.0;Mostly Cloudy
1584518400;25.0;23.0;0.89;NW;1.6666666666666665;0.0;1010.8;0.0;Partly Cloudy
1584522000;26.0;23.0;0.83;VAR;0.5555555555555556;0.0;1010.8;0.0;Mostly Cloudy
1584525600;26.0;24.0;0.89;NW;1.6666666666666665;0.0;1011.8;0.0;Mostly Cloudy
1584529200;28.0;24.0;0.79;NW;1.6666666666666665;0.0;1011.8;0.0;Mostly Cloudy
1584532800;30.0;25.0;0.74;N;1.6666666666666665;0.0;1011.8;0.0;Mostly Cloudy
1584536400;30.0;25.0;0.74;ENE;3.0555555555555554;0.0;1011.8;0.0;Partly Cloudy
1584540000;31.0;24.0;0.66;ENE;4.722222222222222;0.0;1010.8;0.0;Partly Cloudy
1584543600;31.0;25.0;0.7;E;4.722222222222222;0.0;1009.8;0.0;Partly Cloudy
1584547200;31.0;24.0;0.66;ENE;4.166666666666667;0.0;1008.8;0.0;Partly Cloudy
1584550800;31.0;25.0;0.7;E;4.166666666666667;0.0;1008.8;0.0;Mostly Cloudy
1584554400;30.0;24.0;0.7;E;4.722222222222222;0.0;1007.8;0.0;Mostly Cloudy
1584558000;30.0;24.0;0.7;E;4.166666666666667;0.0;1007.8;0.0;Mostly Cloudy
1584561600;29.0;23.0;0.7;E;3.611111111111111;0.0;1007.8;0.0;Partly Cloudy
1584565200;29.0;24.0;0.74;E;2.5;0.0;1009.8;0.0;Partly Cloudy
1584568800;29.0;24.0;0.74;ENE;2.5;0.0;1009.8;0.0;Mostly Cloudy
1584572400;29.0;24.0;0.74;E;1.9444444444444444;0.0;1009.8;0.0;Partly Cloudy
1584576000;29.0;24.0;0.74;ENE;3.0555555555555554;0.0;1010.8;0.0;Mostly Cloudy
1584579600;29.0;24.0;0.74;ENE;2.5;0.0;1010.8;0.0;Mostly Cloudy
1584583200;29.0;24.0;0.74;ENE;3.0555555555555554;0.0;1010.8;0.0;Mostly Cloudy
1584586800;29.0;23.0;0.7;NE;1.9444444444444444;0.0;1009.8;0.0;Partly Cloudy
1584590400;29.0;24.0;0.74;NNE;2.5;0.0;1009.8;0.0;Mostly Cloudy
1584594000;29.0;23.0;0.7;NE;2.5;0.0;1008.8;0.0;Partly Cloudy
1584597600;27.0;24.0;0.84;NW;1.6666666666666665;0.0;1008.8;0.0;Partly Cloudy
1584601200;26.0;24.0;0.89;NW;1.1111111111111112;0.0;1008.8;0.0;Showers in the Vicinity
1584604800;26.0;24.0;0.89;WNW;1.6666666666666665;0.0;1008.8;0.0;Partly Cloudy
1584608400;26.0;24.0;0.89;WNW;1.1111111111111112;0.0;1009.8;0.0;Partly Cloudy
1584612000;29.0;23.0;0.7;ENE;2.5;0.0;1009.8;0.0;Partly Cloudy
1584615600;30.0;23.0;0.66;E;3.0555555555555554;0.0;1009.8;0.0;Fair
1584619200;31.0;23.0;0.62;NE;3.0555555555555554;0.0;1010.8;0.0;Partly Cloudy
1584622800;31.0;23.0;0.62;NNE;3.611111111111111;0.0;1010.8;0.0;Partly Cloudy
1584626400;32.0;23.0;0.59;NE;3.0555555555555554;0.0;1010.8;0.0;Partly Cloudy
1584630000;32.0;22.0;0.55;ENE;4.722222222222222;0.0;1009.8;0.0;Fair
1584633600;32.0;22.0;0.55;ENE;4.722222222222222;0.0;1008.8;0.0;Fair
1584637200;31.0;23.0;0.62;ENE;4.722222222222222;0.0;1007.8;0.0;Fair
1584640800;31.0;23.0;0.62;ENE;5.277777777777778;0.0;1007.8;0.0;Fair
1584644400;31.0;22.0;0.58;ENE;4.166666666666667;0.0;1007.8;0.0;Fair
1584648000;30.0;23.0;0.66;ENE;3.611111111111111;0.0;1007.8;0.0;Fair
1584651600;29.0;23.0;0.7;NE;3.611111111111111;0.0;1007.8;0.0;Fair
1584655200;29.0;23.0;0.7;NE;3.611111111111111;0.0;1008.8;0.0;Partly Cloudy
1584658800;29.0;24.0;0.74;NE;3.0555555555555554;0.0;1008.8;0.0;Fair
1584662400;29.0;24.0;0.74;NE;3.0555555555555554;0.0;1009.8;0.0;Partly Cloudy
1584666000;29.0;24.0;0.74;NE;3.0555555555555554;0.0;1009.8;0.0;Partly Cloudy
1584669600;29.0;23.0;0.7;NE;2.5;0.0;1009.8;0.0;Fair
1584932400;27.0;24.0;0.84;WNW;1.6666666666666665;0.0;1011.8;0.0;Partly Cloudy
1584936000;27.0;24.0;0.84;NW;1.6666666666666665;0.0;1010.8;0.0;Fair
1584939600;26.0;24.0;0.89;NW;1.9444444444444444;0.0;1010.8;0.0;Fair
1584943200;26.0;24.0;0.89;NW;1.9444444444444444;0.0;1009.8;0.0;Fair
1584946800;26.0;24.0;0.89;WNW;1.6666666666666665;0.0;1009.8;0.0;Fair
1584950400;26.0;24.0;0.89;NW;1.6666666666666665;0.0;1010.8;0.0;Fair
1584954000;26.0;24.0;0.89;NW;1.6666666666666665;0.0;1010.8;0.0;Fair
1584957600;28.0;24.0;0.79;NNW;1.9444444444444444;0.0;1011.8;0.0;Fair
1584961200;29.0;24.0;0.74;NW;4.166666666666667;0.0;1012.8;0.0;Fair
1584964800;31.0;24.0;0.66;NNW;3.611111111111111;0.0;1012.8;0.0;Partly Cloudy
1584968400;31.0;24.0;0.66;NW;3.0555555555555554;0.0;1011.8;0.0;Partly Cloudy
1584972000;32.0;23.0;0.59;NW;1.9444444444444444;0.0;1011.8;0.0;Partly Cloudy
1584975600;33.0;24.0;0.59;E;3.611111111111111;0.0;1010.8;0.0;Partly Cloudy
1584979200;32.0;24.0;0.62;ENE;4.722222222222222;0.0;1009.8;0.0;Partly Cloudy
1584982800;33.0;25.0;0.63;E;4.166666666666667;0.0;1008.8;0.0;Fair
1584986400;31.0;24.0;0.66;E;5.277777777777778;0.0;1008.8;0.0;Fair
1584990000;30.0;25.0;0.74;ENE;3.611111111111111;0.0;1009.8;0.0;Partly Cloudy
1584993600;30.0;25.0;0.74;ENE;2.5;0.0;1009.8;0.0;Partly Cloudy
1584997200;30.0;25.0;0.74;E;2.5;0.0;1010.8;0.0;Partly Cloudy
1585000800;29.0;25.0;0.79;NE;2.5;0.0;1010.8;0.0;Partly Cloudy
1585004400;29.0;24.0;0.74;NNE;1.9444444444444444;0.0;1011.8;0.0;Partly Cloudy
1585008000;29.0;24.0;0.74;NNE;2.5;0.0;1011.8;0.0;Partly Cloudy
1585011600;28.0;24.0;0.79;W;1.1111111111111112;0.0;1011.8;0.0;Fair
1585015200;27.0;24.0;0.84;NW;1.9444444444444444;0.0;1011.8;0.0;Partly Cloudy
1585018800;27.0;24.0;0.84;NNW;1.1111111111111112;0.0;1010.8;0.0;Mostly Cloudy
1585022400;27.0;24.0;0.84;WNW;1.1111111111111112;0.0;1010.8;0.0;Mostly Cloudy
1585026000;26.0;24.0;0.89;NNW;1.9444444444444444;0.0;1009.8;0.0;Mostly Cloudy
1585029600;26.0;24.0;0.89;NNW;1.1111111111111112;0.0;1009.8;0.0;Partly Cloudy
1585033200;26.0;24.0;0.89;N;1.1111111111111112;0.0;1009.8;0.0;Partly Cloudy
1585036800;25.0;23.0;0.89;NNW;1.9444444444444444;0.0;1009.8;0.0;Partly Cloudy
1585037700;25.0;23.0;0.89;NW;1.9444444444444444;0.0;1009.8;0.0;Thunder in the Vicinity
1585040400;26.0;24.0;0.89;NNW;1.6666666666666665;0.0;1010.8;0.0;Thunder in the Vicinity
1585044000;28.0;25.0;0.84;NW;2.5;0.0;1010.8;0.0;Thunder in the Vicinity
1585047600;29.0;25.0;0.79;NW;3.0555555555555554;0.0;1011.8;0.0;Partly Cloudy
1585051200;29.0;25.0;0.79;WNW;2.5;0.0;1011.8;0.0;Partly Cloudy
1585054800;29.0;25.0;0.79;WNW;1.1111111111111112;0.0;1011.8;0.0;Showers in the Vicinity
1585055520;27.0;24.0;0.84;W;4.166666666666667;0.0;1011.8;0.0;Rain
1585058400;29.0;26.0;0.84;SSW;1.9444444444444444;0.0;1010.8;0.0;Partly Cloudy
1585062000;30.0;25.0;0.74;E;2.5;0.0;1009.8;0.0;Partly Cloudy
1585065600;32.0;24.0;0.62;E;3.0555555555555554;0.0;1008.8;0.0;Partly Cloudy
1585069200;31.0;24.0;0.66;E;3.611111111111111;0.0;1007.8;0.0;Partly Cloudy
1585072800;31.0;24.0;0.66;E;4.722222222222222;0.0;1007.8;0.0;Fair
1585076400;31.0;24.0;0.66;E;4.166666666666667;0.0;1007.8;0.0;Fair
1585080000;30.0;24.0;0.7;E;3.0555555555555554;0.0;1007.8;0.0;Fair
1585083600;30.0;24.0;0.7;ENE;3.0555555555555554;0.0;1008.8;0.0;Fair
1585087200;29.0;24.0;0.74;ENE;1.9444444444444444;0.0;1008.8;0.0;Fair
1585090800;29.0;23.0;0.7;E;3.0555555555555554;0.0;1009.8;0.0;Thunder
1585094400;29.0;24.0;0.74;E;1.6666666666666665;0.0;1010.8;0.0;Thunder
1585098000;29.0;24.0;0.74;E;1.6666666666666665;0.0;1010.8;0.0;Fair
1585101600;29.0;24.0;0.74;ESE;1.6666666666666665;0.0;1010.8;0.0;Partly Cloudy
1585191600;27.0;24.0;0.84;S;2.5;0.0;1009.8;0.0;Fair
1585195200;27.0;24.0;0.84;VAR;1.6666666666666665;0.0;1009.8;0.0;Partly Cloudy
1585198800;26.0;24.0;0.89;VAR;1.1111111111111112;0.0;1008.8;0.0;Fair
1585202400;26.0;24.0;0.89;W;1.6666666666666665;0.0;1008.8;0.0;Fair
1585206000;26.0;24.0;0.89;WNW;1.6666666666666665;0.0;1008.8;0.0;Fair
1585209600;25.0;24.0;0.94;NNW;1.6666666666666665;0.0;1008.8;0.0;Partly Cloudy
1585213200;25.0;24.0;0.94;NNW;1.9444444444444444;0.0;1009.8;0.0;Partly Cloudy
1585216800;27.0;24.0;0.84;WNW;1.1111111111111112;0.0;1009.8;0.0;Fair
1585220400;29.0;24.0;0.74;NNW;1.6666666666666665;0.0;1010.8;0.0;Fair
1585224000;30.0;23.0;0.66;NE;1.6666666666666665;0.0;1010.8;0.0;Mostly Cloudy
1585227600;31.0;23.0;0.62;NE;2.5;0.0;1010.8;0.0;Partly Cloudy
1585231200;31.0;23.0;0.62;E;3.0555555555555554;0.0;1009.8;0.0;Partly Cloudy
1585234800;31.0;23.0;0.62;E;3.0555555555555554;0.0;1008.8;0.0;Fair
1585238400;31.0;23.0;0.62;E;4.166666666666667;0.0;1007.8;0.0;Partly Cloudy
1585242000;31.0;23.0;0.62;E;3.611111111111111;0.0;1007.8;0.0;Fair
1585245600;31.0;23.0;0.62;ESE;4.722222222222222;0.0;1007.8;0.0;Fair
1585249200;31.0;24.0;0.66;ESE;3.611111111111111;0.0;1006.8;0.0;Fair
1585252800;30.0;24.0;0.7;ENE;2.5;0.0;1007.8;0.0;Fair
1585256400;30.0;24.0;0.7;E;3.0555555555555554;0.0;1007.8;0.0;Fair
1585260000;29.0;24.0;0.74;E;3.0555555555555554;0.0;1007.8;0.0;Fair
1585263600;29.0;24.0;0.74;E;1.9444444444444444;0.0;1008.8;0.0;Fair
1585267200;29.0;24.0;0.74;ESE;1.9444444444444444;0.0;1009.8;0.0;Fair
1585270800;29.0;24.0;0.74;ESE;1.6666666666666665;0.0;1009.8;0.0;Partly Cloudy
1585274400;29.0;24.0;0.74;E;1.1111111111111112;0.0;1009.8;0.0;Mostly Cloudy
1585278000;27.0;25.0;0.89;WSW;1.9444444444444444;0.0;1008.8;0.0;Mostly Cloudy
1585281600;27.0;25.0;0.89;CALM;0.0;0.0;1008.8;0.0;Mostly Cloudy
1585285200;26.0;24.0;0.89;W;1.1111111111111112;0.0;1007.8;0.0;Mostly Cloudy
1585288800;25.0;24.0;0.94;W;1.9444444444444444;0.0;1007.8;0.0;Light Rain
1585292400;24.0;23.0;0.94;W;1.9444444444444444;0.0;1008.8;0.0;Mostly Cloudy
1585296000;25.0;23.0;0.89;NW;2.5;0.0;1008.8;0.0;Mostly Cloudy
1585299600;25.0;23.0;0.89;WNW;1.1111111111111112;0.0;1008.8;0.0;Partly Cloudy
1585303200;26.0;24.0;0.89;NW;1.1111111111111112;0.0;1009.8;0.0;Mostly Cloudy
1585306800;28.0;24.0;0.79;W;1.1111111111111112;0.0;1009.8;0.0;Showers in the Vicinity
1585310400;27.0;25.0;0.89;SE;4.166666666666667;0.0;1010.8;0.0;Light Rain
1585314000;27.0;24.0;0.84;SSE;1.9444444444444444;0.0;1010.8;0.0;Partly Cloudy
1585317600;30.0;25.0;0.74;SSE;3.611111111111111;0.0;1009.8;0.0;Partly Cloudy
1585321200;29.0;24.0;0.74;SE;4.722222222222222;0.0;1009.8;0.0;Showers in the Vicinity
1585321920;28.0;24.0;0.79;SE;5.555555555555555;0.0;1009.8;0.0;Light Rain
1585324800;26.0;25.0;0.94;CALM;0.0;0.0;1008.8;0.0;Showers in the Vicinity
1585328400;30.0;24.0;0.7;S;1.1111111111111112;0.0;1008.8;0.0;Partly Cloudy
1585332000;30.0;24.0;0.7;SSE;4.722222222222222;0.0;1007.8;0.0;Showers in the Vicinity
1585335600;30.0;24.0;0.7;S;5.277777777777778;0.0;1007.8;0.0;Partly Cloudy
1585339200;29.0;24.0;0.74;SSE;4.722222222222222;0.0;1007.8;0.0;Partly Cloudy
1585342800;28.0;23.0;0.74;SSE;4.166666666666667;0.0;1008.8;0.0;Partly Cloudy
1585346400;28.0;24.0;0.79;S;4.166666666666667;0.0;1008.8;0.0;Partly Cloudy
1585350000;27.0;24.0;0.84;SSW;2.5;0.0;1009.8;0.0;Partly Cloudy
1585353600;27.0;24.0;0.84;S;2.5;0.0;1009.8;0.0;Mostly Cloudy
1585357200;29.0;23.0;0.7;SE;3.0555555555555554;0.0;1009.8;0.0;Partly Cloudy
1585360800;29.0;24.0;0.74;SE;3.0555555555555554;0.0;1010.8;0.0;Partly Cloudy
1585450800;27.0;24.0;0.84;SW;1.9444444444444444;0.0;1010.8;0.0;Showers in the Vicinity
1585454400;27.0;24.0;0.84;VAR;1.1111111111111112;0.0;1009.8;0.0;Showers in the Vicinity
1585458000;26.0;24.0;0.89;VAR;1.1111111111111112;0.0;1009.8;0.0;Showers in the Vicinity
1585461600;26.0;24.0;0.89;WSW;1.6666666666666665;0.0;1009.8;0.0;Light Rain
1585465200;25.0;24.0;0.94;SW;1.6666666666666665;0.0;1009.8;0.0;Partly Cloudy
1585468800;25.0;24.0;0.94;SW;1.1111111111111112;0.0;1009.8;0.0;Partly Cloudy
1585472400;26.0;24.0;0.89;SW;1.6666666666666665;0.0;1009.8;0.0;Showers in the Vicinity
1585476000;27.0;25.0;0.89;SSW;1.6666666666666665;0.0;1010.8;0.0;Showers in the Vicinity
1585479600;28.0;25.0;0.84;SSW;2.5;0.0;1010.8;0.0;Mostly Cloudy
1585483200;29.0;25.0;0.79;S;2.5;0.0;1011.8;0.0;Mostly Cloudy
1585486800;30.0;25.0;0.74;SE;4.166666666666667;0.0;1010.8;0.0;Partly Cloudy
1585490400;30.0;24.0;0.7;ESE;3.611111111111111;0.0;1010.8;0.0;Partly Cloudy
1585494000;31.0;25.0;0.7;ESE;3.611111111111111;0.0;1009.8;0.0;Partly Cloudy
1585497600;30.0;25.0;0.74;SE;4.166666666666667;0.0;1008.8;0.0;Partly Cloudy
1585501200;31.0;25.0;0.7;E;4.166666666666667;0.0;1008.8;0.0;Partly Cloudy
1585504800;29.0;25.0;0.79;E;4.722222222222222;0.0;1008.8;0.0;Light Rain
1585508400;29.0;25.0;0.79;SE;4.722222222222222;0.0;1008.8;0.0;Showers in the Vicinity
1585512000;28.0;24.0;0.79;ESE;3.611111111111111;0.0;1009.8;0.0;Showers in the Vicinity
1585515600;28.0;24.0;0.79;SE;3.611111111111111;0.0;1009.8;0.0;Mostly Cloudy
1585519200;28.0;25.0;0.84;SSE;2.5;0.0;1009.8;0.0;Partly Cloudy
1585522800;29.0;25.0;0.79;SE;4.166666666666667;0.0;1009.8;0.0;Partly Cloudy
1585524900;26.0;25.0;0.94;W;1.9444444444444444;0.0;1010.8;0.0;Light Rain
1585526400;27.0;25.0;0.89;W;1.9444444444444444;0.0;1010.8;0.0;Light Rain
1585530000;26.0;25.0;0.94;SSW;2.5;0.0;1011.8;0.0;Mostly Cloudy
1585533600;26.0;25.0;0.94;SSW;1.9444444444444444;0.0;1010.8;0.0;Mostly Cloudy
1585710000;28.0;24.0;0.79;SE;3.0555555555555554;0.0;1009.8;0.0;Partly Cloudy
1585713600;28.0;24.0;0.79;SE;3.611111111111111;0.0;1008.8;0.0;Partly Cloudy
1585717200;27.0;23.0;0.79;ESE;4.722222222222222;0.0;1008.8;0.0;Showers in the Vicinity
1585720800;28.0;24.0;0.79;SE;3.611111111111111;0.0;1008.8;0.0;Partly Cloudy
1585724400;28.0;24.0;0.79;SE;3.611111111111111;0.0;1008.8;0.0;Mostly Cloudy
1585728000;25.0;23.0;0.89;ESE;5.277777777777778;0.0;1009.8;0.0;Light Rain
1585731600;26.0;24.0;0.89;SSE;1.1111111111111112;0.0;1009.8;0.0;Light Rain
1585734600;26.0;25.0;0.94;E;1.6666666666666665;0.0;1009.8;0.0;Rain
1585735200;26.0;25.0;0.94;E;1.9444444444444444;0.0;1009.8;0.0;Light Rain
1585738800;28.0;24.0;0.79;E;4.166666666666667;0.0;1010.8;0.0;Light Rain Shower
1585742400;30.0;26.0;0.79;ESE;3.611111111111111;0.0;1010.8;0.0;Partly Cloudy
1585746000;30.0;24.0;0.7;ESE;5.277777777777778;0.0;1010.8;0.0;Partly Cloudy
1585749600;31.0;24.0;0.66;ESE;4.722222222222222;0.0;1010.8;0.0;Partly Cloudy
1585753200;31.0;25.0;0.7;SE;5.277777777777778;0.0;1009.8;0.0;Partly Cloudy
1585755780;30.0;25.0;0.74;SE;6.111111111111111;11.38888888888889;1009.8;0.0;Mostly Cloudy
1585756800;28.0;25.0;0.84;ESE;7.777777777777778;0.0;1009.8;0.0;Light Rain Shower
1585760400;27.0;24.0;0.84;ESE;3.611111111111111;0.0;1009.8;0.0;Light Rain
1585764000;28.0;24.0;0.79;SSE;5.277777777777778;0.0;1008.8;0.0;Showers in the Vicinity
1585767600;29.0;23.0;0.7;SE;3.611111111111111;0.0;1009.8;0.0;Partly Cloudy
1585771200;29.0;24.0;0.74;SE;3.611111111111111;0.0;1009.8;0.0;Partly Cloudy
1585774800;29.0;24.0;0.74;SE;3.0555555555555554;0.0;1010.8;0.0;Partly Cloudy
1585778400;29.0;24.0;0.74;SE;2.5;0.0;1010.8;0.0;Partly Cloudy
1585782000;28.0;24.0;0.79;SSE;2.5;0.0;1011.8;0.0;Partly Cloudy
1585785600;28.0;24.0;0.79;SSE;1.9444444444444444;0.0;1011.8;0.0;Partly Cloudy
1585789200;26.0;24.0;0.89;SSW;1.6666666666666665;0.0;1011.8;0.0;Fair
1585792800;26.0;24.0;0.89;S;1.1111111111111112;0.0;1011.8;0.0;Mostly Cloudy
1585796400;26.0;24.0;0.89;SW;1.9444444444444444;0.0;1011.8;0.0;Mostly Cloudy
1585800000;26.0;24.0;0.89;SW;1.1111111111111112;0.0;1010.8;0.0;Mostly Cloudy
1585803600;26.0;24.0;0.89;SW;2.5;0.0;1010.8;0.0;Mostly Cloudy
1585807200;26.0;24.0;0.89;SW;1.9444444444444444;0.0;1009.8;0.0;Partly Cloudy
1585810800;26.0;24.0;0.89;SSW;1.1111111111111112;0.0;1010.8;0.0;Partly Cloudy
1585814400;26.0;24.0;0.89;SSE;1.1111111111111112;0.0;1010.8;0.0;Partly Cloudy
1585818000;26.0;24.0;0.89;SSE;1.6666666666666665;0.0;1010.8;0.0;Mostly Cloudy
1585821600;26.0;24.0;0.89;S;1.6666666666666665;0.0;1011.8;0.0;Showers in the Vicinity
1585825200;27.0;24.0;0.84;S;3.0555555555555554;0.0;1012.8;0.0;Showers in the Vicinity
1585828800;29.0;26.0;0.84;SSE;4.722222222222222;0.0;1012.8;0.0;Partly Cloudy
1585832400;29.0;25.0;0.79;SSE;4.722222222222222;0.0;1012.8;0.0;Partly Cloudy
1585836000;30.0;25.0;0.74;SSE;5.555555555555555;0.0;1011.8;0.0;Partly Cloudy
1585839600;31.0;24.0;0.66;SSE;5.277777777777778;0.0;1010.8;0.0;Partly Cloudy
1585843200;31.0;25.0;0.7;SSE;5.277777777777778;0.0;1009.8;0.0;Partly Cloudy
1585845120;28.0;26.0;0.89;SSE;3.0555555555555554;0.0;1009.8;0.0;Light Rain
1585846800;28.0;26.0;0.89;SSE;6.666666666666666;0.0;1009.8;0.0;Light Rain
1585850400;28.0;26.0;0.89;SE;3.0555555555555554;0.0;1009.8;0.0;Showers in the Vicinity
1585854000;28.0;25.0;0.84;SE;4.166666666666667;0.0;1009.8;0.0;Mostly Cloudy
1585857600;28.0;25.0;0.84;SE;3.611111111111111;0.0;1009.8;0.0;Partly Cloudy
1585861200;28.0;25.0;0.84;S;4.166666666666667;0.0;1010.8;0.0;Partly Cloudy
1585864800;28.0;25.0;0.84;S;4.166666666666667;0.0;1010.8;0.0;Mostly Cloudy
1585868400;27.0;25.0;0.89;SSW;3.0555555555555554;0.0;1011.8;0.0;Partly Cloudy
1585872000;27.0;24.0;0.84;SSW;2.5;0.0;1011.8;0.0;Partly Cloudy
1585875600;26.0;24.0;0.89;SSW;2.5;0.0;1011.8;0.0;Partly Cloudy
1585879200;26.0;24.0;0.89;S;4.166666666666667;0.0;1011.8;0.0;Light Rain
1585879500;25.0;24.0;0.94;S;2.5;0.0;1011.8;0.0;Light Rain with Thunder
1585969200;28.0;25.0;0.84;VAR;1.1111111111111112;0.0;1009.8;0.0;Partly Cloudy
1585972800;28.0;25.0;0.84;SW;1.1111111111111112;0.0;1008.8;0.0;Partly Cloudy
1585976400;27.0;25.0;0.89;NNW;1.6666666666666665;0.0;1008.8;0.0;Partly Cloudy
1585980000;26.0;25.0;0.94;NW;1.1111111111111112;0.0;1007.8;0.0;Partly Cloudy
1585983600;26.0;25.0;0.94;WNW;1.1111111111111112;0.0;1007.8;0.0;Partly Cloudy
1585987200;26.0;25.0;0.94;NNW;0.5555555555555556;0.0;1008.8;0.0;Partly Cloudy
1585990800;26.0;25.0;0.94;CALM;0.0;0.0;1009.8;0.0;Mostly Cloudy
1585994400;27.0;25.0;0.89;CALM;0.0;0.0;1009.8;0.0;Light Rain Shower
1585998000;29.0;26.0;0.84;SSE;1.1111111111111112;0.0;1010.8;0.0;Mostly Cloudy
1586001600;30.0;26.0;0.79;E;2.5;0.0;1010.8;0.0;Mostly Cloudy
1586005200;31.0;26.0;0.75;E;3.0555555555555554;0.0;1010.8;0.0;Mostly Cloudy
1586008800;31.0;25.0;0.7;E;3.0555555555555554;0.0;1010.8;0.0;Mostly Cloudy
1586012400;31.0;25.0;0.7;ESE;3.611111111111111;0.0;1009.8;0.0;Partly Cloudy
1586016000;31.0;26.0;0.75;E;3.611111111111111;0.0;1008.8;0.0;Mostly Cloudy
1586019600;31.0;25.0;0.7;E;3.611111111111111;0.0;1007.8;0.0;Partly Cloudy
1586023200;30.0;25.0;0.74;E;4.166666666666667;0.0;1007.8;0.0;Mostly Cloudy
1586026800;30.0;25.0;0.74;E;3.0555555555555554;0.0;1007.8;0.0;Mostly Cloudy
1586030400;30.0;25.0;0.74;E;1.9444444444444444;0.0;1008.8;0.0;Mostly Cloudy
1586034000;30.0;25.0;0.74;E;2.5;0.0;1009.8;0.0;Partly Cloudy
1586037600;29.0;25.0;0.79;ENE;1.9444444444444444;0.0;1009.8;0.0;Partly Cloudy
1586041200;29.0;25.0;0.79;ENE;1.9444444444444444;0.0;1010.8;0.0;Partly Cloudy
1586044800;29.0;25.0;0.79;ENE;1.6666666666666665;0.0;1011.8;0.0;Mostly Cloudy
1586048400;29.0;25.0;0.79;ENE;2.5;0.0;1011.8;0.0;Mostly Cloudy
1586052000;29.0;25.0;0.79;ENE;1.9444444444444444;0.0;1011.8;0.0;Mostly Cloudy
1586142000;29.0;25.0;0.79;E;2.5;0.0;1011.8;0.0;Partly Cloudy
1586145600;29.0;25.0;0.79;ESE;3.0555555555555554;0.0;1010.8;0.0;Partly Cloudy
1586149200;29.0;24.0;0.74;E;1.9444444444444444;0.0;1010.8;0.0;Partly Cloudy
1586152800;29.0;25.0;0.79;E;2.5;0.0;1010.8;0.0;Partly Cloudy
1586156400;29.0;25.0;0.79;ESE;2.5;0.0;1010.8;0.0;Partly Cloudy
1586160000;28.0;25.0;0.84;E;1.1111111111111112;0.0;1010.8;0.0;Showers in the Vicinity
1586163600;28.0;25.0;0.84;N;0.5555555555555556;0.0;1011.8;0.0;Partly Cloudy
1586167200;28.0;25.0;0.84;CALM;0.0;0.0;1011.8;0.0;Partly Cloudy
1586170800;30.0;25.0;0.74;SE;3.611111111111111;0.0;1012.8;0.0;Partly Cloudy
1586174400;29.0;25.0;0.79;ESE;4.722222222222222;0.0;1013.8;0.0;Partly Cloudy
1586178000;31.0;23.0;0.62;SE;4.166666666666667;0.0;1013.8;0.0;Fair
1586181600;31.0;25.0;0.7;SE;4.166666666666667;0.0;1012.8;0.0;Fair
1586185200;31.0;26.0;0.75;SE;4.166666666666667;0.0;1011.8;0.0;Fair
1586188800;31.0;25.0;0.7;SE;4.722222222222222;0.0;1011.8;0.0;Partly Cloudy
1586192400;31.0;25.0;0.7;ESE;4.722222222222222;0.0;1010.8;0.0;Partly Cloudy
1586196000;31.0;25.0;0.7;ESE;4.166666666666667;0.0;1010.8;0.0;Mostly Cloudy
1586199600;30.0;25.0;0.74;ESE;4.722222222222222;0.0;1009.8;0.0;Partly Cloudy
1586203200;30.0;24.0;0.7;SE;4.166666666666667;0.0;1010.8;0.0;Partly Cloudy
1586206800;29.0;24.0;0.74;SE;4.166666666666667;0.0;1010.8;0.0;Partly Cloudy
1586210400;29.0;24.0;0.74;SE;3.611111111111111;0.0;1010.8;0.0;Partly Cloudy
1586214000;29.0;24.0;0.74;SE;3.611111111111111;0.0;1011.8;0.0;Partly Cloudy
1586217600;29.0;24.0;0.74;SE;3.611111111111111;0.0;1012.8;0.0;Partly Cloudy
1586221200;29.0;23.0;0.7;ESE;3.0555555555555554;0.0;1012.8;0.0;Partly Cloudy
1586224800;29.0;24.0;0.74;ESE;2.5;0.0;1011.8;0.0;Partly Cloudy
1586228400;28.0;24.0;0.79;SE;3.0555555555555554;0.0;1010.8;0.0;Mostly Cloudy
1586232000;28.0;24.0;0.79;SSE;3.611111111111111;0.0;1010.8;0.0;Partly Cloudy
1586235600;28.0;23.0;0.74;SE;3.611111111111111;0.0;1010.8;0.0;Partly Cloudy
1586239200;28.0;23.0;0.74;VAR;2.5;0.0;1010.8;0.0;Fair
1586242800;28.0;23.0;0.74;SSE;3.0555555555555554;0.0;1009.8;0.0;Partly Cloudy
1586246400;26.0;24.0;0.89;SW;1.9444444444444444;0.0;1009.8;0.0;Partly Cloudy
1586250000;27.0;24.0;0.84;WSW;1.9444444444444444;0.0;1010.8;0.0;Partly Cloudy
1586253600;27.0;24.0;0.84;SW;1.9444444444444444;0.0;1011.8;0.0;Showers in the Vicinity
1586257200;28.0;24.0;0.79;ESE;2.5;0.0;1011.8;0.0;Mostly Cloudy
1586260800;30.0;24.0;0.7;ESE;4.722222222222222;0.0;1012.8;0.0;Partly Cloudy
1586264400;31.0;25.0;0.7;SE;4.722222222222222;0.0;1012.8;0.0;Partly Cloudy
1586268000;31.0;24.0;0.66;SE;5.277777777777778;0.0;1011.8;0.0;Partly Cloudy
1586271600;31.0;23.0;0.62;SE;6.111111111111111;0.0;1011.8;0.0;Partly Cloudy
1586275200;31.0;24.0;0.66;SE;5.277777777777778;0.0;1010.8;0.0;Partly Cloudy
1586278800;31.0;24.0;0.66;SE;5.277777777777778;0.0;1009.8;0.0;Partly Cloudy
1586282400;31.0;24.0;0.66;ESE;4.722222222222222;0.0;1009.8;0.0;Partly Cloudy
1586286000;30.0;24.0;0.7;SE;5.277777777777778;0.0;1009.8;0.0;Partly Cloudy
1586289600;29.0;23.0;0.7;ESE;4.166666666666667;0.0;1010.8;0.0;Partly Cloudy
1586293200;29.0;23.0;0.7;SE;4.166666666666667;0.0;1010.8;0.0;Fair
1586296800;29.0;23.0;0.7;ESE;3.611111111111111;0.0;1010.8;0.0;Fair
1586300400;29.0;23.0;0.7;ESE;3.0555555555555554;0.0;1011.8;0.0;Fair
1586304000;29.0;23.0;0.7;SE;3.0555555555555554;0.0;1011.8;0.0;Fair
1586307600;29.0;23.0;0.7;SE;3.611111111111111;0.0;1011.8;0.0;Fair
1586311200;29.0;23.0;0.7;ESE;3.611111111111111;0.0;1011.8;0.0;Partly Cloudy
1586487600;29.0;24.0;0.74;ESE;1.6666666666666665;0.0;1009.8;0.0;Partly Cloudy
1586491200;29.0;24.0;0.74;SE;1.9444444444444444;0.0;1009.8;0.0;Partly Cloudy
1586494800;28.0;24.0;0.79;SW;1.6666666666666665;0.0;1009.8;0.0;Mostly Cloudy
1586498400;27.0;24.0;0.84;SW;1.6666666666666665;0.0;1009.8;0.0;Partly Cloudy
1586502000;26.0;24.0;0.89;VAR;1.1111111111111112;0.0;1009.8;0.0;Fair
1586505600;26.0;24.0;0.89;CALM;0.0;0.0;1009.8;0.0;Partly Cloudy
1586509200;26.0;24.0;0.89;SSW;1.1111111111111112;0.0;1009.8;0.0;Fair
1586512800;28.0;25.0;0.84;S;1.9444444444444444;0.0;1010.8;0.0;Partly Cloudy
1586516400;30.0;25.0;0.74;VAR;2.5;0.0;1010.8;0.0;Partly Cloudy
1586520000;31.0;25.0;0.7;E;3.611111111111111;0.0;1011.8;0.0;Partly Cloudy
1586523600;31.0;25.0;0.7;ESE;4.166666666666667;0.0;1011.8;0.0;Partly Cloudy
1586527200;31.0;25.0;0.7;ESE;4.722222222222222;0.0;1011.8;0.0;Partly Cloudy
1586530800;32.0;25.0;0.66;E;3.611111111111111;0.0;1010.8;0.0;Partly Cloudy
1586534400;32.0;25.0;0.66;ESE;3.611111111111111;0.0;1009.8;0.0;Partly Cloudy
1586538000;31.0;25.0;0.7;E;4.166666666666667;0.0;1008.8;0.0;Partly Cloudy
1586541600;31.0;25.0;0.7;ESE;4.722222222222222;0.0;1008.8;0.0;Partly Cloudy
1586545200;31.0;25.0;0.7;E;3.611111111111111;0.0;1008.8;0.0;Partly Cloudy
1586548800;30.0;25.0;0.74;ESE;3.611111111111111;0.0;1008.8;0.0;Partly Cloudy
1586552400;30.0;25.0;0.74;E;3.611111111111111;0.0;1009.8;0.0;Partly Cloudy
1586556000;30.0;25.0;0.74;E;2.5;0.0;1009.8;0.0;Partly Cloudy
1586559600;30.0;25.0;0.74;E;3.0555555555555554;0.0;1010.8;0.0;Partly Cloudy
1586563200;30.0;25.0;0.74;E;3.0555555555555554;0.0;1010.8;0.0;Partly Cloudy
1586566800;29.0;24.0;0.74;E;2.5;0.0;1011.8;0.0;Partly Cloudy
1586570400;29.0;25.0;0.79;E;1.9444444444444444;0.0;1010.8;0.0;Partly Cloudy
1586833200;28.0;23.0;0.74;SE;3.0555555555555554;0.0;1009.8;0.0;Partly Cloudy
1586836800;28.0;23.0;0.74;SE;3.611111111111111;0.0;1008.8;0.0;Partly Cloudy
1586840400;28.0;22.0;0.7;SE;3.611111111111111;0.0;1008.8;0.0;Partly Cloudy
1586844000;27.0;22.0;0.74;SE;2.5;0.0;1008.8;0.0;Fair
1586847600;26.0;23.0;0.83;SW;1.6666666666666665;0.0;1008.8;0.0;Partly Cloudy
1586851200;26.0;23.0;0.83;SW;1.6666666666666665;0.0;1008.8;0.0;Partly Cloudy
1586854800;26.0;23.0;0.83;S;1.1111111111111112;0.0;1009.8;0.0;Partly Cloudy
1586858400;27.0;23.0;0.79;SW;1.6666666666666665;0.0;1009.8;0.0;Fair
1586862000;29.0;24.0;0.74;SE;1.6666666666666665;0.0;1009.8;0.0;Partly Cloudy
1586865600;30.0;23.0;0.66;SSE;4.166666666666667;0.0;1010.8;0.0;Partly Cloudy
1586869200;30.0;23.0;0.66;SSE;3.611111111111111;0.0;1010.8;0.0;Partly Cloudy
1586872800;30.0;22.0;0.62;SSE;3.611111111111111;0.0;1009.8;0.0;Partly Cloudy
1586876400;30.0;22.0;0.62;ESE;4.166666666666667;0.0;1008.8;0.0;Partly Cloudy
1586880000;30.0;22.0;0.62;ESE;4.722222222222222;0.0;1008.8;0.0;Fair
1586883600;31.0;23.0;0.62;ESE;4.166666666666667;0.0;1007.8;0.0;Fair
1586887200;30.0;22.0;0.62;E;4.722222222222222;0.0;1007.8;0.0;Fair
1586890800;29.0;23.0;0.7;SE;4.722222222222222;0.0;1007.8;0.0;Fair
1586894400;29.0;23.0;0.7;ESE;2.5;0.0;1007.8;0.0;Fair
1586898000;28.0;23.0;0.74;SE;3.611111111111111;0.0;1008.8;0.0;Fair
1586901600;28.0;23.0;0.74;ESE;3.0555555555555554;0.0;1008.8;0.0;Fair
1586905200;28.0;23.0;0.74;ESE;2.5;0.0;1009.8;0.0;Fair
1586908800;28.0;23.0;0.74;ESE;3.0555555555555554;0.0;1009.8;0.0;Fair
1586912400;28.0;23.0;0.74;E;2.5;0.0;1009.8;0.0;Fair
1586916000;28.0;23.0;0.74;E;2.5;0.0;1009.8;0.0;Fair
1586919600;28.0;23.0;0.74;ESE;2.5;0.0;1009.8;0.0;Partly Cloudy
1586923200;28.0;23.0;0.74;SE;1.9444444444444444;0.0;1008.8;0.0;Partly Cloudy
1586926800;26.0;23.0;0.83;VAR;1.1111111111111112;0.0;1008.8;0.0;Partly Cloudy
1586930400;26.0;23.0;0.83;VAR;1.1111111111111112;0.0;1008.8;0.0;Partly Cloudy
1586934000;25.0;23.0;0.89;SSW;1.1111111111111112;0.0;1008.8;0.0;Partly Cloudy
1586937600;25.0;23.0;0.89;VAR;1.1111111111111112;0.0;1009.8;0.0;Partly Cloudy
1586941200;25.0;23.0;0.89;SW;1.1111111111111112;0.0;1009.8;0.0;Partly Cloudy
1586944800;27.0;23.0;0.79;SW;1.9444444444444444;0.0;1010.8;0.0;Partly Cloudy
1586948400;29.0;24.0;0.74;SSW;1.9444444444444444;0.0;1011.8;0.0;Fair
1586952000;30.0;24.0;0.7;SSE;3.611111111111111;0.0;1011.8;0.0;Mostly Cloudy
1586955600;29.0;24.0;0.74;ESE;3.611111111111111;0.0;1011.8;0.0;Partly Cloudy
1586959200;30.0;24.0;0.7;SSE;3.0555555555555554;0.0;1011.8;0.0;Partly Cloudy
1586962800;31.0;25.0;0.7;SE;3.611111111111111;0.0;1010.8;0.0;Partly Cloudy
1586966400;31.0;24.0;0.66;SE;3.611111111111111;0.0;1010.8;0.0;Partly Cloudy
1586970000;30.0;24.0;0.7;SE;4.166666666666667;0.0;1009.8;0.0;Partly Cloudy
1586973600;29.0;25.0;0.79;ENE;4.166666666666667;0.0;1010.8;0.0;Partly Cloudy
1586977200;29.0;24.0;0.74;ENE;1.9444444444444444;0.0;1009.8;0.0;Mostly Cloudy
1586980800;28.0;23.0;0.74;ENE;2.5;0.0;1010.8;0.0;Mostly Cloudy
1586984400;28.0;23.0;0.74;ENE;1.9444444444444444;0.0;1010.8;0.0;Mostly Cloudy
1586988000;28.0;24.0;0.79;E;1.9444444444444444;0.0;1010.8;0.0;Partly Cloudy
1586991600;28.0;24.0;0.79;SE;2.5;0.0;1011.8;0.0;Partly Cloudy
1586995200;28.0;23.0;0.74;ESE;4.166666666666667;0.0;1011.8;0.0;Partly Cloudy
1586998800;28.0;24.0;0.79;SE;4.166666666666667;0.0;1012.8;0.0;Partly Cloudy
1587002400;29.0;24.0;0.74;E;3.0555555555555554;0.0;1011.8;0.0;Partly Cloudy
1587092400;29.0;24.0;0.74;ESE;4.166666666666667;0.0;1012.8;0.0;Partly Cloudy
1587096000;27.0;24.0;0.84;S;1.9444444444444444;0.0;1011.8;0.0;Showers in the Vicinity
1587099600;29.0;24.0;0.74;ESE;2.5;0.0;1010.8;0.0;Partly Cloudy
1587103200;28.0;24.0;0.79;SE;3.0555555555555554;0.0;1010.8;0.0;Partly Cloudy
1587106800;28.0;23.0;0.74;ESE;2.5;0.0;1010.8;0.0;Partly Cloudy
1587110400;28.0;23.0;0.74;ESE;1.9444444444444444;0.0;1011.8;0.0;Mostly Cloudy
1587114000;26.0;24.0;0.89;SW;1.9444444444444444;0.0;1012.8;0.0;Partly Cloudy
1587117600;28.0;25.0;0.84;SW;1.6666666666666665;0.0;1012.8;0.0;Partly Cloudy
1587121200;30.0;24.0;0.7;ESE;4.166666666666667;0.0;1012.8;0.0;Partly Cloudy
1587124800;30.0;23.0;0.66;ESE;3.0555555555555554;0.0;1012.8;0.0;Partly Cloudy
1587128400;31.0;24.0;0.66;VAR;2.5;0.0;1012.8;0.0;Partly Cloudy
1587132000;30.0;24.0;0.7;SE;4.166666666666667;0.0;1012.8;0.0;Partly Cloudy
1587135600;30.0;25.0;0.74;SSE;4.722222222222222;0.0;1011.8;0.0;Partly Cloudy
1587139200;31.0;26.0;0.75;SSE;4.166666666666667;0.0;1010.8;0.0;Partly Cloudy
1587142800;30.0;24.0;0.7;SSE;4.166666666666667;0.0;1010.8;0.0;Partly Cloudy
1587146400;30.0;25.0;0.74;SE;3.0555555555555554;0.0;1009.8;0.0;Partly Cloudy
1587150000;30.0;24.0;0.7;SE;3.0555555555555554;0.0;1010.8;0.0;Partly Cloudy
1587153600;29.0;24.0;0.74;SE;2.5;0.0;1010.8;0.0;Partly Cloudy
1587157200;26.0;24.0;0.89;W;1.6666666666666665;0.0;1010.8;0.0;Showers in the Vicinity
1587160800;27.0;25.0;0.89;E;4.166666666666667;0.0;1011.8;0.0;Showers in the Vicinity
1587164400;28.0;24.0;0.79;VAR;1.1111111111111112;0.0;1011.8;0.0;Partly Cloudy
1587168000;27.0;24.0;0.84;E;3.0555555555555554;0.0;1012.8;0.0;Showers in the Vicinity
1587171600;27.0;24.0;0.84;NW;1.9444444444444444;0.0;1012.8;0.0;Partly Cloudy
1587175200;26.0;25.0;0.94;WNW;1.6666666666666665;0.0;1012.8;0.0;Partly Cloudy
1587178800;26.0;24.0;0.89;CALM;0.0;0.0;1012.8;0.0;Partly Cloudy
1587182400;26.0;24.0;0.89;NNW;1.1111111111111112;0.0;1011.8;0.0;Partly Cloudy
1587186000;26.0;24.0;0.89;NNW;1.1111111111111112;0.0;1011.8;0.0;Partly Cloudy
1587189600;25.0;24.0;0.94;NW;1.1111111111111112;0.0;1010.8;0.0;Partly Cloudy
1587193200;25.0;24.0;0.94;VAR;0.5555555555555556;0.0;1010.8;0.0;Partly Cloudy
1587196800;25.0;24.0;0.94;CALM;0.0;0.0;1010.8;0.0;Partly Cloudy
1587200400;25.0;24.0;0.94;VAR;0.5555555555555556;0.0;1011.8;0.0;Partly Cloudy
1587204000;26.0;24.0;0.89;NW;1.6666666666666665;0.0;1011.8;0.0;Partly Cloudy
1587207600;28.0;25.0;0.84;NW;1.9444444444444444;0.0;1012.8;0.0;Fair
1587211200;31.0;25.0;0.7;ENE;1.1111111111111112;0.0;1012.8;0.0;Partly Cloudy
1587214800;31.0;24.0;0.66;ENE;2.5;0.0;1012.8;0.0;Partly Cloudy
1587218400;31.0;24.0;0.66;ENE;3.611111111111111;0.0;1012.8;0.0;Partly Cloudy
1587222000;31.0;24.0;0.66;ENE;3.611111111111111;0.0;1011.8;0.0;Partly Cloudy
1587225600;31.0;24.0;0.66;ENE;4.166666666666667;0.0;1010.8;0.0;Partly Cloudy
1587229200;31.0;24.0;0.66;NE;4.166666666666667;0.0;1009.8;0.0;Light Rain with Thunder
1587232800;29.0;24.0;0.74;NNE;3.0555555555555554;0.0;1009.8;0.0;Thunder
1587236400;30.0;24.0;0.7;NE;3.611111111111111;0.0;1009.8;0.0;Partly Cloudy
1587240000;30.0;24.0;0.7;ENE;3.0555555555555554;0.0;1010.8;0.0;Partly Cloudy
1587243600;29.0;24.0;0.74;ENE;2.5;0.0;1011.8;0.0;Partly Cloudy
1587244500;29.0;25.0;0.79;NE;3.0555555555555554;0.0;1011.8;0.0;Thunder
1587247200;29.0;24.0;0.74;ENE;2.5;0.0;1011.8;0.0;Thunder
1587250800;29.0;24.0;0.74;NE;1.9444444444444444;0.0;1012.8;0.0;Partly Cloudy
1587254400;29.0;24.0;0.74;VAR;1.1111111111111112;0.0;1012.8;0.0;Partly Cloudy
1587258000;28.0;24.0;0.79;W;1.6666666666666665;0.0;1012.8;0.0;Partly Cloudy
1587261600;27.0;24.0;0.84;WNW;1.1111111111111112;0.0;1012.8;0.0;Partly Cloudy
1587524400;25.0;24.0;0.94;VAR;1.1111111111111112;0.0;1011.8;0.0;Light Rain
1587528000;25.0;24.0;0.94;SSW;1.9444444444444444;0.0;1010.8;0.0;Showers in the Vicinity
1587531600;24.0;23.0;0.94;SW;2.5;0.0;1010.8;0.0;Partly Cloudy
1587535200;24.0;23.0;0.94;W;1.1111111111111112;0.0;1009.8;0.0;Partly Cloudy
1587538800;24.0;23.0;0.94;SSW;0.5555555555555556;0.0;1009.8;0.0;Fair
1587542400;24.0;23.0;0.94;CALM;0.0;0.0;1010.8;0.0;Partly Cloudy
1587546000;24.0;23.0;0.94;VAR;1.1111111111111112;0.0;1010.8;0.0;Partly Cloudy
1587549600;25.0;23.0;0.89;W;1.6666666666666665;0.0;1011.8;0.0;Partly Cloudy
1587553200;25.0;23.0;0.89;NNE;1.6666666666666665;0.0;1012.8;0.0;Light Rain
1587556800;25.0;23.0;0.89;VAR;1.1111111111111112;0.0;1012.8;0.0;Light Rain
1587560400;25.0;24.0;0.94;SSE;3.611111111111111;0.0;1012.8;0.0;Light Rain
1587564000;25.0;23.0;0.89;ESE;2.5;0.0;1011.8;0.0;Mostly Cloudy
1587567600;26.0;23.0;0.83;ESE;3.611111111111111;0.0;1011.8;0.0;Mostly Cloudy
1587571200;26.0;23.0;0.83;E;2.5;0.0;1010.8;0.0;Light Rain
1587574800;25.0;23.0;0.89;S;1.1111111111111112;0.0;1009.8;0.0;Light Rain
1587578400;27.0;23.0;0.79;CALM;0.0;0.0;1008.8;0.0;Mostly Cloudy
1587582000;27.0;23.0;0.79;E;1.9444444444444444;0.0;1008.8;0.0;Fair
1587585600;27.0;23.0;0.79;S;1.9444444444444444;0.0;1008.8;0.0;Fair
1587589200;26.0;23.0;0.83;VAR;1.1111111111111112;0.0;1009.8;0.0;Fair
1587592800;26.0;23.0;0.83;VAR;1.1111111111111112;0.0;1010.8;0.0;Fair
1587596400;26.0;23.0;0.83;SSW;1.6666666666666665;0.0;1010.8;0.0;Fair
1587600000;26.0;23.0;0.83;SSW;1.6666666666666665;0.0;1011.8;0.0;Fair
1587603600;0.0;0.0;0.0;SW;1.1111111111111112;0.0;1011.8;0.0;Partly Cloudy
1587607200;0.0;0.0;0.0;S;1.1111111111111112;0.0;1011.8;0.0;Mostly Cloudy
1587610800;0.0;0.0;0.0;WSW;1.6666666666666665;0.0;1010.8;0.0;Partly Cloudy
1587614400;0.0;0.0;0.0;WSW;1.1111111111111112;0.0;1009.8;0.0;Fair
1587618000;0.0;0.0;0.0;NNW;1.6666666666666665;0.0;1009.8;0.0;Partly Cloudy
1587621600;0.0;0.0;0.0;SSW;1.1111111111111112;0.0;1009.8;0.0;Partly Cloudy
1587625200;0.0;0.0;0.0;W;1.1111111111111112;0.0;1009.8;0.0;Partly Cloudy
1587628800;0.0;0.0;0.0;WSW;1.1111111111111112;0.0;1009.8;0.0;Partly Cloudy
1587632400;0.0;0.0;0.0;WSW;0.5555555555555556;0.0;1009.8;0.0;Partly Cloudy
1587636000;0.0;0.0;0.0;SW;1.9444444444444444;0.0;1010.8;0.0;Partly Cloudy
1587639600;28.0;25.0;0.84;SSW;3.0555555555555554;0.0;1011.8;0.0;Fair
1587643200;29.0;25.0;0.79;SW;3.0555555555555554;0.0;1011.8;0.0;Fair
1587646800;30.0;24.0;0.7;ESE;3.0555555555555554;0.0;1011.8;0.0;Fair
1587650400;30.0;24.0;0.7;SE;2.5;0.0;1011.8;0.0;Fair
1587654000;30.0;24.0;0.7;SE;4.166666666666667;0.0;1010.8;0.0;Fair
1587657600;30.0;25.0;0.74;S;4.166666666666667;0.0;1009.8;0.0;Fair
1587661200;30.0;25.0;0.74;SSE;4.166666666666667;0.0;1008.8;0.0;Fair
1587664800;30.0;26.0;0.79;S;4.166666666666667;0.0;1008.8;0.0;Fair
1587668400;29.0;25.0;0.79;SSE;3.611111111111111;0.0;1008.8;0.0;Partly Cloudy
1587672000;29.0;26.0;0.84;S;3.611111111111111;0.0;1009.8;0.0;Partly Cloudy
1587675600;28.0;24.0;0.79;SSE;3.0555555555555554;0.0;1009.8;0.0;Fair
1587679200;28.0;24.0;0.79;SSE;3.0555555555555554;0.0;1010.8;0.0;Partly Cloudy
1587682800;29.0;24.0;0.74;SSE;2.5;0.0;1010.8;0.0;Mostly Cloudy
1587686400;29.0;25.0;0.79;SSE;3.0555555555555554;0.0;1011.8;0.0;Partly Cloudy
1587690000;28.0;25.0;0.84;S;1.9444444444444444;0.0;1011.8;0.0;Partly Cloudy
1587693600;27.0;25.0;0.89;SSW;1.6666666666666665;0.0;1011.8;0.0;Mostly Cloudy
1587697200;25.0;25.0;1.0;SSW;2.5;0.0;1011.8;0.0;Light Rain
1587700800;25.0;24.0;0.94;W;1.6666666666666665;0.0;1010.8;0.0;Mostly Cloudy
1587704400;26.0;25.0;0.94;N/A;0.0;0.0;1010.8;0.0;Mostly Cloudy
1587708000;25.0;24.0;0.94;SSE;1.9444444444444444;0.0;1009.8;0.0;Light Rain
1587711600;25.0;24.0;0.94;W;1.6666666666666665;0.0;1009.8;0.0;Mostly Cloudy
1587715200;25.0;24.0;0.94;WSW;1.1111111111111112;0.0;1009.8;0.0;Fair
1587718800;25.0;24.0;0.94;NNW;1.1111111111111112;0.0;1009.8;0.0;Fair
1587722400;25.0;25.0;1.0;SW;1.9444444444444444;0.0;1010.8;0.0;Light Rain
1587726000;25.0;24.0;0.94;WSW;2.5;0.0;1011.8;0.0;Showers in the Vicinity
1587729600;27.0;26.0;0.94;WSW;1.9444444444444444;0.0;1011.8;0.0;Showers in the Vicinity
1587733200;27.0;26.0;0.94;NE;1.9444444444444444;0.0;1012.8;0.0;Light Rain with Thunder
1587736800;27.0;25.0;0.89;NW;1.9444444444444444;0.0;1011.8;0.0;Light Rain
1587740400;26.0;25.0;0.94;E;1.9444444444444444;0.0;1010.8;0.0;Showers in the Vicinity
1587744000;25.0;24.0;0.94;W;1.6666666666666665;0.0;1010.8;0.0;Showers in the Vicinity
1587747600;26.0;24.0;0.89;S;2.5;0.0;1009.8;0.0;Light Rain
1587751200;26.0;25.0;0.94;W;1.9444444444444444;0.0;1009.8;0.0;Showers in the Vicinity
1587754800;26.0;24.0;0.89;S;3.0555555555555554;0.0;1009.8;0.0;Showers in the Vicinity
1587758400;26.0;25.0;0.94;VAR;1.1111111111111112;0.0;1010.8;0.0;Showers in the Vicinity
1587762000;26.0;25.0;0.94;VAR;1.1111111111111112;0.0;1010.8;0.0;Light Rain
1587765600;26.0;24.0;0.89;SSW;1.6666666666666665;0.0;1010.8;0.0;Showers in the Vicinity
1587769200;26.0;24.0;0.89;CALM;0.0;0.0;1011.8;0.0;Showers in the Vicinity
1587772800;26.0;24.0;0.89;S;1.6666666666666665;0.0;1012.8;0.0;Showers in the Vicinity
1587776400;26.0;24.0;0.89;SSW;1.9444444444444444;0.0;1012.8;0.0;Partly Cloudy
1587780000;25.0;23.0;0.89;S;1.9444444444444444;0.0;1012.8;0.0;Partly Cloudy
1587870000;24.0;23.0;0.94;SW;2.5;0.0;1011.8;0.0;Light Rain
1587873600;25.0;23.0;0.89;SSW;1.9444444444444444;0.0;1010.8;0.0;Partly Cloudy
1587874920;25.0;24.0;0.94;S;2.5;10.833333333333334;1010.8;0.0;Light Rain Shower
1587877200;24.0;23.0;0.94;E;3.0555555555555554;0.0;1010.8;0.0;Light Rain
1587880800;25.0;24.0;0.94;WNW;2.5;0.0;1010.8;0.0;Partly Cloudy
1587884400;25.0;24.0;0.94;NNE;1.1111111111111112;0.0;1010.8;0.0;Partly Cloudy
1587888000;24.0;23.0;0.94;N;2.5;0.0;1011.8;0.0;Light Rain
1587891600;24.0;23.0;0.94;W;1.9444444444444444;0.0;1010.8;0.0;Cloudy
1587895200;24.0;23.0;0.94;SW;1.1111111111111112;0.0;1011.8;0.0;Cloudy
1587898800;26.0;24.0;0.89;VAR;1.1111111111111112;0.0;1012.8;0.0;Mostly Cloudy
1587902400;27.0;24.0;0.84;S;1.9444444444444444;0.0;1012.8;0.0;Mostly Cloudy
1587906000;28.0;24.0;0.79;VAR;1.1111111111111112;0.0;1012.8;0.0;Mostly Cloudy
1587909600;29.0;24.0;0.74;SE;3.0555555555555554;0.0;1012.8;0.0;Mostly Cloudy
1587913200;29.0;24.0;0.74;SSE;2.5;0.0;1011.8;0.0;Mostly Cloudy
1587916800;30.0;23.0;0.66;VAR;1.9444444444444444;0.0;1010.8;0.0;Fair
1587920400;30.0;23.0;0.66;ESE;2.5;0.0;1010.8;0.0;Fair
1587924000;29.0;24.0;0.74;SE;5.277777777777778;0.0;1010.8;0.0;Partly Cloudy
1587927600;29.0;24.0;0.74;SE;3.611111111111111;0.0;1010.8;0.0;Partly Cloudy
1587931200;28.0;24.0;0.79;SE;4.722222222222222;0.0;1010.8;0.0;Partly Cloudy
1587934800;28.0;24.0;0.79;SSE;4.166666666666667;0.0;1011.8;0.0;Partly Cloudy
1587938400;27.0;24.0;0.84;SE;3.0555555555555554;0.0;1011.8;0.0;Fair
1587942000;27.0;24.0;0.84;SSE;2.5;0.0;1012.8;0.0;Fair
1587945600;27.0;24.0;0.84;SE;1.9444444444444444;0.0;1012.8;0.0;Mostly Cloudy
1587949200;27.0;24.0;0.84;S;2.5;0.0;1012.8;0.0;Mostly Cloudy
1587952800;26.0;24.0;0.89;S;5.277777777777778;0.0;1012.8;0.0;Light Rain
1587956400;25.0;23.0;0.89;VAR;1.1111111111111112;0.0;1012.8;0.0;Showers in the Vicinity
1587960000;25.0;23.0;0.89;WSW;1.9444444444444444;0.0;1011.8;0.0;Cloudy
1587963600;24.0;23.0;0.94;W;1.9444444444444444;0.0;1011.8;0.0;Partly Cloudy
1587967200;24.0;23.0;0.94;W;1.6666666666666665;0.0;1011.8;0.0;Partly Cloudy
1587970800;24.0;23.0;0.94;CALM;0.0;0.0;1010.8;0.0;Partly Cloudy
1587974400;24.0;23.0;0.94;VAR;1.1111111111111112;0.0;1011.8;0.0;Fair
1587978000;24.0;23.0;0.94;SSW;3.611111111111111;0.0;1011.8;0.0;Partly Cloudy
1587981600;25.0;24.0;0.94;WSW;1.9444444444444444;0.0;1012.8;0.0;Showers in the Vicinity
1587985200;25.0;24.0;0.94;SW;1.6666666666666665;0.0;1013.8;0.0;Showers in the Vicinity
1587988800;25.0;24.0;0.94;N;1.6666666666666665;0.0;1013.8;0.0;Light Rain
1587992400;25.0;24.0;0.94;CALM;0.0;0.0;1013.8;0.0;Showers in the Vicinity
1587996000;26.0;25.0;0.94;SW;1.9444444444444444;0.0;1012.8;0.0;Showers in the Vicinity
1587999600;28.0;25.0;0.84;S;2.5;0.0;1012.8;0.0;Showers in the Vicinity
1588003200;29.0;24.0;0.74;SSE;5.277777777777778;0.0;1011.8;0.0;Partly Cloudy
1588006800;30.0;25.0;0.74;SSE;5.277777777777778;0.0;1010.8;0.0;Partly Cloudy
1588010400;29.0;24.0;0.74;SSE;6.111111111111111;0.0;1010.8;0.0;Partly Cloudy
1588014000;29.0;24.0;0.74;S;6.111111111111111;0.0;1010.8;0.0;Mostly Cloudy
1588017600;28.0;25.0;0.84;S;3.611111111111111;0.0;1010.8;0.0;Partly Cloudy
1588021200;28.0;23.0;0.74;SSE;5.277777777777778;0.0;1010.8;0.0;Partly Cloudy
1588024800;28.0;23.0;0.74;SE;5.277777777777778;0.0;1011.8;0.0;Partly Cloudy
1588028400;28.0;23.0;0.74;SE;5.277777777777778;0.0;1012.8;0.0;Partly Cloudy
1588032000;28.0;23.0;0.74;SSE;4.166666666666667;0.0;1012.8;0.0;Partly Cloudy
1588035600;28.0;23.0;0.74;SSE;4.722222222222222;0.0;1013.8;0.0;Partly Cloudy
1588039200;28.0;23.0;0.74;SE;4.722222222222222;0.0;1012.8;0.0;Partly Cloudy
1588042800;28.0;23.0;0.74;SE;4.166666666666667;0.0;1012.8;0.0;Partly Cloudy
1588046400;28.0;23.0;0.74;SE;3.611111111111111;0.0;1012.8;0.0;Partly Cloudy
1588050000;28.0;22.0;0.7;SSE;4.166666666666667;0.0;1011.8;0.0;Partly Cloudy
1588053600;28.0;23.0;0.74;SE;4.166666666666667;0.0;1011.8;0.0;Partly Cloudy
1588057200;27.0;22.0;0.74;SSE;4.166666666666667;0.0;1011.8;0.0;Partly Cloudy
1588060800;26.0;22.0;0.78;SW;2.5;0.0;1011.8;0.0;Partly Cloudy
1588064400;26.0;23.0;0.83;S;2.5;0.0;1011.8;0.0;Partly Cloudy
1588068000;29.0;22.0;0.66;SE;4.722222222222222;0.0;1012.8;0.0;Partly Cloudy
1588071600;29.0;22.0;0.66;SE;6.111111111111111;0.0;1012.8;0.0;Partly Cloudy
1588075200;29.0;22.0;0.66;SE;6.111111111111111;0.0;1013.8;0.0;Partly Cloudy
1588078800;30.0;22.0;0.62;SE;6.111111111111111;0.0;1013.8;0.0;Partly Cloudy
1588082400;30.0;22.0;0.62;SE;6.111111111111111;0.0;1012.8;0.0;Partly Cloudy
1588086000;30.0;22.0;0.62;SSE;5.277777777777778;0.0;1012.8;0.0;Fair
1588089600;30.0;24.0;0.7;SE;5.277777777777778;0.0;1011.8;0.0;Partly Cloudy
1588093200;30.0;23.0;0.66;SE;4.722222222222222;0.0;1010.8;0.0;Partly Cloudy
1588096800;30.0;24.0;0.7;SE;4.166666666666667;0.0;1010.8;0.0;Partly Cloudy
1588100400;29.0;23.0;0.7;SE;4.722222222222222;0.0;1010.8;0.0;Partly Cloudy
1588104000;29.0;23.0;0.7;SE;4.722222222222222;0.0;1011.8;0.0;Partly Cloudy
1588107600;28.0;23.0;0.74;SSE;4.722222222222222;0.0;1011.8;0.0;Partly Cloudy
1588111200;28.0;23.0;0.74;SE;3.611111111111111;0.0;1012.8;0.0;Fair
1588114800;27.0;24.0;0.84;SE;3.0555555555555554;0.0;1012.8;0.0;Showers in the Vicinity
1588118400;26.0;24.0;0.89;S;2.5;0.0;1013.8;0.0;Partly Cloudy
1588122000;28.0;24.0;0.79;SE;3.611111111111111;0.0;1013.8;0.0;Partly Cloudy
1588125600;28.0;23.0;0.74;SSE;4.166666666666667;0.0;1013.8;0.0;Partly Cloudy
1588215600;26.0;23.0;0.83;S;2.5;0.0;1012.8;0.0;Mostly Cloudy
1588219200;25.0;24.0;0.94;SW;1.9444444444444444;0.0;1011.8;0.0;Showers in the Vicinity
1588222800;25.0;24.0;0.94;SSW;1.9444444444444444;0.0;1011.8;0.0;Rain
1588224000;25.0;23.0;0.89;S;2.5;0.0;1011.8;0.0;Cloudy
1588226400;25.0;24.0;0.94;SSW;2.5;0.0;1010.8;0.0;Mostly Cloudy
1588230000;25.0;23.0;0.89;SW;2.5;0.0;1010.8;0.0;Mostly Cloudy
1588233600;24.0;23.0;0.94;SW;1.9444444444444444;0.0;1010.8;0.0;Fair
1588237200;25.0;23.0;0.89;SSW;1.9444444444444444;0.0;1011.8;0.0;Partly Cloudy
1588240800;25.0;24.0;0.94;SSW;2.5;0.0;1011.8;0.0;Partly Cloudy
1588244400;28.0;24.0;0.79;S;3.0555555555555554;0.0;1012.8;0.0;Partly Cloudy
1588248000;29.0;25.0;0.79;S;4.722222222222222;0.0;1012.8;0.0;Partly Cloudy
1588251600;29.0;25.0;0.79;S;4.166666666666667;0.0;1013.8;0.0;Mostly Cloudy
1588255200;30.0;25.0;0.74;SSE;4.722222222222222;0.0;1012.8;0.0;Partly Cloudy
1588258800;28.0;26.0;0.89;SE;4.166666666666667;0.0;1012.8;0.0;Showers in the Vicinity
1588262400;28.0;25.0;0.84;SSE;4.166666666666667;0.0;1011.8;0.0;Partly Cloudy
1588266000;28.0;25.0;0.84;SE;5.277777777777778;0.0;1010.8;0.0;Showers in the Vicinity
1588269600;28.0;24.0;0.79;ESE;1.6666666666666665;0.0;1010.8;0.0;Partly Cloudy
1588273200;28.0;25.0;0.84;SE;3.0555555555555554;0.0;1011.8;0.0;Partly Cloudy
1588276800;26.0;24.0;0.89;NE;2.5;0.0;1011.8;0.0;Light Rain Shower
1588277700;26.0;24.0;0.89;NNE;1.9444444444444444;0.0;1012.8;0.0;Light Rain Shower
1588280400;25.0;24.0;0.94;VAR;1.1111111111111112;0.0;1012.8;0.0;Light Rain
1588284000;25.0;24.0;0.94;WSW;1.1111111111111112;0.0;1012.8;0.0;Light Rain
1588287600;25.0;24.0;0.94;VAR;1.1111111111111112;0.0;1012.8;0.0;Partly Cloudy
1588291200;25.0;24.0;0.94;VAR;1.1111111111111112;0.0;1013.8;0.0;Mostly Cloudy
1588294800;24.0;22.0;0.89;W;2.5;0.0;1013.8;0.0;Light Rain
1588298400;24.0;22.0;0.89;W;1.6666666666666665;0.0;1013.8;0.0;Mostly Cloudy
1588734000;28.0;23.0;0.74;ESE;3.611111111111111;0.0;1011.8;0.0;Partly Cloudy
1588737600;28.0;23.0;0.74;ESE;4.166666666666667;0.0;1011.8;0.0;Mostly Cloudy
1588741200;28.0;22.0;0.7;ESE;3.611111111111111;0.0;1009.8;0.0;Mostly Cloudy
1588744800;27.0;22.0;0.74;SE;4.722222222222222;0.0;1009.8;0.0;Light Rain
1588748400;26.0;24.0;0.89;NE;1.1111111111111112;0.0;1009.8;0.0;Mostly Cloudy
1588752000;25.0;24.0;0.94;SE;1.1111111111111112;0.0;1009.8;0.0;Mostly Cloudy
1588755600;28.0;23.0;0.74;SE;3.611111111111111;0.0;1011.8;0.0;Mostly Cloudy
1588759200;27.0;24.0;0.84;ESE;3.0555555555555554;0.0;1011.8;0.0;Mostly Cloudy
1588762800;27.0;24.0;0.84;SE;4.166666666666667;0.0;1012.8;0.0;Showers in the Vicinity
1588766400;29.0;23.0;0.7;SE;4.166666666666667;0.0;1012.8;0.0;Partly Cloudy
1588770000;29.0;24.0;0.74;SE;4.722222222222222;0.0;1012.8;0.0;Partly Cloudy
1588773600;30.0;24.0;0.7;SE;5.277777777777778;0.0;1012.8;0.0;Partly Cloudy
1588777200;30.0;25.0;0.74;SE;5.277777777777778;0.0;1011.8;0.0;Partly Cloudy
1588780800;30.0;24.0;0.7;SE;4.722222222222222;0.0;1010.8;0.0;Partly Cloudy
1588784400;30.0;24.0;0.7;SE;4.722222222222222;0.0;1010.8;0.0;Partly Cloudy
1588788000;30.0;24.0;0.7;SE;4.166666666666667;0.0;1009.8;0.0;Fair
1588791600;29.0;24.0;0.74;SE;4.166666666666667;0.0;1010.8;0.0;Partly Cloudy
1588795200;29.0;24.0;0.74;ESE;3.611111111111111;0.0;1009.8;0.0;Partly Cloudy
1588798800;29.0;23.0;0.7;SE;3.611111111111111;0.0;1009.8;0.0;Partly Cloudy
1588802400;29.0;23.0;0.7;ESE;3.0555555555555554;0.0;1010.8;0.0;Partly Cloudy
1588806000;29.0;23.0;0.7;E;2.5;0.0;1011.8;0.0;Partly Cloudy
1588809600;28.0;24.0;0.79;ENE;1.6666666666666665;0.0;1011.8;0.0;Partly Cloudy
1588813200;28.0;23.0;0.74;E;1.9444444444444444;0.0;1011.8;0.0;Partly Cloudy
1588816800;29.0;23.0;0.7;E;3.611111111111111;0.0;1011.8;0.0;Partly Cloudy
1588820400;29.0;22.0;0.66;E;3.611111111111111;0.0;1010.8;0.0;Partly Cloudy
1588824000;28.0;22.0;0.7;E;3.0555555555555554;0.0;1010.8;0.0;Partly Cloudy
1588827600;28.0;22.0;0.7;E;2.5;0.0;1009.8;0.0;Partly Cloudy
1588831200;28.0;22.0;0.7;E;1.9444444444444444;0.0;1009.8;0.0;Partly Cloudy
1588834800;28.0;22.0;0.7;ESE;2.5;0.0;1009.8;0.0;Partly Cloudy
1588838400;28.0;22.0;0.7;ESE;1.9444444444444444;0.0;1009.8;0.0;Partly Cloudy
1588842000;28.0;22.0;0.7;ESE;3.0555555555555554;0.0;1010.8;0.0;Partly Cloudy
1588845600;29.0;23.0;0.7;ESE;3.0555555555555554;0.0;1010.8;0.0;Partly Cloudy
1588849200;30.0;22.0;0.62;ESE;3.611111111111111;0.0;1011.8;0.0;Fair
1588852800;30.0;22.0;0.62;E;4.166666666666667;0.0;1011.8;0.0;Fair
1588856400;30.0;23.0;0.66;ESE;3.611111111111111;0.0;1011.8;0.0;Fair
1588860000;31.0;23.0;0.62;SE;4.722222222222222;0.0;1011.8;0.0;Fair
1588863600;30.0;23.0;0.66;ESE;4.722222222222222;0.0;1010.8;0.0;Fair
1588867200;31.0;24.0;0.66;ESE;4.166666666666667;0.0;1010.8;0.0;Fair
1588870800;30.0;23.0;0.66;ESE;4.166666666666667;0.0;1009.8;0.0;Partly Cloudy
1588874400;30.0;23.0;0.66;SE;4.166666666666667;0.0;1009.8;0.0;Partly Cloudy
1588878000;30.0;23.0;0.66;SE;3.611111111111111;0.0;1009.8;0.0;Partly Cloudy
1588881600;29.0;23.0;0.7;ESE;2.5;0.0;1009.8;0.0;Mostly Cloudy
1588885200;29.0;23.0;0.7;ESE;3.611111111111111;0.0;1010.8;0.0;Partly Cloudy
1588888800;29.0;23.0;0.7;SE;3.0555555555555554;0.0;1010.8;0.0;Partly Cloudy
1588892400;29.0;23.0;0.7;ESE;2.5;0.0;1011.8;0.0;Partly Cloudy
1588896000;28.0;22.0;0.7;SE;3.0555555555555554;0.0;1012.8;0.0;Partly Cloudy
1588899600;28.0;22.0;0.7;SE;3.0555555555555554;0.0;1012.8;0.0;Fair
1588903200;28.0;22.0;0.7;ESE;4.166666666666667;0.0;1011.8;0.0;Partly Cloudy
1588906800;28.0;22.0;0.7;SE;3.611111111111111;0.0;1011.8;0.0;Fair
1588910400;28.0;22.0;0.7;ESE;3.0555555555555554;0.0;1011.8;0.0;Partly Cloudy
1588914000;27.0;21.0;0.7;SE;3.0555555555555554;0.0;1010.8;0.0;Partly Cloudy
1588917600;27.0;21.0;0.7;SE;3.611111111111111;0.0;1010.8;0.0;Fair
1588921200;25.0;22.0;0.83;SW;1.9444444444444444;0.0;1011.8;0.0;Partly Cloudy
1588924800;25.0;22.0;0.83;SW;1.1111111111111112;0.0;1011.8;0.0;Partly Cloudy
1588928400;25.0;22.0;0.83;CALM;0.0;0.0;1012.8;0.0;Partly Cloudy
1588932000;27.0;23.0;0.79;CALM;0.0;0.0;1012.8;0.0;Fair
1588935600;28.0;23.0;0.74;SW;1.9444444444444444;0.0;1013.8;0.0;Fair
1588939200;30.0;23.0;0.66;S;4.166666666666667;0.0;1013.8;0.0;Fair
1588942800;30.0;23.0;0.66;SE;4.722222222222222;0.0;1013.8;0.0;Fair
1588946400;30.0;24.0;0.7;S;4.722222222222222;0.0;1013.8;0.0;Partly Cloudy
1588950000;30.0;23.0;0.66;SSE;5.277777777777778;0.0;1012.8;0.0;Partly Cloudy
1588953600;30.0;24.0;0.7;SSE;5.555555555555555;0.0;1011.8;0.0;Partly Cloudy
1588957200;30.0;24.0;0.7;SSE;4.722222222222222;0.0;1010.8;0.0;Partly Cloudy
1588960800;29.0;23.0;0.7;SSE;5.277777777777778;0.0;1010.8;0.0;Partly Cloudy
1588964400;29.0;23.0;0.7;SSE;5.555555555555555;0.0;1010.8;0.0;Partly Cloudy
1588968000;28.0;22.0;0.7;SSE;5.277777777777778;0.0;1011.8;0.0;Partly Cloudy
1588971600;28.0;22.0;0.7;S;3.611111111111111;0.0;1011.8;0.0;Partly Cloudy
1588975200;28.0;22.0;0.7;SSE;4.166666666666667;0.0;1012.8;0.0;Partly Cloudy
1588978800;28.0;22.0;0.7;SE;5.277777777777778;0.0;1012.8;0.0;Partly Cloudy
1588982400;28.0;22.0;0.7;S;3.611111111111111;0.0;1013.8;0.0;Partly Cloudy
1588986000;27.0;22.0;0.74;SSW;1.9444444444444444;0.0;1013.8;0.0;Partly Cloudy
1588989600;26.0;23.0;0.83;SSW;2.5;0.0;1013.8;0.0;Mostly Cloudy
1588993200;26.0;23.0;0.83;SW;2.5;0.0;1013.8;0.0;Mostly Cloudy
1588996800;25.0;22.0;0.83;S;2.5;0.0;1012.8;0.0;Partly Cloudy
1589000400;25.0;22.0;0.83;SSW;2.5;0.0;1012.8;0.0;Mostly Cloudy
1589004000;25.0;22.0;0.83;SSW;3.0555555555555554;0.0;1012.8;0.0;Mostly Cloudy
1589007600;25.0;23.0;0.89;SSW;3.0555555555555554;0.0;1011.8;0.0;Mostly Cloudy
1589011200;24.0;23.0;0.94;CALM;0.0;0.0;1012.8;0.0;Partly Cloudy
1589014800;24.0;23.0;0.94;SSW;1.1111111111111112;0.0;1012.8;0.0;Partly Cloudy
1589018400;25.0;23.0;0.89;S;1.1111111111111112;0.0;1013.8;0.0;Mostly Cloudy
1589022000;28.0;25.0;0.84;S;2.5;0.0;1013.8;0.0;Partly Cloudy
1589025600;29.0;24.0;0.74;SE;6.111111111111111;0.0;1013.8;0.0;Partly Cloudy
1589029200;30.0;23.0;0.66;SE;5.555555555555555;0.0;1014.8;0.0;Partly Cloudy
1589032800;30.0;23.0;0.66;SE;6.111111111111111;0.0;1013.8;0.0;Mostly Cloudy
1589036400;30.0;24.0;0.7;SE;5.555555555555555;0.0;1013.8;0.0;Partly Cloudy
1589040000;30.0;23.0;0.66;SE;6.111111111111111;0.0;1012.8;0.0;Partly Cloudy
1589043600;30.0;23.0;0.66;SE;5.555555555555555;0.0;1011.8;0.0;Partly Cloudy
1589047200;30.0;22.0;0.62;SE;5.555555555555555;0.0;1011.8;0.0;Fair
1589050800;29.0;22.0;0.66;SSE;5.277777777777778;0.0;1011.8;0.0;Fair
1589054400;28.0;22.0;0.7;SE;5.277777777777778;0.0;1012.8;0.0;Partly Cloudy
1589058000;28.0;22.0;0.7;SE;4.166666666666667;0.0;1012.8;0.0;Partly Cloudy
1589061600;28.0;22.0;0.7;SE;4.166666666666667;0.0;1013.8;0.0;Fair
1589065200;28.0;22.0;0.7;SSE;4.166666666666667;0.0;1013.8;0.0;Fair
1589068800;28.0;22.0;0.7;SE;4.166666666666667;0.0;1014.8;0.0;Partly Cloudy
1589072400;28.0;22.0;0.7;SE;3.611111111111111;0.0;1014.8;0.0;Partly Cloudy
1589076000;27.0;22.0;0.74;SSW;1.9444444444444444;0.0;1014.8;0.0;Partly Cloudy
1589425200;25.0;24.0;0.94;W;1.9444444444444444;0.0;1011.8;0.0;Partly Cloudy
1589428800;25.0;24.0;0.94;SW;1.6666666666666665;0.0;1011.8;0.0;Light Rain
1589432400;25.0;23.0;0.89;VAR;1.1111111111111112;0.0;1010.8;0.0;Partly Cloudy
1589436000;25.0;23.0;0.89;SW;1.9444444444444444;0.0;1009.8;0.0;Showers in the Vicinity
1589439600;25.0;23.0;0.89;SSW;1.6666666666666665;0.0;1010.8;0.0;Light Rain
1589443200;25.0;24.0;0.94;SSW;2.5;0.0;1010.8;0.0;Partly Cloudy
1589446800;27.0;24.0;0.84;SE;5.277777777777778;0.0;1010.8;0.0;Mostly Cloudy
1589450400;28.0;24.0;0.79;SE;4.722222222222222;0.0;1011.8;0.0;Partly Cloudy
1589454000;28.0;24.0;0.79;SE;4.166666666666667;0.0;1012.8;0.0;Partly Cloudy
1589457600;29.0;24.0;0.74;SE;4.722222222222222;0.0;1012.8;0.0;Partly Cloudy
1589461200;29.0;24.0;0.74;SE;4.722222222222222;0.0;1012.8;0.0;Partly Cloudy
1589464800;30.0;24.0;0.7;SE;6.111111111111111;0.0;1012.8;0.0;Partly Cloudy
1589468400;30.0;25.0;0.74;ESE;5.277777777777778;0.0;1010.8;0.0;Partly Cloudy
1589472000;30.0;25.0;0.74;SSE;6.666666666666666;0.0;1010.8;0.0;Partly Cloudy
1589475600;30.0;25.0;0.74;SE;5.277777777777778;0.0;1009.8;0.0;Partly Cloudy
1589479200;30.0;24.0;0.7;SSE;6.666666666666666;0.0;1009.8;0.0;Partly Cloudy
1589482800;29.0;23.0;0.7;SE;6.666666666666666;0.0;1009.8;0.0;Partly Cloudy
1589486400;28.0;24.0;0.79;SE;5.277777777777778;0.0;1010.8;0.0;Partly Cloudy
1589490000;28.0;24.0;0.79;SE;5.277777777777778;0.0;1010.8;0.0;Partly Cloudy
1589493600;28.0;24.0;0.79;SSE;5.277777777777778;0.0;1011.8;0.0;Partly Cloudy
1589497200;28.0;24.0;0.79;SE;4.166666666666667;0.0;1011.8;0.0;Partly Cloudy
1589500800;28.0;25.0;0.84;ESE;3.611111111111111;0.0;1012.8;0.0;Partly Cloudy
1589504400;28.0;24.0;0.79;SE;2.5;0.0;1012.8;0.0;Partly Cloudy
1589508000;28.0;24.0;0.79;SE;3.611111111111111;0.0;1012.8;0.0;Partly Cloudy
1589511600;27.0;24.0;0.84;SE;4.166666666666667;0.0;1011.8;0.0;Partly Cloudy
1589515200;27.0;24.0;0.84;SSE;4.166666666666667;0.0;1010.8;0.0;Mostly Cloudy
1589518800;27.0;24.0;0.84;SSE;4.722222222222222;0.0;1010.8;0.0;Mostly Cloudy
1589522400;27.0;24.0;0.84;SE;5.277777777777778;0.0;1010.8;0.0;Mostly Cloudy
1589526000;26.0;24.0;0.89;ESE;4.166666666666667;0.0;1010.8;0.0;Mostly Cloudy
1589529600;26.0;24.0;0.89;SE;5.277777777777778;0.0;1010.8;0.0;Mostly Cloudy
1589533200;25.0;24.0;0.94;SSE;5.555555555555555;0.0;1011.8;0.0;Light Rain
1589536800;25.0;24.0;0.94;SE;3.611111111111111;0.0;1012.8;0.0;Mostly Cloudy
1589540400;26.0;24.0;0.89;SW;1.9444444444444444;0.0;1013.8;0.0;Light Rain
1589540700;25.0;24.0;0.94;E;3.611111111111111;0.0;1013.8;0.0;Light Rain
1589544000;25.0;24.0;0.94;ESE;3.0555555555555554;0.0;1013.8;0.0;Showers in the Vicinity
1589547600;27.0;24.0;0.84;ESE;3.611111111111111;0.0;1013.8;0.0;Showers in the Vicinity
1589551200;26.0;24.0;0.89;S;5.277777777777778;0.0;1013.8;0.0;Showers in the Vicinity
1589554800;28.0;24.0;0.79;SSW;2.5;0.0;1012.8;0.0;Mostly Cloudy
1589558400;29.0;24.0;0.74;S;3.0555555555555554;0.0;1011.8;0.0;Mostly Cloudy
1589562000;29.0;24.0;0.74;S;3.0555555555555554;0.0;1011.8;0.0;Showers in the Vicinity
1589565600;28.0;23.0;0.74;S;5.277777777777778;0.0;1010.8;0.0;Mostly Cloudy
1589569200;27.0;23.0;0.79;S;4.166666666666667;0.0;1011.8;0.0;Showers in the Vicinity
1589572800;27.0;21.0;0.7;SE;4.166666666666667;0.0;1011.8;0.0;Mostly Cloudy
1589576400;27.0;22.0;0.74;SE;1.6666666666666665;0.0;1011.8;0.0;Partly Cloudy
1589580000;26.0;23.0;0.83;SSE;5.277777777777778;0.0;1012.8;0.0;Partly Cloudy
1589583600;26.0;23.0;0.83;SW;1.9444444444444444;0.0;1012.8;0.0;Partly Cloudy
1589587200;26.0;23.0;0.83;SSW;4.166666666666667;0.0;1012.8;0.0;Partly Cloudy
1589590800;25.0;23.0;0.89;VAR;1.1111111111111112;0.0;1012.8;0.0;Mostly Cloudy
1589594400;25.0;23.0;0.89;VAR;1.1111111111111112;0.0;1012.8;0.0;Mostly Cloudy
1589598000;25.0;23.0;0.89;VAR;1.1111111111111112;0.0;1012.8;0.0;Mostly Cloudy
1589601600;25.0;23.0;0.89;SSW;2.5;0.0;1011.8;0.0;Mostly Cloudy
1589605200;25.0;23.0;0.89;SW;2.5;0.0;1010.8;0.0;Mostly Cloudy
1589608800;25.0;23.0;0.89;SSW;3.0555555555555554;0.0;1010.8;0.0;Mostly Cloudy
1589612400;25.0;23.0;0.89;S;1.1111111111111112;0.0;1010.8;0.0;Mostly Cloudy
1589616000;25.0;23.0;0.89;VAR;1.1111111111111112;0.0;1011.8;0.0;Showers in the Vicinity
1589619600;25.0;23.0;0.89;S;1.6666666666666665;0.0;1011.8;0.0;Light Rain
1589623200;24.0;23.0;0.94;VAR;1.1111111111111112;0.0;1012.8;0.0;Light Rain
1589626800;25.0;23.0;0.89;SSW;1.6666666666666665;0.0;1012.8;0.0;Light Rain
1589630400;25.0;24.0;0.94;SW;2.5;0.0;1013.8;0.0;Light Rain
1589634000;25.0;24.0;0.94;S;1.1111111111111112;0.0;1013.8;0.0;Rain
1589637600;25.0;24.0;0.94;NE;1.1111111111111112;0.0;1013.8;0.0;Light Rain
1589641200;25.0;24.0;0.94;ESE;1.1111111111111112;0.0;1012.8;0.0;Light Rain
1589644800;26.0;24.0;0.89;S;2.5;0.0;1011.8;0.0;Mostly Cloudy
1589648400;27.0;24.0;0.84;S;1.9444444444444444;0.0;1011.8;0.0;Mostly Cloudy
1589652000;27.0;24.0;0.84;SSW;2.5;0.0;1010.8;0.0;Mostly Cloudy
1589655600;27.0;24.0;0.84;S;1.9444444444444444;0.0;1011.8;0.0;Mostly Cloudy
1589659200;26.0;24.0;0.89;SSW;1.6666666666666665;0.0;1011.8;0.0;Mostly Cloudy
1589662800;26.0;24.0;0.89;S;1.1111111111111112;0.0;1011.8;0.0;Partly Cloudy
1589666400;25.0;24.0;0.94;SSW;1.1111111111111112;0.0;1012.8;0.0;Partly Cloudy
1589670000;25.0;24.0;0.94;WSW;1.1111111111111112;0.0;1012.8;0.0;Fair
1589673600;25.0;24.0;0.94;WSW;1.1111111111111112;0.0;1013.8;0.0;Fair
1589677200;25.0;23.0;0.89;CALM;0.0;0.0;1013.8;0.0;Fair
1589680800;25.0;23.0;0.89;SSW;1.6666666666666665;0.0;1013.8;0.0;Fair
1589857200;26.0;24.0;0.89;SSW;1.9444444444444444;0.0;1013.8;0.0;Mostly Cloudy
1589860800;26.0;24.0;0.89;SSW;1.6666666666666665;0.0;1013.8;0.0;Mostly Cloudy
1589864400;25.0;24.0;0.94;SSW;1.1111111111111112;0.0;1012.8;0.0;Partly Cloudy
1589868000;25.0;24.0;0.94;SSW;1.6666666666666665;0.0;1012.8;0.0;Mostly Cloudy
1589871600;25.0;23.0;0.89;SW;0.5555555555555556;0.0;1012.8;0.0;Partly Cloudy
1589875200;25.0;23.0;0.89;S;1.1111111111111112;0.0;1012.8;0.0;Partly Cloudy
1589878800;25.0;23.0;0.89;SW;1.1111111111111112;0.0;1012.8;0.0;Partly Cloudy
1589882400;26.0;24.0;0.89;S;1.6666666666666665;0.0;1013.8;0.0;Showers in the Vicinity
1589886000;26.0;25.0;0.94;S;1.6666666666666665;0.0;1014.8;0.0;Showers in the Vicinity
1589889600;29.0;25.0;0.79;S;1.9444444444444444;0.0;1014.8;0.0;Partly Cloudy
1589893200;30.0;24.0;0.7;SSE;3.611111111111111;0.0;1014.8;0.0;Partly Cloudy
1589896800;30.0;25.0;0.74;SE;3.611111111111111;0.0;1013.8;0.0;Partly Cloudy
1589900400;30.0;25.0;0.74;SSE;4.166666666666667;0.0;1012.8;0.0;Partly Cloudy
1589904000;31.0;25.0;0.7;SSE;3.611111111111111;0.0;1012.8;0.0;Partly Cloudy
1589905920;28.0;24.0;0.79;ESE;5.277777777777778;0.0;1012.8;0.0;Light Rain
1589907600;28.0;26.0;0.89;SE;4.166666666666667;0.0;1011.8;0.0;Light Rain
1589911200;28.0;24.0;0.79;SE;3.0555555555555554;0.0;1011.8;0.0;Partly Cloudy
1589914800;28.0;25.0;0.84;SSE;4.166666666666667;0.0;1011.8;0.0;Partly Cloudy
1589918400;28.0;24.0;0.79;SSE;3.611111111111111;0.0;1011.8;0.0;Partly Cloudy
1589922000;27.0;24.0;0.84;SE;3.0555555555555554;0.0;1012.8;0.0;Fair
1589925600;27.0;24.0;0.84;S;2.5;0.0;1012.8;0.0;Fair
1589929200;26.0;24.0;0.89;SSW;1.9444444444444444;0.0;1012.8;0.0;Showers in the Vicinity
1589932800;26.0;24.0;0.89;SSW;1.6666666666666665;0.0;1013.8;0.0;Partly Cloudy
1589936400;26.0;24.0;0.89;S;3.611111111111111;0.0;1013.8;0.0;Showers in the Vicinity
1589940000;26.0;24.0;0.89;SW;1.9444444444444444;0.0;1013.8;0.0;Partly Cloudy
1590116400;28.0;23.0;0.74;SE;5.277777777777778;0.0;1013.8;0.0;Partly Cloudy
1590120000;28.0;23.0;0.74;ESE;4.166666666666667;0.0;1012.8;0.0;Partly Cloudy
1590123600;27.0;23.0;0.79;SE;3.611111111111111;0.0;1012.8;0.0;Partly Cloudy
1590127200;27.0;23.0;0.79;SE;3.0555555555555554;0.0;1012.8;0.0;Partly Cloudy
1590130800;27.0;24.0;0.84;SE;3.0555555555555554;0.0;1012.8;0.0;Mostly Cloudy
1590134400;26.0;24.0;0.89;SSE;2.5;0.0;1012.8;0.0;Partly Cloudy
1590138000;26.0;24.0;0.89;SSE;1.9444444444444444;0.0;1012.8;0.0;Partly Cloudy
1590141600;27.0;23.0;0.79;E;3.611111111111111;0.0;1013.8;0.0;Mostly Cloudy
1590145200;29.0;24.0;0.74;SE;4.166666666666667;0.0;1013.8;0.0;Partly Cloudy
1590148800;30.0;25.0;0.74;SE;3.611111111111111;0.0;1014.8;0.0;Partly Cloudy
1590152400;30.0;24.0;0.7;SE;5.277777777777778;0.0;1014.8;0.0;Partly Cloudy
1590156000;30.0;23.0;0.66;SE;5.277777777777778;0.0;1014.8;0.0;Partly Cloudy
1590159600;30.0;24.0;0.7;SE;4.166666666666667;0.0;1013.8;0.0;Partly Cloudy
1590163200;29.0;23.0;0.7;SSE;6.111111111111111;0.0;1012.8;0.0;Mostly Cloudy
1590166800;30.0;24.0;0.7;SSE;5.277777777777778;0.0;1011.8;0.0;Mostly Cloudy
1590170400;30.0;24.0;0.7;SE;5.277777777777778;0.0;1011.8;0.0;Partly Cloudy
1590174000;29.0;24.0;0.74;SSE;5.277777777777778;0.0;1010.8;0.0;Partly Cloudy
1590177600;29.0;24.0;0.74;SE;4.166666666666667;0.0;1011.8;0.0;Light Rain Shower
1590181200;28.0;24.0;0.79;SE;4.722222222222222;0.0;1011.8;0.0;Partly Cloudy
1590184800;28.0;24.0;0.79;SSE;4.166666666666667;0.0;1011.8;0.0;Mostly Cloudy
1590188400;28.0;24.0;0.79;SE;4.722222222222222;0.0;1012.8;0.0;Mostly Cloudy
1590192000;28.0;25.0;0.84;ESE;3.611111111111111;0.0;1013.8;0.0;Mostly Cloudy
1590195600;27.0;25.0;0.89;S;4.722222222222222;0.0;1013.8;0.0;Showers in the Vicinity
1590199200;27.0;25.0;0.89;SE;4.722222222222222;0.0;1013.8;0.0;Partly Cloudy
1590202800;28.0;24.0;0.79;SE;4.166666666666667;0.0;1012.8;0.0;Partly Cloudy
1590206400;28.0;24.0;0.79;SE;4.166666666666667;0.0;1012.8;0.0;Partly Cloudy
1590210000;27.0;24.0;0.84;SE;3.611111111111111;0.0;1011.8;0.0;Partly Cloudy
1590213600;27.0;24.0;0.84;ESE;3.611111111111111;0.0;1011.8;0.0;Partly Cloudy
1590217200;26.0;24.0;0.89;S;1.9444444444444444;0.0;1011.8;0.0;Partly Cloudy
1590220800;26.0;24.0;0.89;W;1.9444444444444444;0.0;1011.8;0.0;Light Rain
1590224400;24.0;23.0;0.94;NW;4.722222222222222;0.0;1012.8;0.0;Light Rain
1590228000;24.0;23.0;0.94;NW;2.5;0.0;1012.8;0.0;Light Rain
1590231600;25.0;24.0;0.94;SE;3.0555555555555554;0.0;1014.8;0.0;Light Rain
1590235200;26.0;24.0;0.89;SE;6.666666666666666;0.0;1014.8;0.0;Light Rain
1590237300;25.0;24.0;0.94;ESE;7.777777777777778;13.333333333333332;1015.79;0.0;Light Rain
1590238800;24.0;23.0;0.94;ENE;3.611111111111111;0.0;1015.79;0.0;Light Rain
1590242400;24.0;23.0;0.94;NNW;1.9444444444444444;0.0;1015.79;0.0;Light Rain
1590246000;24.0;23.0;0.94;SW;1.6666666666666665;0.0;1014.8;0.0;Light Rain
1590249600;25.0;24.0;0.94;S;1.6666666666666665;0.0;1013.8;0.0;Light Rain
1590253200;24.0;24.0;1.0;SSW;2.5;0.0;1012.8;0.0;Mostly Cloudy
1590256800;26.0;24.0;0.89;SSE;1.6666666666666665;0.0;1012.8;0.0;Mostly Cloudy
1590260400;26.0;24.0;0.89;SSE;1.9444444444444444;0.0;1012.8;0.0;Light Rain
1590264000;25.0;24.0;0.94;S;1.6666666666666665;0.0;1012.8;0.0;Mostly Cloudy
1590267600;25.0;24.0;0.94;CALM;0.0;0.0;1012.8;0.0;Mostly Cloudy
1590271200;25.0;24.0;0.94;SSW;1.1111111111111112;0.0;1013.8;0.0;Mostly Cloudy
1590274800;25.0;24.0;0.94;SW;1.9444444444444444;0.0;1013.8;0.0;Mostly Cloudy
1590278400;25.0;24.0;0.94;VAR;0.5555555555555556;0.0;1013.8;0.0;Mostly Cloudy
1590282000;25.0;24.0;0.94;WNW;1.9444444444444444;0.0;1013.8;0.0;Mostly Cloudy
1590285600;25.0;24.0;0.94;NE;1.6666666666666665;0.0;1013.8;0.0;Light Rain
1590289200;25.0;24.0;0.94;W;1.1111111111111112;0.0;1012.8;0.0;Mostly Cloudy
1590292800;25.0;24.0;0.94;SW;1.1111111111111112;0.0;1011.8;0.0;Mostly Cloudy
1590296400;24.0;23.0;0.94;SW;1.6666666666666665;0.0;1011.8;0.0;Mostly Cloudy
1590300000;24.0;23.0;0.94;SW;1.9444444444444444;0.0;1011.8;0.0;Light Rain
1590303600;24.0;23.0;0.94;W;1.6666666666666665;0.0;1010.8;0.0;Partly Cloudy
1590307200;24.0;23.0;0.94;SW;1.1111111111111112;0.0;1011.8;0.0;Mostly Cloudy
1590310800;24.0;23.0;0.94;SSW;2.5;0.0;1011.8;0.0;Light Rain
1590313500;24.0;23.0;0.94;SSE;3.0555555555555554;8.333333333333334;1013.8;0.0;Rain Shower
1590314400;24.0;23.0;0.94;SE;4.722222222222222;0.0;1013.8;0.0;Light Rain Shower
1590314700;24.0;23.0;0.94;ESE;6.111111111111111;11.944444444444445;1012.8;0.0;Light Rain
1590318000;26.0;23.0;0.83;ESE;5.555555555555555;0.0;1014.8;0.0;Mostly Cloudy
1590321600;27.0;23.0;0.79;E;4.166666666666667;0.0;1014.8;0.0;Mostly Cloudy
1590325200;27.0;24.0;0.84;E;4.166666666666667;0.0;1013.8;0.0;Mostly Cloudy
1590328800;28.0;24.0;0.79;E;3.0555555555555554;0.0;1013.8;0.0;Mostly Cloudy
1590332400;28.0;24.0;0.79;E;3.0555555555555554;0.0;1012.8;0.0;Mostly Cloudy
1590336000;28.0;24.0;0.79;ENE;1.9444444444444444;0.0;1011.8;0.0;Mostly Cloudy
1590339600;29.0;24.0;0.74;ESE;2.5;0.0;1010.8;0.0;Mostly Cloudy
1590343200;28.0;23.0;0.74;SE;2.5;0.0;1010.8;0.0;Mostly Cloudy
1590346800;29.0;24.0;0.74;SE;1.9444444444444444;0.0;1011.8;0.0;Mostly Cloudy
1590350400;27.0;23.0;0.79;SE;1.9444444444444444;0.0;1011.8;0.0;Mostly Cloudy
1590354000;27.0;23.0;0.79;SE;1.6666666666666665;0.0;1011.8;0.0;Partly Cloudy
1590357600;27.0;23.0;0.79;S;2.5;0.0;1012.8;0.0;Light Rain Shower
1590361200;25.0;23.0;0.89;W;1.6666666666666665;0.0;1012.8;0.0;Partly Cloudy
1590364800;25.0;23.0;0.89;W;1.1111111111111112;0.0;1013.8;0.0;Partly Cloudy
1590368400;25.0;23.0;0.89;WSW;1.1111111111111112;0.0;1013.8;0.0;Mostly Cloudy
1590372000;25.0;23.0;0.89;NW;1.6666666666666665;0.0;1012.8;0.0;Mostly Cloudy
1590375600;24.0;23.0;0.94;CALM;0.0;0.0;1012.8;0.0;Mostly Cloudy
1590379200;25.0;23.0;0.89;CALM;0.0;0.0;1011.8;0.0;Mostly Cloudy
1590382800;25.0;23.0;0.89;NW;1.1111111111111112;0.0;1011.8;0.0;Mostly Cloudy
1590386400;24.0;23.0;0.94;CALM;0.0;0.0;1010.8;0.0;Mostly Cloudy
1590390000;25.0;23.0;0.89;CALM;0.0;0.0;1011.8;0.0;Mostly Cloudy
1590393600;24.0;23.0;0.94;N;1.6666666666666665;0.0;1011.8;0.0;Mostly Cloudy
1590397200;24.0;23.0;0.94;WSW;1.9444444444444444;0.0;1011.8;0.0;Light Rain
1590400800;24.0;23.0;0.94;VAR;1.1111111111111112;0.0;1012.8;0.0;Light Rain
1590401400;24.0;23.0;0.94;E;1.6666666666666665;0.0;1013.8;0.0;Rain
1590404400;25.0;24.0;0.94;SSW;1.6666666666666665;0.0;1013.8;0.0;Light Rain
1590408000;25.0;24.0;0.94;SSW;1.6666666666666665;0.0;1013.8;0.0;Mostly Cloudy
1590411600;26.0;24.0;0.89;S;2.5;0.0;1013.8;0.0;Light Rain
1590415200;27.0;25.0;0.89;SSE;3.0555555555555554;0.0;1012.8;0.0;Mostly Cloudy
1590418800;28.0;25.0;0.84;S;1.9444444444444444;0.0;1011.8;0.0;Mostly Cloudy
1590422400;29.0;24.0;0.74;VAR;1.6666666666666665;0.0;1010.8;0.0;Mostly Cloudy
1590426000;28.0;24.0;0.79;SSE;3.611111111111111;0.0;1010.8;0.0;Mostly Cloudy
1590429600;28.0;24.0;0.79;SE;2.5;0.0;1010.8;0.0;Mostly Cloudy
1590433200;28.0;24.0;0.79;SSE;3.0555555555555554;0.0;1010.8;0.0;Mostly Cloudy
1590436800;27.0;24.0;0.84;SE;3.0555555555555554;0.0;1010.8;0.0;Partly Cloudy
1590440400;27.0;24.0;0.84;SSE;1.9444444444444444;0.0;1011.8;0.0;Partly Cloudy
1590444000;27.0;24.0;0.84;S;2.5;0.0;1011.8;0.0;Fair
1590447600;27.0;25.0;0.89;W;0.5555555555555556;0.0;1012.8;0.0;Partly Cloudy
1590451200;26.0;25.0;0.94;VAR;0.5555555555555556;0.0;1012.8;0.0;Partly Cloudy
1590454800;26.0;25.0;0.94;CALM;0.0;0.0;1012.8;0.0;Partly Cloudy
1590458400;26.0;25.0;0.94;CALM;0.0;0.0;1013.8;0.0;Partly Cloudy
1590462000;26.0;24.0;0.89;NNE;1.1111111111111112;0.0;1012.8;0.0;Partly Cloudy
1590465600;25.0;24.0;0.94;W;1.1111111111111112;0.0;1012.8;0.0;Partly Cloudy
1590469200;25.0;24.0;0.94;NNW;1.1111111111111112;0.0;1011.8;0.0;Partly Cloudy
1590472800;25.0;24.0;0.94;NNW;1.6666666666666665;0.0;1011.8;0.0;Partly Cloudy
1590476400;25.0;24.0;0.94;CALM;0.0;0.0;1011.8;0.0;Fair
1590480000;24.0;24.0;1.0;NNW;1.6666666666666665;0.0;1011.8;0.0;Partly Cloudy
1590483600;24.0;24.0;1.0;CALM;0.0;0.0;1012.8;0.0;Partly Cloudy
1590487200;26.0;25.0;0.94;VAR;1.1111111111111112;0.0;1013.8;0.0;Partly Cloudy
1590490800;28.0;25.0;0.84;VAR;1.1111111111111112;0.0;1013.8;0.0;Partly Cloudy
1590494400;29.0;24.0;0.74;VAR;1.6666666666666665;0.0;1013.8;0.0;Partly Cloudy
1590498000;31.0;24.0;0.66;NE;1.9444444444444444;0.0;1013.8;0.0;Partly Cloudy
1590501600;31.0;24.0;0.66;VAR;1.9444444444444444;0.0;1013.8;0.0;Partly Cloudy
1590505200;31.0;24.0;0.66;E;3.0555555555555554;0.0;1011.8;0.0;Partly Cloudy
1590508800;30.0;24.0;0.7;ENE;3.611111111111111;0.0;1011.8;0.0;Partly Cloudy
1590512400;30.0;24.0;0.7;ENE;4.166666666666667;0.0;1010.8;0.0;Partly Cloudy
1590516000;30.0;24.0;0.7;NE;5.277777777777778;0.0;1009.8;0.0;Partly Cloudy
1590519600;30.0;24.0;0.7;NE;3.611111111111111;0.0;1009.8;0.0;Fair
1590523200;29.0;24.0;0.74;NE;4.166666666666667;0.0;1010.8;0.0;Thunder in the Vicinity
1590526800;28.0;25.0;0.84;NNE;3.0555555555555554;0.0;1010.8;0.0;Partly Cloudy
1590530400;28.0;24.0;0.79;NNE;1.9444444444444444;0.0;1011.8;0.0;Thunder in the Vicinity
1590534000;28.0;24.0;0.79;N;1.6666666666666665;0.0;1011.8;0.0;Thunder in the Vicinity
1590537600;27.0;24.0;0.84;CALM;0.0;0.0;1012.8;0.0;Thunder in the Vicinity
1590541200;26.0;24.0;0.89;NW;1.1111111111111112;0.0;1012.8;0.0;Fair
1590544800;26.0;24.0;0.89;WNW;1.6666666666666665;0.0;1012.8;0.0;Partly Cloudy
1590548400;26.0;24.0;0.89;NNW;1.6666666666666665;0.0;1011.8;0.0;Fair
1590552000;25.0;24.0;0.94;NNW;1.6666666666666665;0.0;1011.8;0.0;Fair
1590555600;25.0;24.0;0.94;WNW;1.1111111111111112;0.0;1010.8;0.0;Fair
1590559200;25.0;24.0;0.94;W;1.6666666666666665;0.0;1010.8;0.0;Fair
1590562800;25.0;24.0;0.94;NNW;1.1111111111111112;0.0;1011.8;0.0;Fair
1590566400;25.0;24.0;0.94;N;1.1111111111111112;0.0;1011.8;0.0;Partly Cloudy
1590570000;25.0;24.0;0.94;NNW;1.6666666666666665;0.0;1011.8;0.0;Fair
1590573600;26.0;24.0;0.89;NW;1.9444444444444444;0.0;1011.8;0.0;Fair
1590577200;28.0;25.0;0.84;NW;3.0555555555555554;0.0;1012.8;0.0;Partly Cloudy
1590580800;29.0;25.0;0.79;N;1.9444444444444444;0.0;1012.8;0.0;Partly Cloudy
1590584400;31.0;25.0;0.7;ENE;2.5;0.0;1012.8;0.0;Mostly Cloudy
1590588000;31.0;24.0;0.66;ENE;3.611111111111111;0.0;1011.8;0.0;Partly Cloudy
1590591600;30.0;24.0;0.7;ENE;3.611111111111111;0.0;1011.8;0.0;Partly Cloudy
1590595200;30.0;25.0;0.74;E;3.611111111111111;0.0;1010.8;0.0;Thunder in the Vicinity
1590598800;30.0;25.0;0.74;ENE;4.166666666666667;0.0;1009.8;0.0;Showers in the Vicinity
1590602400;30.0;24.0;0.7;ENE;3.0555555555555554;0.0;1009.8;0.0;Fair
1590606000;29.0;24.0;0.74;ENE;3.611111111111111;0.0;1009.8;0.0;Fair
1590609600;29.0;24.0;0.74;ENE;3.0555555555555554;0.0;1010.8;0.0;Partly Cloudy
1590613200;28.0;25.0;0.84;NE;1.6666666666666665;0.0;1011.8;0.0;Partly Cloudy
1590616800;28.0;25.0;0.84;NE;1.9444444444444444;0.0;1011.8;0.0;Partly Cloudy
1590620400;28.0;24.0;0.79;ENE;1.9444444444444444;0.0;1011.8;0.0;Partly Cloudy
1590624000;28.0;24.0;0.79;NE;1.6666666666666665;0.0;1011.8;0.0;Partly Cloudy
1590627600;28.0;24.0;0.79;NE;1.6666666666666665;0.0;1011.8;0.0;Partly Cloudy
1590631200;28.0;24.0;0.79;ENE;1.6666666666666665;0.0;1011.8;0.0;Partly Cloudy
1590721200;25.0;24.0;0.94;SW;1.9444444444444444;0.0;1012.8;0.0;Partly Cloudy
1590724800;25.0;24.0;0.94;VAR;1.6666666666666665;0.0;1011.8;0.0;Rain
1590728400;25.0;24.0;0.94;WSW;1.9444444444444444;0.0;1010.8;0.0;Light Rain
1590729900;25.0;23.0;0.89;S;2.5;0.0;1011.8;0.0;Rain
1590732000;25.0;24.0;0.94;ESE;4.166666666666667;0.0;1010.8;0.0;Light Rain
1590735600;25.0;24.0;0.94;S;3.611111111111111;0.0;1011.8;0.0;Showers in the Vicinity
1590739200;25.0;23.0;0.89;SSW;5.277777777777778;0.0;1011.8;0.0;Light Rain
1590742800;24.0;22.0;0.89;SSW;5.277777777777778;0.0;1012.8;0.0;Light Rain
1590746400;23.0;22.0;0.94;SSW;4.166666666666667;0.0;1012.8;0.0;Light Rain
1590750000;23.0;22.0;0.94;SSW;4.166666666666667;0.0;1013.8;0.0;Light Rain
1590753600;23.0;22.0;0.94;SSW;4.722222222222222;0.0;1013.8;0.0;Light Rain
1590757200;24.0;23.0;0.94;S;4.166666666666667;0.0;1013.8;0.0;Light Rain
1590760800;24.0;22.0;0.89;SSW;5.277777777777778;0.0;1012.8;0.0;Showers in the Vicinity
1590764400;26.0;23.0;0.83;SSW;3.611111111111111;0.0;1011.8;0.0;Mostly Cloudy
1590768000;28.0;22.0;0.7;S;7.777777777777778;0.0;1011.8;0.0;Mostly Cloudy
1590771600;29.0;21.0;0.62;S;10.277777777777777;0.0;1010.8;0.0;Mostly Cloudy / Windy
1590775200;28.0;21.0;0.66;S;7.777777777777778;0.0;1010.8;0.0;Mostly Cloudy
1590778800;27.0;21.0;0.7;S;7.777777777777778;0.0;1011.8;0.0;Mostly Cloudy
1590782400;27.0;21.0;0.7;S;5.555555555555555;0.0;1011.8;0.0;Mostly Cloudy
1590786000;27.0;21.0;0.7;S;5.555555555555555;0.0;1011.8;0.0;Mostly Cloudy
1590789600;27.0;21.0;0.7;S;6.111111111111111;0.0;1012.8;0.0;Mostly Cloudy
1590793200;27.0;21.0;0.7;S;4.166666666666667;0.0;1012.8;0.0;Mostly Cloudy
1590796800;26.0;22.0;0.78;SSE;6.111111111111111;0.0;1012.8;0.0;Mostly Cloudy
1590800400;27.0;22.0;0.74;S;6.111111111111111;0.0;1012.8;0.0;Mostly Cloudy
1590804000;25.0;22.0;0.83;SW;2.5;0.0;1012.8;0.0;Mostly Cloudy
1590807600;25.0;22.0;0.83;SW;3.0555555555555554;0.0;1012.8;0.0;Showers in the Vicinity
1590811200;24.0;22.0;0.89;SW;3.0555555555555554;0.0;1011.8;0.0;Mostly Cloudy
1590814800;24.0;22.0;0.89;SSW;2.5;0.0;1011.8;0.0;Showers in the Vicinity
1590818400;24.0;22.0;0.89;WSW;3.0555555555555554;0.0;1011.8;0.0;Showers in the Vicinity
1590822000;24.0;22.0;0.89;SW;1.9444444444444444;0.0;1011.8;0.0;Partly Cloudy
1590825600;24.0;22.0;0.89;S;1.6666666666666665;0.0;1011.8;0.0;Partly Cloudy
1590829200;24.0;22.0;0.89;SSW;1.6666666666666665;0.0;1012.8;0.0;Mostly Cloudy
1590831300;24.0;22.0;0.89;ESE;1.6666666666666665;0.0;1012.8;0.0;Light Rain
1590832800;24.0;22.0;0.89;S;1.9444444444444444;0.0;1012.8;0.0;Light Rain
1590834600;24.0;23.0;0.94;SSW;2.5;0.0;1013.8;0.0;Mostly Cloudy
1590836400;24.0;23.0;0.94;SSW;2.5;0.0;1013.8;0.0;Mostly Cloudy
1590840000;26.0;23.0;0.83;SSW;3.0555555555555554;0.0;1013.8;0.0;Mostly Cloudy
1590843600;28.0;24.0;0.79;SW;3.611111111111111;0.0;1013.8;0.0;Mostly Cloudy
1590847200;27.0;23.0;0.79;SE;5.277777777777778;0.0;1013.8;0.0;Mostly Cloudy
1590850800;28.0;24.0;0.79;SSW;4.722222222222222;0.0;1012.8;0.0;Mostly Cloudy
1590854400;28.0;24.0;0.79;S;4.166666666666667;0.0;1011.8;0.0;Partly Cloudy
1590858000;28.0;24.0;0.79;S;4.166666666666667;0.0;1010.8;0.0;Partly Cloudy
1590861600;28.0;24.0;0.79;SSE;5.555555555555555;0.0;1010.8;0.0;Mostly Cloudy
1590865200;27.0;24.0;0.84;S;4.722222222222222;0.0;1010.8;0.0;Partly Cloudy
1590868800;26.0;24.0;0.89;SSE;6.666666666666666;0.0;1011.8;0.0;Showers in the Vicinity
1590872400;27.0;23.0;0.79;SSE;5.555555555555555;0.0;1011.8;0.0;Showers in the Vicinity
1590876000;27.0;24.0;0.84;SSE;5.277777777777778;0.0;1012.8;0.0;Showers in the Vicinity
1590879600;26.0;24.0;0.89;S;5.277777777777778;0.0;1012.8;0.0;Light Rain
1590883200;25.0;24.0;0.94;S;2.5;0.0;1013.8;0.0;Mostly Cloudy
1590886800;25.0;24.0;0.94;S;1.6666666666666665;0.0;1012.8;0.0;Mostly Cloudy
1590890400;25.0;24.0;0.94;CALM;0.0;0.0;1012.8;0.0;Mostly Cloudy
1590894000;25.0;24.0;0.94;SW;1.6666666666666665;0.0;1012.8;0.0;Mostly Cloudy
1590897600;25.0;24.0;0.94;W;1.1111111111111112;0.0;1012.8;0.0;Mostly Cloudy
1590901200;24.0;23.0;0.94;SW;1.1111111111111112;0.0;1011.8;0.0;Mostly Cloudy
1590904800;24.0;23.0;0.94;CALM;0.0;0.0;1011.8;0.0;Partly Cloudy
1590908400;24.0;23.0;0.94;SSW;1.6666666666666665;0.0;1011.8;0.0;Partly Cloudy
1590912000;24.0;23.0;0.94;CALM;0.0;0.0;1011.8;0.0;Fair
1590915600;24.0;23.0;0.94;CALM;0.0;0.0;1012.8;0.0;Fair
1590919200;24.0;23.0;0.94;SW;1.6666666666666665;0.0;1012.8;0.0;Partly Cloudy
1590922800;26.0;24.0;0.89;SSW;1.9444444444444444;0.0;1013.8;0.0;Partly Cloudy
1590926400;28.0;24.0;0.79;SSW;3.611111111111111;0.0;1013.8;0.0;Partly Cloudy
1590930000;28.0;24.0;0.79;S;2.5;0.0;1013.8;0.0;Mostly Cloudy
1590933600;29.0;25.0;0.79;SSE;4.166666666666667;0.0;1013.8;0.0;Partly Cloudy
1590937200;29.0;24.0;0.74;SSE;2.5;0.0;1012.8;0.0;Partly Cloudy
1590940800;29.0;24.0;0.74;SE;2.5;0.0;1011.8;0.0;Partly Cloudy
1590944400;30.0;24.0;0.7;ESE;3.0555555555555554;0.0;1011.8;0.0;Fair
1590948000;29.0;23.0;0.7;ESE;3.0555555555555554;0.0;1010.8;0.0;Fair
1590951600;29.0;23.0;0.7;E;2.5;0.0;1010.8;0.0;Fair
1590955200;28.0;23.0;0.74;ESE;2.5;0.0;1011.8;0.0;Fair
1590958800;27.0;23.0;0.79;SE;1.9444444444444444;0.0;1012.8;0.0;Fair
1590962400;26.0;23.0;0.83;SE;1.9444444444444444;0.0;1012.8;0.0;Fair
1590966000;26.0;23.0;0.83;SSE;1.6666666666666665;0.0;1012.8;0.0;Fair
1590969600;26.0;23.0;0.83;SW;1.6666666666666665;0.0;1013.8;0.0;Fair
1590973200;25.0;23.0;0.89;SW;1.6666666666666665;0.0;1013.8;0.0;Fair
1590976800;25.0;23.0;0.89;SSW;1.1111111111111112;0.0;1013.8;0.0;Fair
1590980400;25.0;23.0;0.89;SW;1.1111111111111112;0.0;1012.8;0.0;Fair
1590984000;24.0;23.0;0.94;VAR;1.1111111111111112;0.0;1012.8;0.0;Fair
1590987600;24.0;23.0;0.94;CALM;0.0;0.0;1011.8;0.0;Fair
1590991200;24.0;23.0;0.94;SW;1.9444444444444444;0.0;1011.8;0.0;Fair
1590994800;24.0;23.0;0.94;VAR;1.1111111111111112;0.0;1011.8;0.0;Partly Cloudy
1590998400;24.0;23.0;0.94;SSW;1.6666666666666665;0.0;1011.8;0.0;Partly Cloudy
1591002000;24.0;23.0;0.94;VAR;1.1111111111111112;0.0;1012.8;0.0;Mostly Cloudy
1591005600;25.0;23.0;0.89;WSW;1.1111111111111112;0.0;1012.8;0.0;Mostly Cloudy
1591009200;26.0;24.0;0.89;SW;1.6666666666666665;0.0;1013.8;0.0;Mostly Cloudy
1591012800;27.0;24.0;0.84;SSW;1.9444444444444444;0.0;1013.8;0.0;Partly Cloudy
1591016400;28.0;23.0;0.74;SSE;1.9444444444444444;0.0;1013.8;0.0;Partly Cloudy
1591020000;30.0;23.0;0.66;E;3.611111111111111;0.0;1012.8;0.0;Fair
1591023600;30.0;24.0;0.7;E;3.611111111111111;0.0;1012.8;0.0;Fair
1591027200;30.0;24.0;0.7;E;3.0555555555555554;0.0;1011.8;0.0;Fair
1591030800;30.0;24.0;0.7;ESE;4.166666666666667;0.0;1010.8;0.0;Fair
1591034400;29.0;24.0;0.74;E;3.611111111111111;0.0;1010.8;0.0;Fair
1591038000;29.0;24.0;0.74;ESE;2.5;0.0;1011.8;0.0;Fair
1591041600;28.0;24.0;0.79;SE;3.0555555555555554;0.0;1011.8;0.0;Fair
1591045200;27.0;24.0;0.84;SE;2.5;0.0;1012.8;0.0;Fair
1591048800;27.0;24.0;0.84;SE;1.9444444444444444;0.0;1012.8;0.0;Fair
1591052400;27.0;24.0;0.84;SE;2.5;0.0;1013.8;0.0;Partly Cloudy
1591056000;27.0;24.0;0.84;S;1.1111111111111112;0.0;1013.8;0.0;Partly Cloudy
1591059600;26.0;24.0;0.89;WSW;1.1111111111111112;0.0;1013.8;0.0;Mostly Cloudy
1591063200;26.0;24.0;0.89;SSW;1.6666666666666665;0.0;1013.8;0.0;Partly Cloudy
1591066800;26.0;24.0;0.89;SSW;1.9444444444444444;0.0;1012.8;0.0;Partly Cloudy
1591070400;25.0;24.0;0.94;S;1.1111111111111112;0.0;1012.8;0.0;Partly Cloudy
1591074000;25.0;24.0;0.94;S;1.6666666666666665;0.0;1012.8;0.0;Partly Cloudy
1591077600;24.0;22.0;0.89;ENE;1.9444444444444444;0.0;1012.8;0.0;Light Rain
1591081200;24.0;23.0;0.94;VAR;1.1111111111111112;0.0;1012.8;0.0;Mostly Cloudy
1591084800;24.0;23.0;0.94;VAR;1.1111111111111112;0.0;1012.8;0.0;Partly Cloudy
1591088400;24.0;23.0;0.94;SSW;1.6666666666666665;0.0;1012.8;0.0;Showers in the Vicinity
1591088520;25.0;23.0;0.89;ENE;1.9444444444444444;0.0;1013.8;0.0;Light Rain
1591089180;24.0;23.0;0.94;CALM;0.0;0.0;1013.8;0.0;Light Rain
1591092000;25.0;24.0;0.94;W;1.9444444444444444;0.0;1013.8;0.0;Showers in the Vicinity
1591095600;26.0;24.0;0.89;NNW;1.9444444444444444;0.0;1014.8;0.0;Mostly Cloudy
1591099200;27.0;24.0;0.84;N;1.6666666666666665;0.0;1014.8;0.0;Mostly Cloudy
1591102800;30.0;24.0;0.7;VAR;1.1111111111111112;0.0;1013.8;0.0;Partly Cloudy
1591106400;31.0;23.0;0.62;VAR;1.1111111111111112;0.0;1013.8;0.0;Mostly Cloudy
1591110000;30.0;23.0;0.66;SE;4.166666666666667;0.0;1012.8;0.0;Partly Cloudy
1591113600;30.0;23.0;0.66;ESE;4.166666666666667;0.0;1011.8;0.0;Fair
1591117200;30.0;23.0;0.66;ESE;3.611111111111111;0.0;1011.8;0.0;Partly Cloudy
1591120800;29.0;24.0;0.74;ESE;3.611111111111111;0.0;1011.8;0.0;Fair
1591124400;29.0;24.0;0.74;SE;3.611111111111111;0.0;1011.8;0.0;Fair
1591128000;27.0;24.0;0.84;SE;3.611111111111111;0.0;1011.8;0.0;Fair
1591131600;27.0;24.0;0.84;SSE;3.0555555555555554;0.0;1012.8;0.0;Fair
1591135200;27.0;24.0;0.84;SSE;3.611111111111111;0.0;1012.8;0.0;Fair
1591138800;27.0;24.0;0.84;S;1.9444444444444444;0.0;1013.8;0.0;Fair
1591142400;27.0;23.0;0.79;SE;3.0555555555555554;0.0;1013.8;0.0;Partly Cloudy
1591146000;27.0;23.0;0.79;SE;2.5;0.0;1013.8;0.0;Mostly Cloudy
1591149600;27.0;23.0;0.79;SE;3.0555555555555554;0.0;1013.8;0.0;Mostly Cloudy
1591153200;27.0;23.0;0.79;SE;1.9444444444444444;0.0;1013.8;0.0;Partly Cloudy
1591156800;26.0;23.0;0.83;SSW;1.6666666666666665;0.0;1012.8;0.0;Mostly Cloudy
1591160400;25.0;23.0;0.89;SSW;1.6666666666666665;0.0;1012.8;0.0;Partly Cloudy
1591164000;25.0;23.0;0.89;S;1.1111111111111112;0.0;1012.8;0.0;Partly Cloudy
1591167600;24.0;23.0;0.94;SSW;1.6666666666666665;0.0;1012.8;0.0;Fair
1591171200;24.0;23.0;0.94;CALM;0.0;0.0;1012.8;0.0;Partly Cloudy
1591174800;24.0;23.0;0.94;CALM;0.0;0.0;1013.8;0.0;Partly Cloudy
1591178400;26.0;24.0;0.89;WSW;1.6666666666666665;0.0;1014.8;0.0;Partly Cloudy
1591182000;28.0;25.0;0.84;WNW;1.1111111111111112;0.0;1015.79;0.0;Partly Cloudy
1591185600;29.0;24.0;0.74;ESE;1.9444444444444444;0.0;1015.79;0.0;Mostly Cloudy
1591189200;29.0;24.0;0.74;S;1.6666666666666665;0.0;1015.79;0.0;Partly Cloudy
1591192800;30.0;24.0;0.7;SE;3.0555555555555554;0.0;1014.8;0.0;Partly Cloudy
1591196400;30.0;24.0;0.7;S;3.0555555555555554;0.0;1013.8;0.0;Partly Cloudy
1591200000;31.0;23.0;0.62;SSE;3.0555555555555554;0.0;1012.8;0.0;Fair
1591203600;30.0;22.0;0.62;S;3.0555555555555554;0.0;1011.8;0.0;Fair
1591207200;30.0;24.0;0.7;SSE;4.722222222222222;0.0;1011.8;0.0;Fair
1591210800;29.0;24.0;0.74;SE;3.611111111111111;0.0;1011.8;0.0;Fair
1591214400;28.0;24.0;0.79;SE;4.166666666666667;0.0;1012.8;0.0;Fair
1591218000;27.0;24.0;0.84;SSE;3.611111111111111;0.0;1012.8;0.0;Partly Cloudy
1591221600;27.0;24.0;0.84;SE;2.5;0.0;1013.8;0.0;Partly Cloudy
1591225200;27.0;24.0;0.84;SE;3.0555555555555554;0.0;1013.8;0.0;Fair
1591228800;27.0;24.0;0.84;SE;2.5;0.0;1013.8;0.0;Fair
1591232400;26.0;25.0;0.94;SE;2.5;0.0;1013.8;0.0;Showers in the Vicinity
1591236000;27.0;25.0;0.89;S;2.5;0.0;1013.8;0.0;Partly Cloudy
1591412400;25.0;23.0;0.89;SSW;2.5;0.0;1014.8;0.0;Partly Cloudy
1591416000;25.0;23.0;0.89;SSW;3.0555555555555554;0.0;1014.8;0.0;Partly Cloudy
1591419600;24.0;23.0;0.94;SSW;3.611111111111111;0.0;1013.8;0.0;Partly Cloudy
1591423200;24.0;22.0;0.89;SSW;3.611111111111111;0.0;1013.8;0.0;Partly Cloudy
1591426800;24.0;22.0;0.89;SSW;2.5;0.0;1013.8;0.0;Partly Cloudy
1591430400;24.0;22.0;0.89;SSW;1.9444444444444444;0.0;1013.8;0.0;Fair
1591434000;24.0;22.0;0.89;SW;1.9444444444444444;0.0;1013.8;0.0;Fair
1591437600;25.0;22.0;0.83;SSW;1.9444444444444444;0.0;1013.8;0.0;Fair
1591441200;26.0;22.0;0.78;SSW;4.166666666666667;0.0;1014.8;0.0;Mostly Cloudy
1591444800;27.0;23.0;0.79;SSW;5.277777777777778;0.0;1014.8;0.0;Light Rain
1591448400;28.0;23.0;0.74;S;4.722222222222222;0.0;1014.8;0.0;Mostly Cloudy
1591452000;28.0;24.0;0.79;S;6.111111111111111;0.0;1013.8;0.0;Mostly Cloudy
1591455600;29.0;24.0;0.74;SSE;6.666666666666666;0.0;1013.8;0.0;Mostly Cloudy
1591459200;28.0;24.0;0.79;SE;6.111111111111111;0.0;1012.8;0.0;Mostly Cloudy
1591462800;27.0;22.0;0.74;SSE;6.111111111111111;0.0;1011.8;0.0;Mostly Cloudy
1591466400;27.0;24.0;0.84;SSE;4.722222222222222;0.0;1011.8;0.0;Showers in the Vicinity
1591470000;27.0;24.0;0.84;SSE;6.666666666666666;0.0;1011.8;0.0;Showers in the Vicinity
1591473600;27.0;23.0;0.79;SE;7.222222222222222;0.0;1012.8;0.0;Mostly Cloudy
1591477200;26.0;23.0;0.83;SSE;5.277777777777778;0.0;1012.8;0.0;Showers in the Vicinity
1591480800;27.0;23.0;0.79;SSE;7.222222222222222;0.0;1013.8;0.0;Mostly Cloudy
1591484400;27.0;22.0;0.74;SSE;7.222222222222222;0.0;1013.8;0.0;Mostly Cloudy
1591488000;26.0;21.0;0.74;S;4.166666666666667;0.0;1014.8;0.0;Mostly Cloudy
1591491600;25.0;22.0;0.83;SSE;1.9444444444444444;0.0;1014.8;0.0;Mostly Cloudy
1591495200;24.0;23.0;0.94;SSW;1.1111111111111112;0.0;1014.8;0.0;Light Rain
1591585200;25.0;23.0;0.89;SSE;1.9444444444444444;0.0;1014.8;0.0;Mostly Cloudy
1591588800;24.0;22.0;0.89;SW;2.5;0.0;1013.8;0.0;Mostly Cloudy
1591592400;23.0;22.0;0.94;WSW;1.9444444444444444;0.0;1013.8;0.0;Mostly Cloudy
1591596000;24.0;21.0;0.83;W;1.6666666666666665;0.0;1012.8;0.0;Mostly Cloudy
1591599600;23.0;22.0;0.94;CALM;0.0;0.0;1012.8;0.0;Mostly Cloudy
1591603200;23.0;22.0;0.94;S;1.1111111111111112;0.0;1012.8;0.0;Mostly Cloudy
1591606800;23.0;22.0;0.94;VAR;0.5555555555555556;0.0;1012.8;0.0;Partly Cloudy
1591610400;24.0;23.0;0.94;VAR;1.1111111111111112;0.0;1013.8;0.0;Mostly Cloudy
1591614000;26.0;23.0;0.83;SSW;2.5;0.0;1013.8;0.0;Partly Cloudy
1591617600;28.0;24.0;0.79;S;3.611111111111111;0.0;1013.8;0.0;Partly Cloudy
1591621200;29.0;23.0;0.7;S;5.555555555555555;0.0;1013.8;0.0;Partly Cloudy
1591624800;29.0;24.0;0.74;SSE;7.222222222222222;0.0;1013.8;0.0;Showers in the Vicinity
1591628400;27.0;24.0;0.84;SSE;4.166666666666667;0.0;1012.8;0.0;Mostly Cloudy
1591632000;29.0;23.0;0.7;SSE;6.666666666666666;0.0;1011.8;0.0;Mostly Cloudy
1591635600;26.0;23.0;0.83;S;6.666666666666666;0.0;1011.8;0.0;Light Rain
1591639200;27.0;23.0;0.79;SSE;4.722222222222222;0.0;1010.8;0.0;Mostly Cloudy
1591642800;28.0;24.0;0.79;SSE;5.555555555555555;0.0;1010.8;0.0;Partly Cloudy
1591646400;27.0;23.0;0.79;S;5.277777777777778;0.0;1011.8;0.0;Partly Cloudy
1591650000;27.0;22.0;0.74;S;4.166666666666667;0.0;1011.8;0.0;Fair
1591653600;26.0;23.0;0.83;S;3.0555555555555554;0.0;1011.8;0.0;Partly Cloudy
1591657200;26.0;23.0;0.83;S;2.5;0.0;1012.8;0.0;Mostly Cloudy
1591660800;25.0;23.0;0.89;SSW;3.0555555555555554;0.0;1012.8;0.0;Mostly Cloudy
1591664400;25.0;23.0;0.89;SSW;1.6666666666666665;0.0;1013.8;0.0;Partly Cloudy
1591668000;25.0;23.0;0.89;SSW;2.5;0.0;1012.8;0.0;Mostly Cloudy
1591844400;27.0;23.0;0.79;SE;4.166666666666667;0.0;1013.8;0.0;Partly Cloudy
1591848000;27.0;23.0;0.79;SE;4.722222222222222;0.0;1013.8;0.0;Partly Cloudy
1591851600;27.0;23.0;0.79;SE;4.722222222222222;0.0;1012.8;0.0;Partly Cloudy
1591855200;27.0;23.0;0.79;SE;4.722222222222222;0.0;1012.8;0.0;Partly Cloudy
1591858800;27.0;22.0;0.74;SE;4.166666666666667;0.0;1012.8;0.0;Partly Cloudy
1591862400;27.0;23.0;0.79;SE;5.277777777777778;0.0;1012.8;0.0;Partly Cloudy
1591866000;27.0;22.0;0.74;SE;4.166666666666667;0.0;1013.8;0.0;Partly Cloudy
1591869600;28.0;22.0;0.7;ESE;4.166666666666667;0.0;1013.8;0.0;Partly Cloudy
1591873200;28.0;23.0;0.74;ESE;4.166666666666667;0.0;1014.8;0.0;Partly Cloudy
1591876800;29.0;23.0;0.7;ESE;4.722222222222222;0.0;1014.8;0.0;Partly Cloudy
1591880400;30.0;23.0;0.66;SE;5.277777777777778;0.0;1015.79;0.0;Fair
1591884000;30.0;23.0;0.66;SE;4.722222222222222;0.0;1014.8;0.0;Partly Cloudy
1591887600;29.0;23.0;0.7;ESE;4.722222222222222;0.0;1013.8;0.0;Partly Cloudy
1591891200;30.0;24.0;0.7;SE;5.277777777777778;0.0;1012.8;0.0;Fair
1591894800;29.0;23.0;0.7;SE;5.555555555555555;0.0;1012.8;0.0;Fair
1591898400;29.0;23.0;0.7;SE;4.722222222222222;0.0;1011.8;0.0;Partly Cloudy
1591902000;28.0;23.0;0.74;SE;4.166666666666667;0.0;1011.8;0.0;Partly Cloudy
1591905600;28.0;23.0;0.74;SE;4.166666666666667;0.0;1011.8;0.0;Partly Cloudy
1591909200;28.0;23.0;0.74;SE;4.166666666666667;0.0;1012.8;0.0;Partly Cloudy
1591912800;27.0;23.0;0.79;SE;3.611111111111111;0.0;1012.8;0.0;Partly Cloudy
1591916400;27.0;23.0;0.79;SE;3.0555555555555554;0.0;1013.8;0.0;Partly Cloudy
1591920000;27.0;22.0;0.74;SE;1.9444444444444444;0.0;1013.8;0.0;Fair
1591923600;27.0;23.0;0.79;SE;1.9444444444444444;0.0;1013.8;0.0;Partly Cloudy
1591927200;25.0;22.0;0.83;VAR;1.1111111111111112;0.0;1013.8;0.0;Mostly Cloudy
1592103600;24.0;23.0;0.94;VAR;0.5555555555555556;0.0;1013.8;0.0;Light Rain
1592107200;24.0;23.0;0.94;NNW;1.9444444444444444;0.0;1012.8;0.0;Rain
1592110800;24.0;23.0;0.94;W;1.6666666666666665;0.0;1012.8;0.0;Light Rain
1592114400;24.0;23.0;0.94;VAR;1.1111111111111112;0.0;1012.8;0.0;Light Rain
1592118000;24.0;23.0;0.94;NW;2.5;0.0;1012.8;0.0;Light Rain
1592121600;23.0;23.0;1.0;ENE;5.555555555555555;0.0;1012.8;0.0;Light Rain
1592125200;23.0;22.0;0.94;CALM;0.0;0.0;1012.8;0.0;Light Rain
1592128800;24.0;23.0;0.94;NW;1.6666666666666665;0.0;1013.8;0.0;Light Rain
1592129580;23.0;22.0;0.94;NE;2.5;0.0;1014.8;0.0;Light Rain
1592132400;23.0;22.0;0.94;N/A;0.0;0.0;1014.8;0.0;Light Rain
1592134200;24.0;23.0;0.94;WSW;1.9444444444444444;0.0;1014.8;0.0;Showers in the Vicinity
1592136000;24.0;23.0;0.94;W;1.9444444444444444;0.0;1014.8;0.0;Showers in the Vicinity
1592139600;26.0;23.0;0.83;NW;1.6666666666666665;0.0;1014.8;0.0;Mostly Cloudy
1592143200;29.0;25.0;0.79;VAR;1.1111111111111112;0.0;1013.8;0.0;Partly Cloudy
1592146800;30.0;25.0;0.74;SSE;4.722222222222222;0.0;1013.8;0.0;Fair
1592150400;29.0;23.0;0.7;SSE;5.555555555555555;0.0;1012.8;0.0;Partly Cloudy
1592154000;29.0;23.0;0.7;SSE;6.111111111111111;0.0;1011.8;0.0;Partly Cloudy
1592157600;29.0;23.0;0.7;SSE;6.666666666666666;0.0;1011.8;0.0;Partly Cloudy
1592161200;28.0;23.0;0.74;SSE;6.666666666666666;0.0;1011.8;0.0;Partly Cloudy
1592164800;28.0;23.0;0.74;S;5.555555555555555;0.0;1012.8;0.0;Showers in the Vicinity
1592168400;26.0;23.0;0.83;S;7.777777777777778;13.333333333333332;1013.8;0.0;Light Rain
1592172000;25.0;23.0;0.89;S;5.277777777777778;0.0;1013.8;0.0;Light Rain
1592175600;25.0;24.0;0.94;S;4.166666666666667;0.0;1013.8;0.0;Light Rain
1592179200;25.0;23.0;0.89;S;2.5;0.0;1014.8;0.0;Light Rain
1592182800;25.0;24.0;0.94;S;5.277777777777778;0.0;1013.8;0.0;Light Rain
1592184600;25.0;24.0;0.94;SSW;4.166666666666667;0.0;1013.8;0.0;Rain
1592186400;24.0;23.0;0.94;SW;3.0555555555555554;0.0;1013.8;0.0;Light Rain
1592190000;24.0;23.0;0.94;WSW;2.5;0.0;1012.8;0.0;Rain
1592193600;24.0;23.0;0.94;WNW;1.6666666666666665;0.0;1012.8;0.0;Mostly Cloudy
1592197200;24.0;24.0;1.0;SSW;1.6666666666666665;0.0;1012.8;0.0;Light Rain
1592200800;24.0;23.0;0.94;NW;2.5;0.0;1011.8;0.0;Mostly Cloudy
1592204400;24.0;23.0;0.94;SW;1.6666666666666665;0.0;1012.8;0.0;Light Rain
1592208000;24.0;23.0;0.94;VAR;1.6666666666666665;0.0;1011.8;0.0;Mostly Cloudy
1592211600;24.0;23.0;0.94;SW;1.9444444444444444;0.0;1012.8;0.0;Light Rain
1592215200;24.0;24.0;1.0;W;1.6666666666666665;0.0;1013.8;0.0;Light Rain
1592217600;25.0;24.0;0.94;NW;1.1111111111111112;0.0;1013.8;0.0;Drizzle
1592218800;25.0;24.0;0.94;NW;1.9444444444444444;0.0;1013.8;0.0;Light Rain
1592222400;26.0;25.0;0.94;SW;1.9444444444444444;0.0;1013.8;0.0;Mostly Cloudy
1592226000;28.0;25.0;0.84;SSW;2.5;0.0;1013.8;0.0;Mostly Cloudy
1592229600;28.0;24.0;0.79;SSE;5.277777777777778;0.0;1013.8;0.0;Mostly Cloudy
1592233200;28.0;25.0;0.84;SSE;5.555555555555555;0.0;1013.8;0.0;Mostly Cloudy
1592236800;27.0;24.0;0.84;SSE;7.777777777777778;0.0;1012.8;0.0;Mostly Cloudy
1592240400;27.0;24.0;0.84;SE;6.111111111111111;0.0;1012.8;0.0;Showers in the Vicinity
1592244000;26.0;24.0;0.89;ESE;5.277777777777778;0.0;1012.8;0.0;Light Rain
1592244900;25.0;24.0;0.94;SE;6.666666666666666;0.0;1012.8;0.0;Showers in the Vicinity
1592247600;26.0;24.0;0.89;SE;6.666666666666666;0.0;1012.8;0.0;Showers in the Vicinity
1592251200;26.0;23.0;0.83;SE;5.555555555555555;0.0;1013.8;0.0;Showers in the Vicinity
1592254800;25.0;23.0;0.89;SSW;3.611111111111111;0.0;1013.8;0.0;Light Rain
1592258400;24.0;23.0;0.94;SW;3.611111111111111;0.0;1013.8;0.0;Showers in the Vicinity
1592262000;24.0;22.0;0.89;SSW;2.5;0.0;1014.8;0.0;Showers in the Vicinity
1592265600;23.0;22.0;0.94;S;1.6666666666666665;0.0;1014.8;0.0;Showers in the Vicinity
1592269200;24.0;22.0;0.89;SSW;3.611111111111111;0.0;1014.8;0.0;Mostly Cloudy
1592272800;24.0;22.0;0.89;SSW;1.9444444444444444;0.0;1014.8;0.0;Mostly Cloudy
1592535600;24.0;23.0;0.94;ESE;5.555555555555555;0.0;1014.8;0.0;Light Rain
1592539200;24.0;23.0;0.94;ESE;2.5;0.0;1013.8;0.0;Light Rain
1592542800;24.0;23.0;0.94;ESE;1.6666666666666665;0.0;1013.8;0.0;Light Rain
1592546400;24.0;23.0;0.94;CALM;0.0;0.0;1012.8;0.0;Mostly Cloudy
1592550000;24.0;23.0;0.94;VAR;1.9444444444444444;0.0;1012.8;0.0;Rain
1592553600;24.0;23.0;0.94;SW;1.9444444444444444;0.0;1012.8;0.0;Light Rain
1592557200;24.0;23.0;0.94;VAR;1.1111111111111112;0.0;1012.8;0.0;Mostly Cloudy
1592560800;25.0;24.0;0.94;VAR;1.1111111111111112;0.0;1013.8;0.0;Mostly Cloudy
1592564400;27.0;24.0;0.84;ESE;3.611111111111111;0.0;1014.8;0.0;Mostly Cloudy
1592568000;28.0;24.0;0.79;ESE;5.277777777777778;0.0;1014.8;0.0;Mostly Cloudy
1592571600;28.0;24.0;0.79;ESE;7.222222222222222;0.0;1014.8;0.0;Light Rain
1592575200;27.0;24.0;0.84;ESE;5.555555555555555;0.0;1014.8;0.0;Light Rain
1592578800;29.0;23.0;0.7;ESE;6.666666666666666;11.944444444444445;1014.8;0.0;Mostly Cloudy
1592582400;28.0;24.0;0.79;ESE;6.111111111111111;12.222222222222221;1013.8;0.0;Light Rain
1592586000;28.0;23.0;0.74;ESE;6.666666666666666;0.0;1013.8;0.0;Mostly Cloudy
1592589600;27.0;24.0;0.84;ESE;6.111111111111111;0.0;1012.8;0.0;Showers in the Vicinity
1592593200;28.0;22.0;0.7;ESE;5.277777777777778;0.0;1013.8;0.0;Mostly Cloudy
1592596800;28.0;22.0;0.7;ESE;5.555555555555555;0.0;1013.8;0.0;Mostly Cloudy
1592600400;27.0;22.0;0.74;SE;5.555555555555555;0.0;1013.8;0.0;Showers in the Vicinity
1592604000;27.0;23.0;0.79;SE;4.166666666666667;0.0;1014.8;0.0;Mostly Cloudy
1592607600;27.0;22.0;0.74;SE;5.277777777777778;0.0;1014.8;0.0;Partly Cloudy
1592611200;27.0;22.0;0.74;SE;5.555555555555555;0.0;1015.79;0.0;Light Rain
1592614800;27.0;22.0;0.74;SE;5.555555555555555;0.0;1015.79;0.0;Partly Cloudy
1592618400;27.0;21.0;0.7;SE;6.111111111111111;0.0;1015.79;0.0;Fair
1592708400;25.0;23.0;0.89;SE;4.166666666666667;0.0;1014.8;0.0;Showers in the Vicinity
1592712000;25.0;22.0;0.83;ESE;6.111111111111111;0.0;1014.8;0.0;Showers in the Vicinity
1592715600;26.0;21.0;0.74;ESE;4.722222222222222;0.0;1013.8;0.0;Showers in the Vicinity
1592719200;27.0;19.0;0.61;ESE;6.666666666666666;11.944444444444445;1013.8;0.0;Partly Cloudy
1592722800;27.0;18.0;0.58;ESE;4.166666666666667;0.0;1013.8;0.0;Fair
1592726400;27.0;20.0;0.65;ESE;6.111111111111111;0.0;1013.8;0.0;Partly Cloudy
1592730000;26.0;21.0;0.74;ESE;2.5;0.0;1013.8;0.0;Partly Cloudy
1592733600;28.0;16.0;0.48;ESE;7.222222222222222;0.0;1014.8;0.0;Partly Cloudy
1592737200;28.0;17.0;0.51;ESE;5.277777777777778;0.0;1014.8;0.0;Partly Cloudy
1592740800;29.0;17.0;0.48;ESE;6.111111111111111;0.0;1015.79;0.0;Partly Cloudy
1592744400;29.0;20.0;0.58;SE;5.555555555555555;0.0;1015.79;0.0;Fair
1592748000;29.0;21.0;0.62;SE;7.222222222222222;0.0;1015.79;0.0;Mostly Cloudy
1592751600;29.0;22.0;0.66;SSE;6.111111111111111;0.0;1014.8;0.0;Partly Cloudy
1592755200;29.0;21.0;0.62;SE;6.111111111111111;0.0;1014.8;0.0;Fair
1592758800;29.0;22.0;0.66;SSE;6.111111111111111;0.0;1013.8;0.0;Partly Cloudy
1592762400;29.0;20.0;0.58;SE;6.666666666666666;0.0;1013.8;0.0;Partly Cloudy
1592766000;27.0;21.0;0.7;SSE;6.666666666666666;0.0;1013.8;0.0;Partly Cloudy
1592769600;27.0;20.0;0.65;SSE;6.111111111111111;0.0;1013.8;0.0;Partly Cloudy
1592773200;27.0;20.0;0.65;SE;5.277777777777778;0.0;1013.8;0.0;Partly Cloudy
1592776800;27.0;19.0;0.61;SE;5.277777777777778;0.0;1013.8;0.0;Fair
1592780400;27.0;20.0;0.65;SE;5.277777777777778;0.0;1013.8;0.0;Partly Cloudy
1592784000;26.0;20.0;0.69;SE;5.277777777777778;0.0;1014.8;0.0;Fair
1592787600;26.0;20.0;0.69;SE;4.166666666666667;0.0;1014.8;0.0;Fair
1592791200;27.0;18.0;0.58;SE;5.277777777777778;0.0;1014.8;0.0;Fair
1592794800;27.0;18.0;0.58;SE;4.722222222222222;0.0;1014.8;0.0;Fair
1592798400;26.0;20.0;0.69;SE;3.611111111111111;0.0;1013.8;0.0;Partly Cloudy
1592802000;26.0;20.0;0.69;SE;5.555555555555555;0.0;1013.8;0.0;Partly Cloudy
1592805600;26.0;20.0;0.69;SE;4.722222222222222;0.0;1012.8;0.0;Partly Cloudy
1592809200;26.0;19.0;0.65;SSE;5.277777777777778;0.0;1012.8;0.0;Partly Cloudy
1592812800;23.0;20.0;0.83;SW;1.9444444444444444;0.0;1012.8;0.0;Fair
1592816400;24.0;20.0;0.78;SSW;2.5;0.0;1012.8;0.0;Fair
1592820000;25.0;21.0;0.78;SSW;3.0555555555555554;0.0;1013.8;0.0;Partly Cloudy
1592823600;26.0;21.0;0.74;SSE;1.6666666666666665;0.0;1013.8;0.0;Partly Cloudy
1592827200;29.0;22.0;0.66;SE;6.111111111111111;0.0;1014.8;0.0;Partly Cloudy
1592830800;29.0;22.0;0.66;SE;6.111111111111111;0.0;1014.8;0.0;Partly Cloudy
1592834400;29.0;21.0;0.62;SE;6.666666666666666;0.0;1014.8;0.0;Fair
1592838000;30.0;22.0;0.62;ESE;6.111111111111111;0.0;1013.8;0.0;Fair
1592841600;29.0;21.0;0.62;SE;6.111111111111111;0.0;1012.8;0.0;Fair
1592845200;29.0;20.0;0.58;SE;5.277777777777778;0.0;1012.8;0.0;Fair
1592848800;28.0;21.0;0.66;SE;5.277777777777778;0.0;1011.8;0.0;Fair
1592852400;28.0;21.0;0.66;SE;4.722222222222222;0.0;1011.8;0.0;Fair
1592856000;27.0;21.0;0.7;SSE;4.166666666666667;0.0;1011.8;0.0;Fair
1592859600;27.0;21.0;0.7;SE;3.0555555555555554;0.0;1011.8;0.0;Fair
1592863200;27.0;21.0;0.7;SSE;4.722222222222222;0.0;1011.8;0.0;Fair
1592866800;27.0;21.0;0.7;SSE;5.555555555555555;0.0;1011.8;0.0;Fair
1592870400;27.0;21.0;0.7;SE;6.111111111111111;0.0;1012.8;0.0;Fair
1592874000;27.0;20.0;0.65;SE;6.111111111111111;0.0;1012.8;0.0;Fair
1592877600;27.0;20.0;0.65;SE;5.277777777777778;0.0;1012.8;0.0;Fair
1592967600;26.0;22.0;0.78;SSE;5.277777777777778;0.0;1011.8;0.0;Partly Cloudy
1592971200;26.0;22.0;0.78;S;6.666666666666666;0.0;1011.8;0.0;Partly Cloudy
1592974800;26.0;22.0;0.78;S;5.555555555555555;0.0;1010.8;0.0;Partly Cloudy
1592978400;26.0;21.0;0.74;SSE;6.111111111111111;0.0;1010.8;0.0;Partly Cloudy
1592982000;26.0;21.0;0.74;S;4.166666666666667;0.0;1010.8;0.0;Partly Cloudy
1592985600;24.0;22.0;0.89;SSW;3.611111111111111;0.0;1011.8;0.0;Light Rain
1592989200;24.0;22.0;0.89;SSW;3.0555555555555554;0.0;1011.8;0.0;Mostly Cloudy
1592992800;24.0;22.0;0.89;SSW;3.0555555555555554;0.0;1011.8;0.0;Partly Cloudy
1592996400;26.0;23.0;0.83;S;3.0555555555555554;0.0;1012.8;0.0;Partly Cloudy
1593000000;28.0;20.0;0.62;SSE;7.222222222222222;0.0;1012.8;0.0;Fair
1593003600;28.0;21.0;0.66;SE;6.111111111111111;0.0;1012.8;0.0;Fair
1593007200;29.0;20.0;0.58;SSE;6.666666666666666;0.0;1012.8;0.0;Fair
1593010800;28.0;20.0;0.62;SSE;6.666666666666666;0.0;1011.8;0.0;Fair
1593014400;28.0;20.0;0.62;SE;6.111111111111111;0.0;1011.8;0.0;Partly Cloudy
1593018000;28.0;21.0;0.66;SSE;6.111111111111111;0.0;1011.8;0.0;Partly Cloudy
1593021600;28.0;21.0;0.66;SSE;5.277777777777778;0.0;1010.8;0.0;Partly Cloudy
1593025200;27.0;21.0;0.7;SSE;5.277777777777778;0.0;1010.8;0.0;Partly Cloudy
1593028800;27.0;20.0;0.65;SSE;5.277777777777778;0.0;1011.8;0.0;Partly Cloudy
1593032400;26.0;20.0;0.69;SSE;4.722222222222222;0.0;1011.8;0.0;Partly Cloudy
1593036000;27.0;20.0;0.65;SSE;4.166666666666667;0.0;1011.8;0.0;Partly Cloudy
1593039600;26.0;20.0;0.69;SSE;3.611111111111111;0.0;1011.8;0.0;Fair
1593043200;27.0;20.0;0.65;SE;2.5;0.0;1012.8;0.0;Partly Cloudy
1593046800;27.0;21.0;0.7;ESE;3.0555555555555554;0.0;1012.8;0.0;Partly Cloudy
1593050400;26.0;21.0;0.74;ESE;1.9444444444444444;0.0;1012.8;0.0;Partly Cloudy
1593226800;22.0;21.0;0.94;WSW;3.611111111111111;0.0;1012.8;0.0;Showers in the Vicinity
1593230400;23.0;20.0;0.83;SW;1.1111111111111112;0.0;1012.8;0.0;Mostly Cloudy
1593234000;23.0;20.0;0.83;SW;1.1111111111111112;0.0;1011.8;0.0;Mostly Cloudy
1593237600;22.0;20.0;0.88;WSW;1.6666666666666665;0.0;1011.8;0.0;Mostly Cloudy
1593241200;22.0;21.0;0.94;SW;1.9444444444444444;0.0;1011.8;0.0;Mostly Cloudy
1593244800;22.0;21.0;0.94;VAR;1.6666666666666665;0.0;1011.8;0.0;Mostly Cloudy
1593248400;23.0;21.0;0.88;NW;1.1111111111111112;0.0;1011.8;0.0;Mostly Cloudy
1593252000;23.0;22.0;0.94;WSW;1.6666666666666665;0.0;1011.8;0.0;Partly Cloudy
1593255600;24.0;22.0;0.89;SSW;1.9444444444444444;0.0;1012.8;0.0;Mostly Cloudy
1593259200;26.0;23.0;0.83;ESE;5.277777777777778;0.0;1012.8;0.0;Cloudy
1593262800;27.0;22.0;0.74;SSE;4.166666666666667;0.0;1012.8;0.0;Mostly Cloudy
1593266400;28.0;23.0;0.74;E;2.5;0.0;1012.8;0.0;Partly Cloudy
1593270000;28.0;23.0;0.74;ESE;4.166666666666667;0.0;1011.8;0.0;Partly Cloudy
1593273600;29.0;22.0;0.66;ESE;4.166666666666667;0.0;1010.8;0.0;Partly Cloudy
1593277200;28.0;22.0;0.7;SE;5.277777777777778;0.0;1009.8;0.0;Fair
1593280800;28.0;22.0;0.7;SSE;5.277777777777778;0.0;1009.8;0.0;Fair
1593284400;28.0;22.0;0.7;SE;4.722222222222222;0.0;1010.8;0.0;Showers in the Vicinity
1593288000;27.0;22.0;0.74;ESE;3.0555555555555554;0.0;1010.8;0.0;Showers in the Vicinity
1593291600;26.0;22.0;0.78;SSE;3.0555555555555554;0.0;1011.8;0.0;Partly Cloudy
1593295200;26.0;22.0;0.78;SE;3.0555555555555554;0.0;1011.8;0.0;Partly Cloudy
1593298800;25.0;22.0;0.83;SSW;1.9444444444444444;0.0;1012.8;0.0;Partly Cloudy
1593302400;25.0;22.0;0.83;SSW;1.6666666666666665;0.0;1012.8;0.0;Fair
1593306000;24.0;22.0;0.89;SSW;2.5;0.0;1012.8;0.0;Partly Cloudy
1593309600;24.0;22.0;0.89;CALM;0.0;0.0;1012.8;0.0;Fair
1593399600;24.0;22.0;0.89;CALM;0.0;0.0;1012.8;0.0;Partly Cloudy
1593403200;23.0;22.0;0.94;CALM;0.0;0.0;1012.8;0.0;Mostly Cloudy
1593406800;23.0;22.0;0.94;CALM;0.0;0.0;1011.8;0.0;Mostly Cloudy
1593410400;23.0;22.0;0.94;SSW;2.5;0.0;1011.8;0.0;Light Rain
1593414000;23.0;22.0;0.94;SSW;2.5;0.0;1011.8;0.0;Partly Cloudy
1593417600;23.0;22.0;0.94;SSW;1.9444444444444444;0.0;1012.8;0.0;Mostly Cloudy
1593421200;25.0;21.0;0.78;SE;4.722222222222222;0.0;1012.8;0.0;Partly Cloudy
1593424800;26.0;22.0;0.78;SE;5.277777777777778;0.0;1013.8;0.0;Partly Cloudy
1593428400;25.0;21.0;0.78;SE;4.722222222222222;0.0;1013.8;0.0;Light Rain Shower
1593432000;28.0;22.0;0.7;SE;5.277777777777778;0.0;1014.8;0.0;Partly Cloudy
1593435600;28.0;21.0;0.66;SE;6.666666666666666;0.0;1013.8;0.0;Partly Cloudy
1593439200;29.0;22.0;0.66;SE;6.111111111111111;0.0;1013.8;0.0;Fair
1593442800;28.0;22.0;0.7;SSE;6.111111111111111;0.0;1013.8;0.0;Mostly Cloudy
1593446400;29.0;22.0;0.66;SSE;7.222222222222222;0.0;1012.8;0.0;Mostly Cloudy
1593450000;28.0;21.0;0.66;SE;5.555555555555555;0.0;1011.8;0.0;Mostly Cloudy
1593453600;28.0;21.0;0.66;SE;4.722222222222222;0.0;1011.8;0.0;Mostly Cloudy
1593457200;27.0;21.0;0.7;SSE;5.277777777777778;0.0;1012.8;0.0;Partly Cloudy
1593460800;26.0;21.0;0.74;SSE;4.722222222222222;0.0;1012.8;0.0;Partly Cloudy
1593464400;26.0;20.0;0.69;SSE;5.277777777777778;0.0;1012.8;0.0;Fair
1593468000;26.0;21.0;0.74;SE;3.0555555555555554;0.0;1012.8;0.0;Fair
1593471600;26.0;21.0;0.74;SSE;4.166666666666667;0.0;1013.8;0.0;Partly Cloudy
1593475200;25.0;21.0;0.78;SSE;3.611111111111111;0.0;1013.8;0.0;Fair
1593478800;26.0;20.0;0.69;SE;3.611111111111111;0.0;1013.8;0.0;Fair
1593482400;26.0;20.0;0.69;SE;3.611111111111111;0.0;1013.8;0.0;Fair
1593486000;25.0;20.0;0.74;SE;2.5;0.0;1012.8;0.0;Partly Cloudy
1593489600;24.0;21.0;0.83;SSW;1.6666666666666665;0.0;1012.8;0.0;Partly Cloudy
1593493200;24.0;21.0;0.83;SSW;1.6666666666666665;0.0;1011.8;0.0;Fair
1593496800;24.0;21.0;0.83;SSW;1.9444444444444444;0.0;1011.8;0.0;Fair
1593500400;23.0;21.0;0.88;SW;1.9444444444444444;0.0;1011.8;0.0;Partly Cloudy
1593504000;23.0;21.0;0.88;W;1.1111111111111112;0.0;1011.8;0.0;Partly Cloudy
1593507600;23.0;21.0;0.88;SW;1.9444444444444444;0.0;1012.8;0.0;Partly Cloudy
1593511200;26.0;23.0;0.83;SE;4.166666666666667;0.0;1012.8;0.0;Partly Cloudy
1593514800;27.0;22.0;0.74;SSE;4.722222222222222;0.0;1013.8;0.0;Partly Cloudy
1593518400;28.0;22.0;0.7;SE;5.555555555555555;0.0;1013.8;0.0;Mostly Cloudy
1593522000;26.0;23.0;0.83;SE;5.277777777777778;0.0;1013.8;0.0;Showers in the Vicinity
1593525600;28.0;22.0;0.7;SE;5.277777777777778;0.0;1012.8;0.0;Partly Cloudy
1593529200;28.0;22.0;0.7;SE;4.722222222222222;0.0;1012.8;0.0;Partly Cloudy
1593532800;28.0;22.0;0.7;SE;4.166666666666667;0.0;1011.8;0.0;Partly Cloudy
1593536400;28.0;23.0;0.74;SSE;5.555555555555555;0.0;1010.8;0.0;Partly Cloudy
1593540000;28.0;22.0;0.7;SE;4.722222222222222;0.0;1010.8;0.0;Partly Cloudy
1593543600;27.0;22.0;0.74;SE;5.277777777777778;0.0;1010.8;0.0;Partly Cloudy
1593547200;27.0;22.0;0.74;SE;5.277777777777778;0.0;1010.8;0.0;Partly Cloudy
1593550800;26.0;21.0;0.74;SE;4.166666666666667;0.0;1011.8;0.0;Fair
1593554400;26.0;21.0;0.74;SE;3.611111111111111;0.0;1011.8;0.0;Fair
1593558000;26.0;22.0;0.78;SSE;3.0555555555555554;0.0;1011.8;0.0;Fair
1593561600;26.0;22.0;0.78;SSE;3.611111111111111;0.0;1012.8;0.0;Partly Cloudy
1593565200;26.0;21.0;0.74;SE;2.5;0.0;1012.8;0.0;Partly Cloudy
1593568800;26.0;21.0;0.74;SSE;3.611111111111111;0.0;1011.8;0.0;Partly Cloudy
1593572400;24.0;22.0;0.89;SW;1.9444444444444444;0.0;1011.8;0.0;Mostly Cloudy
1593576000;24.0;21.0;0.83;SW;1.9444444444444444;0.0;1011.8;0.0;Mostly Cloudy
1593579600;24.0;21.0;0.83;SW;1.9444444444444444;0.0;1010.8;0.0;Partly Cloudy
1593583200;24.0;21.0;0.83;SSW;1.9444444444444444;0.0;1010.8;0.0;Mostly Cloudy
1593586800;23.0;21.0;0.88;WSW;1.6666666666666665;0.0;1010.8;0.0;Mostly Cloudy
1593590400;23.0;21.0;0.88;SSW;1.6666666666666665;0.0;1011.8;0.0;Partly Cloudy
1593594000;23.0;21.0;0.88;SW;1.6666666666666665;0.0;1011.8;0.0;Partly Cloudy
1593597600;23.0;21.0;0.88;SW;2.5;0.0;1012.8;0.0;Partly Cloudy
1593601200;25.0;22.0;0.83;SW;4.166666666666667;0.0;1012.8;0.0;Fair
1593604800;27.0;22.0;0.74;SSW;5.277777777777778;0.0;1012.8;0.0;Fair
1593608400;28.0;22.0;0.7;SSE;5.277777777777778;0.0;1012.8;0.0;Fair
1593612000;28.0;21.0;0.66;SSE;5.277777777777778;0.0;1011.8;0.0;Fair
1593615600;28.0;21.0;0.66;SSE;6.111111111111111;0.0;1011.8;0.0;Fair
1593619200;29.0;22.0;0.66;SSE;5.277777777777778;0.0;1010.8;0.0;Fair
1593622800;28.0;21.0;0.66;SSE;5.555555555555555;0.0;1009.8;0.0;Fair
1593626400;28.0;20.0;0.62;SSE;5.277777777777778;0.0;1009.8;0.0;Partly Cloudy
1593630000;27.0;21.0;0.7;SSE;5.277777777777778;0.0;1009.8;0.0;Partly Cloudy
1593633600;27.0;21.0;0.7;S;5.277777777777778;0.0;1010.8;0.0;Partly Cloudy
1593637200;26.0;21.0;0.74;SSE;4.722222222222222;0.0;1010.8;0.0;Fair
1593640800;26.0;21.0;0.74;S;4.166666666666667;0.0;1011.8;0.0;Fair
1593644400;26.0;21.0;0.74;S;3.0555555555555554;0.0;1011.8;0.0;Partly Cloudy
1593648000;25.0;21.0;0.78;SSW;1.9444444444444444;0.0;1012.8;0.0;Partly Cloudy
1593651600;24.0;21.0;0.83;WSW;1.9444444444444444;0.0;1012.8;0.0;Partly Cloudy
1593655200;24.0;21.0;0.83;SSW;2.5;0.0;1012.8;0.0;Partly Cloudy
1593658800;24.0;22.0;0.89;SSW;1.1111111111111112;0.0;1012.8;0.0;Fair
1593662400;23.0;21.0;0.88;SW;2.5;0.0;1011.8;0.0;Fair
1593666000;23.0;21.0;0.88;SSW;2.5;0.0;1011.8;0.0;Fair
1593669600;23.0;21.0;0.88;S;2.5;0.0;1011.8;0.0;Partly Cloudy
1593673200;23.0;21.0;0.88;SW;1.6666666666666665;0.0;1011.8;0.0;Partly Cloudy
1593676800;23.0;21.0;0.88;WSW;1.6666666666666665;0.0;1011.8;0.0;Fair
1593680400;23.0;21.0;0.88;SW;1.9444444444444444;0.0;1011.8;0.0;Fair
1593684000;23.0;21.0;0.88;SSW;1.6666666666666665;0.0;1012.8;0.0;Partly Cloudy
1593687600;25.0;22.0;0.83;SSW;1.9444444444444444;0.0;1012.8;0.0;Mostly Cloudy
1593691200;27.0;22.0;0.74;SSW;1.9444444444444444;0.0;1013.8;0.0;Partly Cloudy
1593694800;28.0;21.0;0.66;SE;1.9444444444444444;0.0;1012.8;0.0;Partly Cloudy
1593698400;28.0;22.0;0.7;SSE;3.611111111111111;0.0;1012.8;0.0;Partly Cloudy
1593702000;29.0;22.0;0.66;SE;4.166666666666667;0.0;1013.8;0.0;Partly Cloudy
1593705600;29.0;23.0;0.7;SE;4.166666666666667;0.0;1010.8;0.0;Partly Cloudy
1593709200;28.0;22.0;0.7;SE;3.611111111111111;0.0;1010.8;0.0;Partly Cloudy
1593712800;28.0;22.0;0.7;SE;3.611111111111111;0.0;1010.8;0.0;Fair
1593716400;28.0;22.0;0.7;SE;4.166666666666667;0.0;1010.8;0.0;Fair
1593720000;27.0;22.0;0.74;SE;3.0555555555555554;0.0;1010.8;0.0;Fair
1593723600;26.0;23.0;0.83;SE;3.611111111111111;0.0;1011.8;0.0;Fair
1593727200;26.0;23.0;0.83;SSE;3.611111111111111;0.0;1011.8;0.0;Fair
1593730800;26.0;23.0;0.83;SSE;3.0555555555555554;0.0;1012.8;0.0;Partly Cloudy
1593734400;26.0;23.0;0.83;S;1.9444444444444444;0.0;1012.8;0.0;Mostly Cloudy
1593738000;25.0;23.0;0.89;SSW;1.6666666666666665;0.0;1013.8;0.0;Partly Cloudy
1593741600;25.0;23.0;0.89;SW;1.6666666666666665;0.0;1013.8;0.0;Partly Cloudy
1593745200;24.0;22.0;0.89;S;1.6666666666666665;0.0;1012.8;0.0;Partly Cloudy
1593748800;24.0;23.0;0.94;SW;1.6666666666666665;0.0;1012.8;0.0;Partly Cloudy
1593752400;24.0;23.0;0.94;SSW;2.5;0.0;1011.8;0.0;Partly Cloudy
1593756000;23.0;22.0;0.94;NNW;2.5;0.0;1011.8;0.0;Partly Cloudy
1593759600;23.0;22.0;0.94;SSE;4.722222222222222;0.0;1011.8;0.0;Light Rain
1593763200;23.0;22.0;0.94;WSW;1.6666666666666665;0.0;1011.8;0.0;Mostly Cloudy
1593766800;23.0;22.0;0.94;WSW;2.5;0.0;1012.8;0.0;Light Rain
1593770400;23.0;22.0;0.94;SW;3.0555555555555554;0.0;1013.8;0.0;Showers in the Vicinity
1593774000;23.0;22.0;0.94;S;2.5;0.0;1014.8;0.0;Light Rain
1593777600;25.0;24.0;0.94;SW;1.9444444444444444;0.0;1014.8;0.0;Showers in the Vicinity
1593781200;27.0;23.0;0.79;S;1.9444444444444444;0.0;1013.8;0.0;Partly Cloudy
1593784800;28.0;21.0;0.66;SSE;3.0555555555555554;0.0;1013.8;0.0;Fair
1593788400;29.0;23.0;0.7;SSE;4.166666666666667;0.0;1013.8;0.0;Fair
1593792000;29.0;23.0;0.7;SSE;5.277777777777778;0.0;1012.8;0.0;Fair
1593795600;28.0;23.0;0.74;SE;5.555555555555555;0.0;1011.8;0.0;Partly Cloudy
1593799200;28.0;22.0;0.7;SE;3.611111111111111;0.0;1011.8;0.0;Partly Cloudy
1593802800;28.0;22.0;0.7;SSE;5.277777777777778;0.0;1011.8;0.0;Partly Cloudy
1593806400;27.0;21.0;0.7;SSE;5.277777777777778;0.0;1011.8;0.0;Partly Cloudy
1593810000;26.0;21.0;0.74;SE;4.722222222222222;0.0;1012.8;0.0;Fair
1593813600;26.0;21.0;0.74;SSE;4.166666666666667;0.0;1013.8;0.0;Fair
1593817200;26.0;21.0;0.74;SSE;3.611111111111111;0.0;1013.8;0.0;Fair
1593820800;26.0;21.0;0.74;SSE;4.166666666666667;0.0;1014.8;0.0;Fair
1593824400;25.0;21.0;0.78;S;1.9444444444444444;0.0;1014.8;0.0;Fair
1593828000;24.0;21.0;0.83;SSW;1.6666666666666665;0.0;1014.8;0.0;Fair
1593918000;23.0;21.0;0.88;SSW;2.5;0.0;1013.8;0.0;Fair
1593921600;23.0;21.0;0.88;SW;1.9444444444444444;0.0;1012.8;0.0;Fair
1593925200;23.0;21.0;0.88;SW;1.9444444444444444;0.0;1012.8;0.0;Partly Cloudy
1593928800;23.0;21.0;0.88;SSW;2.5;0.0;1011.8;0.0;Partly Cloudy
1593932400;23.0;21.0;0.88;SSW;3.0555555555555554;0.0;1011.8;0.0;Partly Cloudy
1593936000;23.0;22.0;0.94;SSW;3.611111111111111;0.0;1011.8;0.0;Partly Cloudy
1593939600;23.0;22.0;0.94;SSW;3.0555555555555554;0.0;1011.8;0.0;Light Rain
1593943200;23.0;22.0;0.94;SSW;3.611111111111111;0.0;1012.8;0.0;Light Rain
1593946800;24.0;23.0;0.94;SSW;3.611111111111111;0.0;1012.8;0.0;Light Rain
1593950400;24.0;23.0;0.94;SSW;1.9444444444444444;0.0;1013.8;0.0;Light Rain
1593954000;25.0;23.0;0.89;ESE;5.277777777777778;0.0;1013.8;0.0;Mostly Cloudy
1593957600;27.0;24.0;0.84;SE;5.555555555555555;0.0;1012.8;0.0;Showers in the Vicinity
1593961200;27.0;24.0;0.84;SE;6.111111111111111;0.0;1012.8;0.0;Showers in the Vicinity
1593964800;27.0;24.0;0.84;SSE;5.555555555555555;0.0;1011.8;0.0;Showers in the Vicinity
1593966900;26.0;23.0;0.83;ESE;6.666666666666666;11.944444444444445;1011.8;0.0;Light Rain
1593968400;25.0;24.0;0.94;ESE;6.111111111111111;0.0;1011.8;0.0;Light Rain
1593972000;27.0;24.0;0.84;SE;5.277777777777778;0.0;1011.8;0.0;Showers in the Vicinity
1593975600;27.0;23.0;0.79;SE;4.722222222222222;0.0;1011.8;0.0;Showers in the Vicinity
1593979200;26.0;23.0;0.83;SE;6.111111111111111;0.0;1011.8;0.0;Light Rain
1593982800;25.0;23.0;0.89;ESE;5.277777777777778;0.0;1011.8;0.0;Light Rain
1593986400;26.0;23.0;0.83;SE;6.111111111111111;0.0;1011.8;0.0;Showers in the Vicinity
1593990000;26.0;23.0;0.83;SE;7.222222222222222;0.0;1012.8;0.0;Mostly Cloudy
1593993600;26.0;22.0;0.78;ESE;4.722222222222222;0.0;1012.8;0.0;Showers in the Vicinity
1593997200;26.0;23.0;0.83;SE;5.277777777777778;0.0;1012.8;0.0;Showers in the Vicinity
1594000800;25.0;23.0;0.89;SE;4.166666666666667;0.0;1012.8;0.0;Showers in the Vicinity
1594004400;26.0;22.0;0.78;SE;4.722222222222222;0.0;1012.8;0.0;Partly Cloudy
1594008000;24.0;22.0;0.89;SSE;7.777777777777778;0.0;1011.8;0.0;Light Rain
1594011600;25.0;23.0;0.89;SSE;5.277777777777778;0.0;1011.8;0.0;Light Rain
1594015200;25.0;22.0;0.83;ESE;6.111111111111111;0.0;1011.8;0.0;Light Rain
1594018800;25.0;22.0;0.83;SE;4.166666666666667;0.0;1010.8;0.0;Showers in the Vicinity
1594022400;26.0;22.0;0.78;SE;6.111111111111111;0.0;1010.8;0.0;Partly Cloudy
1594026000;26.0;22.0;0.78;SE;4.722222222222222;0.0;1011.8;0.0;Partly Cloudy
1594029600;26.0;22.0;0.78;SE;4.722222222222222;0.0;1012.8;0.0;Mostly Cloudy
1594033200;27.0;23.0;0.79;SSE;6.111111111111111;0.0;1012.8;0.0;Partly Cloudy
1594036800;26.0;23.0;0.83;SSE;7.777777777777778;0.0;1013.8;0.0;Partly Cloudy
1594040400;26.0;22.0;0.78;SSE;6.111111111111111;0.0;1013.8;0.0;Mostly Cloudy
1594044000;28.0;22.0;0.7;SE;7.222222222222222;0.0;1012.8;0.0;Partly Cloudy
1594047600;28.0;22.0;0.7;SSE;8.333333333333334;0.0;1012.8;0.0;Mostly Cloudy
1594051200;28.0;21.0;0.66;SSE;7.777777777777778;0.0;1011.8;0.0;Partly Cloudy
1594054800;27.0;21.0;0.7;SSE;7.777777777777778;0.0;1010.8;0.0;Partly Cloudy
1594058400;28.0;21.0;0.66;SSE;7.222222222222222;0.0;1010.8;0.0;Partly Cloudy
1594062000;27.0;21.0;0.7;S;7.222222222222222;0.0;1010.8;0.0;Partly Cloudy
1594065600;26.0;20.0;0.69;S;6.111111111111111;0.0;1011.8;0.0;Partly Cloudy
1594069200;26.0;20.0;0.69;S;4.722222222222222;0.0;1011.8;0.0;Fair
1594072800;25.0;20.0;0.74;S;3.0555555555555554;0.0;1011.8;0.0;Partly Cloudy
1594076400;24.0;20.0;0.78;SSW;2.5;0.0;1012.8;0.0;Partly Cloudy
1594080000;24.0;20.0;0.78;SSW;3.0555555555555554;0.0;1012.8;0.0;Partly Cloudy
1594083600;23.0;21.0;0.88;SSW;3.611111111111111;0.0;1013.8;0.0;Mostly Cloudy
1594087200;23.0;21.0;0.88;SW;2.5;0.0;1012.8;0.0;Mostly Cloudy
1594090800;23.0;21.0;0.88;SE;1.9444444444444444;0.0;1012.8;0.0;Light Rain
1594094400;22.0;21.0;0.94;CALM;0.0;0.0;1012.8;0.0;Partly Cloudy
1594098000;22.0;20.0;0.88;WSW;1.1111111111111112;0.0;1011.8;0.0;Partly Cloudy
1594101600;22.0;20.0;0.88;W;1.1111111111111112;0.0;1011.8;0.0;Partly Cloudy
1594105200;22.0;20.0;0.88;SW;1.9444444444444444;0.0;1011.8;0.0;Fair
1594108800;22.0;20.0;0.88;SW;1.9444444444444444;0.0;1011.8;0.0;Fair
1594112400;22.0;20.0;0.88;SW;1.6666666666666665;0.0;1011.8;0.0;Fair
1594116000;23.0;21.0;0.88;SSW;3.0555555555555554;0.0;1012.8;0.0;Partly Cloudy
1594119600;25.0;21.0;0.78;SSW;3.0555555555555554;0.0;1012.8;0.0;Fair
1594123200;27.0;21.0;0.7;SSW;2.5;0.0;1013.8;0.0;Partly Cloudy
1594126800;28.0;21.0;0.66;SSE;5.277777777777778;0.0;1012.8;0.0;Partly Cloudy
1594130400;28.0;21.0;0.66;SSE;5.555555555555555;0.0;1012.8;0.0;Partly Cloudy
1594134000;28.0;21.0;0.66;S;5.277777777777778;0.0;1011.8;0.0;Partly Cloudy
1594137600;28.0;21.0;0.66;SSE;6.111111111111111;0.0;1011.8;0.0;Partly Cloudy
1594141200;28.0;22.0;0.7;SSE;7.777777777777778;0.0;1010.8;0.0;Partly Cloudy
1594144800;27.0;21.0;0.7;SSE;6.111111111111111;0.0;1010.8;0.0;Partly Cloudy
1594148400;27.0;20.0;0.65;S;4.722222222222222;0.0;1010.8;0.0;Partly Cloudy
1594152000;26.0;21.0;0.74;S;4.166666666666667;0.0;1011.8;0.0;Partly Cloudy
1594155600;25.0;21.0;0.78;S;3.611111111111111;0.0;1011.8;0.0;Mostly Cloudy
1594159200;25.0;21.0;0.78;SSW;3.0555555555555554;0.0;1011.8;0.0;Mostly Cloudy
1594162800;24.0;21.0;0.83;SSW;3.0555555555555554;0.0;1011.8;0.0;Partly Cloudy
1594166400;24.0;21.0;0.83;SSW;1.9444444444444444;0.0;1012.8;0.0;Partly Cloudy
1594170000;23.0;21.0;0.88;VAR;1.1111111111111112;0.0;1012.8;0.0;Partly Cloudy
1594173600;23.0;21.0;0.88;SW;1.6666666666666665;0.0;1012.8;0.0;Partly Cloudy
1594177200;23.0;21.0;0.88;WSW;1.9444444444444444;0.0;1011.8;0.0;Partly Cloudy
1594180800;23.0;21.0;0.88;NNW;1.6666666666666665;0.0;1011.8;0.0;Light Rain
1594184400;23.0;21.0;0.88;W;1.6666666666666665;0.0;1010.8;0.0;Showers in the Vicinity
1594188000;23.0;21.0;0.88;CALM;0.0;0.0;1010.8;0.0;Mostly Cloudy
1594191600;22.0;21.0;0.94;NW;1.1111111111111112;0.0;1010.8;0.0;Mostly Cloudy
1594195200;23.0;21.0;0.88;WSW;2.5;0.0;1011.8;0.0;Light Rain
1594198800;22.0;21.0;0.94;W;1.1111111111111112;0.0;1011.8;0.0;Showers in the Vicinity
1594202400;23.0;21.0;0.88;SW;2.5;0.0;1011.8;0.0;Mostly Cloudy
1594206000;24.0;22.0;0.89;WSW;1.9444444444444444;0.0;1012.8;0.0;Mostly Cloudy
1594209600;26.0;22.0;0.78;SW;1.6666666666666665;0.0;1012.8;0.0;Mostly Cloudy
1594213200;27.0;23.0;0.79;S;1.9444444444444444;0.0;1012.8;0.0;Mostly Cloudy
1594216800;28.0;22.0;0.7;VAR;2.5;0.0;1012.8;0.0;Partly Cloudy
1594220400;29.0;22.0;0.66;VAR;2.5;0.0;1011.8;0.0;Partly Cloudy
1594224000;29.0;22.0;0.66;SE;3.0555555555555554;0.0;1011.8;0.0;Partly Cloudy
1594227600;29.0;23.0;0.7;SE;3.0555555555555554;0.0;1010.8;0.0;Partly Cloudy
1594231200;28.0;23.0;0.74;SSE;4.722222222222222;0.0;1010.8;0.0;Partly Cloudy
1594234800;27.0;23.0;0.79;SSE;4.722222222222222;0.0;1011.8;0.0;Fair
1594238400;26.0;23.0;0.83;SSE;4.722222222222222;0.0;1011.8;0.0;Fair
1594242000;26.0;23.0;0.83;S;3.611111111111111;0.0;1011.8;0.0;Fair
1594245600;26.0;23.0;0.83;SSE;4.722222222222222;0.0;1012.8;0.0;Partly Cloudy
1594249200;26.0;23.0;0.83;S;3.0555555555555554;0.0;1012.8;0.0;Fair
1594252800;25.0;23.0;0.89;SW;1.9444444444444444;0.0;1013.8;0.0;Partly Cloudy
1594256400;25.0;23.0;0.89;SW;1.9444444444444444;0.0;1013.8;0.0;Fair
1594260000;25.0;23.0;0.89;SSW;1.9444444444444444;0.0;1013.8;0.0;Partly Cloudy
1594350000;26.0;22.0;0.78;SE;2.5;0.0;1014.8;0.0;Mostly Cloudy
1594353600;25.0;22.0;0.83;SE;3.0555555555555554;0.0;1014.8;0.0;Partly Cloudy
1594357200;26.0;22.0;0.78;SE;4.166666666666667;0.0;1013.8;0.0;Partly Cloudy
1594360800;26.0;22.0;0.78;SE;2.5;0.0;1013.8;0.0;Light Rain
1594364400;25.0;22.0;0.83;SE;3.0555555555555554;0.0;1013.8;0.0;Partly Cloudy
1594368000;26.0;22.0;0.78;ESE;3.611111111111111;0.0;1013.8;0.0;Partly Cloudy
1594371600;26.0;22.0;0.78;ESE;1.9444444444444444;0.0;1013.8;0.0;Partly Cloudy
1594375200;27.0;22.0;0.74;ESE;3.0555555555555554;0.0;1014.8;0.0;Mostly Cloudy
1594378800;28.0;22.0;0.7;ESE;4.722222222222222;0.0;1014.8;0.0;Partly Cloudy
1594382400;28.0;23.0;0.74;ESE;5.277777777777778;0.0;1014.8;0.0;Partly Cloudy
1594386000;29.0;23.0;0.7;ESE;4.166666666666667;0.0;1014.8;0.0;Mostly Cloudy
1594389600;29.0;23.0;0.7;SE;5.277777777777778;0.0;1014.8;0.0;Partly Cloudy
1594393200;29.0;23.0;0.7;SE;5.277777777777778;0.0;1013.8;0.0;Partly Cloudy
1594396800;28.0;23.0;0.74;SSE;5.277777777777778;0.0;1013.8;0.0;Mostly Cloudy
1594400400;29.0;23.0;0.7;SSE;5.555555555555555;0.0;1012.8;0.0;Mostly Cloudy
1594404000;28.0;23.0;0.74;SSE;6.666666666666666;0.0;1012.8;0.0;Mostly Cloudy
1594407600;27.0;22.0;0.74;SSE;7.222222222222222;0.0;1012.8;0.0;Mostly Cloudy
1594411200;27.0;22.0;0.74;S;5.555555555555555;0.0;1012.8;0.0;Mostly Cloudy
1594414800;26.0;22.0;0.78;S;6.111111111111111;0.0;1012.8;0.0;Partly Cloudy
1594418400;26.0;22.0;0.78;S;4.166666666666667;0.0;1013.8;0.0;Mostly Cloudy
1594422000;26.0;22.0;0.78;S;4.722222222222222;0.0;1013.8;0.0;Partly Cloudy
1594425600;25.0;22.0;0.83;SSW;3.0555555555555554;0.0;1014.8;0.0;Partly Cloudy
1594429200;25.0;22.0;0.83;SSW;3.0555555555555554;0.0;1014.8;0.0;Partly Cloudy
1594432800;24.0;22.0;0.89;SSW;3.0555555555555554;0.0;1014.8;0.0;Partly Cloudy
1594436400;24.0;21.0;0.83;SSW;3.611111111111111;0.0;1013.8;0.0;Fair
1594440000;24.0;21.0;0.83;SSW;4.166666666666667;0.0;1013.8;0.0;Fair
1594443600;23.0;21.0;0.88;SSW;3.611111111111111;0.0;1012.8;0.0;Fair
1594447200;23.0;21.0;0.88;SSW;4.166666666666667;0.0;1012.8;0.0;Fair
1594450800;23.0;21.0;0.88;SSW;3.0555555555555554;0.0;1012.8;0.0;Fair
1594454400;23.0;21.0;0.88;SSW;4.722222222222222;0.0;1013.8;0.0;Fair
1594458000;23.0;21.0;0.88;SSW;3.611111111111111;0.0;1012.8;0.0;Partly Cloudy
1594461600;24.0;21.0;0.83;SSW;4.166666666666667;0.0;1013.8;0.0;Partly Cloudy
1594465200;25.0;21.0;0.78;SSW;5.277777777777778;0.0;1013.8;0.0;Partly Cloudy
1594468800;27.0;21.0;0.7;S;6.666666666666666;0.0;1014.8;0.0;Partly Cloudy
1594472400;28.0;22.0;0.7;S;6.111111111111111;0.0;1014.8;0.0;Partly Cloudy
1594476000;29.0;21.0;0.62;S;8.61111111111111;0.0;1013.8;0.0;Partly Cloudy
1594479600;28.0;21.0;0.66;S;8.333333333333334;0.0;1013.8;0.0;Mostly Cloudy
1594480620;25.0;23.0;0.89;SSE;8.61111111111111;0.0;1013.8;0.0;Light Rain
1594483200;24.0;23.0;0.94;S;6.666666666666666;0.0;1012.8;0.0;Light Rain
1594486800;24.0;23.0;0.94;S;6.666666666666666;0.0;1012.8;0.0;Light Rain
1594490400;24.0;22.0;0.89;S;6.111111111111111;0.0;1011.8;0.0;Light Rain
1594494000;24.0;22.0;0.89;SE;3.0555555555555554;0.0;1012.8;0.0;Mostly Cloudy
1594496700;24.0;22.0;0.89;SW;2.5;0.0;1012.8;0.0;Light Rain
1594497600;23.0;22.0;0.94;SSW;4.166666666666667;0.0;1012.8;0.0;Rain
1594501200;23.0;22.0;0.94;SSE;1.9444444444444444;0.0;1012.8;0.0;Light Rain
1594504800;23.0;22.0;0.94;SW;1.9444444444444444;0.0;1013.8;0.0;Light Rain
1594508400;23.0;22.0;0.94;SSW;1.6666666666666665;0.0;1013.8;0.0;Light Rain
1594512000;23.0;22.0;0.94;WNW;1.6666666666666665;0.0;1013.8;0.0;Light Rain
1594515600;23.0;22.0;0.94;SW;1.6666666666666665;0.0;1013.8;0.0;Showers in the Vicinity
1594519200;23.0;21.0;0.88;SSW;1.6666666666666665;0.0;1013.8;0.0;Mostly Cloudy
1594522800;23.0;21.0;0.88;VAR;1.6666666666666665;0.0;1012.8;0.0;Light Rain
1594526400;23.0;21.0;0.88;SW;2.5;0.0;1012.8;0.0;Showers in the Vicinity
1594530000;23.0;22.0;0.94;N;1.6666666666666665;0.0;1011.8;0.0;Showers in the Vicinity
1594533600;23.0;22.0;0.94;WNW;1.6666666666666665;0.0;1011.8;0.0;Mostly Cloudy
1594537200;25.0;22.0;0.83;ESE;2.5;0.0;1012.8;0.0;Mostly Cloudy
1594540800;26.0;21.0;0.74;ESE;3.0555555555555554;0.0;1012.8;0.0;Mostly Cloudy
1594544400;26.0;20.0;0.69;ESE;6.111111111111111;0.0;1012.8;0.0;Partly Cloudy
1594548000;27.0;19.0;0.61;ESE;5.277777777777778;0.0;1013.8;0.0;Partly Cloudy
1594551600;27.0;19.0;0.61;ESE;6.111111111111111;0.0;1014.8;0.0;Partly Cloudy
1594555200;28.0;19.0;0.58;ESE;6.666666666666666;0.0;1014.8;0.0;Partly Cloudy
1594558800;28.0;19.0;0.58;ESE;6.111111111111111;0.0;1014.8;0.0;Partly Cloudy
1594562400;29.0;20.0;0.58;ESE;5.555555555555555;0.0;1014.8;0.0;Partly Cloudy
1594566000;29.0;19.0;0.55;SE;6.666666666666666;0.0;1013.8;0.0;Partly Cloudy
1594569600;29.0;20.0;0.58;SSE;5.555555555555555;0.0;1012.8;0.0;Partly Cloudy
1594573200;29.0;21.0;0.62;SE;5.277777777777778;0.0;1012.8;0.0;Partly Cloudy
1594576800;29.0;20.0;0.58;ESE;4.722222222222222;0.0;1011.8;0.0;Partly Cloudy
1594580400;28.0;20.0;0.62;SE;4.722222222222222;0.0;1012.8;0.0;Partly Cloudy
1594584000;27.0;20.0;0.65;SE;4.166666666666667;0.0;1012.8;0.0;Partly Cloudy
1594587600;27.0;19.0;0.61;ESE;3.0555555555555554;0.0;1012.8;0.0;Partly Cloudy
1594591200;26.0;19.0;0.65;SE;2.5;0.0;1012.8;0.0;Partly Cloudy
1594594800;27.0;20.0;0.65;ESE;3.611111111111111;0.0;1013.8;0.0;Partly Cloudy
1594598400;26.0;20.0;0.69;SE;3.0555555555555554;0.0;1013.8;0.0;Partly Cloudy
1594602000;26.0;20.0;0.69;SE;3.0555555555555554;0.0;1013.8;0.0;Partly Cloudy
1594605600;26.0;20.0;0.69;ESE;4.166666666666667;0.0;1014.8;0.0;Partly Cloudy
1594695600;23.0;21.0;0.88;WSW;1.6666666666666665;0.0;1014.8;0.0;Partly Cloudy
1594699200;23.0;21.0;0.88;NW;1.1111111111111112;0.0;1013.8;0.0;Partly Cloudy
1594702800;22.0;21.0;0.94;NNW;1.1111111111111112;0.0;1013.8;0.0;Partly Cloudy
1594706400;22.0;21.0;0.94;CALM;0.0;0.0;1013.8;0.0;Partly Cloudy
1594710000;22.0;21.0;0.94;SW;2.5;0.0;1013.8;0.0;Showers in the Vicinity
1594713600;22.0;21.0;0.94;SW;2.5;0.0;1013.8;0.0;Partly Cloudy
1594717200;23.0;21.0;0.88;SW;1.1111111111111112;0.0;1013.8;0.0;Mostly Cloudy
1594720800;23.0;21.0;0.88;W;1.6666666666666665;0.0;1014.8;0.0;Mostly Cloudy
1594724400;25.0;22.0;0.83;SW;1.9444444444444444;0.0;1014.8;0.0;Partly Cloudy
1594728000;26.0;22.0;0.78;S;2.5;0.0;1014.8;0.0;Partly Cloudy
1594731600;28.0;22.0;0.7;S;4.722222222222222;0.0;1014.8;0.0;Partly Cloudy
1594735200;28.0;21.0;0.66;SSE;4.722222222222222;0.0;1014.8;0.0;Fair
1594738800;28.0;22.0;0.7;SSE;4.166666666666667;0.0;1014.8;0.0;Fair
1594742400;28.0;21.0;0.66;SE;4.166666666666667;0.0;1013.8;0.0;Fair
1594746000;29.0;21.0;0.62;SSE;4.722222222222222;0.0;1012.8;0.0;Fair
1594749600;28.0;21.0;0.66;SSE;5.277777777777778;0.0;1012.8;0.0;Fair
1594753200;27.0;21.0;0.7;SSE;6.111111111111111;0.0;1012.8;0.0;Fair
1594756800;26.0;21.0;0.74;S;5.555555555555555;0.0;1013.8;0.0;Fair
1594760400;26.0;21.0;0.74;S;4.166666666666667;0.0;1013.8;0.0;Fair
1594764000;26.0;21.0;0.74;S;3.611111111111111;0.0;1013.8;0.0;Fair
1594767600;26.0;21.0;0.74;SSE;5.277777777777778;0.0;1014.8;0.0;Fair
1594771200;26.0;21.0;0.74;S;4.166666666666667;0.0;1014.8;0.0;Fair
1594774800;24.0;21.0;0.83;SSW;1.9444444444444444;0.0;1014.8;0.0;Partly Cloudy
1594778400;24.0;21.0;0.83;SSW;1.9444444444444444;0.0;1014.8;0.0;Mostly Cloudy
1594954800;23.0;20.0;0.83;SW;2.5;0.0;1014.8;0.0;Partly Cloudy
1594958400;23.0;20.0;0.83;SW;2.5;0.0;1013.8;0.0;Partly Cloudy
1594962000;22.0;20.0;0.88;SW;2.5;0.0;1013.8;0.0;Partly Cloudy
1594965600;22.0;20.0;0.88;SSW;2.5;0.0;1013.8;0.0;Partly Cloudy
1594969200;22.0;20.0;0.88;WSW;1.1111111111111112;0.0;1013.8;0.0;Partly Cloudy
1594972800;22.0;20.0;0.88;SW;1.1111111111111112;0.0;1013.8;0.0;Partly Cloudy
1594976400;21.0;20.0;0.94;SW;1.9444444444444444;0.0;1013.8;0.0;Showers in the Vicinity
1594980000;22.0;20.0;0.88;SSW;3.611111111111111;0.0;1014.8;0.0;Partly Cloudy
1594983600;24.0;21.0;0.83;SSW;3.611111111111111;0.0;1015.79;0.0;Showers in the Vicinity
1594987200;23.0;21.0;0.88;S;3.611111111111111;0.0;1015.79;0.0;Light Rain
1594990800;24.0;22.0;0.89;S;4.166666666666667;0.0;1015.79;0.0;Showers in the Vicinity
1594994400;26.0;23.0;0.83;S;5.555555555555555;0.0;1014.8;0.0;Partly Cloudy
1594998000;27.0;23.0;0.79;SSE;7.222222222222222;0.0;1014.8;0.0;Partly Cloudy
1595001600;27.0;23.0;0.79;SSE;7.777777777777778;0.0;1013.8;0.0;Showers in the Vicinity
1595002140;25.0;22.0;0.83;SE;7.777777777777778;0.0;1013.8;0.0;Light Rain
1595005200;24.0;23.0;0.94;SSE;6.666666666666666;0.0;1013.8;0.0;Light Rain
1595008800;24.0;23.0;0.94;S;3.0555555555555554;0.0;1013.8;0.0;Light Rain
1595010000;24.0;23.0;0.94;SSE;4.722222222222222;0.0;1013.8;0.0;Light Rain
1595012400;24.0;23.0;0.94;S;3.0555555555555554;0.0;1013.8;0.0;Light Rain
1595016000;24.0;23.0;0.94;SSW;3.611111111111111;0.0;1013.8;0.0;Light Rain
1595017500;23.0;22.0;0.94;SE;7.222222222222222;0.0;1013.8;0.0;Rain
1595019600;23.0;22.0;0.94;S;7.777777777777778;0.0;1013.8;0.0;Rain
1595023200;23.0;23.0;1.0;SSE;7.777777777777778;0.0;1014.8;0.0;Rain
1595026800;22.0;22.0;1.0;S;5.555555555555555;0.0;1014.8;0.0;Light Rain
1595030400;22.0;22.0;1.0;SSE;8.61111111111111;0.0;1015.79;0.0;Light Rain
1595034000;22.0;21.0;0.94;S;6.666666666666666;0.0;1015.79;0.0;Light Rain
1595037600;23.0;22.0;0.94;SE;5.555555555555555;0.0;1015.79;0.0;Light Rain
1595300400;25.0;19.0;0.69;SE;3.611111111111111;0.0;1013.8;0.0;Partly Cloudy
1595304000;23.0;20.0;0.83;S;3.0555555555555554;0.0;1012.8;0.0;Showers in the Vicinity
1595307600;22.0;20.0;0.88;SSW;1.9444444444444444;0.0;1012.8;0.0;Showers in the Vicinity
1595311200;22.0;20.0;0.88;SSW;1.9444444444444444;0.0;1011.8;0.0;Showers in the Vicinity
1595314800;23.0;20.0;0.83;SSW;1.9444444444444444;0.0;1011.8;0.0;Mostly Cloudy
1595318400;22.0;20.0;0.88;SSW;2.5;0.0;1012.8;0.0;Partly Cloudy
1595322000;22.0;20.0;0.88;S;1.9444444444444444;0.0;1012.8;0.0;Partly Cloudy
1595325600;26.0;21.0;0.74;SSE;3.611111111111111;0.0;1012.8;0.0;Partly Cloudy
1595329200;27.0;20.0;0.65;ESE;6.111111111111111;0.0;1013.8;0.0;Partly Cloudy
1595332800;28.0;20.0;0.62;SE;5.555555555555555;0.0;1013.8;0.0;Partly Cloudy
1595336400;28.0;19.0;0.58;ESE;5.555555555555555;0.0;1013.8;0.0;Partly Cloudy
1595340000;28.0;19.0;0.58;SE;5.555555555555555;0.0;1013.8;0.0;Fair
1595343600;29.0;19.0;0.55;SE;6.111111111111111;0.0;1013.8;0.0;Fair
1595347200;29.0;18.0;0.51;SE;6.666666666666666;0.0;1012.8;0.0;Fair
1595350800;28.0;18.0;0.54;SE;7.222222222222222;0.0;1011.8;0.0;Fair
1595354400;28.0;18.0;0.54;SE;6.111111111111111;0.0;1011.8;0.0;Partly Cloudy
1595358000;27.0;19.0;0.61;SE;5.555555555555555;0.0;1011.8;0.0;Partly Cloudy
1595361600;27.0;19.0;0.61;SE;4.722222222222222;0.0;1011.8;0.0;Partly Cloudy
1595365200;26.0;20.0;0.69;SSE;5.555555555555555;0.0;1011.8;0.0;Partly Cloudy
1595368800;26.0;20.0;0.69;SSE;5.555555555555555;0.0;1012.8;0.0;Partly Cloudy
1595372400;26.0;20.0;0.69;SE;5.277777777777778;0.0;1013.8;0.0;Partly Cloudy
1595376000;29.0;20.0;0.58;SE;5.277777777777778;0.0;1013.8;0.0;Partly Cloudy
1595379600;26.0;20.0;0.69;SE;4.722222222222222;0.0;1013.8;0.0;Partly Cloudy
1595383200;26.0;20.0;0.69;SE;5.555555555555555;0.0;1013.8;0.0;Partly Cloudy
1595386800;26.0;20.0;0.69;SE;5.277777777777778;0.0;1013.8;0.0;Partly Cloudy
1595390400;26.0;20.0;0.69;SE;5.277777777777778;0.0;1012.8;0.0;Partly Cloudy
1595394000;25.0;20.0;0.74;E;4.166666666666667;0.0;1012.8;0.0;Light Rain
1595397600;25.0;18.0;0.65;SE;6.666666666666666;0.0;1012.8;0.0;Partly Cloudy
1595401200;25.0;17.0;0.61;SE;6.111111111111111;0.0;1012.8;0.0;Partly Cloudy
1595404800;25.0;16.0;0.57;SE;4.722222222222222;0.0;1012.8;0.0;Partly Cloudy
1595408400;25.0;16.0;0.57;SE;4.722222222222222;0.0;1012.8;0.0;Fair
1595412000;26.0;17.0;0.57;SE;4.722222222222222;0.0;1013.8;0.0;Partly Cloudy
1595415600;27.0;17.0;0.54;SE;5.277777777777778;0.0;1013.8;0.0;Partly Cloudy
1595419200;28.0;18.0;0.54;SSE;5.277777777777778;0.0;1014.8;0.0;Partly Cloudy
1595422800;29.0;18.0;0.51;SE;5.555555555555555;0.0;1014.8;0.0;Partly Cloudy
1595426400;28.0;20.0;0.62;SSE;5.555555555555555;0.0;1013.8;0.0;Partly Cloudy
1595430000;29.0;20.0;0.58;SSE;5.555555555555555;0.0;1013.8;0.0;Partly Cloudy
1595433600;29.0;19.0;0.55;SSE;6.111111111111111;0.0;1012.8;0.0;Fair
1595437200;28.0;20.0;0.62;SSE;6.666666666666666;0.0;1011.8;0.0;Partly Cloudy
1595440800;28.0;20.0;0.62;SSE;6.111111111111111;0.0;1011.8;0.0;Fair
1595444400;28.0;19.0;0.58;S;6.111111111111111;0.0;1011.8;0.0;Fair
1595448000;26.0;19.0;0.65;S;6.666666666666666;0.0;1011.8;0.0;Fair
1595451600;26.0;20.0;0.69;S;6.111111111111111;0.0;1012.8;0.0;Fair
1595455200;26.0;20.0;0.69;SSE;5.555555555555555;0.0;1012.8;0.0;Fair
1595458800;26.0;20.0;0.69;SSE;6.111111111111111;0.0;1013.8;0.0;Partly Cloudy
1595462400;26.0;20.0;0.69;SSE;5.277777777777778;0.0;1013.8;0.0;Partly Cloudy
1595466000;24.0;20.0;0.78;SSW;2.5;0.0;1013.8;0.0;Partly Cloudy
1595469600;23.0;20.0;0.83;SW;3.0555555555555554;0.0;1014.8;0.0;Partly Cloudy
1595559600;24.0;21.0;0.83;SSW;1.9444444444444444;0.0;1014.8;0.0;Mostly Cloudy
1595563200;23.0;20.0;0.83;SW;1.9444444444444444;0.0;1014.8;0.0;Mostly Cloudy
1595566800;23.0;20.0;0.83;CALM;0.0;0.0;1013.8;0.0;Mostly Cloudy
1595570400;23.0;20.0;0.83;SW;1.6666666666666665;0.0;1013.8;0.0;Mostly Cloudy
1595574000;22.0;20.0;0.88;SW;1.1111111111111112;0.0;1013.8;0.0;Partly Cloudy
1595577600;22.0;20.0;0.88;SSW;1.6666666666666665;0.0;1013.8;0.0;Partly Cloudy
1595581200;22.0;19.0;0.83;SW;1.1111111111111112;0.0;1013.8;0.0;Partly Cloudy
1595584800;22.0;19.0;0.83;SW;1.9444444444444444;0.0;1014.8;0.0;Partly Cloudy
1595588400;25.0;20.0;0.74;SSW;3.0555555555555554;0.0;1014.8;0.0;Partly Cloudy
1595592000;27.0;20.0;0.65;S;4.166666666666667;0.0;1014.8;0.0;Partly Cloudy
1595595600;28.0;20.0;0.62;S;6.111111111111111;0.0;1014.8;0.0;Partly Cloudy
1595599200;25.0;21.0;0.78;SSE;7.222222222222222;0.0;1014.8;0.0;Showers in the Vicinity
1595602800;28.0;21.0;0.66;SSE;7.222222222222222;0.0;1014.8;0.0;Partly Cloudy
1595606400;29.0;21.0;0.62;SSE;7.222222222222222;0.0;1013.8;0.0;Partly Cloudy
1595610000;27.0;21.0;0.7;SE;6.666666666666666;0.0;1012.8;0.0;Partly Cloudy
1595613600;27.0;21.0;0.7;SE;5.277777777777778;0.0;1012.8;0.0;Mostly Cloudy
1595617200;26.0;20.0;0.69;S;6.111111111111111;0.0;1012.8;0.0;Partly Cloudy
1595620800;26.0;20.0;0.69;SSE;7.222222222222222;0.0;1012.8;0.0;Partly Cloudy
1595624400;24.0;21.0;0.83;S;4.722222222222222;0.0;1013.8;0.0;Partly Cloudy
1595628000;24.0;21.0;0.83;S;4.722222222222222;0.0;1013.8;0.0;Showers in the Vicinity
1595631600;25.0;20.0;0.74;SSE;4.722222222222222;0.0;1014.8;0.0;Partly Cloudy
1595635200;25.0;20.0;0.74;SSE;6.111111111111111;0.0;1014.8;0.0;Partly Cloudy
1595638800;26.0;20.0;0.69;SSE;5.555555555555555;0.0;1014.8;0.0;Mostly Cloudy
1595642400;25.0;20.0;0.74;SSE;6.111111111111111;0.0;1014.8;0.0;Partly Cloudy
1595646000;26.0;21.0;0.74;SSE;6.666666666666666;0.0;1014.8;0.0;Partly Cloudy
1595649600;25.0;20.0;0.74;SSE;5.277777777777778;0.0;1013.8;0.0;Partly Cloudy
1595653200;25.0;20.0;0.74;SSE;6.111111111111111;0.0;1013.8;0.0;Partly Cloudy
1595656800;24.0;20.0;0.78;S;4.722222222222222;0.0;1013.8;0.0;Partly Cloudy
1595660400;23.0;20.0;0.83;SSW;2.5;0.0;1013.8;0.0;Showers in the Vicinity
1595664000;23.0;21.0;0.88;SSW;2.5;0.0;1013.8;0.0;Partly Cloudy
1595667600;24.0;21.0;0.83;SE;4.166666666666667;9.166666666666666;1013.8;0.0;Partly Cloudy
1595671200;23.0;21.0;0.88;SSW;1.9444444444444444;0.0;1014.8;0.0;Partly Cloudy
1595674800;27.0;20.0;0.65;SSE;6.111111111111111;0.0;1014.8;0.0;Partly Cloudy
1595678400;28.0;20.0;0.62;SE;6.111111111111111;0.0;1015.79;0.0;Partly Cloudy
1595682000;28.0;20.0;0.62;SE;7.222222222222222;0.0;1015.79;0.0;Mostly Cloudy
1595685600;28.0;20.0;0.62;SE;7.222222222222222;0.0;1014.8;0.0;Partly Cloudy
1595689200;28.0;21.0;0.66;SE;7.777777777777778;0.0;1014.8;0.0;Partly Cloudy
1595692800;28.0;21.0;0.66;SE;7.777777777777778;0.0;1013.8;0.0;Partly Cloudy
1595696400;28.0;21.0;0.66;SE;6.111111111111111;0.0;1013.8;0.0;Partly Cloudy
1595700000;28.0;21.0;0.66;SSE;7.222222222222222;0.0;1013.8;0.0;Mostly Cloudy
1595703600;27.0;20.0;0.65;SSE;7.777777777777778;0.0;1013.8;0.0;Mostly Cloudy
1595707200;26.0;21.0;0.74;SSE;7.222222222222222;0.0;1013.8;0.0;Mostly Cloudy
1595710800;26.0;20.0;0.69;SSE;6.666666666666666;0.0;1013.8;0.0;Mostly Cloudy
1595714400;26.0;21.0;0.74;SSE;6.111111111111111;0.0;1014.8;0.0;Partly Cloudy
1595718000;25.0;20.0;0.74;SSE;6.666666666666666;0.0;1014.8;0.0;Partly Cloudy
1595721600;26.0;21.0;0.74;SSE;6.111111111111111;0.0;1015.79;0.0;Partly Cloudy
1595725200;24.0;21.0;0.83;S;4.722222222222222;0.0;1015.79;0.0;Showers in the Vicinity
1595728800;25.0;21.0;0.78;SSE;7.222222222222222;0.0;1014.8;0.0;Partly Cloudy
1595732400;25.0;19.0;0.69;S;7.222222222222222;0.0;1014.8;0.0;Mostly Cloudy
1595736000;25.0;21.0;0.78;SSE;4.722222222222222;0.0;1014.8;0.0;Mostly Cloudy
1595739600;26.0;21.0;0.74;SSE;6.111111111111111;0.0;1013.8;0.0;Mostly Cloudy
1595743200;25.0;20.0;0.74;SSE;6.666666666666666;0.0;1013.8;0.0;Partly Cloudy
1595746800;24.0;20.0;0.78;S;4.722222222222222;0.0;1013.8;0.0;Partly Cloudy
1595750400;25.0;21.0;0.78;SSE;6.666666666666666;0.0;1013.8;0.0;Partly Cloudy
1595754000;24.0;19.0;0.73;SE;7.777777777777778;13.88888888888889;1014.8;0.0;Light Rain
1595757600;23.0;21.0;0.88;SE;5.555555555555555;0.0;1014.8;0.0;Light Rain
1595761200;24.0;22.0;0.89;SSE;5.277777777777778;0.0;1015.79;0.0;Light Rain
1595764800;24.0;22.0;0.89;SSE;8.333333333333334;0.0;1015.79;0.0;Mostly Cloudy
1595768400;23.0;20.0;0.83;SSE;6.666666666666666;12.777777777777777;1016.79;0.0;Rain
1595772000;23.0;22.0;0.94;SE;5.277777777777778;0.0;1015.79;0.0;Light Rain
1595775600;26.0;22.0;0.78;SE;4.166666666666667;0.0;1014.8;0.0;Showers in the Vicinity
1595779200;28.0;20.0;0.62;SE;7.777777777777778;0.0;1013.8;0.0;Partly Cloudy
1595782800;28.0;21.0;0.66;SE;7.222222222222222;0.0;1013.8;0.0;Mostly Cloudy
1595786400;28.0;22.0;0.7;SE;6.111111111111111;0.0;1013.8;0.0;Partly Cloudy
1595790000;27.0;21.0;0.7;SE;5.555555555555555;0.0;1013.8;0.0;Partly Cloudy
1595793600;26.0;21.0;0.74;SSE;7.222222222222222;0.0;1013.8;0.0;Partly Cloudy
1595797200;26.0;20.0;0.69;SE;5.555555555555555;0.0;1013.8;0.0;Mostly Cloudy
1595800800;26.0;20.0;0.69;SE;5.277777777777778;0.0;1013.8;0.0;Partly Cloudy
1595804400;25.0;21.0;0.78;SSE;5.555555555555555;0.0;1014.8;0.0;Partly Cloudy
1595808000;26.0;20.0;0.69;SE;6.111111111111111;0.0;1014.8;0.0;Partly Cloudy
1595811600;26.0;20.0;0.69;SE;6.666666666666666;0.0;1014.8;0.0;Mostly Cloudy
1595815200;26.0;20.0;0.69;SE;6.111111111111111;0.0;1014.8;0.0;Mostly Cloudy
1595818800;26.0;20.0;0.69;SE;4.722222222222222;0.0;1014.8;0.0;Partly Cloudy
1595822400;26.0;20.0;0.69;SE;5.555555555555555;0.0;1013.8;0.0;Fair
1595826000;26.0;21.0;0.74;SE;3.611111111111111;0.0;1013.8;0.0;Partly Cloudy
1595829600;26.0;21.0;0.74;SE;5.277777777777778;0.0;1013.8;0.0;Mostly Cloudy
1595833200;25.0;20.0;0.74;SE;5.277777777777778;0.0;1013.8;0.0;Partly Cloudy
1595836800;24.0;19.0;0.73;SSE;3.611111111111111;0.0;1014.8;0.0;Mostly Cloudy
1595840400;22.0;21.0;0.94;S;2.5;0.0;1014.8;0.0;Showers in the Vicinity
1595844000;24.0;22.0;0.89;S;1.9444444444444444;0.0;1014.8;0.0;Mostly Cloudy
1595847600;26.0;21.0;0.74;ESE;4.722222222222222;0.0;1015.79;0.0;Showers in the Vicinity
1595851200;28.0;21.0;0.66;ESE;6.111111111111111;0.0;1015.79;0.0;Mostly Cloudy
1595854800;27.0;21.0;0.7;ESE;6.111111111111111;0.0;1015.79;0.0;Mostly Cloudy
1595858400;28.0;20.0;0.62;SE;5.555555555555555;0.0;1015.79;0.0;Mostly Cloudy
1595862000;29.0;21.0;0.62;SE;5.555555555555555;0.0;1015.79;0.0;Mostly Cloudy
1595865600;28.0;20.0;0.62;SE;7.222222222222222;0.0;1014.8;0.0;Mostly Cloudy
1595869200;28.0;20.0;0.62;SE;6.666666666666666;0.0;1013.8;0.0;Mostly Cloudy
1595872800;28.0;20.0;0.62;SE;6.666666666666666;0.0;1013.8;0.0;Mostly Cloudy
1595876400;27.0;20.0;0.65;SE;6.111111111111111;0.0;1014.8;0.0;Mostly Cloudy
1595880000;27.0;21.0;0.7;SE;6.666666666666666;0.0;1013.8;0.0;Showers in the Vicinity
1595883600;26.0;21.0;0.74;SE;5.277777777777778;0.0;1014.8;0.0;Partly Cloudy
1595887200;26.0;20.0;0.69;SE;5.555555555555555;0.0;1014.8;0.0;Mostly Cloudy
1595890800;26.0;20.0;0.69;SE;5.277777777777778;0.0;1014.8;0.0;Partly Cloudy
1595894400;26.0;20.0;0.69;SE;4.722222222222222;0.0;1015.79;0.0;Mostly Cloudy
1595898000;26.0;20.0;0.69;SE;4.166666666666667;0.0;1015.79;0.0;Partly Cloudy
1595901600;26.0;20.0;0.69;SE;5.277777777777778;0.0;1015.79;0.0;Mostly Cloudy
1595991600;24.0;22.0;0.89;SSW;1.6666666666666665;0.0;1014.8;0.0;Partly Cloudy
1595995200;23.0;22.0;0.94;SW;1.6666666666666665;0.0;1013.8;0.0;Partly Cloudy
1595998800;23.0;22.0;0.94;SW;2.5;0.0;1013.8;0.0;Partly Cloudy
1596002400;23.0;22.0;0.94;VAR;1.1111111111111112;0.0;1012.8;0.0;Partly Cloudy
1596006000;23.0;21.0;0.88;SSW;1.9444444444444444;0.0;1012.8;0.0;Partly Cloudy
1596009600;23.0;21.0;0.88;ESE;1.9444444444444444;0.0;1013.8;0.0;Partly Cloudy
1596013200;23.0;21.0;0.88;VAR;1.1111111111111112;0.0;1013.8;0.0;Partly Cloudy
1596016800;23.0;22.0;0.94;S;1.6666666666666665;0.0;1014.8;0.0;Mostly Cloudy
1596020400;24.0;23.0;0.94;SSW;1.9444444444444444;0.0;1014.8;0.0;Showers in the Vicinity
1596024000;25.0;22.0;0.83;SE;5.277777777777778;0.0;1015.79;0.0;Light Rain
1596027600;27.0;23.0;0.79;E;3.0555555555555554;0.0;1014.8;0.0;Partly Cloudy
1596031200;27.0;23.0;0.79;SE;5.555555555555555;0.0;1014.8;0.0;Light Rain
1596034800;26.0;22.0;0.78;ESE;6.666666666666666;0.0;1013.8;0.0;Rain Shower
1596035400;24.0;22.0;0.89;ESE;5.277777777777778;0.0;1013.8;0.0;Light Rain
1596038400;27.0;23.0;0.79;ESE;3.611111111111111;0.0;1012.8;0.0;Mostly Cloudy
1596042000;27.0;22.0;0.74;SSE;5.555555555555555;0.0;1012.8;0.0;Mostly Cloudy
1596045600;28.0;21.0;0.66;SE;5.555555555555555;0.0;1012.8;0.0;Mostly Cloudy
1596049200;24.0;22.0;0.89;SSE;4.722222222222222;0.0;1012.8;0.0;Mostly Cloudy
1596052800;26.0;21.0;0.74;SSE;7.777777777777778;0.0;1012.8;0.0;Mostly Cloudy
1596056400;26.0;21.0;0.74;SE;7.222222222222222;0.0;1013.8;0.0;Light Rain
1596060000;26.0;21.0;0.74;SE;5.555555555555555;0.0;1013.8;0.0;Showers in the Vicinity
1596063600;26.0;20.0;0.69;SE;7.777777777777778;0.0;1014.8;0.0;Mostly Cloudy
1596067200;26.0;20.0;0.69;SE;7.222222222222222;0.0;1014.8;0.0;Mostly Cloudy
1596070800;26.0;20.0;0.69;SSE;7.777777777777778;0.0;1014.8;0.0;Mostly Cloudy
1596074400;26.0;20.0;0.69;SSE;6.666666666666666;0.0;1014.8;0.0;Mostly Cloudy
1596164400;22.0;20.0;0.88;SW;1.6666666666666665;0.0;1014.8;0.0;Mostly Cloudy
1596168000;22.0;20.0;0.88;SW;2.5;0.0;1014.8;0.0;Mostly Cloudy
1596171600;22.0;20.0;0.88;VAR;3.0555555555555554;0.0;1013.8;0.0;Fair
1596175200;22.0;20.0;0.88;SW;1.1111111111111112;0.0;1013.8;0.0;Fair
1596178800;22.0;20.0;0.88;SSW;1.9444444444444444;0.0;1013.8;0.0;Partly Cloudy
1596182400;22.0;20.0;0.88;SW;1.9444444444444444;0.0;1013.8;0.0;Partly Cloudy
1596186000;22.0;20.0;0.88;SSW;1.9444444444444444;0.0;1014.8;0.0;Mostly Cloudy
1596189600;22.0;21.0;0.94;S;1.9444444444444444;0.0;1014.8;0.0;Light Rain
1596193200;23.0;21.0;0.88;SSW;3.0555555555555554;0.0;1015.79;0.0;Light Rain
1596196800;25.0;23.0;0.89;S;4.722222222222222;0.0;1015.79;0.0;Partly Cloudy
1596200400;28.0;23.0;0.74;SSE;6.111111111111111;0.0;1015.79;0.0;Mostly Cloudy
1596204000;28.0;21.0;0.66;SE;7.222222222222222;0.0;1014.8;0.0;Mostly Cloudy
1596207600;28.0;22.0;0.7;SE;7.222222222222222;0.0;1014.8;0.0;Partly Cloudy
1596211200;28.0;21.0;0.66;SE;6.666666666666666;0.0;1013.8;0.0;Partly Cloudy
1596214800;28.0;22.0;0.7;SSE;7.222222222222222;0.0;1013.8;0.0;Partly Cloudy
1596218400;28.0;21.0;0.66;SSE;7.222222222222222;0.0;1011.8;0.0;Partly Cloudy
1596222000;27.0;22.0;0.74;SSE;6.666666666666666;0.0;1013.8;0.0;Partly Cloudy
1596225600;26.0;22.0;0.78;SSE;5.555555555555555;0.0;1013.8;0.0;Mostly Cloudy
1596229200;26.0;21.0;0.74;SSE;5.555555555555555;0.0;1014.8;0.0;Mostly Cloudy
1596232800;26.0;22.0;0.78;SSE;5.555555555555555;0.0;1014.8;0.0;Mostly Cloudy
1596236400;25.0;21.0;0.78;SE;4.722222222222222;0.0;0.0;0.0;Partly Cloudy
1596240000;25.0;22.0;0.83;SE;5.277777777777778;0.0;1015.79;0.0;Fair
1596243600;25.0;22.0;0.83;SE;5.277777777777778;0.0;1016.79;0.0;Partly Cloudy
1596247200;25.0;22.0;0.83;SE;4.166666666666667;0.0;1016.79;0.0;Fair
1596337200;26.0;21.0;0.74;SE;5.277777777777778;0.0;1015.79;0.0;Partly Cloudy
1596340800;24.0;22.0;0.89;WSW;3.0555555555555554;0.0;1015.79;0.0;Partly Cloudy
1596344400;23.0;21.0;0.88;SSW;3.611111111111111;0.0;1015.79;0.0;Light Rain
1596348000;22.0;21.0;0.94;SW;4.166666666666667;0.0;1014.8;0.0;Light Rain
1596351600;22.0;21.0;0.94;SSW;1.9444444444444444;0.0;1014.8;0.0;Partly Cloudy
1596355200;23.0;21.0;0.88;SW;1.9444444444444444;0.0;1015.79;0.0;Showers in the Vicinity
1596356700;22.0;21.0;0.94;S;1.6666666666666665;0.0;1015.79;0.0;Light Rain
1596358800;22.0;21.0;0.94;WSW;2.5;0.0;1015.79;0.0;Mostly Cloudy
1596362400;23.0;22.0;0.94;WSW;1.6666666666666665;0.0;1016.79;0.0;Showers in the Vicinity
1596366000;24.0;22.0;0.89;S;1.9444444444444444;0.0;1016.79;0.0;Mostly Cloudy
1596369600;27.0;23.0;0.79;S;3.611111111111111;0.0;1017.79;0.0;Partly Cloudy
1596373200;26.0;22.0;0.78;S;6.666666666666666;0.0;1017.79;0.0;Showers in the Vicinity
1596376800;28.0;22.0;0.7;SSE;6.111111111111111;0.0;1016.79;0.0;Partly Cloudy
1596380400;26.0;23.0;0.83;SSE;7.222222222222222;0.0;1016.79;0.0;Showers in the Vicinity
1596384000;27.0;22.0;0.74;SSE;8.333333333333334;0.0;1015.79;0.0;Partly Cloudy
1596387600;27.0;21.0;0.7;SSE;3.611111111111111;0.0;1015.79;0.0;Partly Cloudy
1596391200;27.0;20.0;0.65;SSE;9.166666666666666;0.0;1015.79;0.0;Mostly Cloudy / Windy
1596394800;27.0;20.0;0.65;SSE;8.333333333333334;0.0;1015.79;0.0;Mostly Cloudy
1596398400;26.0;20.0;0.69;SSE;6.666666666666666;0.0;1015.79;0.0;Partly Cloudy
1596402000;26.0;20.0;0.69;SSE;6.666666666666666;0.0;1016.79;0.0;Mostly Cloudy
1596405600;25.0;19.0;0.69;SSE;6.111111111111111;0.0;1017.79;0.0;Mostly Cloudy
1596409200;25.0;20.0;0.74;SSE;6.111111111111111;0.0;1017.79;0.0;Mostly Cloudy
1596412800;24.0;20.0;0.78;SSW;3.0555555555555554;0.0;1017.79;0.0;Partly Cloudy
1596416400;25.0;19.0;0.69;SSE;6.666666666666666;0.0;1017.79;0.0;Partly Cloudy
1596420000;25.0;19.0;0.69;SSE;5.555555555555555;0.0;1017.79;0.0;Partly Cloudy
1596510000;25.0;20.0;0.74;SSE;6.111111111111111;0.0;1017.79;0.0;Partly Cloudy
1596513600;24.0;19.0;0.73;SSE;7.222222222222222;0.0;1017.79;0.0;Light Rain
1596517200;25.0;20.0;0.74;SSE;6.666666666666666;0.0;1016.79;0.0;Partly Cloudy
1596520800;24.0;20.0;0.78;S;4.166666666666667;0.0;1016.79;0.0;Showers in the Vicinity
1596524400;25.0;20.0;0.74;SE;8.333333333333334;0.0;1016.79;0.0;Partly Cloudy
1596528000;24.0;19.0;0.73;SE;7.222222222222222;0.0;1016.79;0.0;Partly Cloudy
1596531600;24.0;19.0;0.73;SE;5.555555555555555;0.0;1016.79;0.0;Partly Cloudy
1596535200;25.0;18.0;0.65;SSE;7.777777777777778;0.0;1017.79;0.0;Partly Cloudy
1596538800;27.0;18.0;0.58;SSE;8.333333333333334;0.0;1018.79;0.0;Partly Cloudy
1596542400;27.0;18.0;0.58;SE;7.222222222222222;0.0;1018.79;0.0;Partly Cloudy
1596546000;28.0;18.0;0.54;SE;7.222222222222222;0.0;1018.79;0.0;Partly Cloudy
1596549600;27.0;19.0;0.61;SE;7.222222222222222;0.0;1018.79;0.0;Partly Cloudy
1596553200;28.0;20.0;0.62;SSE;8.333333333333334;0.0;1017.79;0.0;Partly Cloudy
1596556800;28.0;21.0;0.66;SSE;8.333333333333334;0.0;1017.79;0.0;Partly Cloudy
1596560400;28.0;19.0;0.58;SE;8.333333333333334;0.0;1016.79;0.0;Partly Cloudy
1596564000;27.0;20.0;0.65;SSE;6.111111111111111;0.0;1015.79;0.0;Partly Cloudy
1596567600;27.0;19.0;0.61;SSE;6.666666666666666;0.0;1015.79;0.0;Mostly Cloudy
1596571200;26.0;19.0;0.65;SSE;6.666666666666666;0.0;1016.79;0.0;Partly Cloudy
1596574800;25.0;19.0;0.69;SSE;6.666666666666666;0.0;1016.79;0.0;Partly Cloudy
1596578400;25.0;19.0;0.69;SSE;6.666666666666666;0.0;1016.79;0.0;Partly Cloudy
1596582000;25.0;19.0;0.69;SSE;1.9444444444444444;0.0;1016.79;0.0;Partly Cloudy
1596585600;26.0;19.0;0.65;SE;6.111111111111111;0.0;1017.79;0.0;Partly Cloudy
1596589200;25.0;19.0;0.69;S;7.222222222222222;0.0;1017.79;0.0;Partly Cloudy
1596592800;24.0;20.0;0.78;SSE;7.222222222222222;0.0;1017.79;0.0;Mostly Cloudy
1596596400;25.0;19.0;0.69;SSE;7.222222222222222;0.0;1016.79;0.0;Partly Cloudy
1596600000;24.0;19.0;0.73;SSE;6.111111111111111;0.0;1016.79;0.0;Partly Cloudy
1596603600;24.0;20.0;0.78;SE;7.777777777777778;0.0;1016.79;0.0;Showers in the Vicinity
1596607200;24.0;19.0;0.73;SE;6.111111111111111;0.0;1015.79;0.0;Partly Cloudy
1596610800;23.0;18.0;0.73;SSE;8.61111111111111;0.0;1015.79;0.0;Mostly Cloudy
1596614400;23.0;19.0;0.78;S;8.333333333333334;0.0;1015.79;0.0;Partly Cloudy
1596618000;24.0;19.0;0.73;S;4.722222222222222;0.0;1016.79;0.0;Mostly Cloudy
1596621600;26.0;20.0;0.69;S;5.277777777777778;0.0;1016.79;0.0;Mostly Cloudy
1596625200;26.0;19.0;0.65;SE;7.777777777777778;0.0;1017.79;0.0;Mostly Cloudy
1596628800;26.0;20.0;0.69;S;9.166666666666666;0.0;1017.79;0.0;Partly Cloudy / Windy
1596632400;27.0;18.0;0.58;SSE;8.61111111111111;0.0;1017.79;0.0;Partly Cloudy
1596636000;28.0;19.0;0.58;SSE;8.61111111111111;0.0;1017.79;0.0;Fair
1596639600;27.0;19.0;0.61;SSE;8.61111111111111;0.0;1017.79;0.0;Partly Cloudy
1596643200;28.0;18.0;0.54;SSE;8.333333333333334;0.0;1016.79;0.0;Partly Cloudy
1596646800;28.0;19.0;0.58;SSE;8.61111111111111;0.0;1015.79;0.0;Partly Cloudy
1596650400;28.0;19.0;0.58;SSE;8.61111111111111;0.0;1014.8;0.0;Partly Cloudy
1596654000;27.0;18.0;0.58;SSE;7.222222222222222;0.0;1014.8;0.0;Partly Cloudy
1596657600;26.0;19.0;0.65;S;8.333333333333334;0.0;1015.79;0.0;Partly Cloudy
1596661200;25.0;20.0;0.74;S;6.666666666666666;0.0;1015.79;0.0;Partly Cloudy
1596664800;26.0;19.0;0.65;SSE;6.666666666666666;0.0;1015.79;0.0;Partly Cloudy
1596668400;24.0;20.0;0.78;S;5.277777777777778;0.0;1016.79;0.0;Partly Cloudy
1596672000;25.0;21.0;0.78;SE;6.666666666666666;0.0;1016.79;0.0;Partly Cloudy
1596675600;25.0;20.0;0.74;SSE;4.722222222222222;0.0;1017.79;0.0;Partly Cloudy
1596679200;26.0;19.0;0.65;SSE;5.555555555555555;0.0;1016.79;0.0;Mostly Cloudy
1596769200;25.0;20.0;0.74;SE;6.111111111111111;0.0;1016.79;0.0;Partly Cloudy
1596772800;25.0;19.0;0.69;SE;6.111111111111111;0.0;1016.79;0.0;Partly Cloudy
1596776400;25.0;19.0;0.69;SE;7.222222222222222;0.0;1015.79;0.0;Partly Cloudy
1596780000;25.0;19.0;0.69;SSE;6.666666666666666;0.0;1015.79;0.0;Partly Cloudy
1596783600;25.0;20.0;0.74;SSE;6.666666666666666;0.0;1015.79;0.0;Partly Cloudy
1596787200;25.0;19.0;0.69;SE;5.555555555555555;0.0;1015.79;0.0;Partly Cloudy
1596790800;25.0;19.0;0.69;SE;5.277777777777778;0.0;1015.79;0.0;Partly Cloudy
1596794400;26.0;19.0;0.65;SE;5.555555555555555;0.0;1016.79;0.0;Partly Cloudy
1596798000;27.0;19.0;0.61;SE;6.111111111111111;0.0;1017.79;0.0;Partly Cloudy
1596801600;28.0;19.0;0.58;SE;6.666666666666666;0.0;1017.79;0.0;Fair
1596805200;28.0;20.0;0.62;SE;6.666666666666666;0.0;1017.79;0.0;Partly Cloudy
1596808800;28.0;19.0;0.58;SE;6.666666666666666;0.0;1017.79;0.0;Partly Cloudy
1596812400;28.0;19.0;0.58;SSE;7.222222222222222;0.0;1016.79;0.0;Partly Cloudy
1596816000;28.0;20.0;0.62;SE;7.222222222222222;0.0;1016.79;0.0;Partly Cloudy
1596819600;28.0;21.0;0.66;SE;5.555555555555555;0.0;1015.79;0.0;Partly Cloudy
1596823200;28.0;20.0;0.62;ESE;5.277777777777778;0.0;1015.79;0.0;Showers in the Vicinity
1596826800;27.0;20.0;0.65;SSE;6.666666666666666;0.0;1015.79;0.0;Partly Cloudy
1596830400;25.0;20.0;0.74;S;5.555555555555555;0.0;1015.79;0.0;Showers in the Vicinity
1596834000;25.0;20.0;0.74;SSE;6.666666666666666;0.0;1016.79;0.0;Partly Cloudy
1596837600;25.0;20.0;0.74;S;4.722222222222222;0.0;1016.79;0.0;Partly Cloudy
1596841200;23.0;21.0;0.88;S;3.0555555555555554;0.0;1017.79;0.0;Mostly Cloudy
1596844800;22.0;20.0;0.88;SSW;2.5;0.0;1018.79;0.0;Light Rain Shower
1596848400;23.0;21.0;0.88;S;1.9444444444444444;0.0;1018.79;0.0;Light Rain
1596852000;22.0;21.0;0.94;SSE;1.9444444444444444;0.0;1017.79;0.0;Light Rain
1596855600;23.0;21.0;0.88;SSE;3.611111111111111;0.0;1017.79;0.0;Showers in the Vicinity
1596859200;23.0;21.0;0.88;SSW;1.6666666666666665;0.0;1016.79;0.0;Mostly Cloudy
1596862800;24.0;20.0;0.78;SE;5.277777777777778;0.0;1016.79;0.0;Partly Cloudy
1596866400;25.0;21.0;0.78;SE;4.722222222222222;0.0;1016.79;0.0;Partly Cloudy
1596870000;24.0;21.0;0.83;SE;4.722222222222222;0.0;1016.79;0.0;Partly Cloudy
1596873600;25.0;21.0;0.78;SE;3.611111111111111;0.0;1016.79;0.0;Partly Cloudy
1596877200;23.0;21.0;0.88;SW;1.6666666666666665;0.0;1016.79;0.0;Showers in the Vicinity
1596880800;25.0;21.0;0.78;SE;4.166666666666667;0.0;1016.79;0.0;Partly Cloudy
1596884400;26.0;20.0;0.69;SE;4.722222222222222;0.0;1017.79;0.0;Partly Cloudy
1596888000;27.0;21.0;0.7;SE;5.277777777777778;0.0;1018.79;0.0;Mostly Cloudy
1596891600;28.0;21.0;0.66;SE;6.111111111111111;0.0;1017.79;0.0;Mostly Cloudy
1596895200;27.0;21.0;0.7;SE;6.666666666666666;0.0;1017.79;0.0;Partly Cloudy
1596898800;29.0;22.0;0.66;SSE;6.666666666666666;0.0;1016.79;0.0;Mostly Cloudy
1596902400;28.0;22.0;0.7;SSE;6.111111111111111;0.0;1016.79;0.0;Partly Cloudy
1596906000;28.0;21.0;0.66;SE;6.111111111111111;0.0;1015.79;0.0;Mostly Cloudy
1596909600;28.0;21.0;0.66;SSE;5.555555555555555;0.0;1014.8;0.0;Partly Cloudy
1596913200;26.0;21.0;0.74;SSE;6.111111111111111;0.0;1015.79;0.0;Partly Cloudy
1596916800;26.0;21.0;0.74;SE;6.111111111111111;0.0;1015.79;0.0;Partly Cloudy
1596920400;26.0;21.0;0.74;SSE;6.111111111111111;0.0;1015.79;0.0;Partly Cloudy
1596924000;26.0;21.0;0.74;SSE;5.555555555555555;0.0;1015.79;0.0;Partly Cloudy
1596927600;26.0;22.0;0.78;SSE;4.722222222222222;0.0;1016.79;0.0;Mostly Cloudy
1596931200;25.0;21.0;0.78;SSE;5.277777777777778;0.0;1016.79;0.0;Partly Cloudy
1596934800;25.0;22.0;0.83;SSE;5.277777777777778;0.0;1016.79;0.0;Mostly Cloudy
1596938400;25.0;22.0;0.83;SE;4.722222222222222;0.0;1016.79;0.0;Partly Cloudy
1596942000;24.0;22.0;0.89;SE;6.111111111111111;0.0;1016.79;0.0;Light Rain
1596945600;25.0;22.0;0.83;SSE;4.722222222222222;0.0;1016.79;0.0;Partly Cloudy
1596949200;25.0;22.0;0.83;SE;5.277777777777778;0.0;1015.79;0.0;Mostly Cloudy
1596952800;25.0;22.0;0.83;SE;5.555555555555555;0.0;1015.79;0.0;Mostly Cloudy
1596956400;24.0;21.0;0.83;SSE;5.277777777777778;10.833333333333334;1015.79;0.0;Mostly Cloudy
1596960000;24.0;22.0;0.89;SE;5.555555555555555;0.0;1015.79;0.0;Showers in the Vicinity
1596963600;24.0;21.0;0.83;SE;3.611111111111111;0.0;1015.79;0.0;Partly Cloudy
1596967200;25.0;22.0;0.83;SE;3.0555555555555554;0.0;1016.79;0.0;Mostly Cloudy
1596970800;26.0;22.0;0.78;SSE;4.722222222222222;0.0;1016.79;0.0;Light Rain
1596974400;25.0;22.0;0.83;SE;4.722222222222222;0.0;1017.79;0.0;Showers in the Vicinity
1596978000;25.0;21.0;0.78;SE;5.277777777777778;0.0;1017.79;0.0;Mostly Cloudy
1596981600;27.0;21.0;0.7;SE;5.555555555555555;0.0;1016.79;0.0;Mostly Cloudy
1596985200;25.0;21.0;0.78;SE;6.666666666666666;0.0;1016.79;0.0;Light Rain
1596988800;28.0;23.0;0.74;SE;6.111111111111111;0.0;1015.79;0.0;Partly Cloudy
1596992400;27.0;23.0;0.79;SE;7.222222222222222;0.0;1014.8;0.0;Partly Cloudy
1596996000;27.0;22.0;0.74;SE;6.666666666666666;0.0;1013.8;0.0;Mostly Cloudy
1596999600;26.0;21.0;0.74;SE;7.222222222222222;0.0;1013.8;0.0;Showers in the Vicinity
1597003200;26.0;21.0;0.74;SE;6.111111111111111;0.0;1014.8;0.0;Mostly Cloudy
1597006800;26.0;21.0;0.74;SE;6.111111111111111;0.0;1014.8;0.0;Mostly Cloudy
1597010400;26.0;21.0;0.74;SSE;5.555555555555555;0.0;1015.79;0.0;Mostly Cloudy
1597014000;24.0;20.0;0.78;S;7.222222222222222;0.0;1015.79;0.0;Light Rain
1597017600;24.0;21.0;0.83;SSE;7.222222222222222;0.0;1015.79;0.0;Light Rain
1597021200;25.0;21.0;0.78;SE;6.111111111111111;0.0;1015.79;0.0;Showers in the Vicinity
1597024800;24.0;21.0;0.83;SE;4.722222222222222;0.0;1015.79;0.0;Light Rain
1597028400;25.0;20.0;0.74;SE;7.222222222222222;0.0;1015.79;0.0;Showers in the Vicinity
1597032000;25.0;20.0;0.74;SE;5.555555555555555;0.0;1015.79;0.0;Partly Cloudy
1597035600;24.0;19.0;0.73;SSE;5.277777777777778;0.0;1014.8;0.0;Partly Cloudy
1597039200;24.0;19.0;0.73;SSE;3.611111111111111;0.0;1014.8;0.0;Partly Cloudy
1597042800;23.0;20.0;0.83;SSE;3.611111111111111;0.0;1014.8;0.0;Partly Cloudy
1597046400;24.0;18.0;0.69;SE;5.555555555555555;0.0;1014.8;0.0;Partly Cloudy
1597050000;25.0;18.0;0.65;SE;5.277777777777778;0.0;1014.8;0.0;Partly Cloudy
1597053600;25.0;17.0;0.61;SSE;6.111111111111111;0.0;1014.8;0.0;Partly Cloudy
1597057200;27.0;18.0;0.58;SSE;6.111111111111111;0.0;1015.79;0.0;Fair
1597060800;27.0;19.0;0.61;SSE;6.666666666666666;0.0;1015.79;0.0;Fair
1597064400;28.0;19.0;0.58;SSE;6.666666666666666;0.0;1016.79;0.0;Fair
1597068000;28.0;19.0;0.58;SSE;7.222222222222222;0.0;1015.79;0.0;Partly Cloudy
1597071600;28.0;20.0;0.62;SSE;7.777777777777778;0.0;1014.8;0.0;Fair
1597075200;28.0;20.0;0.62;SSE;6.666666666666666;0.0;1013.8;0.0;Partly Cloudy
1597078800;28.0;20.0;0.62;SSE;7.222222222222222;0.0;1012.8;0.0;Partly Cloudy
1597082400;27.0;21.0;0.7;SSE;7.777777777777778;0.0;1012.8;0.0;Partly Cloudy
1597086000;27.0;20.0;0.65;SSE;7.222222222222222;0.0;1012.8;0.0;Partly Cloudy
1597089600;25.0;21.0;0.78;SSE;6.111111111111111;0.0;1013.8;0.0;Partly Cloudy
1597093200;25.0;20.0;0.74;SSE;5.555555555555555;0.0;1013.8;0.0;Partly Cloudy
1597096800;25.0;21.0;0.78;SE;6.666666666666666;0.0;1013.8;0.0;Partly Cloudy
1597100400;25.0;20.0;0.74;SE;5.555555555555555;0.0;1013.8;0.0;Partly Cloudy
1597104000;24.0;21.0;0.83;ESE;5.277777777777778;0.0;1014.8;0.0;Partly Cloudy
1597107600;23.0;20.0;0.83;SSE;6.111111111111111;0.0;1014.8;0.0;Partly Cloudy
1597111200;25.0;21.0;0.78;SE;4.166666666666667;0.0;1014.8;0.0;Partly Cloudy
1597114800;25.0;20.0;0.74;SE;4.722222222222222;0.0;1013.8;0.0;Fair
1597118400;25.0;19.0;0.69;SE;3.0555555555555554;0.0;1013.8;0.0;Partly Cloudy
1597122000;25.0;20.0;0.74;SSE;5.277777777777778;0.0;1012.8;0.0;Partly Cloudy
1597125600;25.0;20.0;0.74;SE;5.555555555555555;0.0;1012.8;0.0;Partly Cloudy
1597129200;25.0;20.0;0.74;SE;4.722222222222222;0.0;1012.8;0.0;Partly Cloudy
1597132800;25.0;20.0;0.74;SE;4.722222222222222;0.0;1012.8;0.0;Partly Cloudy
1597136400;25.0;20.0;0.74;SE;4.722222222222222;0.0;1013.8;0.0;Mostly Cloudy
1597140000;26.0;20.0;0.69;SE;5.555555555555555;0.0;1013.8;0.0;Partly Cloudy
1597143600;27.0;20.0;0.65;SE;5.555555555555555;0.0;1014.8;0.0;Partly Cloudy
1597147200;28.0;20.0;0.62;SSE;6.666666666666666;0.0;1014.8;0.0;Mostly Cloudy
1597150800;28.0;20.0;0.62;SE;6.111111111111111;0.0;1014.8;0.0;Partly Cloudy
1597154400;28.0;21.0;0.66;SSE;6.666666666666666;0.0;1014.8;0.0;Partly Cloudy
1597158000;28.0;20.0;0.62;SSE;6.111111111111111;0.0;1013.8;0.0;Partly Cloudy
1597161600;28.0;20.0;0.62;SSE;5.555555555555555;0.0;1013.8;0.0;Partly Cloudy
1597165200;28.0;20.0;0.62;SSE;6.111111111111111;0.0;1012.8;0.0;Partly Cloudy
1597168800;27.0;20.0;0.65;SSE;6.111111111111111;0.0;1012.8;0.0;Partly Cloudy
1597172400;27.0;19.0;0.61;SSE;5.555555555555555;0.0;1012.8;0.0;Fair
1597176000;26.0;19.0;0.65;SSE;5.555555555555555;0.0;1012.8;0.0;Fair
1597179600;25.0;20.0;0.74;SSE;5.277777777777778;0.0;1012.8;0.0;Fair
1597183200;25.0;19.0;0.69;S;4.166666666666667;0.0;1013.8;0.0;Fair
1597186800;25.0;20.0;0.74;S;3.0555555555555554;0.0;1013.8;0.0;Fair
1597190400;24.0;20.0;0.78;SSW;1.9444444444444444;0.0;1014.8;0.0;Fair
1597194000;23.0;20.0;0.83;SSW;3.0555555555555554;0.0;1014.8;0.0;Partly Cloudy
1597197600;23.0;20.0;0.83;SSW;1.9444444444444444;0.0;1013.8;0.0;Partly Cloudy
1597287600;23.0;21.0;0.88;ESE;3.611111111111111;0.0;1012.8;0.0;Light Rain
1597291200;23.0;22.0;0.94;SSW;3.611111111111111;0.0;1011.8;0.0;Showers in the Vicinity
1597294800;23.0;21.0;0.88;W;1.9444444444444444;0.0;1011.8;0.0;Showers in the Vicinity
1597298400;23.0;22.0;0.94;SSW;1.1111111111111112;0.0;1011.8;0.0;Mostly Cloudy
1597302000;23.0;22.0;0.94;SSW;1.6666666666666665;0.0;1011.8;0.0;Showers in the Vicinity
1597305600;25.0;22.0;0.83;ESE;2.5;0.0;1011.8;0.0;Mostly Cloudy
1597309200;25.0;22.0;0.83;SE;1.9444444444444444;0.0;1012.8;0.0;Mostly Cloudy
1597312800;24.0;22.0;0.89;VAR;1.1111111111111112;0.0;1013.8;0.0;Showers in the Vicinity
1597316400;26.0;22.0;0.78;ESE;5.277777777777778;0.0;1014.8;0.0;Mostly Cloudy
1597320000;28.0;22.0;0.7;E;5.277777777777778;0.0;1014.8;0.0;Partly Cloudy
1597323600;29.0;22.0;0.66;ESE;5.277777777777778;0.0;1014.8;0.0;Partly Cloudy
1597327200;25.0;21.0;0.78;SE;6.666666666666666;0.0;1014.8;0.0;Mostly Cloudy
1597330800;26.0;22.0;0.78;SSE;6.666666666666666;0.0;1013.8;0.0;Mostly Cloudy
1597334400;27.0;21.0;0.7;E;4.722222222222222;0.0;1013.8;0.0;Mostly Cloudy
1597338000;23.0;21.0;0.88;E;6.111111111111111;0.0;1012.8;0.0;Rain Shower
1597341600;25.0;21.0;0.78;SE;4.722222222222222;0.0;1012.8;0.0;Showers in the Vicinity
1597345200;26.0;21.0;0.74;SE;4.166666666666667;0.0;1012.8;0.0;Showers in the Vicinity
1597348800;26.0;20.0;0.69;SE;4.722222222222222;0.0;1012.8;0.0;Showers in the Vicinity
1597352400;26.0;20.0;0.69;SE;4.722222222222222;0.0;1013.8;0.0;Partly Cloudy
1597356000;26.0;20.0;0.69;SE;4.166666666666667;0.0;1013.8;0.0;Partly Cloudy
1597359600;25.0;20.0;0.74;SE;4.166666666666667;0.0;1014.8;0.0;Partly Cloudy
1597363200;25.0;20.0;0.74;SE;3.611111111111111;0.0;1014.8;0.0;Partly Cloudy
1597366800;25.0;20.0;0.74;SE;5.277777777777778;0.0;1014.8;0.0;Partly Cloudy
1597370400;25.0;20.0;0.74;SSE;3.611111111111111;0.0;1014.8;0.0;Partly Cloudy
1597633200;25.0;22.0;0.83;SSE;3.611111111111111;0.0;1012.8;0.0;Partly Cloudy
1597636800;25.0;21.0;0.78;SSE;5.555555555555555;0.0;1012.8;0.0;Partly Cloudy
1597640400;25.0;21.0;0.78;SE;5.277777777777778;0.0;1011.8;0.0;Partly Cloudy
1597644000;25.0;21.0;0.78;SE;3.0555555555555554;0.0;1011.8;0.0;Partly Cloudy
1597647600;25.0;20.0;0.74;SE;5.277777777777778;0.0;1011.8;0.0;Partly Cloudy
1597651200;25.0;20.0;0.74;SE;5.277777777777778;0.0;1012.8;0.0;Partly Cloudy
1597654800;25.0;20.0;0.74;SE;4.722222222222222;0.0;1012.8;0.0;Partly Cloudy
1597658400;26.0;21.0;0.74;SE;5.277777777777778;0.0;1013.8;0.0;Partly Cloudy
1597662000;27.0;21.0;0.7;SSE;5.555555555555555;0.0;1013.8;0.0;Mostly Cloudy
1597665600;28.0;21.0;0.66;SE;6.111111111111111;0.0;1014.8;0.0;Partly Cloudy
1597669200;28.0;21.0;0.66;SSE;6.111111111111111;0.0;1014.8;0.0;Mostly Cloudy
1597672800;28.0;22.0;0.7;SE;6.111111111111111;0.0;1013.8;0.0;Mostly Cloudy
1597676400;29.0;22.0;0.66;SE;6.111111111111111;0.0;1013.8;0.0;Partly Cloudy
1597680000;29.0;21.0;0.62;SE;5.555555555555555;0.0;1012.8;0.0;Partly Cloudy
1597683600;28.0;21.0;0.66;SE;4.722222222222222;0.0;1011.8;0.0;Partly Cloudy
1597687200;28.0;21.0;0.66;SE;5.555555555555555;0.0;1011.8;0.0;Fair
1597690800;27.0;21.0;0.7;SE;4.166666666666667;0.0;1010.8;0.0;Fair
1597694400;26.0;20.0;0.69;SE;5.277777777777778;0.0;1011.8;0.0;Fair
1597698000;26.0;21.0;0.74;SE;4.166666666666667;0.0;1011.8;0.0;Partly Cloudy
1597701600;26.0;21.0;0.74;SE;5.277777777777778;0.0;1011.8;0.0;Fair
1597705200;26.0;21.0;0.74;SE;5.277777777777778;0.0;1012.8;0.0;Fair
1597708800;25.0;22.0;0.83;SE;4.166666666666667;0.0;1012.8;0.0;Partly Cloudy
1597712400;26.0;21.0;0.74;ESE;3.611111111111111;0.0;1013.8;0.0;Showers in the Vicinity
1597716000;26.0;21.0;0.74;ESE;3.611111111111111;0.0;1012.8;0.0;Partly Cloudy
1597719600;25.0;20.0;0.74;ESE;3.611111111111111;0.0;1012.8;0.0;Partly Cloudy
1597723200;26.0;21.0;0.74;ESE;3.611111111111111;0.0;1011.8;0.0;Partly Cloudy
1597726800;25.0;21.0;0.78;SE;4.722222222222222;0.0;1011.8;0.0;Mostly Cloudy
1597730400;25.0;20.0;0.74;ESE;4.166666666666667;0.0;1011.8;0.0;Partly Cloudy
1597734000;25.0;20.0;0.74;ESE;3.611111111111111;0.0;1011.8;0.0;Partly Cloudy
1597737600;25.0;20.0;0.74;SSE;3.0555555555555554;0.0;1011.8;0.0;Partly Cloudy
1597741200;25.0;20.0;0.74;ESE;4.166666666666667;0.0;1011.8;0.0;Partly Cloudy
1597744800;26.0;20.0;0.69;ESE;4.166666666666667;0.0;1012.8;0.0;Fair
1597748400;27.0;21.0;0.7;SE;5.277777777777778;0.0;1012.8;0.0;Mostly Cloudy
1597752000;27.0;21.0;0.7;ESE;5.277777777777778;0.0;1013.8;0.0;Mostly Cloudy
1597755600;28.0;21.0;0.66;ESE;5.277777777777778;0.0;1013.8;0.0;Mostly Cloudy
1597759200;28.0;21.0;0.66;ESE;6.111111111111111;0.0;1013.8;0.0;Mostly Cloudy
1597762800;29.0;21.0;0.62;SE;6.111111111111111;0.0;1012.8;0.0;Partly Cloudy
1597766400;28.0;21.0;0.66;SE;5.555555555555555;0.0;1011.8;0.0;Mostly Cloudy
1597770000;28.0;21.0;0.66;ESE;5.555555555555555;0.0;1010.8;0.0;Partly Cloudy
1597773600;27.0;21.0;0.7;ESE;6.111111111111111;0.0;1010.8;0.0;Partly Cloudy
1597777200;27.0;21.0;0.7;SE;4.722222222222222;0.0;1011.8;0.0;Partly Cloudy
1597780800;27.0;20.0;0.65;ESE;5.277777777777778;0.0;1011.8;0.0;Partly Cloudy
1597784400;26.0;21.0;0.74;SE;5.555555555555555;0.0;1011.8;0.0;Partly Cloudy
1597788000;26.0;20.0;0.69;SE;5.277777777777778;0.0;1012.8;0.0;Partly Cloudy
1597791600;26.0;19.0;0.65;SE;4.722222222222222;0.0;1013.8;0.0;Partly Cloudy
1597795200;26.0;19.0;0.65;ESE;4.722222222222222;0.0;1013.8;0.0;Fair
1597798800;26.0;19.0;0.65;ESE;5.277777777777778;0.0;1014.8;0.0;Fair
1597802400;25.0;19.0;0.69;SE;5.277777777777778;0.0;1013.8;0.0;Fair
1597806000;25.0;19.0;0.69;SE;5.277777777777778;0.0;1013.8;0.0;Partly Cloudy
1597809600;25.0;18.0;0.65;SE;4.166666666666667;0.0;1012.8;0.0;Partly Cloudy
1597813200;25.0;18.0;0.65;SE;3.0555555555555554;0.0;1012.8;0.0;Fair
1597816800;25.0;19.0;0.69;SE;4.166666666666667;0.0;1012.8;0.0;Partly Cloudy
1597820400;25.0;19.0;0.69;ESE;4.166666666666667;0.0;1012.8;0.0;Partly Cloudy
1597824000;25.0;19.0;0.69;SE;7.777777777777778;0.0;1012.8;0.0;Partly Cloudy
1597827600;25.0;18.0;0.65;ESE;4.166666666666667;0.0;1013.8;0.0;Fair
1597831200;26.0;18.0;0.61;SE;4.166666666666667;0.0;1013.8;0.0;Fair
1597834800;27.0;19.0;0.61;SE;4.166666666666667;0.0;1014.8;0.0;Fair
1597838400;28.0;20.0;0.62;SSE;4.722222222222222;0.0;1014.8;0.0;Fair
1597842000;28.0;19.0;0.58;ESE;3.611111111111111;0.0;1014.8;0.0;Fair
1597845600;28.0;21.0;0.66;SE;4.722222222222222;0.0;1014.8;0.0;Partly Cloudy
1597849200;28.0;21.0;0.66;SE;4.722222222222222;0.0;1013.8;0.0;Partly Cloudy
1597852800;28.0;21.0;0.66;SE;4.722222222222222;0.0;1012.8;0.0;Partly Cloudy
1597856400;28.0;21.0;0.66;SE;4.722222222222222;0.0;1011.8;0.0;Partly Cloudy
1597860000;27.0;20.0;0.65;SE;4.166666666666667;0.0;1010.8;0.0;Partly Cloudy
1597863600;27.0;21.0;0.7;SSE;4.722222222222222;0.0;1011.8;0.0;Fair
1597867200;26.0;21.0;0.74;SE;4.166666666666667;0.0;1011.8;0.0;Partly Cloudy
1597870800;26.0;21.0;0.74;SSE;3.611111111111111;0.0;1012.8;0.0;Fair
1597874400;26.0;20.0;0.69;SE;3.0555555555555554;0.0;1012.8;0.0;Fair
1597878000;25.0;20.0;0.74;SE;2.5;0.0;1013.8;0.0;Partly Cloudy
1597881600;25.0;20.0;0.74;SE;2.5;0.0;1014.8;0.0;Partly Cloudy
1597885200;25.0;20.0;0.74;SE;2.5;0.0;1014.8;0.0;Partly Cloudy
1597888800;24.0;20.0;0.78;S;1.1111111111111112;0.0;1014.8;0.0;Partly Cloudy
1597892400;23.0;20.0;0.83;SSW;1.6666666666666665;0.0;1013.8;0.0;Partly Cloudy
1597896000;23.0;20.0;0.83;S;1.9444444444444444;0.0;1013.8;0.0;Partly Cloudy
1597899600;22.0;20.0;0.88;VAR;1.1111111111111112;0.0;1012.8;0.0;Fair
1597903200;22.0;20.0;0.88;S;1.1111111111111112;0.0;1013.8;0.0;Fair
1597906800;22.0;20.0;0.88;VAR;1.1111111111111112;0.0;1013.8;0.0;Fair
1597910400;22.0;20.0;0.88;VAR;1.1111111111111112;0.0;1013.8;0.0;Fair
1597914000;22.0;20.0;0.88;CALM;0.0;0.0;1013.8;0.0;Fair
1597917600;23.0;21.0;0.88;SSW;1.6666666666666665;0.0;1014.8;0.0;Fair
1597921200;25.0;22.0;0.83;SSW;3.611111111111111;0.0;1015.79;0.0;Fair
1597924800;27.0;22.0;0.74;S;4.722222222222222;0.0;1015.79;0.0;Partly Cloudy
1597928400;28.0;21.0;0.66;SSE;6.111111111111111;0.0;1014.8;0.0;Partly Cloudy
1597932000;28.0;21.0;0.66;SSE;6.666666666666666;0.0;1014.8;0.0;Partly Cloudy
1597935600;29.0;22.0;0.66;SE;7.222222222222222;0.0;1013.8;0.0;Partly Cloudy
1597939200;29.0;21.0;0.62;SSE;7.777777777777778;0.0;1012.8;0.0;Partly Cloudy
1597942800;29.0;22.0;0.66;SSE;7.222222222222222;0.0;1011.8;0.0;Partly Cloudy
1597946400;27.0;22.0;0.74;SSE;8.333333333333334;0.0;1010.8;0.0;Mostly Cloudy
1597950000;26.0;23.0;0.83;S;5.277777777777778;0.0;1011.8;0.0;Showers in the Vicinity
1597953600;26.0;22.0;0.78;S;5.277777777777778;0.0;1011.8;0.0;Showers in the Vicinity
1597957200;25.0;23.0;0.89;SE;6.111111111111111;0.0;1011.8;0.0;Showers in the Vicinity
1597960800;24.0;23.0;0.94;SSE;4.722222222222222;0.0;1012.8;0.0;Light Rain
1597964400;24.0;23.0;0.94;SSE;5.277777777777778;0.0;1012.8;0.0;Light Rain
1597968000;24.0;23.0;0.94;SSE;4.722222222222222;0.0;1012.8;0.0;Light Rain
1597971600;24.0;23.0;0.94;SSE;6.666666666666666;0.0;1012.8;0.0;Light Rain
1597975200;24.0;23.0;0.94;SSE;6.111111111111111;0.0;1012.8;0.0;Light Rain
1598065200;25.0;20.0;0.74;SSE;6.111111111111111;0.0;1012.8;0.0;Partly Cloudy
1598068800;24.0;21.0;0.83;SSW;2.5;0.0;1012.8;0.0;Partly Cloudy
1598072400;23.0;21.0;0.88;SSW;2.5;0.0;1012.8;0.0;Partly Cloudy
1598076000;23.0;21.0;0.88;SSW;3.0555555555555554;0.0;1012.8;0.0;Partly Cloudy
1598079600;23.0;20.0;0.83;SSW;2.5;0.0;1011.8;0.0;Partly Cloudy
1598083200;22.0;20.0;0.88;SW;1.6666666666666665;0.0;1012.8;0.0;Partly Cloudy
1598086800;22.0;20.0;0.88;WSW;1.6666666666666665;0.0;1012.8;0.0;Partly Cloudy
1598090400;23.0;21.0;0.88;SW;1.6666666666666665;0.0;1012.8;0.0;Fair
1598094000;25.0;21.0;0.78;SSW;1.6666666666666665;0.0;1013.8;0.0;Fair
1598097600;27.0;21.0;0.7;S;5.555555555555555;0.0;1013.8;0.0;Fair
1598101200;27.0;21.0;0.7;SSE;6.111111111111111;0.0;1013.8;0.0;Fair
1598104800;28.0;21.0;0.66;SSE;6.666666666666666;0.0;1013.8;0.0;Fair
1598108400;28.0;22.0;0.7;SSE;7.222222222222222;0.0;1012.8;0.0;Partly Cloudy
1598112000;29.0;22.0;0.66;SSE;6.666666666666666;0.0;1012.8;0.0;Partly Cloudy
1598115600;28.0;22.0;0.7;SSE;5.555555555555555;0.0;1011.8;0.0;Mostly Cloudy
1598119200;25.0;22.0;0.83;SSE;6.111111111111111;0.0;1011.8;0.0;Mostly Cloudy
1598122800;26.0;22.0;0.78;SSE;5.555555555555555;0.0;1011.8;0.0;Mostly Cloudy
1598124600;24.0;22.0;0.89;SSE;5.277777777777778;0.0;1011.8;0.0;Rain
1598126400;24.0;22.0;0.89;SSW;2.5;0.0;1012.8;0.0;Light Rain
1598130000;24.0;22.0;0.89;SSW;1.9444444444444444;0.0;1012.8;0.0;Partly Cloudy
1598133600;24.0;22.0;0.89;S;1.9444444444444444;0.0;1012.8;0.0;Partly Cloudy
1598137200;23.0;21.0;0.88;S;1.6666666666666665;0.0;1013.8;0.0;Partly Cloudy
1598140800;24.0;22.0;0.89;SSW;1.9444444444444444;0.0;1013.8;0.0;Partly Cloudy
1598144400;26.0;21.0;0.74;ESE;3.611111111111111;0.0;1013.8;0.0;Mostly Cloudy
1598148000;26.0;21.0;0.74;ESE;4.166666666666667;0.0;1013.8;0.0;Mostly Cloudy
1598151600;26.0;21.0;0.74;SE;4.166666666666667;0.0;1013.8;0.0;Mostly Cloudy
1598155200;25.0;21.0;0.78;ESE;3.611111111111111;0.0;1013.8;0.0;Partly Cloudy
1598158800;25.0;20.0;0.74;SE;4.166666666666667;0.0;1012.8;0.0;Partly Cloudy
1598162400;25.0;20.0;0.74;ESE;3.0555555555555554;0.0;1012.8;0.0;Partly Cloudy
1598166000;25.0;21.0;0.78;SE;3.0555555555555554;0.0;1012.8;0.0;Partly Cloudy
1598169600;25.0;20.0;0.74;SE;3.611111111111111;0.0;1012.8;0.0;Fair
1598173200;25.0;20.0;0.74;SE;3.611111111111111;0.0;1013.8;0.0;Partly Cloudy
1598176800;26.0;21.0;0.74;ESE;3.0555555555555554;0.0;1013.8;0.0;Partly Cloudy
1598180400;27.0;21.0;0.7;SE;4.722222222222222;0.0;1014.8;0.0;Partly Cloudy
1598184000;27.0;20.0;0.65;SE;5.555555555555555;0.0;1015.79;0.0;Fair
1598187600;28.0;20.0;0.62;ESE;5.277777777777778;0.0;1015.79;0.0;Fair
1598191200;28.0;20.0;0.62;SE;5.555555555555555;0.0;1014.8;0.0;Fair
1598194800;28.0;20.0;0.62;SE;6.111111111111111;0.0;1014.8;0.0;Fair
1598198400;28.0;20.0;0.62;SE;5.555555555555555;0.0;1013.8;0.0;Fair
1598202000;28.0;20.0;0.62;SE;5.277777777777778;0.0;1013.8;0.0;Fair
1598205600;27.0;20.0;0.65;SE;5.277777777777778;0.0;1012.8;0.0;Partly Cloudy
1598209200;27.0;20.0;0.65;SE;4.722222222222222;0.0;1012.8;0.0;Partly Cloudy
1598212800;26.0;20.0;0.69;SE;4.166666666666667;0.0;1012.8;0.0;Fair
1598216400;26.0;20.0;0.69;SE;3.611111111111111;0.0;1012.8;0.0;Fair
1598220000;25.0;20.0;0.74;SE;3.0555555555555554;0.0;1013.8;0.0;Fair
1598223600;25.0;20.0;0.74;SE;3.611111111111111;0.0;1014.8;0.0;Fair
1598227200;25.0;20.0;0.74;SE;3.0555555555555554;0.0;1014.8;0.0;Fair
1598230800;25.0;20.0;0.74;SE;3.0555555555555554;0.0;1014.8;0.0;Partly Cloudy
1598234400;25.0;20.0;0.74;SE;2.5;0.0;1014.8;0.0;Partly Cloudy
1598238000;23.0;20.0;0.83;SW;1.9444444444444444;0.0;1014.8;0.0;Partly Cloudy
1598241600;23.0;20.0;0.83;SSW;1.9444444444444444;0.0;1013.8;0.0;Partly Cloudy
1598245200;22.0;20.0;0.88;VAR;1.1111111111111112;0.0;1013.8;0.0;Partly Cloudy
1598248800;22.0;19.0;0.83;CALM;0.0;0.0;1012.8;0.0;Partly Cloudy
1598252400;21.0;19.0;0.88;VAR;0.5555555555555556;0.0;1012.8;0.0;Fair
1598256000;21.0;19.0;0.88;S;0.5555555555555556;0.0;1012.8;0.0;Fair
1598259600;21.0;19.0;0.88;SSW;0.5555555555555556;0.0;1013.8;0.0;Fair
1598263200;23.0;20.0;0.83;VAR;1.1111111111111112;0.0;1013.8;0.0;Fair
1598266800;25.0;20.0;0.74;SSW;2.5;0.0;1013.8;0.0;Fair
1598270400;27.0;19.0;0.61;SSE;5.277777777777778;0.0;1014.8;0.0;Fair
1598274000;28.0;19.0;0.58;SE;5.555555555555555;0.0;1014.8;0.0;Fair
1598277600;28.0;19.0;0.58;SSE;6.111111111111111;0.0;1013.8;0.0;Fair
1598281200;28.0;20.0;0.62;SSE;5.277777777777778;0.0;1013.8;0.0;Fair
1598284800;28.0;19.0;0.58;SE;6.111111111111111;0.0;1012.8;0.0;Fair
1598288400;28.0;20.0;0.62;SE;5.555555555555555;0.0;1011.8;0.0;Fair
1598292000;27.0;20.0;0.65;SE;6.111111111111111;0.0;1011.8;0.0;Fair
1598295600;27.0;20.0;0.65;SE;6.111111111111111;0.0;1011.8;0.0;Fair
1598299200;26.0;19.0;0.65;SSE;6.111111111111111;0.0;1011.8;0.0;Fair
1598302800;25.0;18.0;0.65;S;5.277777777777778;0.0;1011.8;0.0;Fair
1598306400;25.0;19.0;0.69;SSE;5.277777777777778;0.0;1012.8;0.0;Fair
1598310000;25.0;19.0;0.69;SSE;5.277777777777778;0.0;1012.8;0.0;Fair
1598313600;24.0;19.0;0.73;SSE;3.611111111111111;0.0;1012.8;0.0;Fair
1598317200;23.0;19.0;0.78;SW;1.9444444444444444;0.0;1012.8;0.0;Fair
1598320800;22.0;19.0;0.83;SW;1.6666666666666665;0.0;1012.8;0.0;Fair
1598410800;23.0;21.0;0.88;SSW;3.0555555555555554;0.0;1012.8;0.0;Mostly Cloudy
1598414400;23.0;21.0;0.88;SSW;2.5;0.0;1011.8;0.0;Mostly Cloudy
1598418000;22.0;21.0;0.94;SSW;3.611111111111111;0.0;1011.8;0.0;Mostly Cloudy
1598421600;22.0;21.0;0.94;SSW;3.0555555555555554;0.0;1011.8;0.0;Light Rain
1598425200;22.0;21.0;0.94;SW;3.0555555555555554;0.0;1011.8;0.0;Mostly Cloudy
1598428800;22.0;21.0;0.94;SSW;2.5;0.0;1011.8;0.0;Light Rain
1598432400;22.0;21.0;0.94;SSW;3.0555555555555554;0.0;1012.8;0.0;Showers in the Vicinity
1598436000;23.0;21.0;0.88;SSW;1.9444444444444444;0.0;1013.8;0.0;Mostly Cloudy
1598439600;25.0;22.0;0.83;SSW;3.611111111111111;0.0;1013.8;0.0;Partly Cloudy
1598443200;26.0;21.0;0.74;S;4.722222222222222;0.0;1014.8;0.0;Partly Cloudy
1598446800;28.0;21.0;0.66;SSE;7.222222222222222;0.0;1014.8;0.0;Partly Cloudy
1598450400;28.0;20.0;0.62;SSE;8.333333333333334;0.0;1013.8;0.0;Partly Cloudy
1598454000;28.0;20.0;0.62;SSE;6.111111111111111;0.0;1013.8;0.0;Partly Cloudy
1598457600;28.0;20.0;0.62;SSE;7.777777777777778;0.0;1012.8;0.0;Partly Cloudy
1598461200;28.0;20.0;0.62;SSE;7.777777777777778;0.0;1011.8;0.0;Partly Cloudy
1598464800;27.0;19.0;0.61;SSE;8.61111111111111;0.0;1011.8;0.0;Partly Cloudy
1598468400;27.0;19.0;0.61;SSE;8.333333333333334;0.0;1011.8;0.0;Partly Cloudy
1598472000;26.0;19.0;0.65;SSE;7.222222222222222;0.0;1011.8;0.0;Partly Cloudy
1598475600;25.0;19.0;0.69;SSE;7.222222222222222;0.0;1012.8;0.0;Partly Cloudy
1598479200;25.0;19.0;0.69;SSE;6.111111111111111;0.0;1012.8;0.0;Partly Cloudy
1598482800;25.0;19.0;0.69;SSE;7.222222222222222;0.0;1013.8;0.0;Partly Cloudy
1598486400;26.0;19.0;0.65;SSE;5.277777777777778;0.0;1013.8;0.0;Partly Cloudy
1598490000;25.0;19.0;0.69;SSE;6.111111111111111;0.0;1014.8;0.0;Partly Cloudy
1598493600;24.0;19.0;0.73;S;4.722222222222222;0.0;1014.8;0.0;Mostly Cloudy
1598497200;23.0;19.0;0.78;SSW;3.0555555555555554;0.0;1013.8;0.0;Mostly Cloudy
1598500800;23.0;19.0;0.78;SSW;2.5;0.0;1013.8;0.0;Partly Cloudy
1598504400;22.0;19.0;0.83;SW;2.5;0.0;1013.8;0.0;Partly Cloudy
1598508000;22.0;19.0;0.83;SSW;2.5;0.0;1012.8;0.0;Partly Cloudy
1598511600;22.0;18.0;0.78;SSW;1.9444444444444444;0.0;1013.8;0.0;Partly Cloudy
1598515200;21.0;18.0;0.83;SSW;1.1111111111111112;0.0;1013.8;0.0;Partly Cloudy
1598518800;22.0;18.0;0.78;SSW;2.5;0.0;1014.8;0.0;Partly Cloudy
1598522400;23.0;18.0;0.73;SSW;2.5;0.0;1014.8;0.0;Partly Cloudy
1598526000;25.0;19.0;0.69;SSW;3.611111111111111;0.0;1015.79;0.0;Fair
1598529600;27.0;19.0;0.61;SSE;7.222222222222222;0.0;1015.79;0.0;Partly Cloudy
1598533200;28.0;20.0;0.62;SSE;6.666666666666666;0.0;1015.79;0.0;Partly Cloudy
1598536800;28.0;19.0;0.58;SSE;6.666666666666666;0.0;1015.79;0.0;Mostly Cloudy
1598540400;28.0;19.0;0.58;SSE;6.666666666666666;0.0;1014.8;0.0;Mostly Cloudy
1598544000;28.0;19.0;0.58;SSE;6.666666666666666;0.0;1013.8;0.0;Partly Cloudy
1598547600;28.0;20.0;0.62;SE;6.111111111111111;0.0;1012.8;0.0;Mostly Cloudy
1598551200;27.0;20.0;0.65;SE;6.111111111111111;0.0;1012.8;0.0;Partly Cloudy
1598554800;27.0;19.0;0.61;SSE;6.666666666666666;0.0;1013.8;0.0;Partly Cloudy
1598558400;26.0;18.0;0.61;SSE;6.111111111111111;0.0;1013.8;0.0;Fair
1598562000;25.0;18.0;0.65;SSE;5.555555555555555;0.0;1013.8;0.0;Fair
1598565600;25.0;18.0;0.65;SSE;6.666666666666666;0.0;1013.8;0.0;Fair
1598569200;25.0;19.0;0.69;SSE;5.555555555555555;0.0;1014.8;0.0;Partly Cloudy
1598572800;25.0;19.0;0.69;SSE;5.555555555555555;0.0;1014.8;0.0;Partly Cloudy
1598576400;25.0;19.0;0.69;SSE;5.555555555555555;0.0;1015.79;0.0;Partly Cloudy
1598580000;25.0;19.0;0.69;SSE;5.277777777777778;0.0;1014.8;0.0;Partly Cloudy
1598670000;25.0;22.0;0.83;S;2.5;0.0;1013.8;0.0;Partly Cloudy
1598673600;25.0;22.0;0.83;SSW;2.5;0.0;1013.8;0.0;Mostly Cloudy
1598677200;24.0;22.0;0.89;SSW;2.5;0.0;1012.8;0.0;Mostly Cloudy
1598680800;24.0;22.0;0.89;SSW;3.0555555555555554;0.0;1012.8;0.0;Mostly Cloudy
1598684400;24.0;23.0;0.94;S;1.9444444444444444;0.0;1012.8;0.0;Mostly Cloudy
1598688000;26.0;23.0;0.83;SE;4.166666666666667;0.0;1013.8;0.0;Mostly Cloudy
1598691600;26.0;23.0;0.83;ESE;3.611111111111111;0.0;1013.8;0.0;Mostly Cloudy
1598695200;26.0;23.0;0.83;E;5.277777777777778;0.0;1014.8;0.0;Light Rain Shower
1598698800;27.0;23.0;0.79;ESE;4.166666666666667;0.0;1014.8;0.0;Mostly Cloudy
1598702400;28.0;22.0;0.7;ESE;4.166666666666667;0.0;1014.8;0.0;Mostly Cloudy
1598706000;29.0;23.0;0.7;ESE;5.277777777777778;0.0;1014.8;0.0;Partly Cloudy
1598709600;29.0;23.0;0.7;ESE;6.111111111111111;0.0;1014.8;0.0;Mostly Cloudy
1598713200;29.0;23.0;0.7;E;5.277777777777778;0.0;1013.8;0.0;Mostly Cloudy
1598716800;29.0;24.0;0.74;E;4.722222222222222;0.0;1012.8;0.0;Partly Cloudy
1598720400;29.0;23.0;0.7;ESE;4.722222222222222;0.0;1012.8;0.0;Partly Cloudy
1598724000;28.0;22.0;0.7;ESE;6.111111111111111;0.0;1012.8;0.0;Partly Cloudy
1598727600;28.0;22.0;0.7;ESE;5.277777777777778;0.0;1012.8;0.0;Partly Cloudy
1598731200;27.0;22.0;0.74;SE;4.722222222222222;0.0;1012.8;0.0;Partly Cloudy
1598734800;26.0;22.0;0.78;SE;4.166666666666667;0.0;1013.8;0.0;Showers in the Vicinity
1598738400;26.0;21.0;0.74;SE;5.277777777777778;0.0;1012.8;0.0;Showers in the Vicinity
1598742000;26.0;22.0;0.78;SE;5.555555555555555;0.0;1013.8;0.0;Showers in the Vicinity
1598745600;26.0;21.0;0.74;SE;6.111111111111111;0.0;1013.8;0.0;Partly Cloudy
1598749200;26.0;21.0;0.74;SE;6.111111111111111;0.0;1013.8;0.0;Mostly Cloudy
1598752800;26.0;21.0;0.74;SE;5.555555555555555;0.0;1013.8;0.0;Mostly Cloudy
1598756400;26.0;21.0;0.74;SE;4.722222222222222;0.0;1013.8;0.0;Mostly Cloudy
1598760000;26.0;22.0;0.78;SE;4.722222222222222;0.0;1012.8;0.0;Mostly Cloudy
1598763600;26.0;21.0;0.74;SE;5.555555555555555;0.0;1012.8;0.0;Mostly Cloudy
1598767200;26.0;21.0;0.74;SE;5.277777777777778;0.0;1012.8;0.0;Partly Cloudy
1598770800;26.0;22.0;0.78;SE;5.277777777777778;0.0;1012.8;0.0;Mostly Cloudy
1598774400;26.0;22.0;0.78;ESE;6.111111111111111;0.0;1012.8;0.0;Mostly Cloudy
1598778000;26.0;21.0;0.74;ESE;6.111111111111111;0.0;1013.8;0.0;Mostly Cloudy
1598781600;27.0;21.0;0.7;ESE;5.555555555555555;0.0;1013.8;0.0;Mostly Cloudy
1598785200;27.0;21.0;0.7;ESE;6.111111111111111;0.0;1014.8;0.0;Partly Cloudy
1598788800;28.0;20.0;0.62;ESE;7.222222222222222;0.0;1015.79;0.0;Partly Cloudy
1598792400;29.0;20.0;0.58;ESE;7.222222222222222;0.0;1015.79;0.0;Fair
1598796000;29.0;21.0;0.62;SE;5.555555555555555;0.0;1015.79;0.0;Fair
1598799600;29.0;21.0;0.62;SE;3.611111111111111;0.0;1014.8;0.0;Fair
1598803200;29.0;19.0;0.55;SE;4.722222222222222;0.0;1013.8;0.0;Fair
1598806800;28.0;19.0;0.58;SSE;4.722222222222222;0.0;1012.8;0.0;Partly Cloudy
1598810400;28.0;20.0;0.62;SSE;5.555555555555555;0.0;1012.8;0.0;Mostly Cloudy
1598814000;26.0;21.0;0.74;SE;5.277777777777778;0.0;1012.8;0.0;Showers in the Vicinity
1598817600;24.0;22.0;0.89;S;4.166666666666667;0.0;1013.8;0.0;Showers in the Vicinity
1598821200;25.0;22.0;0.83;S;5.277777777777778;0.0;1013.8;0.0;Mostly Cloudy
1598824800;24.0;22.0;0.89;S;3.0555555555555554;0.0;1013.8;0.0;Partly Cloudy
1598828400;24.0;22.0;0.89;SSW;2.5;0.0;1014.8;0.0;Partly Cloudy
1598832000;25.0;21.0;0.78;SSE;6.111111111111111;0.0;1014.8;0.0;Partly Cloudy
1598835600;26.0;21.0;0.74;SSE;5.277777777777778;0.0;1014.8;0.0;Showers in the Vicinity
1598839200;26.0;22.0;0.78;SSE;6.111111111111111;0.0;1014.8;0.0;Light Rain
1599015600;25.0;22.0;0.83;SE;7.777777777777778;0.0;1013.8;0.0;Mostly Cloudy
1599019200;24.0;21.0;0.83;SE;5.555555555555555;0.0;1013.8;0.0;Light Rain
1599022800;25.0;21.0;0.78;SE;5.555555555555555;0.0;1012.8;0.0;Mostly Cloudy
1599026400;25.0;21.0;0.78;SE;6.666666666666666;0.0;1012.8;0.0;Light Rain
1599030000;25.0;21.0;0.78;SE;6.111111111111111;0.0;1012.8;0.0;Mostly Cloudy
1599033600;24.0;20.0;0.78;SE;7.222222222222222;0.0;1013.8;0.0;Mostly Cloudy
1599037200;24.0;20.0;0.78;ESE;3.0555555555555554;0.0;1013.8;0.0;Mostly Cloudy
1599040800;26.0;20.0;0.69;SSE;6.111111111111111;0.0;1014.8;0.0;Showers in the Vicinity
1599044400;27.0;20.0;0.65;SSE;6.111111111111111;0.0;1014.8;0.0;Mostly Cloudy
1599048000;28.0;21.0;0.66;SSE;7.222222222222222;0.0;1015.79;0.0;Mostly Cloudy
1599051600;28.0;21.0;0.66;SSE;8.333333333333334;0.0;1015.79;0.0;Partly Cloudy
1599055200;28.0;21.0;0.66;SSE;8.61111111111111;0.0;1014.8;0.0;Partly Cloudy
1599058800;28.0;22.0;0.7;S;8.333333333333334;0.0;1014.8;0.0;Partly Cloudy
1599062400;28.0;21.0;0.66;SSE;7.777777777777778;0.0;1013.8;0.0;Partly Cloudy
1599066000;28.0;21.0;0.66;SSE;7.222222222222222;0.0;1012.8;0.0;Partly Cloudy
1599069600;27.0;20.0;0.65;SSE;7.222222222222222;0.0;1012.8;0.0;Fair
1599073200;25.0;21.0;0.78;SSE;7.777777777777778;0.0;1012.8;0.0;Mostly Cloudy
1599076800;24.0;21.0;0.83;S;7.222222222222222;0.0;1012.8;0.0;Mostly Cloudy
1599080400;23.0;21.0;0.88;SSW;3.611111111111111;0.0;1012.8;0.0;Mostly Cloudy
1599084000;23.0;21.0;0.88;SSW;2.5;0.0;1013.8;0.0;Partly Cloudy
1599087600;23.0;21.0;0.88;SSW;1.9444444444444444;0.0;1013.8;0.0;Fair
1599091200;23.0;21.0;0.88;SSW;3.0555555555555554;0.0;1013.8;0.0;Showers in the Vicinity
1599094800;23.0;21.0;0.88;SSW;2.5;0.0;1014.8;0.0;Partly Cloudy
1599098400;23.0;21.0;0.88;SSW;1.9444444444444444;0.0;1014.8;0.0;Partly Cloudy
1599102000;23.0;21.0;0.88;SW;2.5;0.0;1013.8;0.0;Partly Cloudy
1599105600;23.0;21.0;0.88;WSW;1.9444444444444444;0.0;1013.8;0.0;Partly Cloudy
1599109200;22.0;20.0;0.88;CALM;0.0;0.0;1012.8;0.0;Partly Cloudy
1599112800;22.0;20.0;0.88;CALM;0.0;0.0;1012.8;0.0;Partly Cloudy
1599116400;22.0;20.0;0.88;S;1.6666666666666665;0.0;1012.8;0.0;Partly Cloudy
1599120000;21.0;20.0;0.94;SSW;3.0555555555555554;0.0;1012.8;0.0;Light Rain
1599123600;22.0;21.0;0.94;SSW;1.9444444444444444;0.0;1012.8;0.0;Mostly Cloudy
1599125400;23.0;21.0;0.88;SE;5.555555555555555;0.0;1013.8;0.0;Light Rain
1599127200;23.0;22.0;0.94;SSE;3.611111111111111;0.0;1013.8;0.0;Mostly Cloudy
1599130800;23.0;22.0;0.94;SE;5.277777777777778;0.0;1014.8;0.0;Showers in the Vicinity
1599134400;24.0;22.0;0.89;SE;2.5;0.0;1014.8;0.0;Light Rain
1599138000;24.0;23.0;0.94;SE;5.555555555555555;0.0;1014.8;0.0;Showers in the Vicinity
1599141600;26.0;22.0;0.78;SSE;6.111111111111111;0.0;1014.8;0.0;Showers in the Vicinity
1599145200;27.0;22.0;0.74;SSE;8.333333333333334;0.0;1013.8;0.0;Mostly Cloudy
1599148800;25.0;21.0;0.78;SSE;9.722222222222221;0.0;1013.8;0.0;Light Rain / Windy
1599152400;27.0;20.0;0.65;ESE;3.611111111111111;0.0;1012.8;0.0;Mostly Cloudy
1599156000;27.0;21.0;0.7;ESE;3.611111111111111;0.0;1012.8;0.0;Mostly Cloudy
1599159600;26.0;20.0;0.69;SE;5.555555555555555;0.0;1012.8;0.0;Mostly Cloudy
1599163200;26.0;20.0;0.69;SE;5.277777777777778;0.0;1012.8;0.0;Partly Cloudy
1599166800;26.0;20.0;0.69;SE;4.722222222222222;0.0;1013.8;0.0;Partly Cloudy
1599170400;25.0;19.0;0.69;SSE;5.555555555555555;0.0;1013.8;0.0;Partly Cloudy
1599174000;25.0;22.0;0.83;SE;5.555555555555555;0.0;1013.8;0.0;Partly Cloudy
1599177600;25.0;21.0;0.78;SE;6.666666666666666;0.0;1014.8;0.0;Mostly Cloudy
1599181200;24.0;22.0;0.89;SSE;5.555555555555555;0.0;1015.79;0.0;Mostly Cloudy
1599184800;23.0;21.0;0.88;SE;4.722222222222222;0.0;1014.8;0.0;Light Rain
1599186300;23.0;21.0;0.88;ESE;1.9444444444444444;0.0;1014.8;0.0;Showers in the Vicinity
1599188400;23.0;21.0;0.88;SE;4.722222222222222;0.0;1014.8;0.0;Showers in the Vicinity
1599192000;24.0;22.0;0.89;SE;1.9444444444444444;0.0;1013.8;0.0;Showers in the Vicinity
1599195600;25.0;21.0;0.78;SE;5.277777777777778;0.0;1013.8;0.0;Mostly Cloudy
1599199200;25.0;21.0;0.78;SSE;5.277777777777778;0.0;1013.8;0.0;Partly Cloudy
1599202800;25.0;21.0;0.78;SE;6.111111111111111;0.0;1013.8;0.0;Mostly Cloudy
1599206400;25.0;20.0;0.74;SE;6.111111111111111;0.0;1013.8;0.0;Partly Cloudy
1599210000;25.0;19.0;0.69;SE;7.222222222222222;0.0;1014.8;0.0;Partly Cloudy
1599213600;26.0;19.0;0.65;SE;5.555555555555555;0.0;1015.79;0.0;Mostly Cloudy
1599217200;26.0;20.0;0.69;SE;6.111111111111111;0.0;1015.79;0.0;Mostly Cloudy
1599220800;28.0;20.0;0.62;SE;5.555555555555555;0.0;1016.79;0.0;Mostly Cloudy
1599224400;28.0;19.0;0.58;SE;6.666666666666666;0.0;1016.79;0.0;Partly Cloudy
1599228000;28.0;21.0;0.66;SSE;7.777777777777778;0.0;1016.79;0.0;Partly Cloudy
1599231600;28.0;21.0;0.66;SSE;7.222222222222222;0.0;1015.79;0.0;Partly Cloudy
1599235200;28.0;20.0;0.62;SSE;6.666666666666666;0.0;1014.8;0.0;Partly Cloudy
1599238800;28.0;20.0;0.62;SSE;6.666666666666666;0.0;1014.8;0.0;Partly Cloudy
1599242400;28.0;20.0;0.62;SSE;6.111111111111111;0.0;1013.8;0.0;Partly Cloudy
1599246000;27.0;20.0;0.65;SSE;6.111111111111111;0.0;1014.8;0.0;Partly Cloudy
1599249600;26.0;20.0;0.69;SSE;8.333333333333334;0.0;1014.8;0.0;Showers in the Vicinity
1599253200;26.0;21.0;0.74;ESE;4.166666666666667;0.0;1014.8;0.0;Showers in the Vicinity
1599256800;26.0;19.0;0.65;SSE;6.111111111111111;0.0;1015.79;0.0;Partly Cloudy
1599260400;26.0;19.0;0.65;SE;5.555555555555555;0.0;1015.79;0.0;Partly Cloudy
1599264000;25.0;19.0;0.69;SE;5.555555555555555;0.0;1015.79;0.0;Partly Cloudy
1599267600;26.0;19.0;0.65;SE;4.722222222222222;0.0;1016.79;0.0;Fair
1599271200;25.0;19.0;0.69;SE;5.277777777777778;0.0;1016.79;0.0;Fair
1599361200;25.0;19.0;0.69;SE;5.277777777777778;0.0;1014.8;0.0;Partly Cloudy
1599364800;25.0;19.0;0.69;SSE;5.555555555555555;0.0;1013.8;0.0;Partly Cloudy
1599368400;24.0;18.0;0.69;SSE;4.166666666666667;0.0;1012.8;0.0;Fair
1599372000;24.0;19.0;0.73;S;3.0555555555555554;0.0;1012.8;0.0;Mostly Cloudy
1599375600;23.0;19.0;0.78;SSE;3.0555555555555554;0.0;1012.8;0.0;Mostly Cloudy
1599379200;23.0;19.0;0.78;SW;1.9444444444444444;0.0;1012.8;0.0;Mostly Cloudy
1599382800;24.0;19.0;0.73;SSE;5.555555555555555;0.0;1013.8;0.0;Partly Cloudy
1599386400;26.0;18.0;0.61;SE;4.722222222222222;0.0;1013.8;0.0;Partly Cloudy
1599390000;26.0;19.0;0.65;ESE;5.277777777777778;0.0;1014.8;0.0;Showers in the Vicinity
1599393600;27.0;17.0;0.54;ESE;5.277777777777778;0.0;1014.8;0.0;Mostly Cloudy
1599397200;28.0;19.0;0.58;SSE;5.277777777777778;0.0;1014.8;0.0;Partly Cloudy
1599400800;27.0;20.0;0.65;SSE;5.277777777777778;0.0;1013.8;0.0;Partly Cloudy
1599404400;28.0;19.0;0.58;SE;6.111111111111111;0.0;1012.8;0.0;Fair
1599408000;29.0;18.0;0.51;SSE;5.555555555555555;0.0;1011.8;0.0;Fair
1599411600;28.0;18.0;0.54;SE;6.666666666666666;0.0;1011.8;0.0;Fair
1599415200;28.0;18.0;0.54;SE;6.111111111111111;0.0;1010.8;0.0;Fair
1599418800;27.0;19.0;0.61;SE;6.666666666666666;0.0;1011.8;0.0;Fair
1599422400;26.0;20.0;0.69;SSE;6.111111111111111;0.0;1011.8;0.0;Partly Cloudy
1599426000;26.0;20.0;0.69;SSE;4.722222222222222;0.0;1011.8;0.0;Partly Cloudy
1599429600;25.0;19.0;0.69;SE;3.611111111111111;0.0;1011.8;0.0;Fair
1599433200;25.0;19.0;0.69;SSE;4.722222222222222;0.0;1012.8;0.0;Fair
1599436800;25.0;19.0;0.69;SSE;4.722222222222222;0.0;1012.8;0.0;Partly Cloudy
1599440400;25.0;19.0;0.69;SSE;4.722222222222222;0.0;1012.8;0.0;Mostly Cloudy
1599444000;25.0;19.0;0.69;SE;4.722222222222222;0.0;1012.8;0.0;Partly Cloudy
1599447600;25.0;19.0;0.69;SE;4.166666666666667;0.0;1012.8;0.0;Partly Cloudy
1599451200;24.0;19.0;0.73;SW;1.9444444444444444;0.0;1011.8;0.0;Mostly Cloudy
1599454800;23.0;19.0;0.78;SW;1.9444444444444444;0.0;1011.8;0.0;Partly Cloudy
1599458400;22.0;20.0;0.88;WNW;1.6666666666666665;0.0;1011.8;0.0;Partly Cloudy
1599462000;22.0;19.0;0.83;NW;0.5555555555555556;0.0;1011.8;0.0;Partly Cloudy
1599465600;22.0;20.0;0.88;NNE;1.6666666666666665;0.0;1011.8;0.0;Mostly Cloudy
1599469200;22.0;20.0;0.88;WSW;1.1111111111111112;0.0;1012.8;0.0;Mostly Cloudy
1599472800;23.0;20.0;0.83;SW;1.6666666666666665;0.0;1012.8;0.0;Mostly Cloudy
1599476400;25.0;22.0;0.83;SSW;1.9444444444444444;0.0;1012.8;0.0;Partly Cloudy
1599480000;27.0;19.0;0.61;SE;4.722222222222222;0.0;1013.8;0.0;Partly Cloudy
1599483600;28.0;21.0;0.66;SE;5.277777777777778;0.0;1013.8;0.0;Partly Cloudy
1599487200;28.0;20.0;0.62;SE;5.277777777777778;0.0;1012.8;0.0;Partly Cloudy
1599490800;28.0;20.0;0.62;SE;5.277777777777778;0.0;1011.8;0.0;Partly Cloudy
1599494400;28.0;20.0;0.62;SE;5.555555555555555;0.0;1010.8;0.0;Partly Cloudy
1599498000;28.0;20.0;0.62;SE;5.277777777777778;0.0;1010.8;0.0;Partly Cloudy
1599501600;27.0;20.0;0.65;SE;5.277777777777778;0.0;1009.8;0.0;Partly Cloudy
1599505200;27.0;20.0;0.65;SE;4.166666666666667;0.0;1010.8;0.0;Partly Cloudy
1599508800;26.0;20.0;0.69;SSE;4.166666666666667;0.0;1010.8;0.0;Partly Cloudy
1599512400;26.0;20.0;0.69;SE;4.166666666666667;0.0;1010.8;0.0;Partly Cloudy
1599516000;25.0;20.0;0.74;SSE;4.722222222222222;0.0;1011.8;0.0;Partly Cloudy
1599519600;25.0;20.0;0.74;SSE;4.166666666666667;0.0;1011.8;0.0;Fair
1599523200;25.0;20.0;0.74;SE;5.277777777777778;0.0;1012.8;0.0;Partly Cloudy
1599526800;25.0;19.0;0.69;SE;4.166666666666667;0.0;1012.8;0.0;Partly Cloudy
1599530400;25.0;20.0;0.74;SE;4.166666666666667;0.0;1012.8;0.0;Mostly Cloudy
1599534000;25.0;20.0;0.74;SE;4.722222222222222;0.0;1012.8;0.0;Mostly Cloudy
1599537600;25.0;20.0;0.74;SE;4.722222222222222;0.0;1011.8;0.0;Partly Cloudy
1599541200;25.0;19.0;0.69;SE;4.166666666666667;0.0;1010.8;0.0;Fair
1599544800;25.0;20.0;0.74;SE;4.166666666666667;0.0;1010.8;0.0;Mostly Cloudy
1599548400;25.0;19.0;0.69;SE;4.166666666666667;0.0;1011.8;0.0;Partly Cloudy
1599552000;25.0;20.0;0.74;SE;4.166666666666667;0.0;1011.8;0.0;Partly Cloudy
1599555600;26.0;20.0;0.69;ESE;3.0555555555555554;0.0;1011.8;0.0;Partly Cloudy
1599559200;27.0;19.0;0.61;ESE;4.722222222222222;0.0;1012.8;0.0;Partly Cloudy
1599562800;27.0;19.0;0.61;ESE;4.722222222222222;0.0;1013.8;0.0;Partly Cloudy
1599566400;28.0;20.0;0.62;SE;4.722222222222222;0.0;1013.8;0.0;Fair
1599570000;28.0;19.0;0.58;ESE;4.722222222222222;0.0;1013.8;0.0;Fair
1599573600;28.0;20.0;0.62;ESE;5.555555555555555;0.0;1012.8;0.0;Fair
1599577200;28.0;20.0;0.62;ESE;4.722222222222222;0.0;1012.8;0.0;Fair
1599580800;28.0;20.0;0.62;ESE;5.277777777777778;0.0;1011.8;0.0;Fair
1599584400;28.0;20.0;0.62;ESE;4.722222222222222;0.0;1011.8;0.0;Partly Cloudy
1599588000;28.0;21.0;0.66;SE;4.166666666666667;0.0;1011.8;0.0;Partly Cloudy
1599591600;27.0;21.0;0.7;SE;5.277777777777778;0.0;1011.8;0.0;Mostly Cloudy
1599595200;27.0;21.0;0.7;SE;4.722222222222222;0.0;1011.8;0.0;Mostly Cloudy
1599598800;26.0;21.0;0.74;SE;4.166666666666667;0.0;1012.8;0.0;Mostly Cloudy
1599602400;26.0;21.0;0.74;SE;4.166666666666667;0.0;1013.8;0.0;Partly Cloudy
1599606000;26.0;21.0;0.74;SE;4.166666666666667;0.0;1013.8;0.0;Partly Cloudy
1599609600;25.0;21.0;0.78;SE;3.611111111111111;0.0;1014.8;0.0;Partly Cloudy
1599613200;26.0;21.0;0.74;SE;4.722222222222222;0.0;1014.8;0.0;Partly Cloudy
1599616800;26.0;21.0;0.74;SE;4.166666666666667;0.0;1014.8;0.0;Partly Cloudy
1599706800;26.0;21.0;0.74;SE;4.722222222222222;0.0;1016.79;0.0;Partly Cloudy
1599710400;26.0;21.0;0.74;SE;4.722222222222222;0.0;1015.79;0.0;Partly Cloudy
1599714000;26.0;21.0;0.74;SE;5.555555555555555;0.0;1014.8;0.0;Partly Cloudy
1599717600;26.0;21.0;0.74;ESE;5.555555555555555;0.0;1014.8;0.0;Partly Cloudy
1599721200;26.0;21.0;0.74;SE;5.555555555555555;0.0;1014.8;0.0;Partly Cloudy
1599724800;25.0;21.0;0.78;SE;5.277777777777778;0.0;1015.79;0.0;Partly Cloudy
1599728400;26.0;21.0;0.74;SE;5.277777777777778;0.0;1015.79;0.0;Partly Cloudy
1599732000;26.0;21.0;0.74;SE;5.555555555555555;0.0;1016.79;0.0;Mostly Cloudy
1599735600;27.0;21.0;0.7;SE;6.111111111111111;0.0;1017.79;0.0;Partly Cloudy
1599739200;28.0;21.0;0.66;SE;6.111111111111111;0.0;1017.79;0.0;Partly Cloudy
1599742800;28.0;21.0;0.66;SE;6.111111111111111;0.0;1017.79;0.0;Partly Cloudy
1599746400;28.0;22.0;0.7;SE;6.111111111111111;0.0;1016.79;0.0;Partly Cloudy
1599750000;29.0;23.0;0.7;SSE;7.222222222222222;0.0;1015.79;0.0;Partly Cloudy
1599753600;29.0;22.0;0.66;SSE;7.222222222222222;0.0;1015.79;0.0;Partly Cloudy
1599757200;28.0;22.0;0.7;SE;6.111111111111111;0.0;1014.8;0.0;Mostly Cloudy
1599760800;28.0;22.0;0.7;SE;6.111111111111111;0.0;1014.8;0.0;Mostly Cloudy
1599764400;27.0;21.0;0.7;SE;6.666666666666666;0.0;1013.8;0.0;Partly Cloudy
1599768000;26.0;21.0;0.74;SSE;6.111111111111111;0.0;1013.8;0.0;Partly Cloudy
1599771600;26.0;22.0;0.78;SE;6.666666666666666;0.0;1013.8;0.0;Light Rain Shower
1599775200;26.0;21.0;0.74;SE;7.222222222222222;0.0;1014.8;0.0;Showers in the Vicinity
1599778800;26.0;21.0;0.74;SE;6.666666666666666;0.0;1014.8;0.0;Mostly Cloudy
1599782400;26.0;21.0;0.74;SE;7.222222222222222;0.0;1015.79;0.0;Mostly Cloudy
1599786000;26.0;20.0;0.69;SE;6.111111111111111;0.0;1015.79;0.0;Partly Cloudy
1599789600;26.0;20.0;0.69;SE;6.111111111111111;0.0;1015.79;0.0;Partly Cloudy
1599793200;26.0;20.0;0.69;SE;5.277777777777778;0.0;1014.8;0.0;Partly Cloudy
1599796800;25.0;20.0;0.74;SE;4.722222222222222;0.0;1013.8;0.0;Partly Cloudy
1599800400;25.0;20.0;0.74;SSE;5.277777777777778;0.0;1012.8;0.0;Partly Cloudy
1599804000;25.0;21.0;0.78;SE;5.277777777777778;0.0;1012.8;0.0;Partly Cloudy
1599807600;25.0;21.0;0.78;SE;5.277777777777778;0.0;1012.8;0.0;Partly Cloudy
1599811200;25.0;20.0;0.74;SE;5.555555555555555;0.0;1013.8;0.0;Partly Cloudy
1599814800;26.0;21.0;0.74;SE;5.555555555555555;0.0;1013.8;0.0;Mostly Cloudy
1599818400;26.0;20.0;0.69;SE;7.222222222222222;0.0;1013.8;0.0;Mostly Cloudy
1599822000;27.0;20.0;0.65;SSE;7.222222222222222;0.0;1014.8;0.0;Partly Cloudy
1599825600;28.0;21.0;0.66;SSE;8.61111111111111;0.0;1014.8;0.0;Partly Cloudy
1599829200;27.0;20.0;0.65;SSE;8.333333333333334;0.0;1014.8;0.0;Mostly Cloudy
1599832800;28.0;19.0;0.58;SE;7.222222222222222;0.0;1013.8;0.0;Partly Cloudy
1599836400;28.0;19.0;0.58;SE;8.61111111111111;0.0;1013.8;0.0;Fair
1599840000;28.0;19.0;0.58;SE;8.61111111111111;0.0;1012.8;0.0;Mostly Cloudy
1599843600;28.0;20.0;0.62;SSE;7.777777777777778;0.0;1011.8;0.0;Mostly Cloudy
1599847200;28.0;20.0;0.62;SSE;8.333333333333334;0.0;1011.8;0.0;Mostly Cloudy
1599850800;27.0;20.0;0.65;SSE;7.777777777777778;0.0;1012.8;0.0;Mostly Cloudy
1599854400;26.0;19.0;0.65;SSE;6.666666666666666;0.0;1012.8;0.0;Mostly Cloudy
1599858000;26.0;20.0;0.69;SSE;6.666666666666666;0.0;1012.8;0.0;Mostly Cloudy
1599861600;26.0;19.0;0.65;SE;6.111111111111111;0.0;1013.8;0.0;Mostly Cloudy
1599865200;26.0;19.0;0.65;SE;6.111111111111111;0.0;1014.8;0.0;Mostly Cloudy
1599868800;26.0;19.0;0.65;SE;6.666666666666666;0.0;1014.8;0.0;Mostly Cloudy
1599872400;26.0;19.0;0.65;SE;6.111111111111111;0.0;1014.8;0.0;Mostly Cloudy
1599876000;25.0;19.0;0.69;SSE;6.111111111111111;0.0;1014.8;0.0;Mostly Cloudy
1599879600;25.0;19.0;0.69;SE;4.722222222222222;0.0;1013.8;0.0;Partly Cloudy
1599883200;25.0;20.0;0.74;SE;4.722222222222222;0.0;1013.8;0.0;Mostly Cloudy
1599886800;25.0;20.0;0.74;SE;4.166666666666667;0.0;1012.8;0.0;Partly Cloudy
1599890400;25.0;19.0;0.69;SSE;6.111111111111111;0.0;1012.8;0.0;Mostly Cloudy
1599894000;25.0;19.0;0.69;SE;5.277777777777778;0.0;1012.8;0.0;Mostly Cloudy
1599897600;25.0;19.0;0.69;SE;5.277777777777778;0.0;1013.8;0.0;Mostly Cloudy
1599901200;26.0;19.0;0.65;SE;5.555555555555555;0.0;1013.8;0.0;Mostly Cloudy
1599904800;26.0;19.0;0.65;SE;6.666666666666666;0.0;1014.8;0.0;Partly Cloudy
1599908400;27.0;19.0;0.61;SE;6.666666666666666;0.0;1015.79;0.0;Fair
1599912000;27.0;19.0;0.61;SE;7.222222222222222;0.0;1015.79;0.0;Mostly Cloudy
1599915600;28.0;19.0;0.58;SSE;8.333333333333334;0.0;1015.79;0.0;Fair
1599919200;28.0;19.0;0.58;SE;7.777777777777778;0.0;1014.8;0.0;Fair
1599922800;29.0;19.0;0.55;SSE;7.222222222222222;0.0;1014.8;0.0;Fair
1599926400;28.0;20.0;0.62;SSE;7.222222222222222;0.0;1013.8;0.0;Fair
1599930000;28.0;19.0;0.58;SE;6.666666666666666;0.0;1012.8;0.0;Fair
1599933600;28.0;19.0;0.58;SE;7.222222222222222;0.0;1012.8;0.0;Partly Cloudy
1599937200;27.0;19.0;0.61;SSE;6.666666666666666;0.0;1012.8;0.0;Partly Cloudy
1599940800;26.0;19.0;0.65;SE;5.277777777777778;0.0;1012.8;0.0;Partly Cloudy
1599944400;26.0;20.0;0.69;SSE;5.555555555555555;0.0;1013.8;0.0;Partly Cloudy
1599948000;26.0;19.0;0.65;SE;5.277777777777778;0.0;1013.8;0.0;Partly Cloudy
1599951600;26.0;19.0;0.65;SE;5.277777777777778;0.0;1014.8;0.0;Partly Cloudy
1599955200;26.0;19.0;0.65;SE;5.277777777777778;0.0;1014.8;0.0;Mostly Cloudy
1599958800;26.0;19.0;0.65;SE;5.555555555555555;0.0;1015.79;0.0;Mostly Cloudy
1599962400;25.0;20.0;0.74;SSE;5.277777777777778;0.0;1015.79;0.0;Partly Cloudy
1599966000;25.0;20.0;0.74;SE;5.277777777777778;0.0;1014.8;0.0;Mostly Cloudy
1599969600;25.0;20.0;0.74;SE;5.277777777777778;0.0;1014.8;0.0;Partly Cloudy
1599973200;25.0;19.0;0.69;ESE;5.277777777777778;0.0;1013.8;0.0;Light Rain Shower
1599976800;26.0;19.0;0.65;SE;7.222222222222222;0.0;1013.8;0.0;Mostly Cloudy
1599980400;25.0;19.0;0.69;SE;7.222222222222222;0.0;1013.8;0.0;Partly Cloudy
1599984000;25.0;19.0;0.69;SE;4.722222222222222;0.0;1014.8;0.0;Partly Cloudy
1599987600;26.0;19.0;0.65;SE;5.555555555555555;0.0;1014.8;0.0;Partly Cloudy
1599991200;26.0;19.0;0.65;SE;4.722222222222222;0.0;1015.79;0.0;Partly Cloudy
1599994800;27.0;19.0;0.61;SE;5.555555555555555;0.0;1016.79;0.0;Partly Cloudy
1599998400;27.0;20.0;0.65;SE;5.555555555555555;0.0;1016.79;0.0;Partly Cloudy
1600002000;28.0;20.0;0.62;SE;6.111111111111111;0.0;1016.79;0.0;Partly Cloudy
1600005600;29.0;20.0;0.58;SE;6.111111111111111;0.0;1015.79;0.0;Partly Cloudy
1600009200;29.0;20.0;0.58;SE;5.555555555555555;0.0;1015.79;0.0;Partly Cloudy
1600012800;29.0;20.0;0.58;SE;5.555555555555555;0.0;1014.8;0.0;Partly Cloudy
1600016400;29.0;20.0;0.58;VAR;5.555555555555555;0.0;1014.8;0.0;Partly Cloudy
1600020000;28.0;20.0;0.62;SE;6.111111111111111;0.0;1013.8;0.0;Partly Cloudy
1600023600;27.0;20.0;0.65;SE;4.722222222222222;0.0;1013.8;0.0;Fair
1600027200;27.0;20.0;0.65;ESE;3.611111111111111;0.0;1014.8;0.0;Fair
1600030800;26.0;20.0;0.69;ESE;3.611111111111111;0.0;1014.8;0.0;Fair
1600034400;26.0;20.0;0.69;SE;4.166666666666667;0.0;1015.79;0.0;Partly Cloudy
1600038000;26.0;20.0;0.69;ESE;3.0555555555555554;0.0;1015.79;0.0;Partly Cloudy
1600041600;26.0;21.0;0.74;ESE;3.611111111111111;0.0;1016.79;0.0;Partly Cloudy
1600045200;26.0;21.0;0.74;SE;3.0555555555555554;0.0;1016.79;0.0;Partly Cloudy
1600048800;26.0;21.0;0.74;ESE;3.611111111111111;0.0;1015.79;0.0;Partly Cloudy
1600052400;23.0;21.0;0.88;E;6.666666666666666;0.0;1015.79;0.0;Light Rain
1600056000;24.0;22.0;0.89;SSE;3.0555555555555554;0.0;1014.8;0.0;Partly Cloudy
1600059600;24.0;22.0;0.89;SE;2.5;0.0;1013.8;0.0;Partly Cloudy
1600063200;25.0;22.0;0.83;SE;2.5;0.0;1014.8;0.0;Partly Cloudy
1600066800;25.0;21.0;0.78;SE;3.611111111111111;0.0;1014.8;0.0;Mostly Cloudy
1600070400;23.0;21.0;0.88;SSE;1.6666666666666665;0.0;1014.8;0.0;Mostly Cloudy
1600074000;25.0;21.0;0.78;ESE;5.277777777777778;0.0;1015.79;0.0;Mostly Cloudy
1600077600;26.0;21.0;0.74;ESE;4.722222222222222;0.0;1015.79;0.0;Mostly Cloudy
1600081200;27.0;21.0;0.7;ESE;5.277777777777778;0.0;1016.79;0.0;Mostly Cloudy
1600084800;28.0;21.0;0.66;ESE;6.111111111111111;0.0;1017.79;0.0;Mostly Cloudy
1600088400;28.0;21.0;0.66;ESE;6.666666666666666;0.0;1017.79;0.0;Mostly Cloudy
1600092000;28.0;21.0;0.66;ESE;6.111111111111111;0.0;1016.79;0.0;Partly Cloudy
1600095600;29.0;22.0;0.66;ESE;5.277777777777778;0.0;1015.79;0.0;Partly Cloudy
1600099200;28.0;21.0;0.66;ESE;5.277777777777778;0.0;1014.8;0.0;Mostly Cloudy
1600102800;28.0;22.0;0.7;ESE;5.277777777777778;0.0;1014.8;0.0;Mostly Cloudy
1600106400;28.0;21.0;0.66;ESE;5.555555555555555;0.0;1013.8;0.0;Partly Cloudy
1600110000;27.0;21.0;0.7;SE;5.555555555555555;0.0;1013.8;0.0;Mostly Cloudy
1600113600;26.0;22.0;0.78;SE;6.666666666666666;0.0;1014.8;0.0;Partly Cloudy
1600117200;25.0;21.0;0.78;SE;5.555555555555555;0.0;1014.8;0.0;Mostly Cloudy
1600120800;25.0;21.0;0.78;SSE;4.166666666666667;0.0;1015.79;0.0;Mostly Cloudy
1600124400;26.0;20.0;0.69;ESE;5.277777777777778;0.0;1015.79;0.0;Mostly Cloudy
1600128000;26.0;21.0;0.74;ESE;4.722222222222222;0.0;1015.79;0.0;Mostly Cloudy
1600131600;26.0;20.0;0.69;SE;3.611111111111111;0.0;1016.79;0.0;Mostly Cloudy
1600135200;26.0;21.0;0.74;SE;4.722222222222222;0.0;1015.79;0.0;Mostly Cloudy
1600138800;25.0;22.0;0.83;SE;3.611111111111111;0.0;1015.79;0.0;Mostly Cloudy
1600142400;25.0;21.0;0.78;SE;4.722222222222222;0.0;1014.8;0.0;Mostly Cloudy
1600146000;26.0;21.0;0.74;SE;5.277777777777778;0.0;1014.8;0.0;Mostly Cloudy
1600149600;26.0;21.0;0.74;SE;4.722222222222222;0.0;1014.8;0.0;Partly Cloudy
1600153200;25.0;21.0;0.78;ESE;4.166666666666667;0.0;1013.8;0.0;Partly Cloudy
1600156800;25.0;21.0;0.78;ESE;3.611111111111111;0.0;1014.8;0.0;Partly Cloudy
1600160400;26.0;21.0;0.74;ESE;3.0555555555555554;0.0;1014.8;0.0;Mostly Cloudy
1600164000;27.0;21.0;0.7;ESE;4.722222222222222;0.0;1015.79;0.0;Mostly Cloudy
1600167600;27.0;22.0;0.74;SE;5.277777777777778;0.0;1015.79;0.0;Partly Cloudy
1600171200;28.0;22.0;0.7;SE;5.555555555555555;0.0;1015.79;0.0;Mostly Cloudy
1600174800;28.0;21.0;0.66;ESE;6.111111111111111;0.0;1016.79;0.0;Mostly Cloudy
1600178400;28.0;22.0;0.7;ESE;6.111111111111111;0.0;1015.79;0.0;Mostly Cloudy
1600182000;28.0;22.0;0.7;ESE;5.555555555555555;0.0;1014.8;0.0;Partly Cloudy
1600185600;29.0;21.0;0.62;ESE;4.722222222222222;0.0;1014.8;0.0;Partly Cloudy
1600189200;28.0;22.0;0.7;SE;6.666666666666666;0.0;1013.8;0.0;Partly Cloudy
1600192800;28.0;21.0;0.66;SE;6.666666666666666;0.0;1013.8;0.0;Partly Cloudy
1600196400;27.0;21.0;0.7;SSE;5.555555555555555;0.0;1013.8;0.0;Partly Cloudy
1600200000;26.0;21.0;0.74;SSE;6.111111111111111;0.0;1013.8;0.0;Mostly Cloudy
1600203600;26.0;21.0;0.74;SE;4.722222222222222;0.0;1013.8;0.0;Partly Cloudy
1600207200;26.0;21.0;0.74;ESE;3.611111111111111;0.0;1014.8;0.0;Partly Cloudy
1600210800;26.0;21.0;0.74;SE;5.277777777777778;0.0;1014.8;0.0;Partly Cloudy
1600214400;26.0;21.0;0.74;SE;5.277777777777778;0.0;1015.79;0.0;Partly Cloudy
1600218000;26.0;21.0;0.74;SE;5.555555555555555;0.0;1015.79;0.0;Partly Cloudy
1600221600;26.0;21.0;0.74;SE;6.111111111111111;0.0;1015.79;0.0;Partly Cloudy
1600311600;25.0;20.0;0.74;S;2.5;0.0;1014.8;0.0;Mostly Cloudy
1600315200;23.0;20.0;0.83;SW;2.5;0.0;1013.8;0.0;Mostly Cloudy
1600318800;23.0;20.0;0.83;SSW;3.611111111111111;0.0;1013.8;0.0;Mostly Cloudy
1600322400;23.0;19.0;0.78;SSW;3.0555555555555554;0.0;1012.8;0.0;Mostly Cloudy
1600326000;23.0;19.0;0.78;SSW;3.0555555555555554;0.0;1012.8;0.0;Mostly Cloudy
1600329600;22.0;19.0;0.83;SSW;1.9444444444444444;0.0;1013.8;0.0;Partly Cloudy
1600333200;22.0;19.0;0.83;SSW;1.9444444444444444;0.0;1014.8;0.0;Partly Cloudy
1600336800;23.0;20.0;0.83;SW;3.0555555555555554;0.0;1014.8;0.0;Mostly Cloudy
1600340400;26.0;20.0;0.69;SSW;4.166666666666667;0.0;1014.8;0.0;Partly Cloudy
1600344000;28.0;22.0;0.7;SSE;4.722222222222222;0.0;1015.79;0.0;Partly Cloudy
1600347600;28.0;21.0;0.66;SSE;6.111111111111111;0.0;1015.79;0.0;Partly Cloudy
1600351200;29.0;21.0;0.62;SE;5.555555555555555;0.0;1014.8;0.0;Partly Cloudy
1600354800;29.0;20.0;0.58;SSE;6.111111111111111;0.0;1013.8;0.0;Partly Cloudy
1600358400;28.0;20.0;0.62;SSE;5.555555555555555;0.0;1012.8;0.0;Partly Cloudy
1600362000;29.0;20.0;0.58;SE;6.111111111111111;0.0;1011.8;0.0;Partly Cloudy
1600365600;28.0;20.0;0.62;SE;6.666666666666666;0.0;1011.8;0.0;Partly Cloudy
1600369200;27.0;20.0;0.65;SSE;7.222222222222222;0.0;1011.8;0.0;Partly Cloudy
1600372800;26.0;20.0;0.69;SE;6.666666666666666;0.0;1011.8;0.0;Partly Cloudy
1600376400;26.0;20.0;0.69;SSE;5.555555555555555;0.0;1012.8;0.0;Partly Cloudy
1600380000;26.0;19.0;0.65;SE;4.722222222222222;0.0;1012.8;0.0;Partly Cloudy
1600383600;25.0;20.0;0.74;SSE;4.722222222222222;0.0;1013.8;0.0;Partly Cloudy
1600387200;25.0;20.0;0.74;SE;4.166666666666667;0.0;1014.8;0.0;Partly Cloudy
1600390800;25.0;20.0;0.74;SE;4.722222222222222;0.0;1014.8;0.0;Partly Cloudy
1600394400;25.0;20.0;0.74;SE;3.611111111111111;0.0;1014.8;0.0;Partly Cloudy
1600398000;24.0;20.0;0.78;SSW;1.9444444444444444;0.0;1013.8;0.0;Partly Cloudy
1600401600;23.0;20.0;0.83;SSW;1.6666666666666665;0.0;1012.8;0.0;Partly Cloudy
1600405200;23.0;20.0;0.83;SSW;1.6666666666666665;0.0;1012.8;0.0;Partly Cloudy
1600408800;22.0;20.0;0.88;VAR;1.1111111111111112;0.0;1012.8;0.0;Partly Cloudy
1600412400;22.0;20.0;0.88;VAR;1.1111111111111112;0.0;1012.8;0.0;Partly Cloudy
1600416000;22.0;19.0;0.83;CALM;0.0;0.0;1012.8;0.0;Partly Cloudy
1600419600;22.0;20.0;0.88;VAR;1.1111111111111112;0.0;1013.8;0.0;Partly Cloudy
1600423200;23.0;20.0;0.83;SW;1.6666666666666665;0.0;1014.8;0.0;Partly Cloudy
1600426800;26.0;22.0;0.78;SSW;2.5;0.0;1014.8;0.0;Fair
1600430400;28.0;21.0;0.66;SSE;4.166666666666667;0.0;1014.8;0.0;Partly Cloudy
1600434000;28.0;21.0;0.66;SE;4.166666666666667;0.0;1014.8;0.0;Partly Cloudy
1600437600;28.0;21.0;0.66;SE;5.277777777777778;0.0;1013.8;0.0;Partly Cloudy
1600441200;29.0;22.0;0.66;SE;4.722222222222222;0.0;1013.8;0.0;Partly Cloudy
1600444800;29.0;22.0;0.66;SE;4.166666666666667;0.0;1012.8;0.0;Partly Cloudy
1600448400;28.0;21.0;0.66;SE;4.722222222222222;0.0;1011.8;0.0;Partly Cloudy
1600452000;27.0;21.0;0.7;SE;5.277777777777778;0.0;1011.8;0.0;Partly Cloudy
1600455600;27.0;21.0;0.7;ESE;4.166666666666667;0.0;1011.8;0.0;Partly Cloudy
1600459200;27.0;21.0;0.7;ESE;3.611111111111111;0.0;1011.8;0.0;Partly Cloudy
1600462800;27.0;20.0;0.65;E;4.166666666666667;0.0;1012.8;0.0;Fair
1600466400;26.0;20.0;0.69;ESE;4.166666666666667;0.0;1012.8;0.0;Partly Cloudy
1600470000;26.0;20.0;0.69;ESE;4.722222222222222;0.0;1013.8;0.0;Partly Cloudy
1600473600;26.0;20.0;0.69;ESE;3.611111111111111;0.0;1014.8;0.0;Mostly Cloudy
1600477200;26.0;20.0;0.69;ESE;3.611111111111111;0.0;1014.8;0.0;Partly Cloudy
1600480800;26.0;20.0;0.69;E;3.611111111111111;0.0;1013.8;0.0;Partly Cloudy
1600657200;26.0;22.0;0.78;E;3.611111111111111;0.0;1012.8;0.0;Partly Cloudy
1600660800;26.0;21.0;0.74;ENE;3.0555555555555554;0.0;1012.8;0.0;Partly Cloudy
1600664400;26.0;22.0;0.78;ENE;2.5;0.0;1012.8;0.0;Partly Cloudy
1600668000;26.0;22.0;0.78;E;2.5;0.0;1011.8;0.0;Partly Cloudy
1600671600;26.0;21.0;0.74;ENE;2.5;0.0;1012.8;0.0;Partly Cloudy
1600675200;26.0;22.0;0.78;E;2.5;0.0;1012.8;0.0;Mostly Cloudy
1600678800;26.0;22.0;0.78;E;4.166666666666667;0.0;1013.8;0.0;Mostly Cloudy
1600682400;27.0;22.0;0.74;ENE;4.166666666666667;0.0;1013.8;0.0;Mostly Cloudy
1600686000;28.0;22.0;0.7;ENE;4.722222222222222;0.0;1014.8;0.0;Mostly Cloudy
1600689600;29.0;23.0;0.7;E;4.166666666666667;0.0;1015.79;0.0;Partly Cloudy
1600693200;29.0;22.0;0.66;E;5.277777777777778;0.0;1014.8;0.0;Partly Cloudy
1600696800;29.0;22.0;0.66;E;5.277777777777778;0.0;1014.8;0.0;Partly Cloudy
1600700400;29.0;22.0;0.66;E;5.555555555555555;0.0;1013.8;0.0;Partly Cloudy
1600704000;29.0;22.0;0.66;E;4.722222222222222;0.0;1012.8;0.0;Partly Cloudy
1600707600;28.0;22.0;0.7;E;5.277777777777778;0.0;1012.8;0.0;Partly Cloudy
1600711200;28.0;22.0;0.7;ENE;4.166666666666667;0.0;1012.8;0.0;Partly Cloudy
1600714800;28.0;23.0;0.74;E;3.611111111111111;0.0;1012.8;0.0;Mostly Cloudy
1600718400;27.0;22.0;0.74;ENE;3.611111111111111;0.0;1012.8;0.0;Partly Cloudy
1600722000;27.0;22.0;0.74;E;3.611111111111111;0.0;1012.8;0.0;Partly Cloudy
1600725600;27.0;22.0;0.74;E;4.722222222222222;0.0;1013.8;0.0;Partly Cloudy
1600729200;27.0;22.0;0.74;E;4.166666666666667;0.0;1014.8;0.0;Partly Cloudy
1600732800;27.0;22.0;0.74;ENE;3.611111111111111;0.0;1014.8;0.0;Partly Cloudy
1600736400;26.0;21.0;0.74;ENE;4.722222222222222;0.0;1014.8;0.0;Partly Cloudy
1600740000;26.0;22.0;0.78;E;4.166666666666667;0.0;1015.79;0.0;Partly Cloudy
1600743600;26.0;21.0;0.74;E;2.5;0.0;1013.8;0.0;Partly Cloudy
1600747200;26.0;22.0;0.78;E;3.0555555555555554;0.0;1013.8;0.0;Partly Cloudy
1600750800;26.0;21.0;0.74;E;3.611111111111111;0.0;1013.8;0.0;Partly Cloudy
1600754400;26.0;22.0;0.78;E;3.611111111111111;0.0;1013.8;0.0;Partly Cloudy
1600758000;26.0;22.0;0.78;E;3.0555555555555554;0.0;1013.8;0.0;Partly Cloudy
1600761600;26.0;22.0;0.78;E;3.611111111111111;0.0;1013.8;0.0;Partly Cloudy
1600765200;26.0;21.0;0.74;E;3.0555555555555554;0.0;1014.8;0.0;Partly Cloudy
1600768800;27.0;22.0;0.74;E;4.166666666666667;0.0;1015.79;0.0;Partly Cloudy
1600772400;28.0;22.0;0.7;E;3.611111111111111;0.0;1015.79;0.0;Mostly Cloudy
1600776000;29.0;22.0;0.66;E;4.722222222222222;0.0;1016.79;0.0;Partly Cloudy
1600779600;29.0;22.0;0.66;ESE;4.722222222222222;0.0;1016.79;0.0;Partly Cloudy
1600783200;28.0;22.0;0.7;E;5.555555555555555;0.0;1015.79;0.0;Partly Cloudy
1600786800;29.0;22.0;0.66;E;4.722222222222222;0.0;1014.8;0.0;Partly Cloudy
1600790400;29.0;22.0;0.66;ESE;4.722222222222222;0.0;1014.8;0.0;Partly Cloudy
1600794000;29.0;21.0;0.62;ESE;4.722222222222222;0.0;1013.8;0.0;Partly Cloudy
1600797600;28.0;21.0;0.66;E;4.166666666666667;0.0;1013.8;0.0;Partly Cloudy
1600801200;27.0;21.0;0.7;ESE;4.722222222222222;0.0;1013.8;0.0;Partly Cloudy
1600804800;27.0;21.0;0.7;SE;4.722222222222222;0.0;1014.8;0.0;Partly Cloudy
1600808400;27.0;21.0;0.7;ESE;3.611111111111111;0.0;1014.8;0.0;Fair
1600812000;26.0;21.0;0.74;SE;3.611111111111111;0.0;1014.8;0.0;Fair
1600815600;26.0;21.0;0.74;SE;5.277777777777778;0.0;1015.79;0.0;Partly Cloudy
1600819200;26.0;21.0;0.74;SE;4.166666666666667;0.0;1015.79;0.0;Partly Cloudy
1600822800;26.0;21.0;0.74;ESE;4.722222222222222;0.0;1015.79;0.0;Mostly Cloudy
1600826400;26.0;21.0;0.74;ESE;4.166666666666667;0.0;1015.79;0.0;Fair
1600830000;26.0;21.0;0.74;ESE;4.166666666666667;0.0;1015.79;0.0;Partly Cloudy
1600833600;26.0;21.0;0.74;SE;4.166666666666667;0.0;1014.8;0.0;Partly Cloudy
1600837200;25.0;21.0;0.78;SE;4.166666666666667;0.0;1014.8;0.0;Partly Cloudy
1600840800;26.0;20.0;0.69;ESE;4.166666666666667;0.0;1014.8;0.0;Partly Cloudy
1600844400;25.0;20.0;0.74;SE;3.611111111111111;0.0;1014.8;0.0;Fair
1600848000;25.0;20.0;0.74;SE;3.611111111111111;0.0;1014.8;0.0;Fair
1600851600;26.0;21.0;0.74;SE;3.611111111111111;0.0;1015.79;0.0;Partly Cloudy
1600855200;27.0;21.0;0.7;SE;4.166666666666667;0.0;1015.79;0.0;Partly Cloudy
1600858800;28.0;21.0;0.66;SE;4.722222222222222;0.0;1016.79;0.0;Partly Cloudy
1600862400;29.0;21.0;0.62;SE;5.277777777777778;0.0;1016.79;0.0;Partly Cloudy
1600866000;28.0;21.0;0.66;SE;5.555555555555555;0.0;1017.79;0.0;Partly Cloudy
1600869600;29.0;21.0;0.62;SE;5.555555555555555;0.0;1016.79;0.0;Partly Cloudy
1600873200;29.0;21.0;0.62;SE;5.277777777777778;0.0;1015.79;0.0;Partly Cloudy
1600876800;29.0;21.0;0.62;SE;4.722222222222222;0.0;1015.79;0.0;Partly Cloudy
1600880400;28.0;21.0;0.66;SE;5.277777777777778;0.0;1014.8;0.0;Partly Cloudy
1600884000;28.0;21.0;0.66;SSE;6.111111111111111;0.0;1014.8;0.0;Fair
1600887600;27.0;21.0;0.7;SSE;5.277777777777778;0.0;1014.8;0.0;Fair
1600891200;27.0;20.0;0.65;SSE;5.555555555555555;0.0;1015.79;0.0;Partly Cloudy
1600894800;26.0;21.0;0.74;SSE;4.722222222222222;0.0;1015.79;0.0;Partly Cloudy
1600898400;26.0;21.0;0.74;SSE;4.166666666666667;0.0;1015.79;0.0;Partly Cloudy
1600902000;26.0;21.0;0.74;SE;4.722222222222222;0.0;1015.79;0.0;Mostly Cloudy
1600905600;26.0;20.0;0.69;SE;5.277777777777778;0.0;1015.79;0.0;Partly Cloudy
1600909200;26.0;20.0;0.69;SE;5.277777777777778;0.0;1015.79;0.0;Mostly Cloudy
1600912800;26.0;20.0;0.69;SE;5.555555555555555;0.0;1015.79;0.0;Mostly Cloudy
1600916400;26.0;21.0;0.74;SE;4.166666666666667;0.0;1015.79;0.0;Mostly Cloudy
1600920000;26.0;21.0;0.74;SE;4.166666666666667;0.0;1014.8;0.0;Mostly Cloudy
1600923600;26.0;21.0;0.74;SSE;5.277777777777778;0.0;1014.8;0.0;Partly Cloudy
1600927200;25.0;20.0;0.74;SSE;5.277777777777778;0.0;1014.8;0.0;Mostly Cloudy
1600930800;25.0;20.0;0.74;SSE;5.277777777777778;0.0;1014.8;0.0;Mostly Cloudy
1600934400;25.0;20.0;0.74;SSE;4.722222222222222;0.0;1014.8;0.0;Mostly Cloudy
1600938000;26.0;19.0;0.65;SSE;5.277777777777778;0.0;1014.8;0.0;Mostly Cloudy
1600941600;26.0;20.0;0.69;SE;5.277777777777778;0.0;1015.79;0.0;Mostly Cloudy
1600945200;28.0;20.0;0.62;ESE;5.277777777777778;0.0;1016.79;0.0;Mostly Cloudy
1600948800;28.0;21.0;0.66;VAR;4.722222222222222;0.0;1016.79;0.0;Mostly Cloudy
1600952400;28.0;20.0;0.62;SE;5.555555555555555;0.0;1016.79;0.0;Mostly Cloudy
1600956000;29.0;21.0;0.62;ESE;4.722222222222222;0.0;1015.79;0.0;Partly Cloudy
1600959600;29.0;20.0;0.58;SE;6.111111111111111;0.0;1014.8;0.0;Partly Cloudy
1600963200;29.0;21.0;0.62;SE;4.722222222222222;0.0;1013.8;0.0;Partly Cloudy
1600966800;28.0;20.0;0.62;SE;6.111111111111111;0.0;1012.8;0.0;Partly Cloudy
1600970400;28.0;20.0;0.62;SE;5.555555555555555;0.0;1012.8;0.0;Partly Cloudy
1600974000;27.0;20.0;0.65;SSE;5.555555555555555;0.0;1012.8;0.0;Partly Cloudy
1600977600;26.0;20.0;0.69;SSE;6.111111111111111;0.0;1012.8;0.0;Partly Cloudy
1600981200;26.0;20.0;0.69;SE;5.277777777777778;0.0;1013.8;0.0;Partly Cloudy
1600984800;26.0;20.0;0.69;SSE;4.166666666666667;0.0;1014.8;0.0;Partly Cloudy
1600988400;26.0;20.0;0.69;SE;4.722222222222222;0.0;1014.8;0.0;Partly Cloudy
1600992000;26.0;21.0;0.74;SSE;4.722222222222222;0.0;1014.8;0.0;Partly Cloudy
1600995600;26.0;21.0;0.74;SE;4.722222222222222;0.0;1015.79;0.0;Partly Cloudy
1600999200;26.0;21.0;0.74;SE;4.722222222222222;0.0;1014.8;0.0;Mostly Cloudy
1601002800;26.0;21.0;0.74;SE;4.722222222222222;0.0;1014.8;0.0;Mostly Cloudy
1601006400;25.0;20.0;0.74;SE;5.277777777777778;0.0;1014.8;0.0;Mostly Cloudy
1601010000;24.0;21.0;0.83;S;1.9444444444444444;0.0;1013.8;0.0;Mostly Cloudy
1601013600;25.0;20.0;0.74;SE;4.722222222222222;0.0;1013.8;0.0;Mostly Cloudy
1601017200;23.0;21.0;0.88;SW;2.5;0.0;1013.8;0.0;Mostly Cloudy
1601020800;23.0;21.0;0.88;SW;1.9444444444444444;0.0;1014.8;0.0;Mostly Cloudy
1601024400;23.0;21.0;0.88;SW;2.5;0.0;1015.79;0.0;Mostly Cloudy
1601028000;24.0;21.0;0.83;SW;2.5;0.0;1015.79;0.0;Partly Cloudy
1601031600;28.0;20.0;0.62;SE;5.277777777777778;0.0;1015.79;0.0;Partly Cloudy
1601035200;28.0;19.0;0.58;SE;5.277777777777778;0.0;1015.79;0.0;Mostly Cloudy
1601038800;28.0;20.0;0.62;ESE;5.555555555555555;0.0;1015.79;0.0;Partly Cloudy
1601042400;28.0;20.0;0.62;ESE;5.555555555555555;0.0;1014.8;0.0;Mostly Cloudy
1601046000;29.0;20.0;0.58;SE;5.277777777777778;0.0;1013.8;0.0;Mostly Cloudy
1601049600;29.0;19.0;0.55;SE;4.722222222222222;0.0;1012.8;0.0;Mostly Cloudy
1601053200;28.0;19.0;0.58;SE;5.555555555555555;0.0;1012.8;0.0;Mostly Cloudy
1601056800;27.0;20.0;0.65;SSE;5.277777777777778;0.0;1012.8;0.0;Mostly Cloudy
1601060400;27.0;20.0;0.65;SE;4.722222222222222;0.0;1012.8;0.0;Mostly Cloudy
1601064000;26.0;20.0;0.69;SE;5.277777777777778;0.0;1012.8;0.0;Mostly Cloudy
1601067600;26.0;20.0;0.69;SE;4.722222222222222;0.0;1013.8;0.0;Mostly Cloudy
1601071200;26.0;21.0;0.74;SE;4.722222222222222;0.0;1013.8;0.0;Mostly Cloudy
1601074800;26.0;20.0;0.69;SE;4.166666666666667;0.0;1014.8;0.0;Partly Cloudy
1601078400;26.0;20.0;0.69;SE;4.166666666666667;0.0;1014.8;0.0;Partly Cloudy
1601082000;26.0;20.0;0.69;SE;3.611111111111111;0.0;1014.8;0.0;Fair
1601085600;26.0;20.0;0.69;SE;4.722222222222222;0.0;1014.8;0.0;Partly Cloudy
1601175600;24.0;21.0;0.83;SSW;1.9444444444444444;0.0;1012.8;0.0;Partly Cloudy
1601179200;23.0;21.0;0.88;N/A;0.0;0.0;1012.8;0.0;Partly Cloudy
1601182800;23.0;21.0;0.88;S;1.1111111111111112;0.0;1011.8;0.0;Partly Cloudy
1601186400;23.0;21.0;0.88;SW;1.6666666666666665;0.0;1011.8;0.0;Partly Cloudy
1601190000;22.0;20.0;0.88;S;0.5555555555555556;0.0;1011.8;0.0;Fair
1601193600;22.0;21.0;0.94;CALM;0.0;0.0;1011.8;0.0;Fair
1601197200;23.0;21.0;0.88;SW;1.6666666666666665;0.0;1012.8;0.0;Fair
1601200800;24.0;22.0;0.89;SW;3.0555555555555554;0.0;1013.8;0.0;Fair
1601204400;26.0;21.0;0.74;SSW;3.0555555555555554;0.0;1013.8;0.0;Partly Cloudy
1601208000;28.0;21.0;0.66;SE;5.277777777777778;0.0;1013.8;0.0;Partly Cloudy
1601211600;29.0;21.0;0.62;SSE;6.111111111111111;0.0;1013.8;0.0;Partly Cloudy
1601215200;29.0;20.0;0.58;SSE;6.111111111111111;0.0;1012.8;0.0;Partly Cloudy
1601218800;29.0;21.0;0.62;SSE;6.666666666666666;0.0;1011.8;0.0;Partly Cloudy
1601222400;29.0;22.0;0.66;SSE;6.666666666666666;0.0;1010.8;0.0;Partly Cloudy
1601226000;29.0;23.0;0.7;SSE;7.222222222222222;0.0;1010.8;0.0;Partly Cloudy
1601229600;28.0;22.0;0.7;SSE;8.333333333333334;0.0;1010.8;0.0;Partly Cloudy
1601233200;27.0;22.0;0.74;SSE;7.777777777777778;0.0;1010.8;0.0;Mostly Cloudy
1601236800;26.0;22.0;0.78;SE;6.111111111111111;0.0;1010.8;0.0;Mostly Cloudy
1601240400;26.0;22.0;0.78;SSE;5.277777777777778;0.0;1010.8;0.0;Showers in the Vicinity
1601244000;25.0;23.0;0.89;ESE;5.277777777777778;0.0;1011.8;0.0;Light Rain
1601245200;25.0;23.0;0.89;SE;3.0555555555555554;0.0;1012.8;0.0;Showers in the Vicinity
1601247600;24.0;23.0;0.94;SSE;3.611111111111111;0.0;1012.8;0.0;Showers in the Vicinity
1601250300;24.0;23.0;0.94;SSE;3.611111111111111;0.0;1013.8;0.0;Light Drizzle
1601251200;24.0;23.0;0.94;SE;4.166666666666667;0.0;1013.8;0.0;Light Drizzle
1601253000;24.0;22.0;0.89;S;4.722222222222222;0.0;1013.8;0.0;Light Rain
1601254800;24.0;23.0;0.94;S;2.5;0.0;1013.8;0.0;Light Rain
1601258400;25.0;23.0;0.89;ESE;1.6666666666666665;0.0;1012.8;0.0;Mostly Cloudy
1601262000;25.0;23.0;0.89;ESE;3.611111111111111;0.0;1011.8;0.0;Light Rain
1601265600;25.0;23.0;0.89;ESE;4.166666666666667;0.0;1010.8;0.0;Mostly Cloudy
1601269200;26.0;23.0;0.83;ESE;2.5;0.0;1010.8;0.0;Mostly Cloudy
1601272800;26.0;23.0;0.83;ESE;4.166666666666667;0.0;1009.8;0.0;Mostly Cloudy
1601276400;26.0;22.0;0.78;ESE;3.611111111111111;0.0;1010.8;0.0;Mostly Cloudy
1601280000;26.0;22.0;0.78;ESE;4.166666666666667;0.0;1010.8;0.0;Mostly Cloudy
1601283600;24.0;23.0;0.94;SE;3.611111111111111;0.0;1011.8;0.0;Mostly Cloudy
1601287200;26.0;23.0;0.83;ESE;4.166666666666667;0.0;1011.8;0.0;Mostly Cloudy
1601290800;26.0;23.0;0.83;ESE;6.666666666666666;0.0;1012.8;0.0;Mostly Cloudy
1601294400;27.0;23.0;0.79;ESE;4.722222222222222;0.0;1013.8;0.0;Mostly Cloudy
1601298000;27.0;23.0;0.79;ESE;5.277777777777778;10.277777777777777;1013.8;0.0;Light Rain
1601298900;25.0;23.0;0.89;SE;6.111111111111111;0.0;1013.8;0.0;Showers in the Vicinity
1601301600;27.0;24.0;0.84;SE;5.277777777777778;0.0;1012.8;0.0;Mostly Cloudy
1601305200;28.0;22.0;0.7;SE;6.111111111111111;0.0;1011.8;0.0;Partly Cloudy
1601308800;29.0;22.0;0.66;SE;4.722222222222222;0.0;1010.8;0.0;Partly Cloudy
1601312400;28.0;22.0;0.7;ESE;5.277777777777778;0.0;1010.8;0.0;Mostly Cloudy
1601316000;28.0;22.0;0.7;ESE;4.166666666666667;0.0;1010.8;0.0;Mostly Cloudy
1601319600;27.0;22.0;0.74;SE;4.722222222222222;0.0;1010.8;0.0;Mostly Cloudy
1601323200;27.0;22.0;0.74;SE;3.611111111111111;0.0;1010.8;0.0;Mostly Cloudy
1601326800;27.0;21.0;0.7;SE;5.277777777777778;0.0;1011.8;0.0;Partly Cloudy
1601330400;27.0;22.0;0.74;SE;4.166666666666667;0.0;1012.8;0.0;Mostly Cloudy
1601334000;26.0;22.0;0.78;ESE;4.166666666666667;0.0;1013.8;0.0;Mostly Cloudy
1601337600;27.0;22.0;0.74;ESE;4.722222222222222;0.0;1013.8;0.0;Mostly Cloudy
1601341200;27.0;22.0;0.74;SE;4.166666666666667;0.0;1013.8;0.0;Mostly Cloudy
1601344800;26.0;22.0;0.78;SE;4.722222222222222;0.0;1013.8;0.0;Partly Cloudy
1601348400;26.0;22.0;0.78;ESE;4.166666666666667;0.0;1012.8;0.0;Mostly Cloudy
1601352000;26.0;21.0;0.74;ESE;3.611111111111111;0.0;1012.8;0.0;Partly Cloudy
1601355600;26.0;21.0;0.74;ESE;4.722222222222222;0.0;1012.8;0.0;Mostly Cloudy
1601359200;26.0;21.0;0.74;SE;4.166666666666667;0.0;1011.8;0.0;Partly Cloudy
1601362800;26.0;21.0;0.74;ESE;3.611111111111111;0.0;1011.8;0.0;Partly Cloudy
1601366400;26.0;20.0;0.69;ESE;3.0555555555555554;0.0;1012.8;0.0;Fair
1601370000;26.0;21.0;0.74;ESE;4.166666666666667;0.0;1012.8;0.0;Partly Cloudy
1601373600;27.0;22.0;0.74;E;3.611111111111111;0.0;1013.8;0.0;Partly Cloudy
1601377200;28.0;20.0;0.62;ESE;4.722222222222222;0.0;1014.8;0.0;Fair
1601380800;29.0;21.0;0.62;ESE;3.611111111111111;0.0;1014.8;0.0;Fair
1601384400;29.0;20.0;0.58;SE;4.166666666666667;0.0;1014.8;0.0;Partly Cloudy
1601388000;29.0;20.0;0.58;E;4.722222222222222;0.0;1014.8;0.0;Partly Cloudy
1601391600;29.0;20.0;0.58;SE;4.722222222222222;0.0;1013.8;0.0;Partly Cloudy
1601395200;29.0;20.0;0.58;SSE;5.555555555555555;0.0;1012.8;0.0;Partly Cloudy
1601398800;29.0;20.0;0.58;SE;4.722222222222222;0.0;1012.8;0.0;Partly Cloudy
1601402400;29.0;20.0;0.58;SE;5.277777777777778;0.0;1011.8;0.0;Partly Cloudy
1601406000;28.0;20.0;0.62;SE;4.722222222222222;0.0;1011.8;0.0;Partly Cloudy
1601409600;27.0;21.0;0.7;SE;4.166666666666667;0.0;1012.8;0.0;Mostly Cloudy
1601413200;27.0;20.0;0.65;ESE;4.166666666666667;0.0;1012.8;0.0;Partly Cloudy
1601416800;26.0;21.0;0.74;SE;4.722222222222222;0.0;1013.8;0.0;Mostly Cloudy
1601420400;26.0;21.0;0.74;SE;4.166666666666667;0.0;1013.8;0.0;Mostly Cloudy
1601424000;26.0;21.0;0.74;SE;4.722222222222222;0.0;1014.8;0.0;Mostly Cloudy
1601427600;26.0;21.0;0.74;SE;4.722222222222222;0.0;1014.8;0.0;Partly Cloudy
1601431200;26.0;20.0;0.69;SE;4.166666666666667;0.0;1014.8;0.0;Partly Cloudy
1601434800;26.0;20.0;0.69;SE;4.722222222222222;0.0;1013.8;0.0;Partly Cloudy
1601438400;26.0;21.0;0.74;SE;4.166666666666667;0.0;1013.8;0.0;Mostly Cloudy
1601442000;26.0;20.0;0.69;SE;4.166666666666667;0.0;1011.8;0.0;Mostly Cloudy
1601445600;26.0;19.0;0.65;SE;3.611111111111111;0.0;1011.8;0.0;Mostly Cloudy
1601449200;26.0;20.0;0.69;SE;3.611111111111111;0.0;1011.8;0.0;Partly Cloudy
1601452800;26.0;20.0;0.69;SE;3.611111111111111;0.0;1012.8;0.0;Mostly Cloudy
1601456400;26.0;20.0;0.69;SSE;2.5;0.0;1013.8;0.0;Mostly Cloudy
1601460000;27.0;19.0;0.61;SSE;5.555555555555555;0.0;1014.8;0.0;Mostly Cloudy
1601463600;28.0;21.0;0.66;SE;5.277777777777778;0.0;1014.8;0.0;Mostly Cloudy
1601467200;29.0;21.0;0.62;SE;6.111111111111111;0.0;1015.79;0.0;Mostly Cloudy
1601470800;28.0;21.0;0.66;SE;5.555555555555555;0.0;1015.79;0.0;Mostly Cloudy
1601474400;29.0;21.0;0.62;SSE;6.111111111111111;0.0;1014.8;0.0;Mostly Cloudy
1601478000;28.0;22.0;0.7;SE;6.111111111111111;0.0;1013.8;0.0;Mostly Cloudy
1601481600;29.0;21.0;0.62;SSE;6.666666666666666;0.0;1012.8;0.0;Partly Cloudy
1601485200;30.0;21.0;0.58;SSE;7.222222222222222;0.0;1011.8;0.0;Partly Cloudy
1601488800;29.0;21.0;0.62;SE;7.222222222222222;0.0;1010.8;0.0;Partly Cloudy
1601492400;28.0;21.0;0.66;SSE;7.222222222222222;0.0;1011.8;0.0;Partly Cloudy
1601496000;27.0;21.0;0.7;SSE;6.666666666666666;0.0;1011.8;0.0;Mostly Cloudy
1601499600;27.0;21.0;0.7;SE;6.666666666666666;0.0;1011.8;0.0;Mostly Cloudy
1601503200;27.0;21.0;0.7;SE;5.277777777777778;0.0;1012.8;0.0;Mostly Cloudy
1601506800;26.0;21.0;0.74;SE;5.277777777777778;0.0;1012.8;0.0;Partly Cloudy
1601510400;26.0;21.0;0.74;SE;4.722222222222222;0.0;1013.8;0.0;Mostly Cloudy
1601514000;26.0;21.0;0.74;SE;4.722222222222222;0.0;1013.8;0.0;Partly Cloudy
1601517600;26.0;21.0;0.74;SE;4.722222222222222;0.0;1013.8;0.0;Mostly Cloudy
